0 0.2125 0.005859375 0.015625 0.01953125
0 0.1984375 0.0078125 0.015625 0.01953125
0 0.140625 0.0234375 0.015625 0.01953125
0 0.1265625 0.0390625 0.015625 0.01953125
0 0.09375 0.166015625 0.015625 0.01953125
0 0.0921875 0.33203125 0.015625 0.01953125
0 0.3078125 0.236328125 0.015625 0.01953125
0 0.2359375 0.2578125 0.015625 0.01953125
0 0.253125 0.38671875 0.015625 0.01953125
0 0.265625 0.4140625 0.015625 0.01953125
0 0.3890625 0.474609375 0.015625 0.01953125
0 0.36875 0.365234375 0.015625 0.01953125
0 0.1171875 0.515625 0.015625 0.01953125
0 0.46875 0.1328125 0.015625 0.01953125
0 0.509375 0.046875 0.015625 0.01953125
0 0.86875 0.0390625 0.015625 0.01953125
0 0.8578125 0.0859375 0.015625 0.01953125
0 0.6484375 0.439453125 0.015625 0.01953125
0 0.64375 0.67578125 0.015625 0.01953125
0 0.8265625 0.765625 0.015625 0.01953125
0 0.553125 0.697265625 0.015625 0.01953125
0 0.565625 0.7109375 0.015625 0.01953125
0 0.1578125 0.78515625 0.015625 0.01953125
0 0.0078125 0.609375 0.015625 0.01953125
0 0.1109375 0.771484375 0.015625 0.01953125
0 0.003125 0.763671875 0.015625 0.01953125
0 0.0 0.796875 0.015625 0.01953125
0 0.003125 0.845703125 0.015625 0.01953125
0 0.1390625 0.859375 0.015625 0.01953125
0 0.38125 0.994140625 0.015625 0.01953125
0 0.2109375 0.9453125 0.015625 0.01953125
0 0.165625 0.958984375 0.015625 0.01953125
0 0.115625 0.890625 0.015625 0.01953125
0 0.0859375 0.9375 0.015625 0.01953125
