0 0.209375 0.015625 0.015625 0.01953125
0 0.203125 0.02734375 0.015625 0.01953125
0 0.1453125 0.041015625 0.015625 0.01953125
0 0.109375 0.19140625 0.015625 0.01953125
0 0.24375 0.27734375 0.015625 0.01953125
0 0.3125 0.25390625 0.015625 0.01953125
0 0.4796875 0.16015625 0.015625 0.01953125
0 0.7828125 0.00390625 0.015625 0.01953125
0 0.878125 0.064453125 0.015625 0.01953125
0 0.85625 0.119140625 0.015625 0.01953125
0 0.646875 0.46484375 0.015625 0.01953125
0 0.65 0.6953125 0.015625 0.01953125
0 0.5671875 0.7109375 0.015625 0.01953125
0 0.3890625 0.41015625 0.015625 0.01953125
0 0.3875 0.5234375 0.015625 0.01953125
0 0.259375 0.4140625 0.015625 0.01953125
0 0.2453125 0.392578125 0.015625 0.01953125
0 0.0953125 0.349609375 0.015625 0.01953125
0 0.103125 0.51953125 0.015625 0.01953125
0 0.009375 0.625 0.015625 0.01953125
0 0.109375 0.78515625 0.015625 0.01953125
0 0.159375 0.8046875 0.015625 0.01953125
0 0.1484375 0.859375 0.015625 0.01953125
0 0.2125 0.958984375 0.015625 0.01953125
0 0.2765625 0.99609375 0.015625 0.01953125
0 0.1671875 0.96875 0.015625 0.01953125
0 0.1171875 0.90234375 0.015625 0.01953125
0 0.0859375 0.958984375 0.015625 0.01953125
0 0.0046875 0.76953125 0.015625 0.01953125
0 0.003125 0.80859375 0.015625 0.01953125
0 0.0046875 0.861328125 0.015625 0.01953125
0 0.8328125 0.771484375 0.015625 0.01953125
0 0.50625 0.046875 0.015625 0.01953125
