0 0.146875 0.025390625 0.015625 0.01953125
0 0.1328125 0.041015625 0.015625 0.01953125
0 0.2140625 0.03125 0.015625 0.01953125
0 0.20625 0.037109375 0.015625 0.01953125
0 0.4890625 0.169921875 0.015625 0.01953125
0 0.515625 0.046875 0.015625 0.01953125
0 0.859375 0.138671875 0.015625 0.01953125
0 0.8859375 0.076171875 0.015625 0.01953125
0 0.8265625 0.0078125 0.015625 0.01953125
0 0.7765625 0.017578125 0.015625 0.01953125
0 0.321875 0.26953125 0.015625 0.01953125
0 0.1078125 0.201171875 0.015625 0.01953125
0 0.2515625 0.29296875 0.015625 0.01953125
0 0.2421875 0.392578125 0.015625 0.01953125
0 0.2546875 0.416015625 0.015625 0.01953125
0 0.396875 0.4453125 0.015625 0.01953125
0 0.39375 0.55859375 0.015625 0.01953125
0 0.1578125 0.814453125 0.015625 0.01953125
0 0.0984375 0.51953125 0.015625 0.01953125
0 0.084375 0.357421875 0.015625 0.01953125
0 0.65 0.486328125 0.015625 0.01953125
0 0.5703125 0.71484375 0.015625 0.01953125
0 0.65 0.705078125 0.015625 0.01953125
0 0.840625 0.77734375 0.015625 0.01953125
0 0.2109375 0.97265625 0.015625 0.01953125
0 0.1640625 0.982421875 0.015625 0.01953125
0 0.1484375 0.876953125 0.015625 0.01953125
0 0.109375 0.80078125 0.015625 0.01953125
0 0.0046875 0.7734375 0.015625 0.01953125
0 0.0078125 0.6328125 0.015625 0.01953125
0 0.0015625 0.82421875 0.015625 0.01953125
0 0.003125 0.875 0.015625 0.01953125
0 0.1171875 0.91796875 0.015625 0.01953125
0 0.0890625 0.96875 0.015625 0.01953125
