0 0.0046875 0.013671875 0.015625 0.01953125
0 0.1 0.009765625 0.015625 0.01953125
0 0.10625 0.044921875 0.015625 0.01953125
0 0.115625 0.171875 0.015625 0.01953125
0 0.05625 0.525390625 0.015625 0.01953125
0 0.3015625 0.5 0.015625 0.01953125
0 0.4359375 0.40234375 0.015625 0.01953125
0 0.2390625 0.802734375 0.015625 0.01953125
0 0.365625 0.896484375 0.015625 0.01953125
0 0.3671875 0.94921875 0.015625 0.01953125
0 0.4828125 0.96875 0.015625 0.01953125
0 0.51875 0.947265625 0.015625 0.01953125
0 0.7765625 0.970703125 0.015625 0.01953125
0 0.81875 0.853515625 0.015625 0.01953125
0 0.8203125 0.408203125 0.015625 0.01953125
0 0.8203125 0.38671875 0.015625 0.01953125
0 0.6421875 0.13671875 0.015625 0.01953125
0 0.65625 0.125 0.015625 0.01953125
0 0.46875 0.087890625 0.015625 0.01953125
0 0.471875 0.125 0.015625 0.01953125
0 0.3421875 0.47265625 0.015625 0.01953125
0 0.609375 0.359375 0.015625 0.01953125
0 0.5359375 0.31640625 0.015625 0.01953125
0 0.68125 0.435546875 0.015625 0.01953125
0 0.4421875 0.537109375 0.015625 0.01953125
0 0.3734375 0.689453125 0.015625 0.01953125
0 0.38125 0.78125 0.015625 0.01953125
0 0.3671875 0.80078125 0.015625 0.01953125
0 0.4453125 0.806640625 0.015625 0.01953125
0 0.4734375 0.859375 0.015625 0.01953125
0 0.5203125 0.884765625 0.015625 0.01953125
0 0.265625 0.978515625 0.015625 0.01953125
0 0.2203125 0.185546875 0.015625 0.01953125
0 0.2109375 0.201171875 0.015625 0.01953125
0 0.1515625 0.716796875 0.015625 0.01953125
0 0.1125 0.751953125 0.015625 0.01953125
0 0.0765625 0.912109375 0.015625 0.01953125
0 0.0671875 0.921875 0.015625 0.01953125
0 0.0421875 0.92578125 0.015625 0.01953125
0 0.0375 0.94140625 0.015625 0.01953125
0 0.0515625 0.955078125 0.015625 0.01953125
0 0.078125 0.939453125 0.015625 0.01953125
0 0.0828125 0.982421875 0.015625 0.01953125
0 0.059375 0.990234375 0.015625 0.01953125
0 0.03125 0.986328125 0.015625 0.01953125
0 0.0453125 0.97265625 0.015625 0.01953125
0 0.028125 0.96484375 0.015625 0.01953125
0 0.01875 0.96484375 0.015625 0.01953125
0 0.0140625 0.919921875 0.015625 0.01953125
0 0.021875 0.908203125 0.015625 0.01953125
0 0.0078125 0.93359375 0.015625 0.01953125
0 0.021875 0.89453125 0.015625 0.01953125
0 0.13125 0.84765625 0.015625 0.01953125
0 0.1046875 0.810546875 0.015625 0.01953125
0 0.0875 0.748046875 0.015625 0.01953125
0 0.084375 0.732421875 0.015625 0.01953125
0 0.046875 0.6953125 0.015625 0.01953125
0 0.05 0.716796875 0.015625 0.01953125
0 0.0515625 0.740234375 0.015625 0.01953125
0 0.071875 0.759765625 0.015625 0.01953125
0 0.0484375 0.765625 0.015625 0.01953125
0 0.053125 0.77734375 0.015625 0.01953125
0 0.0375 0.767578125 0.015625 0.01953125
0 0.0296875 0.751953125 0.015625 0.01953125
0 0.0078125 0.802734375 0.015625 0.01953125
0 0.0265625 0.794921875 0.015625 0.01953125
0 0.046875 0.822265625 0.015625 0.01953125
0 0.05625 0.810546875 0.015625 0.01953125
0 0.0515625 0.798828125 0.015625 0.01953125
0 0.05625 0.82421875 0.015625 0.01953125
0 0.0609375 0.853515625 0.015625 0.01953125
0 0.0484375 0.841796875 0.015625 0.01953125
0 0.0375 0.955078125 0.015625 0.01953125
