0 0.121875 0.037109375 0.015625 0.01953125
0 0.1203125 0.015625 0.015625 0.01953125
0 0.484375 0.07421875 0.015625 0.01953125
0 0.2375 0.203125 0.015625 0.01953125
0 0.2359375 0.22265625 0.015625 0.01953125
0 0.134375 0.18359375 0.015625 0.01953125
0 0.3578125 0.48046875 0.015625 0.01953125
0 0.315625 0.5078125 0.015625 0.01953125
0 0.071875 0.529296875 0.015625 0.01953125
0 0.4625 0.53125 0.015625 0.01953125
0 0.4515625 0.404296875 0.015625 0.01953125
0 0.5578125 0.330078125 0.015625 0.01953125
0 0.4828125 0.125 0.015625 0.01953125
0 0.659375 0.1484375 0.015625 0.01953125
0 0.675 0.134765625 0.015625 0.01953125
0 0.853125 0.421875 0.015625 0.01953125
0 0.846875 0.40234375 0.015625 0.01953125
0 0.7046875 0.453125 0.015625 0.01953125
0 0.834375 0.88671875 0.015625 0.01953125
0 0.5984375 0.349609375 0.015625 0.01953125
0 0.390625 0.69921875 0.015625 0.01953125
0 0.1640625 0.732421875 0.015625 0.01953125
0 0.25625 0.810546875 0.015625 0.01953125
0 0.3890625 0.810546875 0.015625 0.01953125
0 0.4046875 0.783203125 0.015625 0.01953125
0 0.4671875 0.81640625 0.015625 0.01953125
0 0.490625 0.865234375 0.015625 0.01953125
0 0.5359375 0.890625 0.015625 0.01953125
0 0.5328125 0.955078125 0.015625 0.01953125
0 0.4953125 0.978515625 0.015625 0.01953125
0 0.3828125 0.90625 0.015625 0.01953125
0 0.3828125 0.962890625 0.015625 0.01953125
0 0.2734375 0.982421875 0.015625 0.01953125
0 0.1453125 0.84765625 0.015625 0.01953125
0 0.1140625 0.8125 0.015625 0.01953125
0 0.1 0.736328125 0.015625 0.01953125
0 0.090625 0.78515625 0.015625 0.01953125
0 0.08125 0.80078125 0.015625 0.01953125
0 0.071875 0.828125 0.015625 0.01953125
0 0.065625 0.8125 0.015625 0.01953125
0 0.0359375 0.8046875 0.015625 0.01953125
0 0.021875 0.8046875 0.015625 0.01953125
0 0.0328125 0.76953125 0.015625 0.01953125
0 0.05625 0.828125 0.015625 0.01953125
0 0.0296875 0.916015625 0.015625 0.01953125
0 0.0265625 0.9296875 0.015625 0.01953125
0 0.0234375 0.943359375 0.015625 0.01953125
0 0.0875 0.935546875 0.015625 0.01953125
0 0.078125 0.9296875 0.015625 0.01953125
0 0.0953125 0.923828125 0.015625 0.01953125
0 0.053125 0.9609375 0.015625 0.01953125
0 0.09375 0.9453125 0.015625 0.01953125
0 0.05625 0.927734375 0.015625 0.01953125
0 0.053125 0.9609375 0.015625 0.01953125
0 0.040625 0.978515625 0.015625 0.01953125
0 0.028125 0.98046875 0.015625 0.01953125
0 0.028125 0.962890625 0.015625 0.01953125
0 0.0390625 0.955078125 0.015625 0.01953125
0 0.0625 0.9765625 0.015625 0.01953125
0 0.0671875 0.962890625 0.015625 0.01953125
0 0.065625 0.6953125 0.015625 0.01953125
0 0.05 0.701171875 0.015625 0.01953125
0 0.06875 0.73828125 0.015625 0.01953125
0 0.0578125 0.712890625 0.015625 0.01953125
0 0.053125 0.775390625 0.015625 0.01953125
0 0.0640625 0.77734375 0.015625 0.01953125
0 0.04375 0.76171875 0.015625 0.01953125
0 0.0625 0.7265625 0.015625 0.01953125
0 0.090625 0.73046875 0.015625 0.01953125
0 0.1296875 0.7578125 0.015625 0.01953125
0 0.0296875 0.8671875 0.015625 0.01953125
0 0.0265625 0.84375 0.015625 0.01953125
0 0.0734375 0.857421875 0.015625 0.01953125
