0 0.1125 0.0390625 0.015625 0.01953125
0 0.1125 0.013671875 0.015625 0.01953125
0 0.125 0.185546875 0.015625 0.01953125
0 0.2390625 0.22265625 0.015625 0.01953125
0 0.23125 0.23828125 0.015625 0.01953125
0 0.475 0.033203125 0.015625 0.01953125
0 0.4796875 0.10546875 0.015625 0.01953125
0 0.678125 0.138671875 0.015625 0.01953125
0 0.4484375 0.390625 0.015625 0.01953125
0 0.3109375 0.501953125 0.015625 0.01953125
0 0.3515625 0.474609375 0.015625 0.01953125
0 0.4609375 0.525390625 0.015625 0.01953125
0 0.55625 0.337890625 0.015625 0.01953125
0 0.59375 0.333984375 0.015625 0.01953125
0 0.6171875 0.341796875 0.015625 0.01953125
0 0.6640625 0.14453125 0.015625 0.01953125
0 0.8515625 0.4140625 0.015625 0.01953125
0 0.8578125 0.431640625 0.015625 0.01953125
0 0.7046875 0.46484375 0.015625 0.01953125
0 0.821875 0.9296875 0.015625 0.01953125
0 0.528125 0.896484375 0.015625 0.01953125
0 0.528125 0.951171875 0.015625 0.01953125
0 0.4890625 0.970703125 0.015625 0.01953125
0 0.36875 0.91015625 0.015625 0.01953125
0 0.36875 0.958984375 0.015625 0.01953125
0 0.378125 0.703125 0.015625 0.01953125
0 0.4171875 0.787109375 0.015625 0.01953125
0 0.3984375 0.806640625 0.015625 0.01953125
0 0.46875 0.814453125 0.015625 0.01953125
0 0.48125 0.861328125 0.015625 0.01953125
0 0.2484375 0.806640625 0.015625 0.01953125
0 0.2734375 0.984375 0.015625 0.01953125
0 0.2609375 0.99609375 0.015625 0.01953125
0 0.159375 0.72265625 0.015625 0.01953125
0 0.1375 0.853515625 0.015625 0.01953125
0 0.0609375 0.6953125 0.015625 0.01953125
0 0.046875 0.705078125 0.015625 0.01953125
0 0.0125 0.806640625 0.015625 0.01953125
0 0.0859375 0.91796875 0.015625 0.01953125
0 0.075 0.9296875 0.015625 0.01953125
0 0.1234375 0.76171875 0.015625 0.01953125
0 0.090625 0.7578125 0.015625 0.01953125
0 0.09375 0.740234375 0.015625 0.01953125
0 0.0578125 0.720703125 0.015625 0.01953125
0 0.03125 0.76171875 0.015625 0.01953125
0 0.0609375 0.81640625 0.015625 0.01953125
0 0.078125 0.806640625 0.015625 0.01953125
0 0.0875 0.794921875 0.015625 0.01953125
0 0.0296875 0.798828125 0.015625 0.01953125
0 0.040625 0.94140625 0.015625 0.01953125
0 0.015625 0.87109375 0.015625 0.01953125
0 0.0078125 0.9375 0.015625 0.01953125
0 0.0890625 0.9921875 0.015625 0.01953125
0 0.0625 0.87109375 0.015625 0.01953125
0 0.0546875 0.83984375 0.015625 0.01953125
0 0.0515625 0.857421875 0.015625 0.01953125
0 0.05625 0.9609375 0.015625 0.01953125
0 0.3140625 0.447265625 0.015625 0.01953125
0 0.05 0.541015625 0.015625 0.01953125
0 0.0640625 0.53515625 0.015625 0.01953125
0 0.0203125 0.02734375 0.015625 0.01953125
