0 0.1484375 0.72265625 0.015625 0.01953125
0 0.240625 0.806640625 0.015625 0.01953125
0 0.10625 0.041015625 0.015625 0.01953125
0 0.109375 0.0078125 0.015625 0.01953125
0 0.1171875 0.181640625 0.015625 0.01953125
0 0.05625 0.52734375 0.015625 0.01953125
0 0.3046875 0.50390625 0.015625 0.01953125
0 0.225 0.251953125 0.015625 0.01953125
0 0.2359375 0.2421875 0.015625 0.01953125
0 0.475 0.1015625 0.015625 0.01953125
0 0.6609375 0.15625 0.015625 0.01953125
0 0.6765625 0.142578125 0.015625 0.01953125
0 0.8703125 0.4453125 0.015625 0.01953125
0 0.8671875 0.427734375 0.015625 0.01953125
0 0.7046875 0.482421875 0.015625 0.01953125
0 0.609375 0.322265625 0.015625 0.01953125
0 0.5625 0.3515625 0.015625 0.01953125
0 0.5890625 0.328125 0.015625 0.01953125
0 0.46875 0.37890625 0.015625 0.01953125
0 0.4546875 0.517578125 0.015625 0.01953125
0 0.803125 0.96875 0.015625 0.01953125
0 0.375 0.6953125 0.015625 0.01953125
0 0.4796875 0.806640625 0.015625 0.01953125
0 0.521875 0.888671875 0.015625 0.01953125
0 0.5203125 0.953125 0.015625 0.01953125
0 0.48125 0.966796875 0.015625 0.01953125
0 0.3546875 0.912109375 0.015625 0.01953125
0 0.4015625 0.802734375 0.015625 0.01953125
0 0.425 0.78515625 0.015625 0.01953125
0 0.4796875 0.85546875 0.015625 0.01953125
0 0.2765625 0.97265625 0.015625 0.01953125
0 0.3671875 0.9609375 0.015625 0.01953125
0 0.2546875 0.994140625 0.015625 0.01953125
0 0.11875 0.765625 0.015625 0.01953125
0 0.0703125 0.6875 0.015625 0.01953125
0 0.13125 0.84375 0.015625 0.01953125
0 0.05625 0.697265625 0.015625 0.01953125
0 0.0375 0.701171875 0.015625 0.01953125
0 0.0640625 0.73828125 0.015625 0.01953125
0 0.0484375 0.751953125 0.015625 0.01953125
0 0.0390625 0.771484375 0.015625 0.01953125
0 0.0390625 0.787109375 0.015625 0.01953125
0 0.025 0.8046875 0.015625 0.01953125
0 0.0109375 0.806640625 0.015625 0.01953125
0 0.06875 0.802734375 0.015625 0.01953125
0 0.05 0.84375 0.015625 0.01953125
0 0.059375 0.82421875 0.015625 0.01953125
0 0.053125 0.80859375 0.015625 0.01953125
0 0.04375 0.82421875 0.015625 0.01953125
0 0.0265625 0.826171875 0.015625 0.01953125
0 0.08125 0.921875 0.015625 0.01953125
0 0.0484375 0.962890625 0.015625 0.01953125
0 0.0671875 0.927734375 0.015625 0.01953125
0 0.0265625 0.94140625 0.015625 0.01953125
0 0.025 0.916015625 0.015625 0.01953125
0 0.009375 0.943359375 0.015625 0.01953125
0 0.0171875 0.8671875 0.015625 0.01953125
0 0.03125 0.98828125 0.015625 0.01953125
0 0.0703125 0.970703125 0.015625 0.01953125
0 0.1078125 0.8125 0.015625 0.01953125
0 0.0375 0.72265625 0.015625 0.01953125
0 0.0546875 0.716796875 0.015625 0.01953125
0 0.340625 0.478515625 0.015625 0.01953125
0 0.021875 0.029296875 0.015625 0.01953125
