0 0.6796875 0.1484375 0.015625 0.01953125
0 0.665625 0.154296875 0.015625 0.01953125
0 0.8734375 0.43359375 0.015625 0.01953125
0 0.878125 0.443359375 0.015625 0.01953125
0 0.709375 0.482421875 0.015625 0.01953125
0 0.609375 0.3125 0.015625 0.01953125
0 0.5828125 0.30859375 0.015625 0.01953125
0 0.559375 0.349609375 0.015625 0.01953125
0 0.4734375 0.3828125 0.015625 0.01953125
0 0.4546875 0.515625 0.015625 0.01953125
0 0.296875 0.4921875 0.015625 0.01953125
0 0.340625 0.46875 0.015625 0.01953125
0 0.2390625 0.25 0.015625 0.01953125
0 0.2265625 0.26171875 0.015625 0.01953125
0 0.1171875 0.17578125 0.015625 0.01953125
0 0.0921875 0.029296875 0.015625 0.01953125
0 0.1046875 0.009765625 0.015625 0.01953125
0 0.4765625 0.095703125 0.015625 0.01953125
0 0.05625 0.5234375 0.015625 0.01953125
0 0.3734375 0.6875 0.015625 0.01953125
0 0.7921875 0.98828125 0.015625 0.01953125
0 0.521875 0.888671875 0.015625 0.01953125
0 0.521875 0.947265625 0.015625 0.01953125
0 0.478125 0.96484375 0.015625 0.01953125
0 0.4734375 0.85546875 0.015625 0.01953125
0 0.43125 0.78515625 0.015625 0.01953125
0 0.409375 0.8046875 0.015625 0.01953125
0 0.359375 0.908203125 0.015625 0.01953125
0 0.36875 0.958984375 0.015625 0.01953125
0 0.275 0.96875 0.015625 0.01953125
0 0.2359375 0.802734375 0.015625 0.01953125
0 0.153125 0.716796875 0.015625 0.01953125
0 0.1296875 0.84375 0.015625 0.01953125
0 0.125 0.76953125 0.015625 0.01953125
0 0.0703125 0.681640625 0.015625 0.01953125
0 0.059375 0.69140625 0.015625 0.01953125
0 0.034375 0.701171875 0.015625 0.01953125
0 0.0828125 0.73046875 0.015625 0.01953125
0 0.06875 0.736328125 0.015625 0.01953125
0 0.0640625 0.79296875 0.015625 0.01953125
0 0.0390625 0.765625 0.015625 0.01953125
0 0.0484375 0.73828125 0.015625 0.01953125
0 0.03125 0.75 0.015625 0.01953125
0 0.0203125 0.822265625 0.015625 0.01953125
0 0.021875 0.791015625 0.015625 0.01953125
0 0.040625 0.8203125 0.015625 0.01953125
0 0.04375 0.837890625 0.015625 0.01953125
0 0.0125 0.830078125 0.015625 0.01953125
0 0.0109375 0.916015625 0.015625 0.01953125
0 0.009375 0.908203125 0.015625 0.01953125
0 0.0078125 0.927734375 0.015625 0.01953125
0 0.0765625 0.9140625 0.015625 0.01953125
0 0.0640625 0.92578125 0.015625 0.01953125
0 0.253125 0.990234375 0.015625 0.01953125
0 0.0265625 0.982421875 0.015625 0.01953125
0 0.053125 0.986328125 0.015625 0.01953125
0 0.08125 0.984375 0.015625 0.01953125
0 0.0390625 0.986328125 0.015625 0.01953125
0 0.0671875 0.984375 0.015625 0.01953125
0 0.0625 0.97265625 0.015625 0.01953125
0 0.0375 0.96875 0.015625 0.01953125
0 0.05 0.86328125 0.015625 0.01953125
0 0.103125 0.810546875 0.015625 0.01953125
0 0.015625 0.861328125 0.015625 0.01953125
0 0.0203125 0.021484375 0.015625 0.01953125
