0 0.1125 0.15625 0.015625 0.01953125
0 0.0578125 0.509765625 0.015625 0.01953125
0 0.3015625 0.482421875 0.015625 0.01953125
0 0.240625 0.248046875 0.015625 0.01953125
0 0.478125 0.09765625 0.015625 0.01953125
0 0.6953125 0.138671875 0.015625 0.01953125
0 0.6859375 0.154296875 0.015625 0.01953125
0 0.5953125 0.267578125 0.015625 0.01953125
0 0.5765625 0.359375 0.015625 0.01953125
0 0.715625 0.5 0.015625 0.01953125
0 0.90625 0.44921875 0.015625 0.01953125
0 0.9125 0.462890625 0.015625 0.01953125
0 0.4359375 0.486328125 0.015625 0.01953125
0 0.3671875 0.671875 0.015625 0.01953125
0 0.4609375 0.767578125 0.015625 0.01953125
0 0.503125 0.806640625 0.015625 0.01953125
0 0.51875 0.857421875 0.015625 0.01953125
0 0.475 0.83984375 0.015625 0.01953125
0 0.43125 0.791015625 0.015625 0.01953125
0 0.51875 0.9453125 0.015625 0.01953125
0 0.478125 0.951171875 0.015625 0.01953125
0 0.359375 0.884765625 0.015625 0.01953125
0 0.36875 0.943359375 0.015625 0.01953125
0 0.2625 0.93359375 0.015625 0.01953125
0 0.25 0.9765625 0.015625 0.01953125
0 0.2359375 0.78125 0.015625 0.01953125
0 0.1484375 0.705078125 0.015625 0.01953125
0 0.0984375 0.6796875 0.015625 0.01953125
0 0.0546875 0.666015625 0.015625 0.01953125
0 0.078125 0.677734375 0.015625 0.01953125
0 0.053125 0.70703125 0.015625 0.01953125
0 0.08125 0.720703125 0.015625 0.01953125
0 0.0359375 0.755859375 0.015625 0.01953125
0 0.0359375 0.755859375 0.015625 0.01953125
0 0.01875 0.77734375 0.015625 0.01953125
0 0.021875 0.80859375 0.015625 0.01953125
0 0.0375 0.810546875 0.015625 0.01953125
0 0.053125 0.8125 0.015625 0.01953125
0 0.0484375 0.791015625 0.015625 0.01953125
0 0.0609375 0.78125 0.015625 0.01953125
0 0.00625 0.783203125 0.015625 0.01953125
0 0.015625 0.84765625 0.015625 0.01953125
0 0.021875 0.896484375 0.015625 0.01953125
0 0.009375 0.927734375 0.015625 0.01953125
0 0.0609375 0.91015625 0.015625 0.01953125
0 0.059375 0.921875 0.015625 0.01953125
0 0.06875 0.96484375 0.015625 0.01953125
0 0.0234375 0.73828125 0.015625 0.01953125
0 0.103125 0.796875 0.015625 0.01953125
0 0.125 0.828125 0.015625 0.01953125
0 0.0234375 0.919921875 0.015625 0.01953125
0 0.04375 0.9453125 0.015625 0.01953125
0 0.059375 0.974609375 0.015625 0.01953125
0 0.040625 0.9765625 0.015625 0.01953125
0 0.0265625 0.974609375 0.015625 0.01953125
0 0.3421875 0.4609375 0.015625 0.01953125
0 0.3078125 0.443359375 0.015625 0.01953125
0 0.0203125 0.013671875 0.015625 0.01953125
0 0.034375 0.5234375 0.015625 0.01953125
0 0.465625 0.361328125 0.015625 0.01953125
