0 0.4765625 0.109375 0.015625 0.01953125
0 0.096875 0.01953125 0.015625 0.01953125
0 0.1140625 0.15234375 0.015625 0.01953125
0 0.025 0.0078125 0.015625 0.01953125
0 0.7078125 0.14453125 0.015625 0.01953125
0 0.6921875 0.1484375 0.015625 0.01953125
0 0.590625 0.25 0.015625 0.01953125
0 0.5796875 0.251953125 0.015625 0.01953125
0 0.584375 0.369140625 0.015625 0.01953125
0 0.721875 0.509765625 0.015625 0.01953125
0 0.9203125 0.458984375 0.015625 0.01953125
0 0.925 0.474609375 0.015625 0.01953125
0 0.4453125 0.345703125 0.015625 0.01953125
0 0.4359375 0.498046875 0.015625 0.01953125
0 0.375 0.673828125 0.015625 0.01953125
0 0.4734375 0.775390625 0.015625 0.01953125
0 0.5140625 0.8046875 0.015625 0.01953125
0 0.440625 0.79296875 0.015625 0.01953125
0 0.4765625 0.830078125 0.015625 0.01953125
0 0.51875 0.84375 0.015625 0.01953125
0 0.515625 0.935546875 0.015625 0.01953125
0 0.4765625 0.94140625 0.015625 0.01953125
0 0.359375 0.87890625 0.015625 0.01953125
0 0.3671875 0.935546875 0.015625 0.01953125
0 0.25625 0.92578125 0.015625 0.01953125
0 0.234375 0.775390625 0.015625 0.01953125
0 0.15 0.697265625 0.015625 0.01953125
0 0.109375 0.673828125 0.015625 0.01953125
0 0.0609375 0.50390625 0.015625 0.01953125
0 0.29375 0.4453125 0.015625 0.01953125
0 0.2921875 0.466796875 0.015625 0.01953125
0 0.3109375 0.439453125 0.015625 0.01953125
0 0.3390625 0.451171875 0.015625 0.01953125
0 0.0875 0.67578125 0.015625 0.01953125
0 0.0640625 0.662109375 0.015625 0.01953125
0 0.08125 0.712890625 0.015625 0.01953125
0 0.01875 0.775390625 0.015625 0.01953125
0 0.0046875 0.7890625 0.015625 0.01953125
0 0.01875 0.8046875 0.015625 0.01953125
0 0.0359375 0.80078125 0.015625 0.01953125
0 0.1296875 0.830078125 0.015625 0.01953125
0 0.0984375 0.79296875 0.015625 0.01953125
0 0.0765625 0.8984375 0.015625 0.01953125
0 0.0640625 0.90625 0.015625 0.01953125
0 0.0546875 0.916015625 0.015625 0.01953125
0 0.0453125 0.935546875 0.015625 0.01953125
0 0.0375 0.947265625 0.015625 0.01953125
0 0.01875 0.94140625 0.015625 0.01953125
0 0.0078125 0.91015625 0.015625 0.01953125
0 0.0265625 0.87890625 0.015625 0.01953125
0 0.015625 0.84375 0.015625 0.01953125
0 0.0546875 0.806640625 0.015625 0.01953125
0 0.0484375 0.787109375 0.015625 0.01953125
0 0.046875 0.76953125 0.015625 0.01953125
0 0.0328125 0.736328125 0.015625 0.01953125
0 0.0484375 0.84375 0.015625 0.01953125
0 0.078125 0.970703125 0.015625 0.01953125
0 0.05625 0.97265625 0.015625 0.01953125
0 0.040625 0.978515625 0.015625 0.01953125
0 0.0265625 0.970703125 0.015625 0.01953125
0 0.25 0.97265625 0.015625 0.01953125
0 0.03125 0.515625 0.015625 0.01953125
