0 0.1046875 0.015625 0.015625 0.01953125
0 0.0234375 0.0078125 0.015625 0.01953125
0 0.1125 0.15234375 0.015625 0.01953125
0 0.2390625 0.24609375 0.015625 0.01953125
0 0.221875 0.25390625 0.015625 0.01953125
0 0.4359375 0.349609375 0.015625 0.01953125
0 0.5890625 0.37890625 0.015625 0.01953125
0 0.5859375 0.2421875 0.015625 0.01953125
0 0.575 0.244140625 0.015625 0.01953125
0 0.6953125 0.154296875 0.015625 0.01953125
0 0.7125 0.146484375 0.015625 0.01953125
0 0.478125 0.103515625 0.015625 0.01953125
0 0.93125 0.48046875 0.015625 0.01953125
0 0.928125 0.462890625 0.015625 0.01953125
0 0.725 0.517578125 0.015625 0.01953125
0 0.4328125 0.501953125 0.015625 0.01953125
0 0.3734375 0.669921875 0.015625 0.01953125
0 0.475 0.7734375 0.015625 0.01953125
0 0.4453125 0.791015625 0.015625 0.01953125
0 0.4765625 0.837890625 0.015625 0.01953125
0 0.5203125 0.8515625 0.015625 0.01953125
0 0.521875 0.9375 0.015625 0.01953125
0 0.578125 0.990234375 0.015625 0.01953125
0 0.4765625 0.9453125 0.015625 0.01953125
0 0.3625 0.87890625 0.015625 0.01953125
0 0.371875 0.931640625 0.015625 0.01953125
0 0.2609375 0.927734375 0.015625 0.01953125
0 0.2484375 0.9765625 0.015625 0.01953125
0 0.2359375 0.7734375 0.015625 0.01953125
0 0.146875 0.6953125 0.015625 0.01953125
0 0.1125 0.673828125 0.015625 0.01953125
0 0.0640625 0.505859375 0.015625 0.01953125
0 0.090625 0.6796875 0.015625 0.01953125
0 0.0734375 0.658203125 0.015625 0.01953125
0 0.1265625 0.83203125 0.015625 0.01953125
0 0.1 0.787109375 0.015625 0.01953125
0 0.2984375 0.4765625 0.015625 0.01953125
0 0.34375 0.4609375 0.015625 0.01953125
0 0.51875 0.80859375 0.015625 0.01953125
0 0.0703125 0.69921875 0.015625 0.01953125
0 0.0359375 0.693359375 0.015625 0.01953125
0 0.065625 0.787109375 0.015625 0.01953125
0 0.0453125 0.791015625 0.015625 0.01953125
0 0.0515625 0.802734375 0.015625 0.01953125
0 0.0140625 0.845703125 0.015625 0.01953125
0 0.0203125 0.802734375 0.015625 0.01953125
0 0.0046875 0.78125 0.015625 0.01953125
0 0.01875 0.77734375 0.015625 0.01953125
0 0.00625 0.919921875 0.015625 0.01953125
0 0.0609375 0.90625 0.015625 0.01953125
0 0.0453125 0.919921875 0.015625 0.01953125
0 0.0453125 0.935546875 0.015625 0.01953125
0 0.034375 0.95703125 0.015625 0.01953125
0 0.0484375 0.935546875 0.015625 0.01953125
0 0.0140625 0.947265625 0.015625 0.01953125
0 0.0140625 0.9453125 0.015625 0.01953125
0 0.065625 0.94140625 0.015625 0.01953125
0 0.078125 0.8984375 0.015625 0.01953125
0 0.053125 0.970703125 0.015625 0.01953125
0 0.0296875 0.978515625 0.015625 0.01953125
0 0.0125 0.9765625 0.015625 0.01953125
0 0.0265625 0.734375 0.015625 0.01953125
0 0.0109375 0.748046875 0.015625 0.01953125
0 0.04375 0.75 0.015625 0.01953125
0 0.01875 0.857421875 0.015625 0.01953125
0 0.0328125 0.51953125 0.015625 0.01953125
