0 0.6421875 0.021484375 0.015625 0.01953125
0 0.6453125 0.072265625 0.015625 0.01953125
0 0.9 0.220703125 0.015625 0.01953125
0 0.7984375 0.341796875 0.015625 0.01953125
0 0.8 0.365234375 0.015625 0.01953125
0 0.5390625 0.537109375 0.015625 0.01953125
0 0.6578125 0.5703125 0.015625 0.01953125
0 0.690625 0.96484375 0.015625 0.01953125
0 0.7296875 0.751953125 0.015625 0.01953125
0 0.8171875 0.693359375 0.015625 0.01953125
0 0.7859375 0.759765625 0.015625 0.01953125
0 0.8859375 0.6796875 0.015625 0.01953125
0 0.99375 0.71875 0.015625 0.01953125
0 0.5359375 0.740234375 0.015625 0.01953125
0 0.3734375 0.83984375 0.015625 0.01953125
0 0.1359375 0.865234375 0.015625 0.01953125
0 0.0390625 0.818359375 0.015625 0.01953125
0 0.0625 0.609375 0.015625 0.01953125
0 0.0640625 0.57421875 0.015625 0.01953125
0 0.125 0.51953125 0.015625 0.01953125
0 0.1828125 0.474609375 0.015625 0.01953125
0 0.2734375 0.45703125 0.015625 0.01953125
0 0.41875 0.3828125 0.015625 0.01953125
0 0.3125 0.494140625 0.015625 0.01953125
0 0.2953125 0.4921875 0.015625 0.01953125
0 0.2625 0.55859375 0.015625 0.01953125
0 0.2078125 0.431640625 0.015625 0.01953125
0 0.121875 0.46875 0.015625 0.01953125
0 0.075 0.419921875 0.015625 0.01953125
0 0.1515625 0.36328125 0.015625 0.01953125
0 0.2734375 0.322265625 0.015625 0.01953125
0 0.01875 0.318359375 0.015625 0.01953125
0 0.2609375 0.19140625 0.015625 0.01953125
0 0.3859375 0.181640625 0.015625 0.01953125
0 0.23125 0.138671875 0.015625 0.01953125
0 0.178125 0.265625 0.015625 0.01953125
0 0.225 0.3046875 0.015625 0.01953125
0 0.1484375 0.248046875 0.015625 0.01953125
0 0.2484375 0.5 0.015625 0.01953125
0 0.69375 0.98046875 0.015625 0.01953125
0 0.6078125 0.34765625 0.015625 0.01953125
0 0.6 0.40625 0.015625 0.01953125
0 0.4921875 0.091796875 0.015625 0.01953125
0 0.471875 0.103515625 0.015625 0.01953125
0 0.4734375 0.072265625 0.015625 0.01953125
0 0.446875 0.080078125 0.015625 0.01953125
0 0.4109375 0.01953125 0.015625 0.01953125
0 0.48125 0.001953125 0.015625 0.01953125
0 0.4734375 0.017578125 0.015625 0.01953125
0 0.459375 0.00390625 0.015625 0.01953125
0 0.1171875 0.076171875 0.015625 0.01953125
0 0.0171875 0.337890625 0.015625 0.01953125
