0 0.1125 0.076171875 0.015625 0.01953125
0 0.225 0.13671875 0.015625 0.01953125
0 0.25625 0.1875 0.015625 0.01953125
0 0.38125 0.1796875 0.015625 0.01953125
0 0.1765625 0.259765625 0.015625 0.01953125
0 0.14375 0.244140625 0.015625 0.01953125
0 0.01875 0.3046875 0.015625 0.01953125
0 0.0578125 0.6015625 0.015625 0.01953125
0 0.0609375 0.57421875 0.015625 0.01953125
0 0.121875 0.5234375 0.015625 0.01953125
0 0.1875 0.466796875 0.015625 0.01953125
0 0.2125 0.4296875 0.015625 0.01953125
0 0.1171875 0.470703125 0.015625 0.01953125
0 0.075 0.412109375 0.015625 0.01953125
0 0.15 0.361328125 0.015625 0.01953125
0 0.2265625 0.298828125 0.015625 0.01953125
0 0.2703125 0.31640625 0.015625 0.01953125
0 0.421875 0.373046875 0.015625 0.01953125
0 0.2734375 0.4453125 0.015625 0.01953125
0 0.246875 0.49609375 0.015625 0.01953125
0 0.2890625 0.498046875 0.015625 0.01953125
0 0.30625 0.494140625 0.015625 0.01953125
0 0.259375 0.568359375 0.015625 0.01953125
0 0.0390625 0.81640625 0.015625 0.01953125
0 0.125 0.830078125 0.015625 0.01953125
0 0.3640625 0.8359375 0.015625 0.01953125
0 0.6875 0.982421875 0.015625 0.01953125
0 0.6875 0.982421875 0.015625 0.01953125
0 0.5234375 0.740234375 0.015625 0.01953125
0 0.65 0.572265625 0.015625 0.01953125
0 0.596875 0.576171875 0.015625 0.01953125
0 0.5328125 0.546875 0.015625 0.01953125
0 0.7984375 0.36328125 0.015625 0.01953125
0 0.7953125 0.341796875 0.015625 0.01953125
0 0.99375 0.724609375 0.015625 0.01953125
0 0.871875 0.67578125 0.015625 0.01953125
0 0.8140625 0.693359375 0.015625 0.01953125
0 0.7984375 0.75390625 0.015625 0.01953125
0 0.7390625 0.74609375 0.015625 0.01953125
0 0.6375 0.0703125 0.015625 0.01953125
0 0.6 0.404296875 0.015625 0.01953125
0 0.603125 0.34765625 0.015625 0.01953125
0 0.4890625 0.099609375 0.015625 0.01953125
0 0.4625 0.07421875 0.015625 0.01953125
0 0.440625 0.080078125 0.015625 0.01953125
0 0.4140625 0.01953125 0.015625 0.01953125
0 0.375 0.0390625 0.015625 0.01953125
0 0.4828125 0.009765625 0.015625 0.01953125
0 0.4671875 0.01171875 0.015625 0.01953125
0 0.4546875 0.001953125 0.015625 0.01953125
0 0.6859375 0.962890625 0.015625 0.01953125
0 0.8875 0.22265625 0.015625 0.01953125
0 0.465625 0.099609375 0.015625 0.01953125
