0 0.0125 0.283203125 0.015625 0.01953125
0 0.06875 0.404296875 0.015625 0.01953125
0 0.109375 0.455078125 0.015625 0.01953125
0 0.1140625 0.5078125 0.015625 0.01953125
0 0.05625 0.55859375 0.015625 0.01953125
0 0.053125 0.591796875 0.015625 0.01953125
0 0.178125 0.4609375 0.015625 0.01953125
0 0.2125 0.412109375 0.015625 0.01953125
0 0.2609375 0.439453125 0.015625 0.01953125
0 0.240625 0.4765625 0.015625 0.01953125
0 0.275 0.5078125 0.015625 0.01953125
0 0.2890625 0.505859375 0.015625 0.01953125
0 0.25 0.55859375 0.015625 0.01953125
0 0.2703125 0.31640625 0.015625 0.01953125
0 0.221875 0.2890625 0.015625 0.01953125
0 0.14375 0.34765625 0.015625 0.01953125
0 0.1734375 0.25390625 0.015625 0.01953125
0 0.1390625 0.234375 0.015625 0.01953125
0 0.25 0.189453125 0.015625 0.01953125
0 0.2203125 0.12890625 0.015625 0.01953125
0 0.3734375 0.1640625 0.015625 0.01953125
0 0.4125 0.36328125 0.015625 0.01953125
0 0.521875 0.5546875 0.015625 0.01953125
0 0.6171875 0.580078125 0.015625 0.01953125
0 0.5 0.736328125 0.015625 0.01953125
0 0.34375 0.8203125 0.015625 0.01953125
0 0.06875 0.80859375 0.015625 0.01953125
0 0.6765625 0.962890625 0.015625 0.01953125
0 0.6765625 0.982421875 0.015625 0.01953125
0 0.75 0.734375 0.015625 0.01953125
0 0.7921875 0.662109375 0.015625 0.01953125
0 0.790625 0.69921875 0.015625 0.01953125
0 0.8265625 0.734375 0.015625 0.01953125
0 0.8734375 0.658203125 0.015625 0.01953125
0 0.99375 0.71875 0.015625 0.01953125
0 0.9859375 0.65234375 0.015625 0.01953125
0 0.8015625 0.3515625 0.015625 0.01953125
0 0.8015625 0.33203125 0.015625 0.01953125
0 0.884375 0.205078125 0.015625 0.01953125
0 0.996875 0.236328125 0.015625 0.01953125
0 0.63125 0.0546875 0.015625 0.01953125
0 0.4625 0.11328125 0.015625 0.01953125
0 0.4625 0.08203125 0.015625 0.01953125
0 0.4390625 0.072265625 0.015625 0.01953125
0 0.6 0.38671875 0.015625 0.01953125
0 0.59375 0.33203125 0.015625 0.01953125
0 0.4015625 0.00390625 0.015625 0.01953125
0 0.365625 0.03125 0.015625 0.01953125
0 0.1046875 0.060546875 0.015625 0.01953125
0 0.6296875 0.009765625 0.015625 0.01953125
0 0.0765625 0.751953125 0.015625 0.01953125
