0 0.10625 0.060546875 0.015625 0.01953125
0 0.01875 0.279296875 0.015625 0.01953125
0 0.2203125 0.123046875 0.015625 0.01953125
0 0.2453125 0.189453125 0.015625 0.01953125
0 0.1375 0.23046875 0.015625 0.01953125
0 0.175 0.255859375 0.015625 0.01953125
0 0.2203125 0.2890625 0.015625 0.01953125
0 0.2703125 0.31640625 0.015625 0.01953125
0 0.146875 0.341796875 0.015625 0.01953125
0 0.0703125 0.396484375 0.015625 0.01953125
0 0.109375 0.451171875 0.015625 0.01953125
0 0.215625 0.4140625 0.015625 0.01953125
0 0.1828125 0.453125 0.015625 0.01953125
0 0.1171875 0.501953125 0.015625 0.01953125
0 0.05625 0.556640625 0.015625 0.01953125
0 0.0546875 0.58984375 0.015625 0.01953125
0 0.2734375 0.509765625 0.015625 0.01953125
0 0.2921875 0.51171875 0.015625 0.01953125
0 0.2375 0.474609375 0.015625 0.01953125
0 0.2640625 0.4375 0.015625 0.01953125
0 0.415625 0.359375 0.015625 0.01953125
0 0.375 0.169921875 0.015625 0.01953125
0 0.4515625 0.109375 0.015625 0.01953125
0 0.4625 0.080078125 0.015625 0.01953125
0 0.4375 0.0703125 0.015625 0.01953125
0 0.5984375 0.32421875 0.015625 0.01953125
0 0.5984375 0.384765625 0.015625 0.01953125
0 0.8015625 0.326171875 0.015625 0.01953125
0 0.8 0.3515625 0.015625 0.01953125
0 0.8875 0.20703125 0.015625 0.01953125
0 0.61875 0.58203125 0.015625 0.01953125
0 0.49375 0.736328125 0.015625 0.01953125
0 0.334375 0.8203125 0.015625 0.01953125
0 0.6765625 0.958984375 0.015625 0.01953125
0 0.675 0.98046875 0.015625 0.01953125
0 0.75625 0.72265625 0.015625 0.01953125
0 0.79375 0.66015625 0.015625 0.01953125
0 0.8796875 0.65234375 0.015625 0.01953125
0 0.9828125 0.66015625 0.015625 0.01953125
0 0.99375 0.724609375 0.015625 0.01953125
0 0.8453125 0.71875 0.015625 0.01953125
0 0.51875 0.552734375 0.015625 0.01953125
0 0.253125 0.556640625 0.015625 0.01953125
0 0.08125 0.806640625 0.015625 0.01953125
0 0.3640625 0.033203125 0.015625 0.01953125
0 0.4015625 0.005859375 0.015625 0.01953125
0 0.059375 0.734375 0.015625 0.01953125
0 0.990625 0.228515625 0.015625 0.01953125
0 0.0375 0.005859375 0.015625 0.01953125
0 0.63125 0.05078125 0.015625 0.01953125
0 0.63125 0.005859375 0.015625 0.01953125
