0 0.5984375 0.32421875 0.015625 0.01953125
0 0.5328125 0.52734375 0.015625 0.01953125
0 0.6 0.384765625 0.015625 0.01953125
0 0.6046875 0.357421875 0.015625 0.01953125
0 0.6328125 0.587890625 0.015625 0.01953125
0 0.4859375 0.740234375 0.015625 0.01953125
0 0.3203125 0.818359375 0.015625 0.01953125
0 0.2828125 0.5234375 0.015625 0.01953125
0 0.10625 0.80859375 0.015625 0.01953125
0 0.0515625 0.58984375 0.015625 0.01953125
0 0.2703125 0.326171875 0.015625 0.01953125
0 0.7890625 0.658203125 0.015625 0.01953125
0 0.7671875 0.724609375 0.015625 0.01953125
0 0.2328125 0.474609375 0.015625 0.01953125
0 0.4328125 0.11328125 0.015625 0.01953125
0 0.375 0.166015625 0.015625 0.01953125
0 0.4578125 0.083984375 0.015625 0.01953125
0 0.421875 0.0859375 0.015625 0.01953125
0 0.3859375 0.095703125 0.015625 0.01953125
0 0.359375 0.044921875 0.015625 0.01953125
0 0.63125 0.046875 0.015625 0.01953125
0 0.6296875 0.005859375 0.015625 0.01953125
0 0.8796875 0.20703125 0.015625 0.01953125
0 0.803125 0.33203125 0.015625 0.01953125
0 0.8890625 0.642578125 0.015625 0.01953125
0 0.8703125 0.69921875 0.015625 0.01953125
0 0.965625 0.6796875 0.015625 0.01953125
0 0.2640625 0.521484375 0.015625 0.01953125
0 0.2625 0.439453125 0.015625 0.01953125
0 0.209375 0.4140625 0.015625 0.01953125
0 0.1796875 0.45703125 0.015625 0.01953125
0 0.1078125 0.509765625 0.015625 0.01953125
0 0.0515625 0.55859375 0.015625 0.01953125
0 0.1078125 0.44921875 0.015625 0.01953125
0 0.06875 0.3984375 0.015625 0.01953125
0 0.1421875 0.34765625 0.015625 0.01953125
0 0.2359375 0.193359375 0.015625 0.01953125
0 0.134375 0.232421875 0.015625 0.01953125
0 0.2171875 0.123046875 0.015625 0.01953125
0 0.1734375 0.2578125 0.015625 0.01953125
0 0.2203125 0.2890625 0.015625 0.01953125
0 0.10625 0.0546875 0.015625 0.01953125
0 0.0265625 0.021484375 0.015625 0.01953125
0 0.0125 0.263671875 0.015625 0.01953125
0 0.0265625 0.265625 0.015625 0.01953125
0 0.4125 0.361328125 0.015625 0.01953125
0 0.99375 0.216796875 0.015625 0.01953125
0 0.5875 0.3671875 0.015625 0.01953125
0 0.4 0.00390625 0.015625 0.01953125
0 0.0171875 0.724609375 0.015625 0.01953125
0 0.678125 0.970703125 0.015625 0.01953125
0 0.7984375 0.34765625 0.015625 0.01953125
