0 0.8953125 0.642578125 0.015625 0.01953125
0 0.478125 0.7421875 0.015625 0.01953125
0 0.6359375 0.583984375 0.015625 0.01953125
0 0.53125 0.517578125 0.015625 0.01953125
0 0.7828125 0.658203125 0.015625 0.01953125
0 0.771875 0.720703125 0.015625 0.01953125
0 0.5828125 0.3671875 0.015625 0.01953125
0 0.5984375 0.3828125 0.015625 0.01953125
0 0.5984375 0.35546875 0.015625 0.01953125
0 0.5953125 0.32421875 0.015625 0.01953125
0 0.215625 0.12109375 0.015625 0.01953125
0 0.23125 0.19140625 0.015625 0.01953125
0 0.134375 0.228515625 0.015625 0.01953125
0 0.16875 0.2578125 0.015625 0.01953125
0 0.2171875 0.287109375 0.015625 0.01953125
0 0.265625 0.32421875 0.015625 0.01953125
0 0.1359375 0.34765625 0.015625 0.01953125
0 0.20625 0.41015625 0.015625 0.01953125
0 0.2578125 0.439453125 0.015625 0.01953125
0 0.23125 0.4765625 0.015625 0.01953125
0 0.2609375 0.525390625 0.015625 0.01953125
0 0.175 0.455078125 0.015625 0.01953125
0 0.10625 0.447265625 0.015625 0.01953125
0 0.065625 0.3984375 0.015625 0.01953125
0 0.1 0.509765625 0.015625 0.01953125
0 0.053125 0.556640625 0.015625 0.01953125
0 0.0484375 0.583984375 0.015625 0.01953125
0 0.11875 0.80859375 0.015625 0.01953125
0 0.0109375 0.25390625 0.015625 0.01953125
0 0.025 0.26171875 0.015625 0.01953125
0 0.0234375 0.025390625 0.015625 0.01953125
0 0.0234375 0.052734375 0.015625 0.01953125
0 0.1046875 0.05859375 0.015625 0.01953125
0 0.3546875 0.046875 0.015625 0.01953125
0 0.425 0.119140625 0.015625 0.01953125
0 0.3859375 0.09765625 0.015625 0.01953125
0 0.4140625 0.08984375 0.015625 0.01953125
0 0.4578125 0.083984375 0.015625 0.01953125
0 0.3734375 0.166015625 0.015625 0.01953125
0 0.6328125 0.048828125 0.015625 0.01953125
0 0.2828125 0.53125 0.015625 0.01953125
0 0.30625 0.8203125 0.015625 0.01953125
0 0.9546875 0.69921875 0.015625 0.01953125
0 0.8796875 0.201171875 0.015625 0.01953125
0 0.409375 0.357421875 0.015625 0.01953125
0 0.884375 0.685546875 0.015625 0.01953125
0 0.9921875 0.216796875 0.015625 0.01953125
0 0.8046875 0.328125 0.015625 0.01953125
0 0.3984375 0.00390625 0.015625 0.01953125
