0 0.1578125 0.021484375 0.015625 0.01953125
0 0.1046875 0.125 0.015625 0.01953125
0 0.0109375 0.228515625 0.015625 0.01953125
0 0.0265625 0.23828125 0.015625 0.01953125
0 0.1640625 0.201171875 0.015625 0.01953125
0 0.1453125 0.224609375 0.015625 0.01953125
0 0.0796875 0.361328125 0.015625 0.01953125
0 0.19375 0.427734375 0.015625 0.01953125
0 0.215625 0.45703125 0.015625 0.01953125
0 0.1125 0.537109375 0.015625 0.01953125
0 0.153125 0.564453125 0.015625 0.01953125
0 0.196875 0.58984375 0.015625 0.01953125
0 0.2578125 0.630859375 0.015625 0.01953125
0 0.1671875 0.69140625 0.015625 0.01953125
0 0.1125 0.65234375 0.015625 0.01953125
0 0.0421875 0.71875 0.015625 0.01953125
0 0.0875 0.74609375 0.015625 0.01953125
0 0.1578125 0.765625 0.015625 0.01953125
0 0.0875 0.81640625 0.015625 0.01953125
0 0.0421875 0.857421875 0.015625 0.01953125
0 0.04375 0.8828125 0.015625 0.01953125
0 0.2421875 0.74609375 0.015625 0.01953125
0 0.21875 0.7890625 0.015625 0.01953125
0 0.3203125 0.439453125 0.015625 0.01953125
0 0.3546875 0.466796875 0.015625 0.01953125
0 0.3921875 0.65625 0.015625 0.01953125
0 0.2359375 0.892578125 0.015625 0.01953125
0 0.2546875 0.890625 0.015625 0.01953125
0 0.225 0.890625 0.015625 0.01953125
0 0.50625 0.78125 0.015625 0.01953125
0 0.5734375 0.623046875 0.015625 0.01953125
0 0.565625 0.65234375 0.015625 0.01953125
0 0.5796875 0.677734375 0.015625 0.01953125
0 0.7296875 0.7734375 0.015625 0.01953125
0 0.7828125 0.634765625 0.015625 0.01953125
0 0.6109375 0.349609375 0.015625 0.01953125
0 0.3421875 0.392578125 0.015625 0.01953125
0 0.4203125 0.38671875 0.015625 0.01953125
0 0.284375 0.400390625 0.015625 0.01953125
0 0.321875 0.412109375 0.015625 0.01953125
0 0.3859375 0.125 0.015625 0.01953125
0 0.8640625 0.5 0.015625 0.01953125
0 0.8671875 0.271484375 0.015625 0.01953125
0 0.796875 0.22265625 0.015625 0.01953125
0 0.7234375 0.16015625 0.015625 0.01953125
0 0.846875 0.1875 0.015625 0.01953125
0 0.8609375 0.171875 0.015625 0.01953125
0 0.8625 0.08984375 0.015625 0.01953125
0 0.9671875 0.5 0.015625 0.01953125
0 0.9796875 0.515625 0.015625 0.01953125
0 0.759375 0.95703125 0.015625 0.01953125
0 0.8546875 0.94921875 0.015625 0.01953125
0 0.7671875 0.9921875 0.015625 0.01953125
0 0.9484375 0.927734375 0.015625 0.01953125
0 0.975 0.927734375 0.015625 0.01953125
0 0.3828125 0.30078125 0.015625 0.01953125
0 0.328125 0.26953125 0.015625 0.01953125
0 0.24375 0.119140625 0.015625 0.01953125
0 0.275 0.138671875 0.015625 0.01953125
0 0.284375 0.103515625 0.015625 0.01953125
0 0.303125 0.10546875 0.015625 0.01953125
0 0.25 0.216796875 0.015625 0.01953125
0 0.2875 0.22265625 0.015625 0.01953125
0 0.2984375 0.1796875 0.015625 0.01953125
0 0.2859375 0.189453125 0.015625 0.01953125
0 0.3328125 0.123046875 0.015625 0.01953125
0 0.3109375 0.138671875 0.015625 0.01953125
0 0.334375 0.14453125 0.015625 0.01953125
0 0.328125 0.1640625 0.015625 0.01953125
0 0.34375 0.166015625 0.015625 0.01953125
0 0.365625 0.169921875 0.015625 0.01953125
0 0.4015625 0.169921875 0.015625 0.01953125
0 0.415625 0.1796875 0.015625 0.01953125
0 0.4265625 0.197265625 0.015625 0.01953125
0 0.4484375 0.296875 0.015625 0.01953125
0 0.353125 0.2109375 0.015625 0.01953125
0 0.33125 0.212890625 0.015625 0.01953125
0 0.3484375 0.234375 0.015625 0.01953125
0 0.3765625 0.232421875 0.015625 0.01953125
0 0.3921875 0.234375 0.015625 0.01953125
0 0.4453125 0.21484375 0.015625 0.01953125
0 0.4328125 0.2265625 0.015625 0.01953125
0 0.421875 0.2421875 0.015625 0.01953125
0 0.428125 0.287109375 0.015625 0.01953125
0 0.4546875 0.26953125 0.015625 0.01953125
0 0.4703125 0.251953125 0.015625 0.01953125
0 0.3890625 0.26171875 0.015625 0.01953125
0 0.4140625 0.271484375 0.015625 0.01953125
0 0.2734375 0.169921875 0.015625 0.01953125
0 0.2640625 0.203125 0.015625 0.01953125
0 0.2609375 0.185546875 0.015625 0.01953125
0 0.2640625 0.150390625 0.015625 0.01953125
0 0.2546875 0.125 0.015625 0.01953125
0 0.3078125 0.228515625 0.015625 0.01953125
0 0.303125 0.203125 0.015625 0.01953125
0 0.6140625 0.294921875 0.015625 0.01953125
0 0.2875 0.15625 0.015625 0.01953125
0 0.003125 0.45703125 0.015625 0.01953125
0 0.0109375 0.4765625 0.015625 0.01953125
0 0.9921875 0.529296875 0.015625 0.01953125
0 0.2484375 0.171875 0.015625 0.01953125
0 0.2390625 0.171875 0.015625 0.01953125
