0 0.3875 0.130859375 0.015625 0.01953125
0 0.28125 0.10546875 0.015625 0.01953125
0 0.3015625 0.107421875 0.015625 0.01953125
0 0.1296875 0.05078125 0.015625 0.01953125
0 0.084375 0.150390625 0.015625 0.01953125
0 0.1625 0.203125 0.015625 0.01953125
0 0.1453125 0.21875 0.015625 0.01953125
0 0.1875 0.421875 0.015625 0.01953125
0 0.2640625 0.39453125 0.015625 0.01953125
0 0.115625 0.53125 0.015625 0.01953125
0 0.10625 0.53125 0.015625 0.01953125
0 0.2203125 0.453125 0.015625 0.01953125
0 0.0078125 0.44140625 0.015625 0.01953125
0 0.015625 0.4609375 0.015625 0.01953125
0 0.003125 0.271484375 0.015625 0.01953125
0 0.2390625 0.8984375 0.015625 0.01953125
0 0.2546875 0.900390625 0.015625 0.01953125
0 0.2234375 0.890625 0.015625 0.01953125
0 0.21875 0.796875 0.015625 0.01953125
0 0.2390625 0.740234375 0.015625 0.01953125
0 0.2515625 0.625 0.015625 0.01953125
0 0.1984375 0.595703125 0.015625 0.01953125
0 0.159375 0.55859375 0.015625 0.01953125
0 0.146875 0.55078125 0.015625 0.01953125
0 0.1140625 0.642578125 0.015625 0.01953125
0 0.165625 0.685546875 0.015625 0.01953125
0 0.159375 0.7578125 0.015625 0.01953125
0 0.0421875 0.7109375 0.015625 0.01953125
0 0.0859375 0.740234375 0.015625 0.01953125
0 0.0828125 0.80859375 0.015625 0.01953125
0 0.0390625 0.859375 0.015625 0.01953125
0 0.0390625 0.884765625 0.015625 0.01953125
0 0.021875 0.90234375 0.015625 0.01953125
0 0.3921875 0.658203125 0.015625 0.01953125
0 0.5359375 0.806640625 0.015625 0.01953125
0 0.7109375 0.78515625 0.015625 0.01953125
0 0.571875 0.625 0.015625 0.01953125
0 0.5671875 0.66796875 0.015625 0.01953125
0 0.578125 0.689453125 0.015625 0.01953125
0 0.7796875 0.646484375 0.015625 0.01953125
0 0.7921875 0.634765625 0.015625 0.01953125
0 0.8671875 0.501953125 0.015625 0.01953125
0 0.88125 0.291015625 0.015625 0.01953125
0 0.7515625 0.181640625 0.015625 0.01953125
0 0.7953125 0.2265625 0.015625 0.01953125
0 0.853125 0.115234375 0.015625 0.01953125
0 0.85625 0.166015625 0.015625 0.01953125
0 0.8453125 0.193359375 0.015625 0.01953125
0 0.9625 0.509765625 0.015625 0.01953125
0 0.7625 0.95703125 0.015625 0.01953125
0 0.7640625 0.998046875 0.015625 0.01953125
0 0.840625 0.962890625 0.015625 0.01953125
0 0.953125 0.955078125 0.015625 0.01953125
0 0.9484375 0.93359375 0.015625 0.01953125
0 0.6109375 0.353515625 0.015625 0.01953125
0 0.296875 0.435546875 0.015625 0.01953125
0 0.3515625 0.470703125 0.015625 0.01953125
0 0.4171875 0.390625 0.015625 0.01953125
0 0.246875 0.12109375 0.015625 0.01953125
0 0.25 0.1328125 0.015625 0.01953125
0 0.2734375 0.142578125 0.015625 0.01953125
0 0.3125 0.138671875 0.015625 0.01953125
0 0.2875 0.140625 0.015625 0.01953125
0 0.4046875 0.173828125 0.015625 0.01953125
0 0.4171875 0.177734375 0.015625 0.01953125
0 0.2625 0.150390625 0.015625 0.01953125
0 0.246875 0.21875 0.015625 0.01953125
0 0.2859375 0.224609375 0.015625 0.01953125
0 0.3328125 0.142578125 0.015625 0.01953125
0 0.334375 0.150390625 0.015625 0.01953125
0 0.3640625 0.17578125 0.015625 0.01953125
0 0.328125 0.162109375 0.015625 0.01953125
0 0.2515625 0.169921875 0.015625 0.01953125
0 0.2375 0.173828125 0.015625 0.01953125
0 0.2859375 0.166015625 0.015625 0.01953125
0 0.2734375 0.17578125 0.015625 0.01953125
0 0.30625 0.20703125 0.015625 0.01953125
0 0.3265625 0.216796875 0.015625 0.01953125
0 0.2859375 0.1875 0.015625 0.01953125
0 0.3 0.177734375 0.015625 0.01953125
0 0.475 0.259765625 0.015625 0.01953125
0 0.4515625 0.271484375 0.015625 0.01953125
0 0.4453125 0.298828125 0.015625 0.01953125
0 0.428125 0.294921875 0.015625 0.01953125
0 0.3796875 0.302734375 0.015625 0.01953125
0 0.3046875 0.27734375 0.015625 0.01953125
0 0.4265625 0.1953125 0.015625 0.01953125
0 0.4453125 0.216796875 0.015625 0.01953125
0 0.4375 0.23046875 0.015625 0.01953125
0 0.4265625 0.240234375 0.015625 0.01953125
0 0.35 0.232421875 0.015625 0.01953125
0 0.35625 0.212890625 0.015625 0.01953125
0 0.409375 0.267578125 0.015625 0.01953125
0 0.39375 0.2578125 0.015625 0.01953125
0 0.38125 0.23828125 0.015625 0.01953125
0 0.396875 0.236328125 0.015625 0.01953125
0 0.3390625 0.421875 0.015625 0.01953125
0 0.3015625 0.40625 0.015625 0.01953125
0 0.0796875 0.359375 0.015625 0.01953125
