0 0.2796875 0.25390625 0.015625 0.01953125
0 0.1015625 0.08203125 0.015625 0.01953125
0 0.0609375 0.986328125 0.015625 0.01953125
0 0.221875 0.8828125 0.015625 0.01953125
0 0.240625 0.88671875 0.015625 0.01953125
0 0.259375 0.890625 0.015625 0.01953125
0 0.046875 0.880859375 0.015625 0.01953125
0 0.040625 0.849609375 0.015625 0.01953125
0 0.0890625 0.80859375 0.015625 0.01953125
0 0.159375 0.69140625 0.015625 0.01953125
0 0.259375 0.623046875 0.015625 0.01953125
0 0.2421875 0.73828125 0.015625 0.01953125
0 0.2203125 0.78515625 0.015625 0.01953125
0 0.1578125 0.763671875 0.015625 0.01953125
0 0.084375 0.73046875 0.015625 0.01953125
0 0.040625 0.708984375 0.015625 0.01953125
0 0.1109375 0.650390625 0.015625 0.01953125
0 0.1984375 0.583984375 0.015625 0.01953125
0 0.1546875 0.556640625 0.015625 0.01953125
0 0.1140625 0.53515625 0.015625 0.01953125
0 0.015625 0.404296875 0.015625 0.01953125
0 0.0265625 0.416015625 0.015625 0.01953125
0 0.0609375 0.173828125 0.015625 0.01953125
0 0.1625 0.19140625 0.015625 0.01953125
0 0.1453125 0.21484375 0.015625 0.01953125
0 0.0796875 0.349609375 0.015625 0.01953125
0 0.39375 0.654296875 0.015625 0.01953125
0 0.575 0.625 0.015625 0.01953125
0 0.696875 0.798828125 0.015625 0.01953125
0 0.3546875 0.462890625 0.015625 0.01953125
0 0.3328125 0.443359375 0.015625 0.01953125
0 0.1921875 0.416015625 0.015625 0.01953125
0 0.2203125 0.443359375 0.015625 0.01953125
0 0.2390625 0.375 0.015625 0.01953125
0 0.275 0.408203125 0.015625 0.01953125
0 0.284375 0.388671875 0.015625 0.01953125
0 0.4203125 0.3828125 0.015625 0.01953125
0 0.7625 0.95703125 0.015625 0.01953125
0 0.76875 0.98828125 0.015625 0.01953125
0 0.8234375 0.958984375 0.015625 0.01953125
0 0.8890625 0.974609375 0.015625 0.01953125
0 0.9265625 0.974609375 0.015625 0.01953125
0 0.9421875 0.931640625 0.015625 0.01953125
0 0.5015625 0.814453125 0.015625 0.01953125
0 0.784375 0.646484375 0.015625 0.01953125
0 0.796875 0.634765625 0.015625 0.01953125
0 0.5671875 0.666015625 0.015625 0.01953125
0 0.5875 0.681640625 0.015625 0.01953125
0 0.615625 0.34375 0.015625 0.01953125
0 0.8640625 0.283203125 0.015625 0.01953125
0 0.83125 0.126953125 0.015625 0.01953125
0 0.8609375 0.158203125 0.015625 0.01953125
0 0.84375 0.1796875 0.015625 0.01953125
0 0.7578125 0.1875 0.015625 0.01953125
0 0.796875 0.212890625 0.015625 0.01953125
0 0.4796875 0.248046875 0.015625 0.01953125
0 0.4515625 0.26171875 0.015625 0.01953125
0 0.446875 0.291015625 0.015625 0.01953125
0 0.25 0.205078125 0.015625 0.01953125
0 0.865625 0.494140625 0.015625 0.01953125
0 0.9640625 0.4921875 0.015625 0.01953125
0 0.978125 0.509765625 0.015625 0.01953125
0 0.9953125 0.521484375 0.015625 0.01953125
0 0.6109375 0.6484375 0.015625 0.01953125
0 0.2875 0.216796875 0.015625 0.01953125
0 0.3875 0.119140625 0.015625 0.01953125
0 0.28125 0.095703125 0.015625 0.01953125
0 0.3015625 0.099609375 0.015625 0.01953125
0 0.246875 0.111328125 0.015625 0.01953125
0 0.2515625 0.123046875 0.015625 0.01953125
0 0.2765625 0.1328125 0.015625 0.01953125
0 0.315625 0.1328125 0.015625 0.01953125
0 0.3421875 0.134765625 0.015625 0.01953125
0 0.3640625 0.1640625 0.015625 0.01953125
0 0.328125 0.15234375 0.015625 0.01953125
0 0.3421875 0.1640625 0.015625 0.01953125
0 0.40625 0.1640625 0.015625 0.01953125
0 0.41875 0.173828125 0.015625 0.01953125
0 0.4265625 0.189453125 0.015625 0.01953125
0 0.4203125 0.20703125 0.015625 0.01953125
0 0.2390625 0.1640625 0.015625 0.01953125
0 0.2859375 0.158203125 0.015625 0.01953125
0 0.2734375 0.1640625 0.015625 0.01953125
0 0.30625 0.177734375 0.015625 0.01953125
0 0.2890625 0.177734375 0.015625 0.01953125
0 0.30625 0.1953125 0.015625 0.01953125
0 0.3546875 0.208984375 0.015625 0.01953125
0 0.3921875 0.2265625 0.015625 0.01953125
0 0.3765625 0.2265625 0.015625 0.01953125
0 0.3875 0.25390625 0.015625 0.01953125
0 0.3828125 0.29296875 0.015625 0.01953125
0 0.415625 0.271484375 0.015625 0.01953125
0 0.4421875 0.203125 0.015625 0.01953125
0 0.4328125 0.220703125 0.015625 0.01953125
0 0.428125 0.2421875 0.015625 0.01953125
0 0.3296875 0.197265625 0.015625 0.01953125
0 0.4296875 0.275390625 0.015625 0.01953125
