0 0.0875 0.39453125 0.015625 0.01953125
0 0.13125 0.435546875 0.015625 0.01953125
0 0.3921875 0.3515625 0.015625 0.01953125
0 0.3015625 0.486328125 0.015625 0.01953125
0 0.0453125 0.58203125 0.015625 0.01953125
0 0.103125 0.615234375 0.015625 0.01953125
0 0.0546875 0.763671875 0.015625 0.01953125
0 0.0453125 0.83984375 0.015625 0.01953125
0 0.11875 0.87890625 0.015625 0.01953125
0 0.146875 0.826171875 0.015625 0.01953125
0 0.171875 0.966796875 0.015625 0.01953125
0 0.184375 0.99609375 0.015625 0.01953125
0 0.3703125 0.958984375 0.015625 0.01953125
0 0.1890625 0.669921875 0.015625 0.01953125
0 0.2453125 0.734375 0.015625 0.01953125
0 0.3546875 0.70703125 0.015625 0.01953125
0 0.059375 0.10546875 0.015625 0.01953125
0 0.0390625 0.126953125 0.015625 0.01953125
0 0.6421875 0.30078125 0.015625 0.01953125
0 0.7109375 0.025390625 0.015625 0.01953125
0 0.1734375 0.01171875 0.015625 0.01953125
0 0.2046875 0.025390625 0.015625 0.01953125
0 0.190625 0.0390625 0.015625 0.01953125
0 0.3390625 0.24609375 0.015625 0.01953125
0 0.5984375 0.666015625 0.015625 0.01953125
0 0.6515625 0.732421875 0.015625 0.01953125
0 0.64375 0.76171875 0.015625 0.01953125
0 0.7234375 0.859375 0.015625 0.01953125
0 0.9296875 0.689453125 0.015625 0.01953125
0 0.9421875 0.71875 0.015625 0.01953125
0 0.8015625 0.53515625 0.015625 0.01953125
0 0.9640625 0.513671875 0.015625 0.01953125
0 0.9828125 0.509765625 0.015625 0.01953125
0 0.3828125 0.06640625 0.015625 0.01953125
0 0.3953125 0.080078125 0.015625 0.01953125
0 0.3 0.017578125 0.015625 0.01953125
0 0.171875 0.125 0.015625 0.01953125
0 0.94375 0.072265625 0.015625 0.01953125
0 0.96875 0.09765625 0.015625 0.01953125
0 0.9046875 0.1640625 0.015625 0.01953125
0 0.8578125 0.349609375 0.015625 0.01953125
0 0.859375 0.375 0.015625 0.01953125
0 0.3 0.10546875 0.015625 0.01953125
0 0.3109375 0.126953125 0.015625 0.01953125
0 0.31875 0.06640625 0.015625 0.01953125
0 0.290625 0.060546875 0.015625 0.01953125
0 0.2703125 0.0546875 0.015625 0.01953125
0 0.403125 0.1015625 0.015625 0.01953125
0 0.1640625 0.05859375 0.015625 0.01953125
0 0.1796875 0.072265625 0.015625 0.01953125
0 0.3609375 0.146484375 0.015625 0.01953125
0 0.3421875 0.1484375 0.015625 0.01953125
0 0.371875 0.119140625 0.015625 0.01953125
0 0.390625 0.123046875 0.015625 0.01953125
0 0.4125 0.224609375 0.015625 0.01953125
0 0.46875 0.173828125 0.015625 0.01953125
0 0.4421875 0.216796875 0.015625 0.01953125
0 0.3625 0.1796875 0.015625 0.01953125
0 0.4171875 0.140625 0.015625 0.01953125
0 0.40625 0.158203125 0.015625 0.01953125
0 0.40625 0.19921875 0.015625 0.01953125
0 0.2203125 0.0546875 0.015625 0.01953125
0 0.2078125 0.072265625 0.015625 0.01953125
0 0.1953125 0.111328125 0.015625 0.01953125
0 0.2078125 0.095703125 0.015625 0.01953125
0 0.2234375 0.0859375 0.015625 0.01953125
0 0.2796875 0.0078125 0.015625 0.01953125
0 0.25 0.02734375 0.015625 0.01953125
0 0.23125 0.134765625 0.015625 0.01953125
0 0.2484375 0.14453125 0.015625 0.01953125
0 0.240625 0.10546875 0.015625 0.01953125
0 0.275 0.10546875 0.015625 0.01953125
0 0.1921875 0.14453125 0.015625 0.01953125
