0 0.38125 0.095703125 0.015625 0.01953125
0 0.2703125 0.107421875 0.015625 0.01953125
0 0.1515625 0.078125 0.015625 0.01953125
0 0.4609375 0.34375 0.015625 0.01953125
0 0.446875 0.359375 0.015625 0.01953125
0 0.0421875 0.267578125 0.015625 0.01953125
0 0.0203125 0.294921875 0.015625 0.01953125
0 0.36875 0.525390625 0.015625 0.01953125
0 0.703125 0.203125 0.015625 0.01953125
0 0.634375 0.40625 0.015625 0.01953125
0 0.6296875 0.46875 0.015625 0.01953125
0 0.9390625 0.240234375 0.015625 0.01953125
0 0.95625 0.265625 0.015625 0.01953125
0 0.8890625 0.34765625 0.015625 0.01953125
0 0.865625 0.658203125 0.015625 0.01953125
0 0.865625 0.681640625 0.015625 0.01953125
0 0.9484375 0.68359375 0.015625 0.01953125
0 0.971875 0.685546875 0.015625 0.01953125
0 0.8640625 0.830078125 0.015625 0.01953125
0 0.865625 0.861328125 0.015625 0.01953125
0 0.5828125 0.833984375 0.015625 0.01953125
0 0.5875 0.927734375 0.015625 0.01953125
0 0.596875 0.9609375 0.015625 0.01953125
0 0.346875 0.8828125 0.015625 0.01953125
0 0.21875 0.8671875 0.015625 0.01953125
0 0.2828125 0.669921875 0.015625 0.01953125
0 0.175 0.6171875 0.015625 0.01953125
0 0.090625 0.568359375 0.015625 0.01953125
0 0.034375 0.759765625 0.015625 0.01953125
0 0.0875 0.78515625 0.015625 0.01953125
0 0.05 0.92578125 0.015625 0.01953125
0 0.1453125 0.984375 0.015625 0.01953125
0 0.20625 0.140625 0.015625 0.01953125
0 0.2296875 0.1484375 0.015625 0.01953125
0 0.15625 0.169921875 0.015625 0.01953125
0 0.19375 0.19140625 0.015625 0.01953125
0 0.1796875 0.205078125 0.015625 0.01953125
0 0.15625 0.2265625 0.015625 0.01953125
0 0.2453125 0.19140625 0.015625 0.01953125
0 0.209375 0.216796875 0.015625 0.01953125
0 0.1921875 0.234375 0.015625 0.01953125
0 0.1578125 0.291015625 0.015625 0.01953125
0 0.1890625 0.322265625 0.015625 0.01953125
0 0.3671875 0.232421875 0.015625 0.01953125
0 0.378125 0.244140625 0.015625 0.01953125
0 0.3921875 0.26171875 0.015625 0.01953125
0 0.346875 0.3125 0.015625 0.01953125
0 0.328125 0.314453125 0.015625 0.01953125
0 0.3328125 0.404296875 0.015625 0.01953125
0 0.40625 0.390625 0.015625 0.01953125
0 0.3953125 0.373046875 0.015625 0.01953125
0 0.2609375 0.216796875 0.015625 0.01953125
0 0.2796875 0.23046875 0.015625 0.01953125
0 0.309375 0.236328125 0.015625 0.01953125
0 0.296875 0.287109375 0.015625 0.01953125
0 0.2953125 0.3046875 0.015625 0.01953125
0 0.284375 0.271484375 0.015625 0.01953125
0 0.259375 0.271484375 0.015625 0.01953125
0 0.3609375 0.330078125 0.015625 0.01953125
0 0.346875 0.34765625 0.015625 0.01953125
0 0.4171875 0.29296875 0.015625 0.01953125
0 0.4046875 0.30859375 0.015625 0.01953125
0 0.390625 0.326171875 0.015625 0.01953125
0 0.2109375 0.3046875 0.015625 0.01953125
0 0.234375 0.310546875 0.015625 0.01953125
0 0.225 0.232421875 0.015625 0.01953125
0 0.2078125 0.25390625 0.015625 0.01953125
