0 0.0953125 0.072265625 0.015625 0.01953125
0 0.146875 0.099609375 0.015625 0.01953125
0 0.259375 0.103515625 0.015625 0.01953125
0 0.378125 0.103515625 0.015625 0.01953125
0 0.040625 0.279296875 0.015625 0.01953125
0 0.021875 0.298828125 0.015625 0.01953125
0 0.078125 0.57421875 0.015625 0.01953125
0 0.1703125 0.634765625 0.015625 0.01953125
0 0.278125 0.6796875 0.015625 0.01953125
0 0.03125 0.767578125 0.015625 0.01953125
0 0.084375 0.796875 0.015625 0.01953125
0 0.0421875 0.9296875 0.015625 0.01953125
0 0.2234375 0.8828125 0.015625 0.01953125
0 0.3390625 0.890625 0.015625 0.01953125
0 0.146875 0.990234375 0.015625 0.01953125
0 0.3625 0.533203125 0.015625 0.01953125
0 0.5796875 0.845703125 0.015625 0.01953125
0 0.5828125 0.931640625 0.015625 0.01953125
0 0.584375 0.958984375 0.015625 0.01953125
0 0.8546875 0.8359375 0.015625 0.01953125
0 0.8515625 0.861328125 0.015625 0.01953125
0 0.8640625 0.6796875 0.015625 0.01953125
0 0.8609375 0.701171875 0.015625 0.01953125
0 0.8375 0.720703125 0.015625 0.01953125
0 0.9484375 0.6953125 0.015625 0.01953125
0 0.96875 0.701171875 0.015625 0.01953125
0 0.8859375 0.3671875 0.015625 0.01953125
0 0.9359375 0.25 0.015625 0.01953125
0 0.953125 0.2734375 0.015625 0.01953125
0 0.70625 0.220703125 0.015625 0.01953125
0 0.6296875 0.4140625 0.015625 0.01953125
0 0.6328125 0.478515625 0.015625 0.01953125
0 0.421875 0.404296875 0.015625 0.01953125
0 0.4 0.41015625 0.015625 0.01953125
0 0.4609375 0.35546875 0.015625 0.01953125
0 0.321875 0.421875 0.015625 0.01953125
0 0.153125 0.1796875 0.015625 0.01953125
0 0.2015625 0.154296875 0.015625 0.01953125
0 0.225 0.158203125 0.015625 0.01953125
0 0.3640625 0.244140625 0.015625 0.01953125
0 0.3765625 0.255859375 0.015625 0.01953125
0 0.2359375 0.205078125 0.015625 0.01953125
0 0.259375 0.2265625 0.015625 0.01953125
0 0.259375 0.1875 0.015625 0.01953125
0 0.1875 0.203125 0.015625 0.01953125
0 0.175 0.21484375 0.015625 0.01953125
0 0.16875 0.234375 0.015625 0.01953125
0 0.1515625 0.298828125 0.015625 0.01953125
0 0.184375 0.33203125 0.015625 0.01953125
0 0.2046875 0.31640625 0.015625 0.01953125
0 0.29375 0.302734375 0.015625 0.01953125
0 0.2796875 0.28515625 0.015625 0.01953125
0 0.2875 0.3203125 0.015625 0.01953125
0 0.340625 0.359375 0.015625 0.01953125
0 0.3859375 0.27734375 0.015625 0.01953125
0 0.409375 0.30078125 0.015625 0.01953125
0 0.390625 0.345703125 0.015625 0.01953125
0 0.3921875 0.390625 0.015625 0.01953125
0 0.328125 0.32421875 0.015625 0.01953125
0 0.2015625 0.26171875 0.015625 0.01953125
0 0.178125 0.2890625 0.015625 0.01953125
0 0.1640625 0.271484375 0.015625 0.01953125
0 0.2046875 0.23046875 0.015625 0.01953125
0 0.1875 0.244140625 0.015625 0.01953125
0 0.303125 0.248046875 0.015625 0.01953125
0 0.3453125 0.328125 0.015625 0.01953125
0 0.396875 0.376953125 0.015625 0.01953125
0 0.4484375 0.3671875 0.015625 0.01953125
0 0.375 0.30078125 0.015625 0.01953125
0 0.4 0.3203125 0.015625 0.01953125
