0 0.1328125 0.115234375 0.015625 0.01953125
0 0.2484375 0.095703125 0.015625 0.01953125
0 0.3765625 0.111328125 0.015625 0.01953125
0 0.15 0.18359375 0.015625 0.01953125
0 0.1953125 0.158203125 0.015625 0.01953125
0 0.2234375 0.16015625 0.015625 0.01953125
0 0.0390625 0.28515625 0.015625 0.01953125
0 0.025 0.3125 0.015625 0.01953125
0 0.075 0.08984375 0.015625 0.01953125
0 0.3640625 0.248046875 0.015625 0.01953125
0 0.3734375 0.26171875 0.015625 0.01953125
0 0.053125 0.9296875 0.015625 0.01953125
0 0.0328125 0.771484375 0.015625 0.01953125
0 0.084375 0.802734375 0.015625 0.01953125
0 0.225 0.89453125 0.015625 0.01953125
0 0.3390625 0.896484375 0.015625 0.01953125
0 0.2765625 0.68359375 0.015625 0.01953125
0 0.1640625 0.650390625 0.015625 0.01953125
0 0.0765625 0.580078125 0.015625 0.01953125
0 0.353125 0.544921875 0.015625 0.01953125
0 0.58125 0.84765625 0.015625 0.01953125
0 0.5859375 0.92578125 0.015625 0.01953125
0 0.578125 0.955078125 0.015625 0.01953125
0 0.8375 0.8359375 0.015625 0.01953125
0 0.8296875 0.859375 0.015625 0.01953125
0 0.628125 0.419921875 0.015625 0.01953125
0 0.628125 0.48046875 0.015625 0.01953125
0 0.6921875 0.22265625 0.015625 0.01953125
0 0.8796875 0.37890625 0.015625 0.01953125
0 0.9375 0.248046875 0.015625 0.01953125
0 0.9546875 0.27734375 0.015625 0.01953125
0 0.946875 0.705078125 0.015625 0.01953125
0 0.96875 0.70703125 0.015625 0.01953125
0 0.86875 0.7109375 0.015625 0.01953125
0 0.8640625 0.724609375 0.015625 0.01953125
0 0.86875 0.7421875 0.015625 0.01953125
0 0.840625 0.720703125 0.015625 0.01953125
0 0.4578125 0.357421875 0.015625 0.01953125
0 0.2375 0.20703125 0.015625 0.01953125
0 0.184375 0.205078125 0.015625 0.01953125
0 0.171875 0.216796875 0.015625 0.01953125
0 0.2015625 0.232421875 0.015625 0.01953125
0 0.1859375 0.24609375 0.015625 0.01953125
0 0.1640625 0.23828125 0.015625 0.01953125
0 0.303125 0.248046875 0.015625 0.01953125
0 0.2546875 0.232421875 0.015625 0.01953125
0 0.1453125 0.306640625 0.015625 0.01953125
0 0.1734375 0.322265625 0.015625 0.01953125
0 0.2015625 0.32421875 0.015625 0.01953125
0 0.2703125 0.296875 0.015625 0.01953125
0 0.290625 0.302734375 0.015625 0.01953125
0 0.34375 0.330078125 0.015625 0.01953125
0 0.3265625 0.33203125 0.015625 0.01953125
0 0.3875 0.27734375 0.015625 0.01953125
0 0.38125 0.29296875 0.015625 0.01953125
0 0.409375 0.30859375 0.015625 0.01953125
0 0.384375 0.337890625 0.015625 0.01953125
0 0.3984375 0.408203125 0.015625 0.01953125
0 0.39375 0.380859375 0.015625 0.01953125
0 0.3859375 0.396484375 0.015625 0.01953125
0 0.421875 0.41015625 0.015625 0.01953125
0 0.44375 0.373046875 0.015625 0.01953125
0 0.340625 0.36328125 0.015625 0.01953125
0 0.2890625 0.328125 0.015625 0.01953125
0 0.1625 0.27734375 0.015625 0.01953125
0 0.178125 0.29296875 0.015625 0.01953125
0 0.2203125 0.25 0.015625 0.01953125
0 0.2 0.265625 0.015625 0.01953125
0 0.271875 0.240234375 0.015625 0.01953125
0 0.18125 0.337890625 0.015625 0.01953125
0 0.25625 0.197265625 0.015625 0.01953125
0 0.4 0.32421875 0.015625 0.01953125
