0 0.03125 0.767578125 0.015625 0.01953125
0 0.08125 0.79296875 0.015625 0.01953125
0 0.0046875 0.716796875 0.015625 0.01953125
0 0.1546875 0.6484375 0.015625 0.01953125
0 0.278125 0.6796875 0.015625 0.01953125
0 0.0703125 0.57421875 0.015625 0.01953125
0 0.0828125 0.572265625 0.015625 0.01953125
0 0.009375 0.5625 0.015625 0.01953125
0 0.0640625 0.91796875 0.015625 0.01953125
0 0.225 0.888671875 0.015625 0.01953125
0 0.3390625 0.890625 0.015625 0.01953125
0 0.15 0.990234375 0.015625 0.01953125
0 0.346875 0.53515625 0.015625 0.01953125
0 0.5765625 0.84765625 0.015625 0.01953125
0 0.59375 0.91796875 0.015625 0.01953125
0 0.578125 0.94140625 0.015625 0.01953125
0 0.8234375 0.84765625 0.015625 0.01953125
0 0.825 0.828125 0.015625 0.01953125
0 0.8484375 0.70703125 0.015625 0.01953125
0 0.871875 0.720703125 0.015625 0.01953125
0 0.8703125 0.73828125 0.015625 0.01953125
0 0.875 0.751953125 0.015625 0.01953125
0 0.946875 0.6953125 0.015625 0.01953125
0 0.9734375 0.697265625 0.015625 0.01953125
0 0.690625 0.220703125 0.015625 0.01953125
0 0.1203125 0.12109375 0.015625 0.01953125
0 0.234375 0.080078125 0.015625 0.01953125
0 0.375 0.10546875 0.015625 0.01953125
0 0.196875 0.1484375 0.015625 0.01953125
0 0.0375 0.28125 0.015625 0.01953125
0 0.01875 0.306640625 0.015625 0.01953125
0 0.321875 0.416015625 0.015625 0.01953125
0 0.9375 0.25 0.015625 0.01953125
0 0.953125 0.275390625 0.015625 0.01953125
0 0.8859375 0.388671875 0.015625 0.01953125
0 0.6296875 0.4140625 0.015625 0.01953125
0 0.6328125 0.4765625 0.015625 0.01953125
0 0.15 0.177734375 0.015625 0.01953125
0 0.4609375 0.3515625 0.015625 0.01953125
0 0.3375 0.36328125 0.015625 0.01953125
0 0.3625 0.244140625 0.015625 0.01953125
0 0.375 0.251953125 0.015625 0.01953125
0 0.225 0.166015625 0.015625 0.01953125
0 0.1875 0.19921875 0.015625 0.01953125
0 0.175 0.2109375 0.015625 0.01953125
0 0.140625 0.2421875 0.015625 0.01953125
0 0.165625 0.271484375 0.015625 0.01953125
0 0.1765625 0.287109375 0.015625 0.01953125
0 0.1421875 0.302734375 0.015625 0.01953125
0 0.175 0.31640625 0.015625 0.01953125
0 0.2 0.318359375 0.015625 0.01953125
0 0.21875 0.296875 0.015625 0.01953125
0 0.203125 0.224609375 0.015625 0.01953125
0 0.1859375 0.244140625 0.015625 0.01953125
0 0.175 0.25390625 0.015625 0.01953125
0 0.2359375 0.19921875 0.015625 0.01953125
0 0.2609375 0.19140625 0.015625 0.01953125
0 0.25625 0.224609375 0.015625 0.01953125
0 0.2734375 0.236328125 0.015625 0.01953125
0 0.3046875 0.244140625 0.015625 0.01953125
0 0.2921875 0.30078125 0.015625 0.01953125
0 0.2703125 0.294921875 0.015625 0.01953125
0 0.3265625 0.322265625 0.015625 0.01953125
0 0.3453125 0.326171875 0.015625 0.01953125
0 0.3875 0.275390625 0.015625 0.01953125
0 0.4109375 0.302734375 0.015625 0.01953125
0 0.403125 0.318359375 0.015625 0.01953125
0 0.375 0.380859375 0.015625 0.01953125
0 0.3859375 0.412109375 0.015625 0.01953125
0 0.396875 0.37890625 0.015625 0.01953125
0 0.428125 0.40234375 0.015625 0.01953125
0 0.078125 0.099609375 0.015625 0.01953125
0 0.1984375 0.26171875 0.015625 0.01953125
0 0.21875 0.244140625 0.015625 0.01953125
0 0.2875 0.31640625 0.015625 0.01953125
0 0.2078125 0.28125 0.015625 0.01953125
0 0.2546875 0.25390625 0.015625 0.01953125
0 0.3875 0.33203125 0.015625 0.01953125
