0 0.06875 0.09765625 0.015625 0.01953125
0 0.2296875 0.072265625 0.015625 0.01953125
0 0.109375 0.126953125 0.015625 0.01953125
0 0.15 0.173828125 0.015625 0.01953125
0 0.0390625 0.275390625 0.015625 0.01953125
0 0.021875 0.302734375 0.015625 0.01953125
0 0.1984375 0.1484375 0.015625 0.01953125
0 0.3796875 0.1015625 0.015625 0.01953125
0 0.365625 0.240234375 0.015625 0.01953125
0 0.3765625 0.251953125 0.015625 0.01953125
0 0.325 0.4140625 0.015625 0.01953125
0 0.34375 0.533203125 0.015625 0.01953125
0 0.15 0.64453125 0.015625 0.01953125
0 0.2796875 0.67578125 0.015625 0.01953125
0 0.0125 0.712890625 0.015625 0.01953125
0 0.028125 0.765625 0.015625 0.01953125
0 0.08125 0.791015625 0.015625 0.01953125
0 0.075 0.912109375 0.015625 0.01953125
0 0.225 0.88671875 0.015625 0.01953125
0 0.3390625 0.884765625 0.015625 0.01953125
0 0.1515625 0.98828125 0.015625 0.01953125
0 0.078125 0.572265625 0.015625 0.01953125
0 0.025 0.548828125 0.015625 0.01953125
0 0.2265625 0.16796875 0.015625 0.01953125
0 0.690625 0.216796875 0.015625 0.01953125
0 0.63125 0.412109375 0.015625 0.01953125
0 0.6328125 0.47265625 0.015625 0.01953125
0 0.5796875 0.84375 0.015625 0.01953125
0 0.596875 0.91015625 0.015625 0.01953125
0 0.58125 0.935546875 0.015625 0.01953125
0 0.8203125 0.82421875 0.015625 0.01953125
0 0.8203125 0.845703125 0.015625 0.01953125
0 0.8546875 0.701171875 0.015625 0.01953125
0 0.875 0.73828125 0.015625 0.01953125
0 0.875 0.75 0.015625 0.01953125
0 0.8796875 0.767578125 0.015625 0.01953125
0 0.9578125 0.693359375 0.015625 0.01953125
0 0.9765625 0.685546875 0.015625 0.01953125
0 0.8921875 0.400390625 0.015625 0.01953125
0 0.9421875 0.2421875 0.015625 0.01953125
0 0.9546875 0.271484375 0.015625 0.01953125
0 0.459375 0.345703125 0.015625 0.01953125
0 0.4234375 0.3984375 0.015625 0.01953125
0 0.3859375 0.404296875 0.015625 0.01953125
0 0.2390625 0.197265625 0.015625 0.01953125
0 0.30625 0.23828125 0.015625 0.01953125
0 0.2625 0.18359375 0.015625 0.01953125
0 0.2765625 0.234375 0.015625 0.01953125
0 0.25625 0.224609375 0.015625 0.01953125
0 0.1890625 0.197265625 0.015625 0.01953125
0 0.1765625 0.208984375 0.015625 0.01953125
0 0.203125 0.2265625 0.015625 0.01953125
0 0.290625 0.29296875 0.015625 0.01953125
0 0.2703125 0.294921875 0.015625 0.01953125
0 0.14375 0.30078125 0.015625 0.01953125
0 0.171875 0.31640625 0.015625 0.01953125
0 0.16875 0.271484375 0.015625 0.01953125
0 0.178125 0.28515625 0.015625 0.01953125
0 0.1875 0.23828125 0.015625 0.01953125
0 0.2 0.2578125 0.015625 0.01953125
0 0.221875 0.283203125 0.015625 0.01953125
0 0.221875 0.240234375 0.015625 0.01953125
0 0.3875 0.27734375 0.015625 0.01953125
0 0.4140625 0.296875 0.015625 0.01953125
0 0.396875 0.337890625 0.015625 0.01953125
0 0.403125 0.314453125 0.015625 0.01953125
0 0.4 0.375 0.015625 0.01953125
0 0.3734375 0.37890625 0.015625 0.01953125
0 0.3390625 0.35546875 0.015625 0.01953125
0 0.346875 0.322265625 0.015625 0.01953125
0 0.328125 0.3203125 0.015625 0.01953125
0 0.228125 0.31640625 0.015625 0.01953125
0 0.2015625 0.31640625 0.015625 0.01953125
0 0.3765625 0.296875 0.015625 0.01953125
0 0.1625 0.23046875 0.015625 0.01953125
