0 0.0390625 0.27734375 0.015625 0.01953125
0 0.14375 0.64453125 0.015625 0.01953125
0 0.34375 0.525390625 0.015625 0.01953125
0 0.2796875 0.671875 0.015625 0.01953125
0 0.028125 0.701171875 0.015625 0.01953125
0 0.0828125 0.787109375 0.015625 0.01953125
0 0.03125 0.763671875 0.015625 0.01953125
0 0.0796875 0.90234375 0.015625 0.01953125
0 0.2265625 0.8828125 0.015625 0.01953125
0 0.340625 0.88671875 0.015625 0.01953125
0 0.15 0.990234375 0.015625 0.01953125
0 0.0796875 0.564453125 0.015625 0.01953125
0 0.034375 0.5390625 0.015625 0.01953125
0 0.5828125 0.833984375 0.015625 0.01953125
0 0.596875 0.91015625 0.015625 0.01953125
0 0.5828125 0.93359375 0.015625 0.01953125
0 0.8125 0.8203125 0.015625 0.01953125
0 0.815625 0.84375 0.015625 0.01953125
0 0.8703125 0.693359375 0.015625 0.01953125
0 0.878125 0.74609375 0.015625 0.01953125
0 0.8734375 0.763671875 0.015625 0.01953125
0 0.8828125 0.775390625 0.015625 0.01953125
0 0.9578125 0.69140625 0.015625 0.01953125
0 0.9796875 0.68359375 0.015625 0.01953125
0 0.6359375 0.46875 0.015625 0.01953125
0 0.6296875 0.40625 0.015625 0.01953125
0 0.690625 0.21484375 0.015625 0.01953125
0 0.903125 0.40625 0.015625 0.01953125
0 0.9421875 0.2421875 0.015625 0.01953125
0 0.95625 0.267578125 0.015625 0.01953125
0 0.2203125 0.05859375 0.015625 0.01953125
0 0.3796875 0.099609375 0.015625 0.01953125
0 0.109375 0.12890625 0.015625 0.01953125
0 0.1515625 0.169921875 0.015625 0.01953125
0 0.2015625 0.142578125 0.015625 0.01953125
0 0.221875 0.173828125 0.015625 0.01953125
0 0.2375 0.1953125 0.015625 0.01953125
0 0.259375 0.1796875 0.015625 0.01953125
0 0.1609375 0.2265625 0.015625 0.01953125
0 0.175 0.20703125 0.015625 0.01953125
0 0.1890625 0.1875 0.015625 0.01953125
0 0.1875 0.234375 0.015625 0.01953125
0 0.2046875 0.220703125 0.015625 0.01953125
0 0.221875 0.236328125 0.015625 0.01953125
0 0.2046875 0.251953125 0.015625 0.01953125
0 0.165625 0.26171875 0.015625 0.01953125
0 0.1796875 0.28125 0.015625 0.01953125
0 0.3234375 0.412109375 0.015625 0.01953125
0 0.146875 0.296875 0.015625 0.01953125
0 0.171875 0.314453125 0.015625 0.01953125
0 0.1984375 0.318359375 0.015625 0.01953125
0 0.234375 0.31640625 0.015625 0.01953125
0 0.21875 0.29296875 0.015625 0.01953125
0 0.2546875 0.216796875 0.015625 0.01953125
0 0.303125 0.234375 0.015625 0.01953125
0 0.2734375 0.232421875 0.015625 0.01953125
0 0.3640625 0.236328125 0.015625 0.01953125
0 0.3765625 0.25 0.015625 0.01953125
0 0.3890625 0.271484375 0.015625 0.01953125
0 0.378125 0.29296875 0.015625 0.01953125
0 0.415625 0.296875 0.015625 0.01953125
0 0.4015625 0.310546875 0.015625 0.01953125
0 0.3953125 0.333984375 0.015625 0.01953125
0 0.3984375 0.369140625 0.015625 0.01953125
0 0.3875 0.40234375 0.015625 0.01953125
0 0.4203125 0.3984375 0.015625 0.01953125
0 0.375 0.380859375 0.015625 0.01953125
0 0.3484375 0.314453125 0.015625 0.01953125
0 0.328125 0.31640625 0.015625 0.01953125
0 0.340625 0.349609375 0.015625 0.01953125
0 0.2921875 0.29296875 0.015625 0.01953125
0 0.26875 0.294921875 0.015625 0.01953125
0 0.4578125 0.345703125 0.015625 0.01953125
