0 0.209375 0.05859375 0.015625 0.01953125
0 0.09375 0.130859375 0.015625 0.01953125
0 0.38125 0.095703125 0.015625 0.01953125
0 0.6953125 0.2109375 0.015625 0.01953125
0 0.9421875 0.240234375 0.015625 0.01953125
0 0.95625 0.267578125 0.015625 0.01953125
0 0.90625 0.412109375 0.015625 0.01953125
0 0.6328125 0.40625 0.015625 0.01953125
0 0.6359375 0.466796875 0.015625 0.01953125
0 0.8703125 0.693359375 0.015625 0.01953125
0 0.98125 0.677734375 0.015625 0.01953125
0 0.9625 0.6875 0.015625 0.01953125
0 0.8828125 0.759765625 0.015625 0.01953125
0 0.878125 0.779296875 0.015625 0.01953125
0 0.8890625 0.79296875 0.015625 0.01953125
0 0.8140625 0.8203125 0.015625 0.01953125
0 0.815625 0.83984375 0.015625 0.01953125
0 0.58125 0.8359375 0.015625 0.01953125
0 0.603125 0.900390625 0.015625 0.01953125
0 0.5875 0.927734375 0.015625 0.01953125
0 0.3421875 0.880859375 0.015625 0.01953125
0 0.225 0.880859375 0.015625 0.01953125
0 0.084375 0.90234375 0.015625 0.01953125
0 0.15 0.98828125 0.015625 0.01953125
0 0.0859375 0.787109375 0.015625 0.01953125
0 0.03125 0.765625 0.015625 0.01953125
0 0.0421875 0.6875 0.015625 0.01953125
0 0.134375 0.638671875 0.015625 0.01953125
0 0.2796875 0.66796875 0.015625 0.01953125
0 0.340625 0.52734375 0.015625 0.01953125
0 0.4578125 0.341796875 0.015625 0.01953125
0 0.0421875 0.53125 0.015625 0.01953125
0 0.075 0.564453125 0.015625 0.01953125
0 0.0421875 0.271484375 0.015625 0.01953125
0 0.01875 0.296875 0.015625 0.01953125
0 0.2 0.140625 0.015625 0.01953125
0 0.1515625 0.166015625 0.015625 0.01953125
0 0.2203125 0.1796875 0.015625 0.01953125
0 0.2390625 0.193359375 0.015625 0.01953125
0 0.2609375 0.1796875 0.015625 0.01953125
0 0.1875 0.19140625 0.015625 0.01953125
0 0.175 0.205078125 0.015625 0.01953125
0 0.1578125 0.2265625 0.015625 0.01953125
0 0.203125 0.21875 0.015625 0.01953125
0 0.1859375 0.234375 0.015625 0.01953125
0 0.2578125 0.220703125 0.015625 0.01953125
0 0.275 0.23046875 0.015625 0.01953125
0 0.30625 0.234375 0.015625 0.01953125
0 0.365625 0.236328125 0.015625 0.01953125
0 0.3796875 0.25 0.015625 0.01953125
0 0.390625 0.267578125 0.015625 0.01953125
0 0.378125 0.2890625 0.015625 0.01953125
0 0.415625 0.2890625 0.015625 0.01953125
0 0.403125 0.310546875 0.015625 0.01953125
0 0.3953125 0.333984375 0.015625 0.01953125
0 0.4 0.369140625 0.015625 0.01953125
0 0.3765625 0.37890625 0.015625 0.01953125
0 0.3875 0.40234375 0.015625 0.01953125
0 0.4203125 0.3984375 0.015625 0.01953125
0 0.3234375 0.408203125 0.015625 0.01953125
0 0.34375 0.34765625 0.015625 0.01953125
0 0.3453125 0.3125 0.015625 0.01953125
0 0.3265625 0.314453125 0.015625 0.01953125
0 0.290625 0.294921875 0.015625 0.01953125
0 0.271875 0.306640625 0.015625 0.01953125
0 0.1453125 0.29296875 0.015625 0.01953125
0 0.1765625 0.310546875 0.015625 0.01953125
0 0.2046875 0.3125 0.015625 0.01953125
0 0.234375 0.310546875 0.015625 0.01953125
0 0.215625 0.2890625 0.015625 0.01953125
0 0.178125 0.27734375 0.015625 0.01953125
0 0.1640625 0.26171875 0.015625 0.01953125
0 0.20625 0.25390625 0.015625 0.01953125
0 0.225 0.236328125 0.015625 0.01953125
