0 0.05 0.017578125 0.015625 0.01953125
0 0.0359375 0.267578125 0.015625 0.01953125
0 0.065625 0.349609375 0.015625 0.01953125
0 0.0046875 0.51171875 0.015625 0.01953125
0 0.0109375 0.587890625 0.015625 0.01953125
0 0.015625 0.78515625 0.015625 0.01953125
0 0.071875 0.90625 0.015625 0.01953125
0 0.1859375 0.744140625 0.015625 0.01953125
0 0.1453125 0.560546875 0.015625 0.01953125
0 0.128125 0.515625 0.015625 0.01953125
0 0.1640625 0.47265625 0.015625 0.01953125
0 0.2265625 0.068359375 0.015625 0.01953125
0 0.2125 0.1328125 0.015625 0.01953125
0 0.2578125 0.125 0.015625 0.01953125
0 0.2765625 0.1015625 0.015625 0.01953125
0 0.4109375 0.119140625 0.015625 0.01953125
0 0.3375 0.181640625 0.015625 0.01953125
0 0.3625 0.236328125 0.015625 0.01953125
0 0.35 0.287109375 0.015625 0.01953125
0 0.3265625 0.28125 0.015625 0.01953125
0 0.4859375 0.220703125 0.015625 0.01953125
0 0.6015625 0.236328125 0.015625 0.01953125
0 0.5890625 0.2578125 0.015625 0.01953125
0 0.61875 0.296875 0.015625 0.01953125
0 0.2875 0.5078125 0.015625 0.01953125
0 0.34375 0.556640625 0.015625 0.01953125
0 0.36875 0.6484375 0.015625 0.01953125
0 0.303125 0.712890625 0.015625 0.01953125
0 0.6984375 0.947265625 0.015625 0.01953125
0 0.8609375 0.669921875 0.015625 0.01953125
0 0.9421875 0.484375 0.015625 0.01953125
0 0.953125 0.376953125 0.015625 0.01953125
0 0.8890625 0.57421875 0.015625 0.01953125
0 0.909375 0.576171875 0.015625 0.01953125
0 0.9203125 0.5625 0.015625 0.01953125
0 0.953125 0.640625 0.015625 0.01953125
0 0.9765625 0.630859375 0.015625 0.01953125
0 0.6421875 0.583984375 0.015625 0.01953125
0 0.7328125 0.49609375 0.015625 0.01953125
0 0.3875 0.416015625 0.015625 0.01953125
0 0.4765625 0.3515625 0.015625 0.01953125
0 0.4734375 0.373046875 0.015625 0.01953125
0 0.5203125 0.3984375 0.015625 0.01953125
0 0.5171875 0.416015625 0.015625 0.01953125
0 0.4875 0.7890625 0.015625 0.01953125
0 0.5046875 0.796875 0.015625 0.01953125
0 0.4203125 0.759765625 0.015625 0.01953125
0 0.4515625 0.7734375 0.015625 0.01953125
0 0.5328125 0.640625 0.015625 0.01953125
0 0.528125 0.658203125 0.015625 0.01953125
0 0.428125 0.384765625 0.015625 0.01953125
0 0.4515625 0.40625 0.015625 0.01953125
0 0.4671875 0.408203125 0.015625 0.01953125
0 0.4828125 0.416015625 0.015625 0.01953125
0 0.403125 0.49609375 0.015625 0.01953125
0 0.5046875 0.564453125 0.015625 0.01953125
0 0.503125 0.47265625 0.015625 0.01953125
0 0.490625 0.505859375 0.015625 0.01953125
0 0.490625 0.53125 0.015625 0.01953125
0 0.425 0.58984375 0.015625 0.01953125
0 0.44375 0.58203125 0.015625 0.01953125
0 0.459375 0.578125 0.015625 0.01953125
0 0.4578125 0.625 0.015625 0.01953125
0 0.46875 0.6484375 0.015625 0.01953125
0 0.4390625 0.662109375 0.015625 0.01953125
0 0.4328125 0.4765625 0.015625 0.01953125
0 0.4671875 0.4765625 0.015625 0.01953125
0 0.4453125 0.458984375 0.015625 0.01953125
0 0.4671875 0.447265625 0.015625 0.01953125
0 0.4140625 0.41796875 0.015625 0.01953125
0 0.4140625 0.443359375 0.015625 0.01953125
0 0.3890625 0.45703125 0.015625 0.01953125
0 0.528125 0.490234375 0.015625 0.01953125
0 0.515625 0.71875 0.015625 0.01953125
0 0.5203125 0.6796875 0.015625 0.01953125
0 0.4984375 0.671875 0.015625 0.01953125
0 0.440625 0.736328125 0.015625 0.01953125
0 0.4515625 0.728515625 0.015625 0.01953125
0 0.475 0.705078125 0.015625 0.01953125
0 0.4140625 0.517578125 0.015625 0.01953125
0 0.4859375 0.71484375 0.015625 0.01953125
0 0.6734375 0.138671875 0.015625 0.01953125
