0 0.0109375 0.51953125 0.015625 0.01953125
0 0.015625 0.58984375 0.015625 0.01953125
0 0.1671875 0.478515625 0.015625 0.01953125
0 0.11875 0.525390625 0.015625 0.01953125
0 0.1453125 0.580078125 0.015625 0.01953125
0 0.190625 0.755859375 0.015625 0.01953125
0 0.021875 0.79296875 0.015625 0.01953125
0 0.078125 0.9140625 0.015625 0.01953125
0 0.3125 0.71875 0.015625 0.01953125
0 0.5671875 0.220703125 0.015625 0.01953125
0 0.65625 0.138671875 0.015625 0.01953125
0 0.2640625 0.111328125 0.015625 0.01953125
0 0.3796875 0.1171875 0.015625 0.01953125
0 0.353125 0.244140625 0.015625 0.01953125
0 0.353125 0.294921875 0.015625 0.01953125
0 0.33125 0.294921875 0.015625 0.01953125
0 0.471875 0.220703125 0.015625 0.01953125
0 0.5703125 0.2578125 0.015625 0.01953125
0 0.1859375 0.078125 0.015625 0.01953125
0 0.2421875 0.1328125 0.015625 0.01953125
0 0.1890625 0.140625 0.015625 0.01953125
0 0.028125 0.02734375 0.015625 0.01953125
0 0.0328125 0.017578125 0.015625 0.01953125
0 0.0296875 0.28125 0.015625 0.01953125
0 0.053125 0.375 0.015625 0.01953125
0 0.30625 0.525390625 0.015625 0.01953125
0 0.3359375 0.58203125 0.015625 0.01953125
0 0.3703125 0.658203125 0.015625 0.01953125
0 0.65 0.591796875 0.015625 0.01953125
0 0.7265625 0.517578125 0.015625 0.01953125
0 0.94375 0.369140625 0.015625 0.01953125
0 0.9265625 0.470703125 0.015625 0.01953125
0 0.978125 0.6171875 0.015625 0.01953125
0 0.9484375 0.62890625 0.015625 0.01953125
0 0.86875 0.685546875 0.015625 0.01953125
0 0.9109375 0.546875 0.015625 0.01953125
0 0.9015625 0.564453125 0.015625 0.01953125
0 0.8796875 0.556640625 0.015625 0.01953125
0 0.703125 0.955078125 0.015625 0.01953125
0 0.509375 0.806640625 0.015625 0.01953125
0 0.4890625 0.79296875 0.015625 0.01953125
0 0.453125 0.779296875 0.015625 0.01953125
0 0.434375 0.779296875 0.015625 0.01953125
0 0.484375 0.37109375 0.015625 0.01953125
0 0.5234375 0.41015625 0.015625 0.01953125
0 0.434375 0.396484375 0.015625 0.01953125
0 0.4515625 0.41796875 0.015625 0.01953125
0 0.4671875 0.416015625 0.015625 0.01953125
0 0.484375 0.423828125 0.015625 0.01953125
0 0.3890625 0.42578125 0.015625 0.01953125
0 0.3890625 0.462890625 0.015625 0.01953125
0 0.4078125 0.505859375 0.015625 0.01953125
0 0.5375 0.650390625 0.015625 0.01953125
0 0.53125 0.66796875 0.015625 0.01953125
0 0.521875 0.6875 0.015625 0.01953125
0 0.5046875 0.689453125 0.015625 0.01953125
0 0.4578125 0.740234375 0.015625 0.01953125
0 0.4390625 0.763671875 0.015625 0.01953125
0 0.44375 0.74609375 0.015625 0.01953125
0 0.509375 0.48046875 0.015625 0.01953125
0 0.5171875 0.5 0.015625 0.01953125
0 0.5328125 0.49609375 0.015625 0.01953125
0 0.4328125 0.59765625 0.015625 0.01953125
0 0.425 0.435546875 0.015625 0.01953125
0 0.509375 0.580078125 0.015625 0.01953125
0 0.5 0.54296875 0.015625 0.01953125
0 0.496875 0.513671875 0.015625 0.01953125
0 0.4703125 0.482421875 0.015625 0.01953125
0 0.4734375 0.45703125 0.015625 0.01953125
0 0.4515625 0.46875 0.015625 0.01953125
0 0.4515625 0.54296875 0.015625 0.01953125
0 0.4625 0.587890625 0.015625 0.01953125
0 0.4734375 0.6640625 0.015625 0.01953125
0 0.4625 0.634765625 0.015625 0.01953125
0 0.446875 0.669921875 0.015625 0.01953125
0 0.446875 0.693359375 0.015625 0.01953125
0 0.4875 0.724609375 0.015625 0.01953125
0 0.5140625 0.7265625 0.015625 0.01953125
0 0.4796875 0.71484375 0.015625 0.01953125
0 0.4375 0.50390625 0.015625 0.01953125
0 0.4171875 0.529296875 0.015625 0.01953125
