0 0.3171875 0.525390625 0.015625 0.01953125
0 0.371875 0.65625 0.015625 0.01953125
0 0.3125 0.720703125 0.015625 0.01953125
0 0.196875 0.751953125 0.015625 0.01953125
0 0.08125 0.921875 0.015625 0.01953125
0 0.0234375 0.7890625 0.015625 0.01953125
0 0.021875 0.591796875 0.015625 0.01953125
0 0.0171875 0.509765625 0.015625 0.01953125
0 0.1484375 0.583984375 0.015625 0.01953125
0 0.1125 0.525390625 0.015625 0.01953125
0 0.18125 0.4765625 0.015625 0.01953125
0 0.046875 0.376953125 0.015625 0.01953125
0 0.025 0.27734375 0.015625 0.01953125
0 0.0234375 0.03125 0.015625 0.01953125
0 0.1546875 0.072265625 0.015625 0.01953125
0 0.1828125 0.130859375 0.015625 0.01953125
0 0.2390625 0.130859375 0.015625 0.01953125
0 0.2640625 0.109375 0.015625 0.01953125
0 0.3515625 0.1015625 0.015625 0.01953125
0 0.3171875 0.1875 0.015625 0.01953125
0 0.35 0.2421875 0.015625 0.01953125
0 0.35625 0.294921875 0.015625 0.01953125
0 0.340625 0.29296875 0.015625 0.01953125
0 0.7109375 0.966796875 0.015625 0.01953125
0 0.5109375 0.802734375 0.015625 0.01953125
0 0.4953125 0.796875 0.015625 0.01953125
0 0.4625 0.771484375 0.015625 0.01953125
0 0.44375 0.75 0.015625 0.01953125
0 0.446875 0.78515625 0.015625 0.01953125
0 0.45 0.69140625 0.015625 0.01953125
0 0.4484375 0.66015625 0.015625 0.01953125
0 0.4265625 0.658203125 0.015625 0.01953125
0 0.4828125 0.705078125 0.015625 0.01953125
0 0.5328125 0.716796875 0.015625 0.01953125
0 0.50625 0.681640625 0.015625 0.01953125
0 0.5265625 0.67578125 0.015625 0.01953125
0 0.5359375 0.65625 0.015625 0.01953125
0 0.525 0.62890625 0.015625 0.01953125
0 0.503125 0.654296875 0.015625 0.01953125
0 0.4765625 0.650390625 0.015625 0.01953125
0 0.46875 0.583984375 0.015625 0.01953125
0 0.434375 0.58984375 0.015625 0.01953125
0 0.471875 0.626953125 0.015625 0.01953125
0 0.509375 0.5703125 0.015625 0.01953125
0 0.5 0.53125 0.015625 0.01953125
0 0.421875 0.53125 0.015625 0.01953125
0 0.428125 0.50390625 0.015625 0.01953125
0 0.409375 0.5 0.015625 0.01953125
0 0.4 0.4609375 0.015625 0.01953125
0 0.384375 0.419921875 0.015625 0.01953125
0 0.4328125 0.4296875 0.015625 0.01953125
0 0.459375 0.412109375 0.015625 0.01953125
0 0.478125 0.4140625 0.015625 0.01953125
0 0.4796875 0.44921875 0.015625 0.01953125
0 0.4578125 0.435546875 0.015625 0.01953125
0 0.45 0.48046875 0.015625 0.01953125
0 0.46875 0.48046875 0.015625 0.01953125
0 0.5 0.509765625 0.015625 0.01953125
0 0.50625 0.4765625 0.015625 0.01953125
0 0.49375 0.462890625 0.015625 0.01953125
0 0.5296875 0.408203125 0.015625 0.01953125
0 0.4890625 0.361328125 0.015625 0.01953125
0 0.484375 0.388671875 0.015625 0.01953125
0 0.5609375 0.24609375 0.015625 0.01953125
0 0.55 0.197265625 0.015625 0.01953125
0 0.4625 0.212890625 0.015625 0.01953125
0 0.65 0.126953125 0.015625 0.01953125
0 0.9390625 0.34765625 0.015625 0.01953125
0 0.921875 0.447265625 0.015625 0.01953125
0 0.896875 0.54296875 0.015625 0.01953125
0 0.878125 0.544921875 0.015625 0.01953125
0 0.721875 0.517578125 0.015625 0.01953125
0 0.653125 0.59375 0.015625 0.01953125
0 0.875 0.6796875 0.015625 0.01953125
0 0.940625 0.61328125 0.015625 0.01953125
0 0.9796875 0.603515625 0.015625 0.01953125
0 0.9109375 0.529296875 0.015625 0.01953125
