0 0.0734375 0.8828125 0.015625 0.01953125
0 0.01875 0.75390625 0.015625 0.01953125
0 0.028125 0.556640625 0.015625 0.01953125
0 0.0203125 0.482421875 0.015625 0.01953125
0 0.0453125 0.33984375 0.015625 0.01953125
0 0.0375 0.23046875 0.015625 0.01953125
0 0.1484375 0.04296875 0.015625 0.01953125
0 0.190625 0.10546875 0.015625 0.01953125
0 0.253125 0.109375 0.015625 0.01953125
0 0.275 0.083984375 0.015625 0.01953125
0 0.35625 0.07421875 0.015625 0.01953125
0 0.334375 0.150390625 0.015625 0.01953125
0 0.3546875 0.2265625 0.015625 0.01953125
0 0.35 0.271484375 0.015625 0.01953125
0 0.3875 0.28125 0.015625 0.01953125
0 0.384375 0.40234375 0.015625 0.01953125
0 0.334375 0.517578125 0.015625 0.01953125
0 0.184375 0.443359375 0.015625 0.01953125
0 0.10625 0.4765625 0.015625 0.01953125
0 0.15 0.560546875 0.015625 0.01953125
0 0.1890625 0.72265625 0.015625 0.01953125
0 0.3140625 0.701171875 0.015625 0.01953125
0 0.3734375 0.630859375 0.015625 0.01953125
0 0.3390625 0.587890625 0.015625 0.01953125
0 0.425 0.49609375 0.015625 0.01953125
0 0.4328125 0.517578125 0.015625 0.01953125
0 0.4375 0.484375 0.015625 0.01953125
0 0.428125 0.423828125 0.015625 0.01953125
0 0.4203125 0.447265625 0.015625 0.01953125
0 0.4578125 0.3984375 0.015625 0.01953125
0 0.471875 0.416015625 0.015625 0.01953125
0 0.5 0.404296875 0.015625 0.01953125
0 0.50625 0.431640625 0.015625 0.01953125
0 0.503125 0.44921875 0.015625 0.01953125
0 0.484375 0.443359375 0.015625 0.01953125
0 0.4828125 0.470703125 0.015625 0.01953125
0 0.465625 0.45703125 0.015625 0.01953125
0 0.5109375 0.49609375 0.015625 0.01953125
0 0.528125 0.482421875 0.015625 0.01953125
0 0.515625 0.46875 0.015625 0.01953125
0 0.5109375 0.564453125 0.015625 0.01953125
0 0.521875 0.603515625 0.015625 0.01953125
0 0.5328125 0.638671875 0.015625 0.01953125
0 0.5375 0.654296875 0.015625 0.01953125
0 0.521875 0.671875 0.015625 0.01953125
0 0.528125 0.70703125 0.015625 0.01953125
0 0.509375 0.798828125 0.015625 0.01953125
0 0.4890625 0.787109375 0.015625 0.01953125
0 0.4484375 0.775390625 0.015625 0.01953125
0 0.4515625 0.75390625 0.015625 0.01953125
0 0.44375 0.736328125 0.015625 0.01953125
0 0.4609375 0.73828125 0.015625 0.01953125
0 0.475 0.69921875 0.015625 0.01953125
0 0.453125 0.703125 0.015625 0.01953125
0 0.4546875 0.681640625 0.015625 0.01953125
0 0.484375 0.66015625 0.015625 0.01953125
0 0.4796875 0.640625 0.015625 0.01953125
0 0.5 0.64453125 0.015625 0.01953125
0 0.4734375 0.62109375 0.015625 0.01953125
0 0.44375 0.6171875 0.015625 0.01953125
0 0.428125 0.6171875 0.015625 0.01953125
0 0.471875 0.568359375 0.015625 0.01953125
0 0.4375 0.578125 0.015625 0.01953125
0 0.484375 0.994140625 0.015625 0.01953125
0 0.6953125 0.97265625 0.015625 0.01953125
0 0.6671875 0.591796875 0.015625 0.01953125
0 0.728125 0.525390625 0.015625 0.01953125
0 0.596875 0.263671875 0.015625 0.01953125
0 0.56875 0.2265625 0.015625 0.01953125
0 0.54375 0.17578125 0.015625 0.01953125
0 0.465625 0.189453125 0.015625 0.01953125
0 0.50625 0.357421875 0.015625 0.01953125
0 0.5421875 0.40234375 0.015625 0.01953125
0 0.871875 0.69921875 0.015625 0.01953125
0 0.9453125 0.619140625 0.015625 0.01953125
0 0.9859375 0.6015625 0.015625 0.01953125
0 0.9046875 0.53125 0.015625 0.01953125
0 0.8953125 0.548828125 0.015625 0.01953125
0 0.871875 0.548828125 0.015625 0.01953125
0 0.91875 0.44921875 0.015625 0.01953125
0 0.9390625 0.359375 0.015625 0.01953125
