0 0.6875 0.9765625 0.015625 0.01953125
0 0.528125 0.990234375 0.015625 0.01953125
0 0.484375 0.98828125 0.015625 0.01953125
0 0.0671875 0.87890625 0.015625 0.01953125
0 0.0109375 0.74609375 0.015625 0.01953125
0 0.1875 0.720703125 0.015625 0.01953125
0 0.30625 0.69921875 0.015625 0.01953125
0 0.371875 0.626953125 0.015625 0.01953125
0 0.325 0.591796875 0.015625 0.01953125
0 0.34375 0.5234375 0.015625 0.01953125
0 0.184375 0.45703125 0.015625 0.01953125
0 0.15 0.5703125 0.015625 0.01953125
0 0.0828125 0.466796875 0.015625 0.01953125
0 0.0109375 0.470703125 0.015625 0.01953125
0 0.025 0.54296875 0.015625 0.01953125
0 0.01875 0.322265625 0.015625 0.01953125
0 0.0203125 0.248046875 0.015625 0.01953125
0 0.0921875 0.044921875 0.015625 0.01953125
0 0.1765625 0.10546875 0.015625 0.01953125
0 0.23125 0.111328125 0.015625 0.01953125
0 0.246875 0.080078125 0.015625 0.01953125
0 0.30625 0.056640625 0.015625 0.01953125
0 0.325 0.064453125 0.015625 0.01953125
0 0.3046875 0.140625 0.015625 0.01953125
0 0.3734375 0.28125 0.015625 0.01953125
0 0.35 0.275390625 0.015625 0.01953125
0 0.328125 0.2265625 0.015625 0.01953125
0 0.3734375 0.41015625 0.015625 0.01953125
0 0.403125 0.4453125 0.015625 0.01953125
0 0.4234375 0.494140625 0.015625 0.01953125
0 0.4171875 0.46484375 0.015625 0.01953125
0 0.425 0.4375 0.015625 0.01953125
0 0.4328125 0.416015625 0.015625 0.01953125
0 0.446875 0.40234375 0.015625 0.01953125
0 0.45625 0.38671875 0.015625 0.01953125
0 0.4734375 0.408203125 0.015625 0.01953125
0 0.4890625 0.40234375 0.015625 0.01953125
0 0.5 0.43359375 0.015625 0.01953125
0 0.4828125 0.44140625 0.015625 0.01953125
0 0.4609375 0.4609375 0.015625 0.01953125
0 0.475 0.466796875 0.015625 0.01953125
0 0.5171875 0.4765625 0.015625 0.01953125
0 0.5125 0.501953125 0.015625 0.01953125
0 0.50625 0.517578125 0.015625 0.01953125
0 0.5140625 0.552734375 0.015625 0.01953125
0 0.5203125 0.603515625 0.015625 0.01953125
0 0.528125 0.638671875 0.015625 0.01953125
0 0.528125 0.671875 0.015625 0.01953125
0 0.521875 0.708984375 0.015625 0.01953125
0 0.4984375 0.701171875 0.015625 0.01953125
0 0.496875 0.671875 0.015625 0.01953125
0 0.4984375 0.640625 0.015625 0.01953125
0 0.4796875 0.6328125 0.015625 0.01953125
0 0.46875 0.623046875 0.015625 0.01953125
0 0.46875 0.568359375 0.015625 0.01953125
0 0.425 0.578125 0.015625 0.01953125
0 0.4421875 0.63671875 0.015625 0.01953125
0 0.446875 0.69140625 0.015625 0.01953125
0 0.45 0.669921875 0.015625 0.01953125
0 0.4578125 0.732421875 0.015625 0.01953125
0 0.44375 0.736328125 0.015625 0.01953125
0 0.4453125 0.767578125 0.015625 0.01953125
0 0.478125 0.78125 0.015625 0.01953125
0 0.5 0.79296875 0.015625 0.01953125
0 0.6671875 0.6015625 0.015625 0.01953125
0 0.715625 0.517578125 0.015625 0.01953125
0 0.58125 0.25 0.015625 0.01953125
0 0.54375 0.212890625 0.015625 0.01953125
0 0.490625 0.15625 0.015625 0.01953125
0 0.4359375 0.181640625 0.015625 0.01953125
0 0.628125 0.099609375 0.015625 0.01953125
0 0.9265625 0.3359375 0.015625 0.01953125
0 0.89375 0.423828125 0.015625 0.01953125
0 0.8875 0.494140625 0.015625 0.01953125
0 0.88125 0.5234375 0.015625 0.01953125
0 0.8515625 0.517578125 0.015625 0.01953125
0 0.871875 0.6875 0.015625 0.01953125
0 0.934375 0.59375 0.015625 0.01953125
0 0.9640625 0.58984375 0.015625 0.01953125
0 0.9921875 0.779296875 0.015625 0.01953125
0 0.4625 0.5078125 0.015625 0.01953125
0 0.4515625 0.486328125 0.015625 0.01953125
0 0.44375 0.46484375 0.015625 0.01953125
