0 0.0203125 0.4765625 0.015625 0.01953125
0 0.059375 0.447265625 0.015625 0.01953125
0 0.025 0.55078125 0.015625 0.01953125
0 0.0171875 0.7421875 0.015625 0.01953125
0 0.06875 0.876953125 0.015625 0.01953125
0 0.1890625 0.724609375 0.015625 0.01953125
0 0.1671875 0.58203125 0.015625 0.01953125
0 0.1796875 0.435546875 0.015625 0.01953125
0 0.365625 0.626953125 0.015625 0.01953125
0 0.3125 0.59765625 0.015625 0.01953125
0 0.3109375 0.69921875 0.015625 0.01953125
0 0.353125 0.5390625 0.015625 0.01953125
0 0.3546875 0.396484375 0.015625 0.01953125
0 0.346875 0.267578125 0.015625 0.01953125
0 0.38125 0.279296875 0.015625 0.01953125
0 0.3140625 0.21875 0.015625 0.01953125
0 0.284375 0.146484375 0.015625 0.01953125
0 0.2421875 0.072265625 0.015625 0.01953125
0 0.209375 0.103515625 0.015625 0.01953125
0 0.1421875 0.099609375 0.015625 0.01953125
0 0.0265625 0.0390625 0.015625 0.01953125
0 0.2765625 0.05859375 0.015625 0.01953125
0 0.4515625 0.1328125 0.015625 0.01953125
0 0.421875 0.169921875 0.015625 0.01953125
0 0.5265625 0.205078125 0.015625 0.01953125
0 0.5453125 0.232421875 0.015625 0.01953125
0 0.615625 0.095703125 0.015625 0.01953125
0 0.425 0.513671875 0.015625 0.01953125
0 0.425 0.48828125 0.015625 0.01953125
0 0.4046875 0.447265625 0.015625 0.01953125
0 0.421875 0.423828125 0.015625 0.01953125
0 0.434375 0.443359375 0.015625 0.01953125
0 0.4390625 0.423828125 0.015625 0.01953125
0 0.4578125 0.40234375 0.015625 0.01953125
0 0.4515625 0.384765625 0.015625 0.01953125
0 0.4703125 0.416015625 0.015625 0.01953125
0 0.484375 0.416015625 0.015625 0.01953125
0 0.490625 0.404296875 0.015625 0.01953125
0 0.49375 0.375 0.015625 0.01953125
0 0.5 0.35546875 0.015625 0.01953125
0 0.5390625 0.400390625 0.015625 0.01953125
0 0.496875 0.435546875 0.015625 0.01953125
0 0.484375 0.4375 0.015625 0.01953125
0 0.4765625 0.47265625 0.015625 0.01953125
0 0.4609375 0.4609375 0.015625 0.01953125
0 0.446875 0.5 0.015625 0.01953125
0 0.503125 0.501953125 0.015625 0.01953125
0 0.521875 0.482421875 0.015625 0.01953125
0 0.509375 0.470703125 0.015625 0.01953125
0 0.509375 0.55078125 0.015625 0.01953125
0 0.5078125 0.576171875 0.015625 0.01953125
0 0.5109375 0.609375 0.015625 0.01953125
0 0.5359375 0.640625 0.015625 0.01953125
0 0.5421875 0.6640625 0.015625 0.01953125
0 0.51875 0.681640625 0.015625 0.01953125
0 0.51875 0.705078125 0.015625 0.01953125
0 0.50625 0.796875 0.015625 0.01953125
0 0.490625 0.783203125 0.015625 0.01953125
0 0.453125 0.771484375 0.015625 0.01953125
0 0.440625 0.7734375 0.015625 0.01953125
0 0.4390625 0.748046875 0.015625 0.01953125
0 0.4515625 0.72265625 0.015625 0.01953125
0 0.44375 0.6953125 0.015625 0.01953125
0 0.4484375 0.66796875 0.015625 0.01953125
0 0.4484375 0.6484375 0.015625 0.01953125
0 0.4140625 0.6171875 0.015625 0.01953125
0 0.4765625 0.642578125 0.015625 0.01953125
0 0.5015625 0.642578125 0.015625 0.01953125
0 0.4953125 0.671875 0.015625 0.01953125
0 0.484375 0.701171875 0.015625 0.01953125
0 0.4734375 0.5703125 0.015625 0.01953125
0 0.4609375 0.625 0.015625 0.01953125
0 0.4296875 0.57421875 0.015625 0.01953125
0 0.4390625 0.57421875 0.015625 0.01953125
0 0.675 0.982421875 0.015625 0.01953125
0 0.484375 0.990234375 0.015625 0.01953125
0 0.675 0.599609375 0.015625 0.01953125
0 0.7015625 0.54296875 0.015625 0.01953125
0 0.8609375 0.494140625 0.015625 0.01953125
0 0.8296875 0.494140625 0.015625 0.01953125
0 0.871875 0.470703125 0.015625 0.01953125
0 0.878125 0.388671875 0.015625 0.01953125
0 0.9140625 0.328125 0.015625 0.01953125
0 0.953125 0.568359375 0.015625 0.01953125
0 0.9203125 0.578125 0.015625 0.01953125
0 0.8703125 0.689453125 0.015625 0.01953125
0 0.9859375 0.7421875 0.015625 0.01953125
0 0.459375 0.51953125 0.015625 0.01953125
0 0.4734375 0.658203125 0.015625 0.01953125
