0 0.0703125 0.876953125 0.015625 0.01953125
0 0.0171875 0.7421875 0.015625 0.01953125
0 0.1734375 0.720703125 0.015625 0.01953125
0 0.309375 0.703125 0.015625 0.01953125
0 0.3640625 0.630859375 0.015625 0.01953125
0 0.3203125 0.6171875 0.015625 0.01953125
0 0.18125 0.458984375 0.015625 0.01953125
0 0.165625 0.576171875 0.015625 0.01953125
0 0.0515625 0.44140625 0.015625 0.01953125
0 0.01875 0.4765625 0.015625 0.01953125
0 0.01875 0.55078125 0.015625 0.01953125
0 0.34375 0.396484375 0.015625 0.01953125
0 0.3609375 0.548828125 0.015625 0.01953125
0 0.3453125 0.2734375 0.015625 0.01953125
0 0.371875 0.28515625 0.015625 0.01953125
0 0.303125 0.23046875 0.015625 0.01953125
0 0.26875 0.125 0.015625 0.01953125
0 0.2453125 0.0390625 0.015625 0.01953125
0 0.215625 0.076171875 0.015625 0.01953125
0 0.19375 0.111328125 0.015625 0.01953125
0 0.1234375 0.10546875 0.015625 0.01953125
0 0.009375 0.05078125 0.015625 0.01953125
0 0.0015625 0.248046875 0.015625 0.01953125
0 0.403125 0.169921875 0.015625 0.01953125
0 0.4234375 0.126953125 0.015625 0.01953125
0 0.509375 0.201171875 0.015625 0.01953125
0 0.5453125 0.224609375 0.015625 0.01953125
0 0.603125 0.0859375 0.015625 0.01953125
0 0.678125 0.603515625 0.015625 0.01953125
0 0.7046875 0.55078125 0.015625 0.01953125
0 0.540625 0.40234375 0.015625 0.01953125
0 0.5015625 0.357421875 0.015625 0.01953125
0 0.4953125 0.416015625 0.015625 0.01953125
0 0.475 0.416015625 0.015625 0.01953125
0 0.459375 0.390625 0.015625 0.01953125
0 0.4375 0.421875 0.015625 0.01953125
0 0.41875 0.41796875 0.015625 0.01953125
0 0.403125 0.447265625 0.015625 0.01953125
0 0.4140625 0.4921875 0.015625 0.01953125
0 0.428125 0.509765625 0.015625 0.01953125
0 0.4625 0.5234375 0.015625 0.01953125
0 0.453125 0.46875 0.015625 0.01953125
0 0.4640625 0.453125 0.015625 0.01953125
0 0.478125 0.4765625 0.015625 0.01953125
0 0.509375 0.46484375 0.015625 0.01953125
0 0.5171875 0.48828125 0.015625 0.01953125
0 0.50625 0.509765625 0.015625 0.01953125
0 0.5078125 0.53515625 0.015625 0.01953125
0 0.50625 0.5703125 0.015625 0.01953125
0 0.51875 0.603515625 0.015625 0.01953125
0 0.525 0.625 0.015625 0.01953125
0 0.534375 0.65234375 0.015625 0.01953125
0 0.5234375 0.671875 0.015625 0.01953125
0 0.51875 0.705078125 0.015625 0.01953125
0 0.5109375 0.802734375 0.015625 0.01953125
0 0.4796875 0.779296875 0.015625 0.01953125
0 0.4515625 0.7734375 0.015625 0.01953125
0 0.440625 0.7734375 0.015625 0.01953125
0 0.4359375 0.75 0.015625 0.01953125
0 0.446875 0.73828125 0.015625 0.01953125
0 0.4875 0.705078125 0.015625 0.01953125
0 0.4734375 0.69140625 0.015625 0.01953125
0 0.49375 0.669921875 0.015625 0.01953125
0 0.5 0.640625 0.015625 0.01953125
0 0.4796875 0.64453125 0.015625 0.01953125
0 0.4671875 0.638671875 0.015625 0.01953125
0 0.465625 0.623046875 0.015625 0.01953125
0 0.4765625 0.57421875 0.015625 0.01953125
0 0.4640625 0.580078125 0.015625 0.01953125
0 0.4515625 0.58203125 0.015625 0.01953125
0 0.4359375 0.587890625 0.015625 0.01953125
0 0.4171875 0.619140625 0.015625 0.01953125
0 0.4328125 0.640625 0.015625 0.01953125
0 0.4453125 0.6484375 0.015625 0.01953125
0 0.4875 0.984375 0.015625 0.01953125
0 0.5296875 0.994140625 0.015625 0.01953125
0 0.678125 0.982421875 0.015625 0.01953125
0 0.8671875 0.69140625 0.015625 0.01953125
0 0.975 0.732421875 0.015625 0.01953125
0 0.95 0.5703125 0.015625 0.01953125
0 0.915625 0.572265625 0.015625 0.01953125
0 0.8671875 0.466796875 0.015625 0.01953125
0 0.8515625 0.484375 0.015625 0.01953125
0 0.828125 0.490234375 0.015625 0.01953125
0 0.8671875 0.3828125 0.015625 0.01953125
0 0.9046875 0.3125 0.015625 0.01953125
0 0.44375 0.55078125 0.015625 0.01953125
0 0.4515625 0.67578125 0.015625 0.01953125
