0 0.86875 0.955078125 0.015625 0.01953125
0 0.8828125 0.923828125 0.015625 0.01953125
0 0.8734375 0.91015625 0.015625 0.01953125
0 0.8609375 0.9140625 0.015625 0.01953125
0 0.853125 0.939453125 0.015625 0.01953125
0 0.8390625 0.923828125 0.015625 0.01953125
0 0.85625 0.880859375 0.015625 0.01953125
0 0.88125 0.86328125 0.015625 0.01953125
0 0.88125 0.83984375 0.015625 0.01953125
0 0.89375 0.830078125 0.015625 0.01953125
0 0.871875 0.80859375 0.015625 0.01953125
0 0.8546875 0.8125 0.015625 0.01953125
0 0.8328125 0.8125 0.015625 0.01953125
0 0.896875 0.783203125 0.015625 0.01953125
0 0.8921875 0.75 0.015625 0.01953125
0 0.909375 0.76171875 0.015625 0.01953125
0 0.9375 0.748046875 0.015625 0.01953125
0 0.928125 0.759765625 0.015625 0.01953125
0 0.93125 0.802734375 0.015625 0.01953125
0 0.9140625 0.8203125 0.015625 0.01953125
0 0.91875 0.791015625 0.015625 0.01953125
0 0.94375 0.826171875 0.015625 0.01953125
0 0.9484375 0.8515625 0.015625 0.01953125
0 0.9265625 0.8828125 0.015625 0.01953125
0 0.9265625 0.90234375 0.015625 0.01953125
0 0.93125 0.92578125 0.015625 0.01953125
0 0.934375 0.94921875 0.015625 0.01953125
0 0.9390625 0.98828125 0.015625 0.01953125
0 0.9015625 0.994140625 0.015625 0.01953125
0 0.840625 0.994140625 0.015625 0.01953125
0 0.7890625 0.984375 0.015625 0.01953125
0 0.26875 0.984375 0.015625 0.01953125
0 0.253125 0.86328125 0.015625 0.01953125
0 0.096875 0.7734375 0.015625 0.01953125
0 0.11875 0.75 0.015625 0.01953125
0 0.2171875 0.763671875 0.015625 0.01953125
0 0.2796875 0.765625 0.015625 0.01953125
0 0.2421875 0.666015625 0.015625 0.01953125
0 0.215625 0.6015625 0.015625 0.01953125
0 0.2625 0.56640625 0.015625 0.01953125
0 0.334375 0.677734375 0.015625 0.01953125
0 0.3421875 0.751953125 0.015625 0.01953125
0 0.4515625 0.873046875 0.015625 0.01953125
0 0.453125 0.798828125 0.015625 0.01953125
0 0.5390625 0.787109375 0.015625 0.01953125
0 0.6140625 0.78515625 0.015625 0.01953125
0 0.5171875 0.63671875 0.015625 0.01953125
0 0.50625 0.560546875 0.015625 0.01953125
0 0.4765625 0.509765625 0.015625 0.01953125
0 0.5484375 0.435546875 0.015625 0.01953125
0 0.603125 0.421875 0.015625 0.01953125
0 0.6484375 0.373046875 0.015625 0.01953125
0 0.8 0.63671875 0.015625 0.01953125
0 0.828125 0.646484375 0.015625 0.01953125
0 0.9671875 0.4609375 0.015625 0.01953125
0 0.75 0.26953125 0.015625 0.01953125
0 0.6734375 0.076171875 0.015625 0.01953125
0 0.775 0.048828125 0.015625 0.01953125
0 0.740625 0.025390625 0.015625 0.01953125
0 0.8078125 0.0703125 0.015625 0.01953125
0 0.8296875 0.0546875 0.015625 0.01953125
0 0.4234375 0.314453125 0.015625 0.01953125
0 0.3921875 0.3828125 0.015625 0.01953125
0 0.359375 0.435546875 0.015625 0.01953125
0 0.2265625 0.4375 0.015625 0.01953125
0 0.1828125 0.3828125 0.015625 0.01953125
0 0.1671875 0.314453125 0.015625 0.01953125
0 0.209375 0.263671875 0.015625 0.01953125
0 0.3375 0.26171875 0.015625 0.01953125
0 0.078125 0.390625 0.015625 0.01953125
0 0.0171875 0.30859375 0.015625 0.01953125
0 0.1484375 0.212890625 0.015625 0.01953125
0 0.2046875 0.142578125 0.015625 0.01953125
0 0.2375 0.146484375 0.015625 0.01953125
0 0.25625 0.125 0.015625 0.01953125
0 0.2765625 0.142578125 0.015625 0.01953125
0 0.2859375 0.13671875 0.015625 0.01953125
0 0.325 0.126953125 0.015625 0.01953125
0 0.053125 0.189453125 0.015625 0.01953125
0 0.0203125 0.201171875 0.015625 0.01953125
0 0.909375 0.8515625 0.015625 0.01953125
0 0.9765625 0.796875 0.015625 0.01953125
0 0.4546875 0.08984375 0.015625 0.01953125
0 0.4359375 0.126953125 0.015625 0.01953125
0 0.41875 0.123046875 0.015625 0.01953125
0 0.403125 0.126953125 0.015625 0.01953125
