0 0.8359375 0.98828125 0.015625 0.01953125
0 0.878125 0.98828125 0.015625 0.01953125
0 0.9296875 0.9375 0.015625 0.01953125
0 0.8890625 0.921875 0.015625 0.01953125
0 0.8796875 0.931640625 0.015625 0.01953125
0 0.871875 0.9375 0.015625 0.01953125
0 0.85625 0.916015625 0.015625 0.01953125
0 0.8484375 0.94921875 0.015625 0.01953125
0 0.8359375 0.923828125 0.015625 0.01953125
0 0.85 0.88671875 0.015625 0.01953125
0 0.8328125 0.802734375 0.015625 0.01953125
0 0.85 0.796875 0.015625 0.01953125
0 0.859375 0.787109375 0.015625 0.01953125
0 0.884375 0.765625 0.015625 0.01953125
0 0.8890625 0.779296875 0.015625 0.01953125
0 0.9078125 0.775390625 0.015625 0.01953125
0 0.9203125 0.787109375 0.015625 0.01953125
0 0.909375 0.8125 0.015625 0.01953125
0 0.928125 0.80859375 0.015625 0.01953125
0 0.9421875 0.837890625 0.015625 0.01953125
0 0.953125 0.86328125 0.015625 0.01953125
0 0.9265625 0.861328125 0.015625 0.01953125
0 0.928125 0.880859375 0.015625 0.01953125
0 0.925 0.89453125 0.015625 0.01953125
0 0.909375 0.84375 0.015625 0.01953125
0 0.896875 0.83984375 0.015625 0.01953125
0 0.8875 0.810546875 0.015625 0.01953125
0 0.8765625 0.826171875 0.015625 0.01953125
0 0.8640625 0.830078125 0.015625 0.01953125
0 0.871875 0.845703125 0.015625 0.01953125
0 0.9265625 0.748046875 0.015625 0.01953125
0 0.9296875 0.732421875 0.015625 0.01953125
0 0.915625 0.7421875 0.015625 0.01953125
0 0.8875 0.7421875 0.015625 0.01953125
0 0.96875 0.791015625 0.015625 0.01953125
0 0.85 0.7265625 0.015625 0.01953125
0 0.8234375 0.642578125 0.015625 0.01953125
0 0.7953125 0.6328125 0.015625 0.01953125
0 0.9390625 0.443359375 0.015625 0.01953125
0 0.996875 0.5625 0.015625 0.01953125
0 0.9515625 0.578125 0.015625 0.01953125
0 0.7875 0.984375 0.015625 0.01953125
0 0.2640625 0.98046875 0.015625 0.01953125
0 0.2453125 0.861328125 0.015625 0.01953125
0 0.0953125 0.7734375 0.015625 0.01953125
0 0.11875 0.74609375 0.015625 0.01953125
0 0.2140625 0.765625 0.015625 0.01953125
0 0.2796875 0.767578125 0.015625 0.01953125
0 0.35 0.73828125 0.015625 0.01953125
0 0.4453125 0.861328125 0.015625 0.01953125
0 0.446875 0.79296875 0.015625 0.01953125
0 0.5265625 0.783203125 0.015625 0.01953125
0 0.6140625 0.79296875 0.015625 0.01953125
0 0.5 0.626953125 0.015625 0.01953125
0 0.4484375 0.69921875 0.015625 0.01953125
0 0.490625 0.552734375 0.015625 0.01953125
0 0.4625 0.486328125 0.015625 0.01953125
0 0.5171875 0.427734375 0.015625 0.01953125
0 0.5671875 0.40625 0.015625 0.01953125
0 0.615625 0.36328125 0.015625 0.01953125
0 0.7265625 0.25390625 0.015625 0.01953125
0 0.8 0.060546875 0.015625 0.01953125
0 0.8296875 0.0546875 0.015625 0.01953125
0 0.7671875 0.044921875 0.015625 0.01953125
0 0.6625 0.072265625 0.015625 0.01953125
0 0.4046875 0.302734375 0.015625 0.01953125
0 0.3140625 0.263671875 0.015625 0.01953125
0 0.36875 0.390625 0.015625 0.01953125
0 0.3359375 0.43359375 0.015625 0.01953125
0 0.1953125 0.267578125 0.015625 0.01953125
0 0.4578125 0.0859375 0.015625 0.01953125
0 0.425 0.119140625 0.015625 0.01953125
0 0.409375 0.119140625 0.015625 0.01953125
0 0.328125 0.119140625 0.015625 0.01953125
0 0.275 0.1328125 0.015625 0.01953125
0 0.253125 0.123046875 0.015625 0.01953125
0 0.2359375 0.142578125 0.015625 0.01953125
0 0.1984375 0.134765625 0.015625 0.01953125
0 0.15 0.291015625 0.015625 0.01953125
0 0.125 0.3671875 0.015625 0.01953125
0 0.1984375 0.427734375 0.015625 0.01953125
0 0.1953125 0.591796875 0.015625 0.01953125
0 0.26875 0.546875 0.015625 0.01953125
0 0.2390625 0.66015625 0.015625 0.01953125
0 0.0453125 0.37890625 0.015625 0.01953125
0 0.0046875 0.2890625 0.015625 0.01953125
0 0.0484375 0.1796875 0.015625 0.01953125
0 0.3921875 0.119140625 0.015625 0.01953125
