0 0.1 0.76953125 0.015625 0.01953125
0 0.121875 0.75 0.015625 0.01953125
0 0.215625 0.759765625 0.015625 0.01953125
0 0.25 0.85546875 0.015625 0.01953125
0 0.275 0.771484375 0.015625 0.01953125
0 0.240625 0.66015625 0.015625 0.01953125
0 0.1875 0.5859375 0.015625 0.01953125
0 0.3359375 0.669921875 0.015625 0.01953125
0 0.346875 0.734375 0.015625 0.01953125
0 0.4453125 0.861328125 0.015625 0.01953125
0 0.453125 0.794921875 0.015625 0.01953125
0 0.4515625 0.701171875 0.015625 0.01953125
0 0.4890625 0.62109375 0.015625 0.01953125
0 0.478125 0.560546875 0.015625 0.01953125
0 0.4625 0.494140625 0.015625 0.01953125
0 0.509375 0.421875 0.015625 0.01953125
0 0.5515625 0.396484375 0.015625 0.01953125
0 0.596875 0.365234375 0.015625 0.01953125
0 0.9171875 0.427734375 0.015625 0.01953125
0 0.9796875 0.548828125 0.015625 0.01953125
0 0.978125 0.5703125 0.015625 0.01953125
0 0.940625 0.564453125 0.015625 0.01953125
0 0.8171875 0.640625 0.015625 0.01953125
0 0.7953125 0.634765625 0.015625 0.01953125
0 0.3859375 0.306640625 0.015625 0.01953125
0 0.3578125 0.390625 0.015625 0.01953125
0 0.321875 0.42578125 0.015625 0.01953125
0 0.2921875 0.552734375 0.015625 0.01953125
0 0.2671875 0.982421875 0.015625 0.01953125
0 0.5328125 0.78125 0.015625 0.01953125
0 0.609375 0.78125 0.015625 0.01953125
0 0.103125 0.375 0.015625 0.01953125
0 0.178125 0.419921875 0.015625 0.01953125
0 0.13125 0.27734375 0.015625 0.01953125
0 0.184375 0.265625 0.015625 0.01953125
0 0.290625 0.267578125 0.015625 0.01953125
0 0.21875 0.171875 0.015625 0.01953125
0 0.2515625 0.173828125 0.015625 0.01953125
0 0.05625 0.216796875 0.015625 0.01953125
0 0.0609375 0.1875 0.015625 0.01953125
0 0.1125 0.197265625 0.015625 0.01953125
0 0.45625 0.083984375 0.015625 0.01953125
0 0.425 0.1171875 0.015625 0.01953125
0 0.40625 0.115234375 0.015625 0.01953125
0 0.5546875 0.025390625 0.015625 0.01953125
0 0.5765625 0.03515625 0.015625 0.01953125
0 0.6734375 0.072265625 0.015625 0.01953125
0 0.7734375 0.044921875 0.015625 0.01953125
0 0.825 0.046875 0.015625 0.01953125
0 0.7140625 0.25 0.015625 0.01953125
0 0.7796875 0.0234375 0.015625 0.01953125
0 0.5453125 0.072265625 0.015625 0.01953125
0 0.49375 0.134765625 0.015625 0.01953125
0 0.5 0.10546875 0.015625 0.01953125
0 0.328125 0.125 0.015625 0.01953125
0 0.234375 0.13671875 0.015625 0.01953125
0 0.246875 0.119140625 0.015625 0.01953125
0 0.2546875 0.125 0.015625 0.01953125
0 0.2828125 0.1328125 0.015625 0.01953125
0 0.2703125 0.130859375 0.015625 0.01953125
0 0.1984375 0.12890625 0.015625 0.01953125
0 0.009375 0.380859375 0.015625 0.01953125
0 0.7859375 0.982421875 0.015625 0.01953125
0 0.88125 0.7421875 0.015625 0.01953125
0 0.90625 0.73828125 0.015625 0.01953125
0 0.93125 0.7421875 0.015625 0.01953125
0 0.9703125 0.78515625 0.015625 0.01953125
0 0.915625 0.78125 0.015625 0.01953125
0 0.9015625 0.7734375 0.015625 0.01953125
0 0.828125 0.80078125 0.015625 0.01953125
0 0.840625 0.8125 0.015625 0.01953125
0 0.8703125 0.8359375 0.015625 0.01953125
0 0.8859375 0.818359375 0.015625 0.01953125
0 0.9125 0.80859375 0.015625 0.01953125
0 0.86875 0.791015625 0.015625 0.01953125
0 0.85625 0.80078125 0.015625 0.01953125
0 0.9453125 0.84375 0.015625 0.01953125
0 0.934375 0.931640625 0.015625 0.01953125
0 0.9328125 0.87109375 0.015625 0.01953125
0 0.9296875 0.90625 0.015625 0.01953125
0 0.85625 0.900390625 0.015625 0.01953125
0 0.853125 0.939453125 0.015625 0.01953125
0 0.8734375 0.857421875 0.015625 0.01953125
0 0.884375 0.994140625 0.015625 0.01953125
0 0.8734375 0.9375 0.015625 0.01953125
0 0.884375 0.916015625 0.015625 0.01953125
