0 0.45625 0.078125 0.015625 0.01953125
0 0.425 0.11328125 0.015625 0.01953125
0 0.4078125 0.115234375 0.015625 0.01953125
0 0.9359375 0.73828125 0.015625 0.01953125
0 0.903125 0.740234375 0.015625 0.01953125
0 0.884375 0.744140625 0.015625 0.01953125
0 0.675 0.068359375 0.015625 0.01953125
0 0.775 0.044921875 0.015625 0.01953125
0 0.825 0.05078125 0.015625 0.01953125
0 0.578125 0.36328125 0.015625 0.01953125
0 0.690625 0.240234375 0.015625 0.01953125
0 0.8953125 0.4140625 0.015625 0.01953125
0 0.79375 0.6328125 0.015625 0.01953125
0 0.6109375 0.77734375 0.015625 0.01953125
0 0.5375 0.787109375 0.015625 0.01953125
0 0.446875 0.859375 0.015625 0.01953125
0 0.4515625 0.791015625 0.015625 0.01953125
0 0.4484375 0.693359375 0.015625 0.01953125
0 0.4734375 0.611328125 0.015625 0.01953125
0 0.4671875 0.552734375 0.015625 0.01953125
0 0.4859375 0.42578125 0.015625 0.01953125
0 0.5265625 0.392578125 0.015625 0.01953125
0 0.3671875 0.30859375 0.015625 0.01953125
0 0.34375 0.392578125 0.015625 0.01953125
0 0.3125 0.42578125 0.015625 0.01953125
0 0.234375 0.16796875 0.015625 0.01953125
0 0.2671875 0.166015625 0.015625 0.01953125
0 0.0625 0.373046875 0.015625 0.01953125
0 0.1546875 0.423828125 0.015625 0.01953125
0 0.16875 0.58203125 0.015625 0.01953125
0 0.2421875 0.662109375 0.015625 0.01953125
0 0.1625 0.2734375 0.015625 0.01953125
0 0.11875 0.279296875 0.015625 0.01953125
0 0.096875 0.1953125 0.015625 0.01953125
0 0.065625 0.21484375 0.015625 0.01953125
0 0.2640625 0.275390625 0.015625 0.01953125
0 0.453125 0.505859375 0.015625 0.01953125
0 0.3125 0.544921875 0.015625 0.01953125
0 0.334375 0.673828125 0.015625 0.01953125
0 0.340625 0.7421875 0.015625 0.01953125
0 0.278125 0.775390625 0.015625 0.01953125
0 0.21875 0.767578125 0.015625 0.01953125
0 0.2515625 0.859375 0.015625 0.01953125
0 0.103125 0.767578125 0.015625 0.01953125
0 0.128125 0.74609375 0.015625 0.01953125
0 0.26875 0.986328125 0.015625 0.01953125
0 0.934375 0.935546875 0.015625 0.01953125
0 0.9609375 0.5546875 0.015625 0.01953125
0 0.965625 0.5390625 0.015625 0.01953125
0 0.925 0.552734375 0.015625 0.01953125
0 0.9953125 0.50390625 0.015625 0.01953125
0 0.9671875 0.779296875 0.015625 0.01953125
0 0.9171875 0.78125 0.015625 0.01953125
0 0.9015625 0.7734375 0.015625 0.01953125
0 0.9140625 0.810546875 0.015625 0.01953125
0 0.853125 0.900390625 0.015625 0.01953125
0 0.81875 0.638671875 0.015625 0.01953125
0 0.8265625 0.798828125 0.015625 0.01953125
0 0.8390625 0.810546875 0.015625 0.01953125
0 0.85625 0.80078125 0.015625 0.01953125
0 0.86875 0.791015625 0.015625 0.01953125
0 0.8859375 0.81640625 0.015625 0.01953125
0 0.871875 0.833984375 0.015625 0.01953125
0 0.8734375 0.85546875 0.015625 0.01953125
0 0.94375 0.84375 0.015625 0.01953125
0 0.934375 0.875 0.015625 0.01953125
0 0.93125 0.89453125 0.015625 0.01953125
0 0.884375 0.9921875 0.015625 0.01953125
0 0.871875 0.94140625 0.015625 0.01953125
0 0.884375 0.9140625 0.015625 0.01953125
0 0.8546875 0.943359375 0.015625 0.01953125
