0 0.3296875 0.1875 0.015625 0.01953125
0 0.5 0.189453125 0.015625 0.01953125
0 0.5234375 0.1875 0.015625 0.01953125
0 0.6078125 0.18359375 0.015625 0.01953125
0 0.6921875 0.1953125 0.015625 0.01953125
0 0.7296875 0.26171875 0.015625 0.01953125
0 0.7671875 0.3046875 0.015625 0.01953125
0 0.803125 0.35546875 0.015625 0.01953125
0 0.8359375 0.375 0.015625 0.01953125
0 0.6671875 0.294921875 0.015625 0.01953125
0 0.5328125 0.30859375 0.015625 0.01953125
0 0.534375 0.328125 0.015625 0.01953125
0 0.3125 0.224609375 0.015625 0.01953125
0 0.359375 0.240234375 0.015625 0.01953125
0 0.0375 0.287109375 0.015625 0.01953125
0 0.19375 0.287109375 0.015625 0.01953125
0 0.1390625 0.39453125 0.015625 0.01953125
0 0.26875 0.3359375 0.015625 0.01953125
0 0.2796875 0.302734375 0.015625 0.01953125
0 0.421875 0.421875 0.015625 0.01953125
0 0.478125 0.41015625 0.015625 0.01953125
0 0.3828125 0.466796875 0.015625 0.01953125
0 0.4796875 0.466796875 0.015625 0.01953125
0 0.5140625 0.462890625 0.015625 0.01953125
0 0.5171875 0.5234375 0.015625 0.01953125
0 0.590625 0.505859375 0.015625 0.01953125
0 0.3234375 0.79296875 0.015625 0.01953125
0 0.490625 0.72265625 0.015625 0.01953125
0 0.528125 0.783203125 0.015625 0.01953125
0 0.5984375 0.74609375 0.015625 0.01953125
0 0.76875 0.49609375 0.015625 0.01953125
0 0.8375 0.658203125 0.015625 0.01953125
0 0.9046875 0.810546875 0.015625 0.01953125
0 0.9 0.845703125 0.015625 0.01953125
