0 0.3609375 0.19921875 0.015625 0.01953125
0 0.525 0.20703125 0.015625 0.01953125
0 0.5484375 0.20703125 0.015625 0.01953125
0 0.6359375 0.19921875 0.015625 0.01953125
0 0.715625 0.208984375 0.015625 0.01953125
0 0.3375 0.234375 0.015625 0.01953125
0 0.3828125 0.25 0.015625 0.01953125
0 0.053125 0.298828125 0.015625 0.01953125
0 0.2046875 0.30078125 0.015625 0.01953125
0 0.2921875 0.3203125 0.015625 0.01953125
0 0.284375 0.34765625 0.015625 0.01953125
0 0.146875 0.408203125 0.015625 0.01953125
0 0.15 0.384765625 0.015625 0.01953125
0 0.3453125 0.798828125 0.015625 0.01953125
0 0.5125 0.744140625 0.015625 0.01953125
0 0.5484375 0.80859375 0.015625 0.01953125
0 0.625 0.755859375 0.015625 0.01953125
0 0.85 0.662109375 0.015625 0.01953125
0 0.934375 0.8203125 0.015625 0.01953125
0 0.9265625 0.853515625 0.015625 0.01953125
0 0.5296875 0.533203125 0.015625 0.01953125
0 0.609375 0.509765625 0.015625 0.01953125
0 0.403125 0.48046875 0.015625 0.01953125
0 0.425 0.4296875 0.015625 0.01953125
0 0.4734375 0.4140625 0.015625 0.01953125
0 0.528125 0.46484375 0.015625 0.01953125
0 0.5046875 0.47265625 0.015625 0.01953125
0 0.54375 0.3359375 0.015625 0.01953125
0 0.5484375 0.318359375 0.015625 0.01953125
0 0.6859375 0.306640625 0.015625 0.01953125
0 0.7359375 0.26953125 0.015625 0.01953125
0 0.7859375 0.314453125 0.015625 0.01953125
0 0.815625 0.36328125 0.015625 0.01953125
0 0.8421875 0.392578125 0.015625 0.01953125
0 0.7859375 0.5078125 0.015625 0.01953125
