0 0.0328125 0.30078125 0.015625 0.01953125
0 0.134375 0.392578125 0.015625 0.01953125
0 0.1390625 0.416015625 0.015625 0.01953125
0 0.1890625 0.30078125 0.015625 0.01953125
0 0.275 0.34765625 0.015625 0.01953125
0 0.2859375 0.322265625 0.015625 0.01953125
0 0.359375 0.208984375 0.015625 0.01953125
0 0.378125 0.25390625 0.015625 0.01953125
0 0.4515625 0.419921875 0.015625 0.01953125
0 0.403125 0.435546875 0.015625 0.01953125
0 0.3984375 0.484375 0.015625 0.01953125
0 0.53125 0.33984375 0.015625 0.01953125
0 0.6828125 0.310546875 0.015625 0.01953125
0 0.359375 0.78515625 0.015625 0.01953125
0 0.5109375 0.76171875 0.015625 0.01953125
0 0.5484375 0.83203125 0.015625 0.01953125
0 0.625 0.759765625 0.015625 0.01953125
0 0.5171875 0.46875 0.015625 0.01953125
0 0.5 0.482421875 0.015625 0.01953125
0 0.521875 0.533203125 0.015625 0.01953125
0 0.6109375 0.517578125 0.015625 0.01953125
0 0.725 0.2734375 0.015625 0.01953125
0 0.778125 0.3203125 0.015625 0.01953125
0 0.8078125 0.369140625 0.015625 0.01953125
0 0.8328125 0.400390625 0.015625 0.01953125
0 0.775 0.509765625 0.015625 0.01953125
0 0.85 0.666015625 0.015625 0.01953125
0 0.934375 0.826171875 0.015625 0.01953125
0 0.928125 0.859375 0.015625 0.01953125
0 0.528125 0.20703125 0.015625 0.01953125
0 0.5515625 0.212890625 0.015625 0.01953125
0 0.6359375 0.20703125 0.015625 0.01953125
0 0.721875 0.21875 0.015625 0.01953125
0 0.334375 0.240234375 0.015625 0.01953125
0 0.5390625 0.3203125 0.015625 0.01953125
