0 0.534375 0.228515625 0.015625 0.01953125
0 0.559375 0.23046875 0.015625 0.01953125
0 0.64375 0.236328125 0.015625 0.01953125
0 0.721875 0.251953125 0.015625 0.01953125
0 0.365625 0.20703125 0.015625 0.01953125
0 0.3453125 0.234375 0.015625 0.01953125
0 0.0796875 0.390625 0.015625 0.01953125
0 0.0765625 0.369140625 0.015625 0.01953125
0 0.2203125 0.341796875 0.015625 0.01953125
0 0.3359375 0.404296875 0.015625 0.01953125
0 0.2984375 0.43359375 0.015625 0.01953125
0 0.365625 0.482421875 0.015625 0.01953125
0 0.4703125 0.33984375 0.015625 0.01953125
0 0.65625 0.341796875 0.015625 0.01953125
0 0.66875 0.29296875 0.015625 0.01953125
0 0.7375 0.34765625 0.015625 0.01953125
0 0.75 0.396484375 0.015625 0.01953125
0 0.75625 0.435546875 0.015625 0.01953125
0 0.475 0.328125 0.015625 0.01953125
0 0.4640625 0.478515625 0.015625 0.01953125
0 0.4609375 0.49609375 0.015625 0.01953125
0 0.4640625 0.54296875 0.015625 0.01953125
0 0.58125 0.541015625 0.015625 0.01953125
0 0.715625 0.55078125 0.015625 0.01953125
0 0.5875 0.748046875 0.015625 0.01953125
0 0.4609375 0.8359375 0.015625 0.01953125
0 0.34375 0.751953125 0.015625 0.01953125
0 0.503125 0.91015625 0.015625 0.01953125
0 0.784375 0.7109375 0.015625 0.01953125
0 0.89375 0.904296875 0.015625 0.01953125
0 0.9046875 0.880859375 0.015625 0.01953125
0 0.1421875 0.28125 0.015625 0.01953125
0 0.23125 0.310546875 0.015625 0.01953125
