0 0.4625 0.328125 0.015625 0.01953125
0 0.4515625 0.341796875 0.015625 0.01953125
0 0.5328125 0.2265625 0.015625 0.01953125
0 0.365625 0.203125 0.015625 0.01953125
0 0.55625 0.23046875 0.015625 0.01953125
0 0.64375 0.23046875 0.015625 0.01953125
0 0.7265625 0.248046875 0.015625 0.01953125
0 0.6546875 0.287109375 0.015625 0.01953125
0 0.6515625 0.34375 0.015625 0.01953125
0 0.725 0.345703125 0.015625 0.01953125
0 0.7390625 0.396484375 0.015625 0.01953125
0 0.74375 0.43359375 0.015625 0.01953125
0 0.7734375 0.705078125 0.015625 0.01953125
0 0.890625 0.900390625 0.015625 0.01953125
0 0.8984375 0.880859375 0.015625 0.01953125
0 0.990625 0.91796875 0.015625 0.01953125
0 0.5890625 0.7421875 0.015625 0.01953125
0 0.6953125 0.546875 0.015625 0.01953125
0 0.575 0.537109375 0.015625 0.01953125
0 0.4515625 0.470703125 0.015625 0.01953125
0 0.4515625 0.4921875 0.015625 0.01953125
0 0.4484375 0.54296875 0.015625 0.01953125
0 0.3578125 0.482421875 0.015625 0.01953125
0 0.30625 0.3984375 0.015625 0.01953125
0 0.2765625 0.435546875 0.015625 0.01953125
0 0.2078125 0.337890625 0.015625 0.01953125
0 0.228125 0.3046875 0.015625 0.01953125
0 0.1296875 0.283203125 0.015625 0.01953125
0 0.0671875 0.388671875 0.015625 0.01953125
0 0.0578125 0.3671875 0.015625 0.01953125
0 0.34375 0.73828125 0.015625 0.01953125
0 0.4546875 0.853515625 0.015625 0.01953125
0 0.5 0.927734375 0.015625 0.01953125
0 0.3484375 0.212890625 0.015625 0.01953125
