0 0.365625 0.201171875 0.015625 0.01953125
0 0.5328125 0.2265625 0.015625 0.01953125
0 0.5578125 0.2265625 0.015625 0.01953125
0 0.4359375 0.318359375 0.015625 0.01953125
0 0.4234375 0.3359375 0.015625 0.01953125
0 0.6296875 0.283203125 0.015625 0.01953125
0 0.640625 0.22265625 0.015625 0.01953125
0 0.6359375 0.34375 0.015625 0.01953125
0 0.7046875 0.34375 0.015625 0.01953125
0 0.7109375 0.388671875 0.015625 0.01953125
0 0.715625 0.423828125 0.015625 0.01953125
0 0.725 0.244140625 0.015625 0.01953125
0 0.96875 0.38671875 0.015625 0.01953125
0 0.9765625 0.51953125 0.015625 0.01953125
0 0.34375 0.19921875 0.015625 0.01953125
0 0.4265625 0.466796875 0.015625 0.01953125
0 0.4296875 0.486328125 0.015625 0.01953125
0 0.428125 0.53515625 0.015625 0.01953125
0 0.55 0.533203125 0.015625 0.01953125
0 0.678125 0.533203125 0.015625 0.01953125
0 0.753125 0.703125 0.015625 0.01953125
0 0.5875 0.724609375 0.015625 0.01953125
0 0.35 0.712890625 0.015625 0.01953125
0 0.4484375 0.880859375 0.015625 0.01953125
0 0.49375 0.953125 0.015625 0.01953125
0 0.8953125 0.90234375 0.015625 0.01953125
0 0.90625 0.873046875 0.015625 0.01953125
0 0.990625 0.9140625 0.015625 0.01953125
0 0.25625 0.388671875 0.015625 0.01953125
0 0.34375 0.4765625 0.015625 0.01953125
0 0.2265625 0.427734375 0.015625 0.01953125
0 0.1875 0.341796875 0.015625 0.01953125
0 0.19375 0.3046875 0.015625 0.01953125
0 0.1015625 0.27734375 0.015625 0.01953125
0 0.025 0.359375 0.015625 0.01953125
0 0.03125 0.38671875 0.015625 0.01953125
