0 0.1875 0.134765625 0.015625 0.01953125
0 0.209375 0.13671875 0.015625 0.01953125
0 0.15 0.228515625 0.015625 0.01953125
0 0.0890625 0.31640625 0.015625 0.01953125
0 0.0765625 0.357421875 0.015625 0.01953125
0 0.0765625 0.416015625 0.015625 0.01953125
0 0.2375 0.349609375 0.015625 0.01953125
0 0.2390625 0.32421875 0.015625 0.01953125
0 0.3125 0.30859375 0.015625 0.01953125
0 0.4296875 0.326171875 0.015625 0.01953125
0 0.3203125 0.3984375 0.015625 0.01953125
0 0.3234375 0.24609375 0.015625 0.01953125
0 0.625 0.3046875 0.015625 0.01953125
0 0.63125 0.28515625 0.015625 0.01953125
0 0.8890625 0.380859375 0.015625 0.01953125
0 0.796875 0.48828125 0.015625 0.01953125
0 0.6546875 0.455078125 0.015625 0.01953125
0 0.665625 0.421875 0.015625 0.01953125
0 0.6734375 0.521484375 0.015625 0.01953125
0 0.68125 0.4765625 0.015625 0.01953125
0 0.203125 0.9375 0.015625 0.01953125
0 0.8828125 0.958984375 0.015625 0.01953125
0 0.8984375 0.96875 0.015625 0.01953125
0 0.9 0.509765625 0.015625 0.01953125
0 0.7953125 0.611328125 0.015625 0.01953125
0 0.9328125 0.62890625 0.015625 0.01953125
0 0.940625 0.37890625 0.015625 0.01953125
0 0.915625 0.35546875 0.015625 0.01953125
0 0.9328125 0.333984375 0.015625 0.01953125
0 0.8703125 0.24609375 0.015625 0.01953125
0 0.9265625 0.212890625 0.015625 0.01953125
0 0.9484375 0.2265625 0.015625 0.01953125
0 0.96875 0.30078125 0.015625 0.01953125
0 0.759375 0.189453125 0.015625 0.01953125
0 0.7296875 0.2265625 0.015625 0.01953125
0 0.01875 0.12109375 0.015625 0.01953125
0 0.0078125 0.095703125 0.015625 0.01953125
