0 0.00625 0.09765625 0.015625 0.01953125
0 0.0265625 0.126953125 0.015625 0.01953125
0 0.1921875 0.140625 0.015625 0.01953125
0 0.215625 0.138671875 0.015625 0.01953125
0 0.759375 0.1953125 0.015625 0.01953125
0 0.7296875 0.228515625 0.015625 0.01953125
0 0.85625 0.248046875 0.015625 0.01953125
0 0.9265625 0.224609375 0.015625 0.01953125
0 0.9484375 0.234375 0.015625 0.01953125
0 0.9515625 0.296875 0.015625 0.01953125
0 0.9265625 0.333984375 0.015625 0.01953125
0 0.85625 0.345703125 0.015625 0.01953125
0 0.921875 0.380859375 0.015625 0.01953125
0 0.8671875 0.3828125 0.015625 0.01953125
0 0.8828125 0.515625 0.015625 0.01953125
0 0.7828125 0.494140625 0.015625 0.01953125
0 0.8078125 0.59765625 0.015625 0.01953125
0 0.9359375 0.623046875 0.015625 0.01953125
0 0.9171875 0.951171875 0.015625 0.01953125
0 0.903125 0.94140625 0.015625 0.01953125
0 0.6578125 0.51953125 0.015625 0.01953125
0 0.6671875 0.4765625 0.015625 0.01953125
0 0.6484375 0.453125 0.015625 0.01953125
0 0.64375 0.41015625 0.015625 0.01953125
0 0.6046875 0.306640625 0.015625 0.01953125
0 0.6078125 0.287109375 0.015625 0.01953125
0 0.409375 0.32421875 0.015625 0.01953125
0 0.4 0.28515625 0.015625 0.01953125
0 0.30625 0.2421875 0.015625 0.01953125
0 0.275 0.306640625 0.015625 0.01953125
0 0.28125 0.400390625 0.015625 0.01953125
0 0.2109375 0.34375 0.015625 0.01953125
0 0.1328125 0.232421875 0.015625 0.01953125
0 0.078125 0.318359375 0.015625 0.01953125
0 0.05625 0.35546875 0.015625 0.01953125
0 0.0609375 0.41796875 0.015625 0.01953125
0 0.209375 0.94140625 0.015625 0.01953125
