0 0.05 0.076171875 0.015625 0.01953125
0 0.0375 0.091796875 0.015625 0.01953125
0 0.0578125 0.08984375 0.015625 0.01953125
0 0.153125 0.05859375 0.015625 0.01953125
0 0.175 0.09375 0.015625 0.01953125
0 0.1953125 0.103515625 0.015625 0.01953125
0 0.0921875 0.306640625 0.015625 0.01953125
0 0.2765625 0.40234375 0.015625 0.01953125
0 0.346875 0.341796875 0.015625 0.01953125
0 0.4 0.30859375 0.015625 0.01953125
0 0.3234375 0.26171875 0.015625 0.01953125
0 0.24375 0.322265625 0.015625 0.01953125
0 0.296875 0.30078125 0.015625 0.01953125
0 0.2640625 0.599609375 0.015625 0.01953125
0 0.1390625 0.728515625 0.015625 0.01953125
0 0.1953125 0.806640625 0.015625 0.01953125
0 0.0140625 0.99609375 0.015625 0.01953125
0 0.5859375 0.94140625 0.015625 0.01953125
0 0.7953125 0.255859375 0.015625 0.01953125
0 0.784375 0.27734375 0.015625 0.01953125
0 0.7484375 0.328125 0.015625 0.01953125
0 0.865625 0.375 0.015625 0.01953125
0 0.8703125 0.427734375 0.015625 0.01953125
0 0.8921875 0.482421875 0.015625 0.01953125
0 0.9375 0.435546875 0.015625 0.01953125
0 0.9703125 0.4765625 0.015625 0.01953125
0 0.63125 0.296875 0.015625 0.01953125
0 0.6140625 0.26171875 0.015625 0.01953125
0 0.509375 0.23046875 0.015625 0.01953125
0 0.5546875 0.130859375 0.015625 0.01953125
0 0.5796875 0.134765625 0.015625 0.01953125
0 0.3609375 0.083984375 0.015625 0.01953125
0 0.3375 0.078125 0.015625 0.01953125
0 0.3265625 0.11328125 0.015625 0.01953125
0 0.371875 0.11328125 0.015625 0.01953125
0 0.3328125 0.20703125 0.015625 0.01953125
