0 0.0109375 0.04296875 0.015625 0.01953125
0 0.03125 0.048828125 0.015625 0.01953125
0 0.0671875 0.14453125 0.015625 0.01953125
0 0.0046875 0.44140625 0.015625 0.01953125
0 0.203125 0.361328125 0.015625 0.01953125
0 0.275 0.37890625 0.015625 0.01953125
0 0.246875 0.33203125 0.015625 0.01953125
0 0.334375 0.30859375 0.015625 0.01953125
0 0.371875 0.3046875 0.015625 0.01953125
0 0.4359375 0.009765625 0.015625 0.01953125
0 0.5015625 0.009765625 0.015625 0.01953125
0 0.5109375 0.111328125 0.015625 0.01953125
0 0.5828125 0.107421875 0.015625 0.01953125
0 0.6625 0.1484375 0.015625 0.01953125
0 0.596875 0.224609375 0.015625 0.01953125
0 0.715625 0.171875 0.015625 0.01953125
0 0.7203125 0.146484375 0.015625 0.01953125
0 0.684375 0.072265625 0.015625 0.01953125
0 0.7 0.041015625 0.015625 0.01953125
0 0.7671875 0.017578125 0.015625 0.01953125
0 0.7875 0.033203125 0.015625 0.01953125
0 0.9046875 0.125 0.015625 0.01953125
0 0.940625 0.15234375 0.015625 0.01953125
0 0.915625 0.09375 0.015625 0.01953125
0 0.94375 0.119140625 0.015625 0.01953125
0 0.86875 0.025390625 0.015625 0.01953125
0 0.8875 0.044921875 0.015625 0.01953125
0 0.8703125 0.20703125 0.015625 0.01953125
0 0.9515625 0.3359375 0.015625 0.01953125
0 0.940625 0.291015625 0.015625 0.01953125
0 0.5734375 0.380859375 0.015625 0.01953125
0 0.5453125 0.384765625 0.015625 0.01953125
0 0.4609375 0.560546875 0.015625 0.01953125
0 0.6671875 0.48046875 0.015625 0.01953125
0 0.434375 0.759765625 0.015625 0.01953125
0 0.6453125 0.994140625 0.015625 0.01953125
0 0.81875 0.994140625 0.015625 0.01953125
0 0.165625 0.96484375 0.015625 0.01953125
0 0.1875 0.95703125 0.015625 0.01953125
0 0.084375 0.93359375 0.015625 0.01953125
