0 0.4546875 0.005859375 0.015625 0.01953125
0 0.703125 0.0 0.015625 0.01953125
0 0.8046875 0.017578125 0.015625 0.01953125
0 0.8234375 0.03125 0.015625 0.01953125
0 0.9015625 0.03125 0.015625 0.01953125
0 0.9171875 0.041015625 0.015625 0.01953125
0 0.9484375 0.10546875 0.015625 0.01953125
0 0.93125 0.123046875 0.015625 0.01953125
0 0.96875 0.12109375 0.015625 0.01953125
0 0.971875 0.1484375 0.015625 0.01953125
0 0.975 0.337890625 0.015625 0.01953125
0 0.95625 0.2890625 0.015625 0.01953125
0 0.8828125 0.205078125 0.015625 0.01953125
0 0.51875 0.103515625 0.015625 0.01953125
0 0.603125 0.1015625 0.015625 0.01953125
0 0.7015625 0.080078125 0.015625 0.01953125
0 0.678125 0.146484375 0.015625 0.01953125
0 0.7359375 0.146484375 0.015625 0.01953125
0 0.6171875 0.21875 0.015625 0.01953125
0 0.190625 0.962890625 0.015625 0.01953125
0 0.209375 0.955078125 0.015625 0.01953125
0 0.034375 0.443359375 0.015625 0.01953125
0 0.2359375 0.3671875 0.015625 0.01953125
0 0.2734375 0.330078125 0.015625 0.01953125
0 0.3 0.373046875 0.015625 0.01953125
0 0.36875 0.32421875 0.015625 0.01953125
0 0.4046875 0.322265625 0.015625 0.01953125
0 0.61875 0.390625 0.015625 0.01953125
0 0.5859375 0.400390625 0.015625 0.01953125
0 0.7 0.48046875 0.015625 0.01953125
0 0.4921875 0.5625 0.015625 0.01953125
0 0.465625 0.763671875 0.015625 0.01953125
0 0.678125 0.994140625 0.015625 0.01953125
0 0.85 0.994140625 0.015625 0.01953125
0 0.0609375 0.056640625 0.015625 0.01953125
0 0.0359375 0.046875 0.015625 0.01953125
0 0.09375 0.1640625 0.015625 0.01953125
0 0.0296875 0.75390625 0.015625 0.01953125
0 0.1171875 0.9375 0.015625 0.01953125
