0 0.2453125 0.365234375 0.015625 0.01953125
0 0.284375 0.328125 0.015625 0.01953125
0 0.3015625 0.373046875 0.015625 0.01953125
0 0.3796875 0.34765625 0.015625 0.01953125
0 0.425 0.341796875 0.015625 0.01953125
0 0.6109375 0.4140625 0.015625 0.01953125
0 0.64375 0.408203125 0.015625 0.01953125
0 0.7140625 0.478515625 0.015625 0.01953125
0 0.5015625 0.564453125 0.015625 0.01953125
0 0.4734375 0.7578125 0.015625 0.01953125
0 0.1859375 0.966796875 0.015625 0.01953125
0 0.215625 0.9609375 0.015625 0.01953125
0 0.0484375 0.44921875 0.015625 0.01953125
0 0.0890625 0.220703125 0.015625 0.01953125
0 0.071875 0.064453125 0.015625 0.01953125
0 0.0484375 0.044921875 0.015625 0.01953125
0 0.684375 0.990234375 0.015625 0.01953125
0 0.8609375 0.994140625 0.015625 0.01953125
0 0.9671875 0.32421875 0.015625 0.01953125
0 0.946875 0.28125 0.015625 0.01953125
0 0.875 0.197265625 0.015625 0.01953125
0 0.4921875 0.08203125 0.015625 0.01953125
0 0.6140625 0.212890625 0.015625 0.01953125
0 0.675 0.138671875 0.015625 0.01953125
0 0.7234375 0.13671875 0.015625 0.01953125
0 0.596875 0.083984375 0.015625 0.01953125
0 0.6921875 0.056640625 0.015625 0.01953125
0 0.6703125 0.005859375 0.015625 0.01953125
0 0.8125 0.0234375 0.015625 0.01953125
0 0.828125 0.03515625 0.015625 0.01953125
0 0.90625 0.037109375 0.015625 0.01953125
0 0.9234375 0.05078125 0.015625 0.01953125
0 0.9546875 0.107421875 0.015625 0.01953125
0 0.940625 0.130859375 0.015625 0.01953125
0 0.984375 0.130859375 0.015625 0.01953125
0 0.978125 0.158203125 0.015625 0.01953125
0 0.121875 0.943359375 0.015625 0.01953125
0 0.0359375 0.755859375 0.015625 0.01953125
