0 0.05 0.095703125 0.015625 0.01953125
0 0.103125 0.125 0.015625 0.01953125
0 0.9421875 0.05859375 0.015625 0.01953125
0 0.9546875 0.06640625 0.015625 0.01953125
0 0.5859375 0.16015625 0.015625 0.01953125
0 0.36875 0.28125 0.015625 0.01953125
0 0.4296875 0.287109375 0.015625 0.01953125
0 0.278125 0.47265625 0.015625 0.01953125
0 0.284375 0.505859375 0.015625 0.01953125
0 0.278125 0.533203125 0.015625 0.01953125
0 0.25625 0.560546875 0.015625 0.01953125
0 0.0265625 0.650390625 0.015625 0.01953125
0 0.2515625 0.701171875 0.015625 0.01953125
0 0.38125 0.556640625 0.015625 0.01953125
0 0.390625 0.58203125 0.015625 0.01953125
0 0.26875 0.759765625 0.015625 0.01953125
0 0.45 0.62109375 0.015625 0.01953125
0 0.3796875 0.658203125 0.015625 0.01953125
0 0.3484375 0.4140625 0.015625 0.01953125
0 0.425 0.37890625 0.015625 0.01953125
0 0.69375 0.318359375 0.015625 0.01953125
0 0.6140625 0.443359375 0.015625 0.01953125
0 0.840625 0.30859375 0.015625 0.01953125
0 0.81875 0.4453125 0.015625 0.01953125
0 0.85625 0.453125 0.015625 0.01953125
0 0.9359375 0.611328125 0.015625 0.01953125
0 0.965625 0.646484375 0.015625 0.01953125
0 0.9953125 0.59375 0.015625 0.01953125
0 0.803125 0.69140625 0.015625 0.01953125
0 0.5828125 0.74609375 0.015625 0.01953125
0 0.65625 0.79296875 0.015625 0.01953125
0 0.6328125 0.744140625 0.015625 0.01953125
0 0.496875 0.904296875 0.015625 0.01953125
0 0.4671875 0.916015625 0.015625 0.01953125
0 0.3671875 0.861328125 0.015625 0.01953125
0 0.9234375 0.859375 0.015625 0.01953125
0 0.9015625 0.865234375 0.015625 0.01953125
