0 0.2765625 0.470703125 0.015625 0.01953125
0 0.265625 0.515625 0.015625 0.01953125
0 0.271875 0.54296875 0.015625 0.01953125
0 0.246875 0.56640625 0.015625 0.01953125
0 0.01875 0.66015625 0.015625 0.01953125
0 0.2390625 0.703125 0.015625 0.01953125
0 0.2796875 0.7578125 0.015625 0.01953125
0 0.3578125 0.296875 0.015625 0.01953125
0 0.415625 0.29296875 0.015625 0.01953125
0 0.4140625 0.38671875 0.015625 0.01953125
0 0.3546875 0.42578125 0.015625 0.01953125
0 0.36875 0.666015625 0.015625 0.01953125
0 0.3828125 0.572265625 0.015625 0.01953125
0 0.4421875 0.62890625 0.015625 0.01953125
0 0.359375 0.884765625 0.015625 0.01953125
0 0.459375 0.919921875 0.015625 0.01953125
0 0.4859375 0.9140625 0.015625 0.01953125
0 0.5734375 0.75390625 0.015625 0.01953125
0 0.634375 0.796875 0.015625 0.01953125
0 0.609375 0.748046875 0.015625 0.01953125
0 0.603125 0.451171875 0.015625 0.01953125
0 0.6765625 0.33203125 0.015625 0.01953125
0 0.584375 0.166015625 0.015625 0.01953125
0 0.8359375 0.30859375 0.015625 0.01953125
0 0.80625 0.453125 0.015625 0.01953125
0 0.8328125 0.46875 0.015625 0.01953125
0 0.7953125 0.6953125 0.015625 0.01953125
0 0.928125 0.623046875 0.015625 0.01953125
0 0.9609375 0.65625 0.015625 0.01953125
0 0.9890625 0.603515625 0.015625 0.01953125
0 0.890625 0.853515625 0.015625 0.01953125
0 0.909375 0.859375 0.015625 0.01953125
0 0.95625 0.072265625 0.015625 0.01953125
0 0.9421875 0.064453125 0.015625 0.01953125
0 0.0984375 0.1328125 0.015625 0.01953125
0 0.0421875 0.107421875 0.015625 0.01953125
