0 0.621875 0.953125 0.015625 0.01953125
0 0.6578125 0.9453125 0.015625 0.01953125
0 0.646875 0.982421875 0.015625 0.01953125
0 0.6890625 0.84765625 0.015625 0.01953125
0 0.8484375 0.896484375 0.015625 0.01953125
0 0.9171875 0.884765625 0.015625 0.01953125
0 0.503125 0.865234375 0.015625 0.01953125
0 0.4734375 0.82421875 0.015625 0.01953125
0 0.1484375 0.845703125 0.015625 0.01953125
0 0.0515625 0.94921875 0.015625 0.01953125
0 0.1578125 0.927734375 0.015625 0.01953125
0 0.2109375 0.947265625 0.015625 0.01953125
0 0.2390625 0.9765625 0.015625 0.01953125
0 0.1078125 0.984375 0.015625 0.01953125
0 0.6875 0.689453125 0.015625 0.01953125
0 0.7671875 0.6953125 0.015625 0.01953125
0 0.8234375 0.689453125 0.015625 0.01953125
0 0.821875 0.64453125 0.015625 0.01953125
0 0.090625 0.18359375 0.015625 0.01953125
0 0.075 0.298828125 0.015625 0.01953125
0 0.1484375 0.337890625 0.015625 0.01953125
0 0.328125 0.26171875 0.015625 0.01953125
0 0.315625 0.35546875 0.015625 0.01953125
0 0.3859375 0.341796875 0.015625 0.01953125
0 0.8578125 0.205078125 0.015625 0.01953125
0 0.88125 0.265625 0.015625 0.01953125
0 0.878125 0.3515625 0.015625 0.01953125
0 0.878125 0.404296875 0.015625 0.01953125
0 0.85 0.46875 0.015625 0.01953125
0 0.8921875 0.283203125 0.015625 0.01953125
0 0.9125 0.28515625 0.015625 0.01953125
0 0.0109375 0.66796875 0.015625 0.01953125
0 0.0703125 0.673828125 0.015625 0.01953125
0 0.0921875 0.673828125 0.015625 0.01953125
0 0.121875 0.671875 0.015625 0.01953125
0 0.2359375 0.623046875 0.015625 0.01953125
0 0.165625 0.67578125 0.015625 0.01953125
0 0.184375 0.677734375 0.015625 0.01953125
0 0.2546875 0.67578125 0.015625 0.01953125
0 0.3890625 0.720703125 0.015625 0.01953125
0 0.6484375 0.599609375 0.015625 0.01953125
0 0.24375 0.419921875 0.015625 0.01953125
