0 0.8453125 0.205078125 0.015625 0.01953125
0 0.8765625 0.27734375 0.015625 0.01953125
0 0.871875 0.373046875 0.015625 0.01953125
0 0.859375 0.404296875 0.015625 0.01953125
0 0.8328125 0.48046875 0.015625 0.01953125
0 0.8984375 0.26171875 0.015625 0.01953125
0 0.9046875 0.275390625 0.015625 0.01953125
0 0.3296875 0.267578125 0.015625 0.01953125
0 0.3171875 0.35546875 0.015625 0.01953125
0 0.3859375 0.33984375 0.015625 0.01953125
0 0.25 0.392578125 0.015625 0.01953125
0 0.1046875 0.33984375 0.015625 0.01953125
0 0.06875 0.263671875 0.015625 0.01953125
0 0.0484375 0.150390625 0.015625 0.01953125
0 0.1375 0.30859375 0.015625 0.01953125
0 0.003125 0.458984375 0.015625 0.01953125
0 0.003125 0.375 0.015625 0.01953125
0 0.0078125 0.666015625 0.015625 0.01953125
0 0.671875 0.599609375 0.015625 0.01953125
0 0.6890625 0.6953125 0.015625 0.01953125
0 0.76875 0.697265625 0.015625 0.01953125
0 0.828125 0.697265625 0.015625 0.01953125
0 0.8375 0.642578125 0.015625 0.01953125
0 0.671875 0.84375 0.015625 0.01953125
0 0.6453125 0.94140625 0.015625 0.01953125
0 0.596875 0.951171875 0.015625 0.01953125
0 0.63125 0.978515625 0.015625 0.01953125
0 0.8265625 0.892578125 0.015625 0.01953125
0 0.9 0.892578125 0.015625 0.01953125
0 0.840625 0.994140625 0.015625 0.01953125
0 0.3890625 0.72265625 0.015625 0.01953125
0 0.4453125 0.818359375 0.015625 0.01953125
0 0.478125 0.861328125 0.015625 0.01953125
0 0.134375 0.845703125 0.015625 0.01953125
0 0.134375 0.935546875 0.015625 0.01953125
0 0.19375 0.953125 0.015625 0.01953125
0 0.2171875 0.98828125 0.015625 0.01953125
0 0.034375 0.96484375 0.015625 0.01953125
0 0.1375 0.94921875 0.015625 0.01953125
0 0.0703125 0.671875 0.015625 0.01953125
0 0.090625 0.673828125 0.015625 0.01953125
0 0.121875 0.67578125 0.015625 0.01953125
0 0.1734375 0.65625 0.015625 0.01953125
0 0.184375 0.67578125 0.015625 0.01953125
0 0.2390625 0.626953125 0.015625 0.01953125
0 0.2515625 0.6796875 0.015625 0.01953125
