0 0.65625 0.84375 0.015625 0.01953125
0 0.8046875 0.8828125 0.015625 0.01953125
0 0.88125 0.89453125 0.015625 0.01953125
0 0.8484375 0.646484375 0.015625 0.01953125
0 0.70625 0.603515625 0.015625 0.01953125
0 0.6890625 0.69140625 0.015625 0.01953125
0 0.765625 0.693359375 0.015625 0.01953125
0 0.8265625 0.693359375 0.015625 0.01953125
0 0.6265625 0.9375 0.015625 0.01953125
0 0.6109375 0.97265625 0.015625 0.01953125
0 0.821875 0.98828125 0.015625 0.01953125
0 0.1078125 0.94140625 0.015625 0.01953125
0 0.10625 0.97265625 0.015625 0.01953125
0 0.13125 0.845703125 0.015625 0.01953125
0 0.175 0.958984375 0.015625 0.01953125
0 0.41875 0.822265625 0.015625 0.01953125
0 0.4515625 0.865234375 0.015625 0.01953125
0 0.559375 0.953125 0.015625 0.01953125
0 0.009375 0.96875 0.015625 0.01953125
0 0.00625 0.66796875 0.015625 0.01953125
0 0.071875 0.669921875 0.015625 0.01953125
0 0.0890625 0.666015625 0.015625 0.01953125
0 0.125 0.67578125 0.015625 0.01953125
0 0.059375 0.23046875 0.015625 0.01953125
0 0.01875 0.150390625 0.015625 0.01953125
0 0.1328125 0.2578125 0.015625 0.01953125
0 0.3328125 0.267578125 0.015625 0.01953125
0 0.38125 0.34375 0.015625 0.01953125
0 0.296875 0.36328125 0.015625 0.01953125
0 0.03125 0.453125 0.015625 0.01953125
0 0.0078125 0.3828125 0.015625 0.01953125
0 0.0921875 0.328125 0.015625 0.01953125
0 0.1546875 0.650390625 0.015625 0.01953125
0 0.2375 0.64453125 0.015625 0.01953125
0 0.2546875 0.673828125 0.015625 0.01953125
0 0.8078125 0.484375 0.015625 0.01953125
0 0.8484375 0.40625 0.015625 0.01953125
0 0.8765625 0.404296875 0.015625 0.01953125
0 0.859375 0.291015625 0.015625 0.01953125
0 0.8328125 0.19921875 0.015625 0.01953125
0 0.8984375 0.265625 0.015625 0.01953125
0 0.1984375 0.990234375 0.015625 0.01953125
0 0.3890625 0.720703125 0.015625 0.01953125
0 0.1875 0.67578125 0.015625 0.01953125
