0 0.7296875 0.853515625 0.015625 0.01953125
0 0.8234375 0.853515625 0.015625 0.01953125
0 0.8296875 0.94140625 0.015625 0.01953125
0 0.7359375 0.943359375 0.015625 0.01953125
0 0.85 0.61328125 0.015625 0.01953125
0 0.828125 0.646484375 0.015625 0.01953125
0 0.8125 0.642578125 0.015625 0.01953125
0 0.765625 0.6640625 0.015625 0.01953125
0 0.3859375 0.91796875 0.015625 0.01953125
0 0.4140625 0.599609375 0.015625 0.01953125
0 0.2765625 0.61328125 0.015625 0.01953125
0 0.3546875 0.66015625 0.015625 0.01953125
0 0.340625 0.703125 0.015625 0.01953125
0 0.2453125 0.740234375 0.015625 0.01953125
0 0.490625 0.595703125 0.015625 0.01953125
0 0.5015625 0.568359375 0.015625 0.01953125
0 0.553125 0.447265625 0.015625 0.01953125
0 0.6640625 0.462890625 0.015625 0.01953125
0 0.653125 0.55078125 0.015625 0.01953125
0 0.659375 0.587890625 0.015625 0.01953125
0 0.084375 0.501953125 0.015625 0.01953125
0 0.246875 0.45703125 0.015625 0.01953125
0 0.2796875 0.484375 0.015625 0.01953125
0 0.0359375 0.6484375 0.015625 0.01953125
0 0.0671875 0.658203125 0.015625 0.01953125
0 0.06875 0.6875 0.015625 0.01953125
0 0.059375 0.736328125 0.015625 0.01953125
0 0.0375 0.712890625 0.015625 0.01953125
0 0.1109375 0.0234375 0.015625 0.01953125
0 0.1109375 0.0625 0.015625 0.01953125
0 0.28125 0.037109375 0.015625 0.01953125
0 0.7359375 0.0234375 0.015625 0.01953125
0 0.9140625 0.22265625 0.015625 0.01953125
0 0.9234375 0.244140625 0.015625 0.01953125
0 0.9609375 0.291015625 0.015625 0.01953125
0 0.6984375 0.3125 0.015625 0.01953125
0 0.778125 0.310546875 0.015625 0.01953125
0 0.8375 0.314453125 0.015625 0.01953125
0 0.0171875 0.27734375 0.015625 0.01953125
0 0.075 0.283203125 0.015625 0.01953125
0 0.09375 0.28125 0.015625 0.01953125
0 0.409375 0.333984375 0.015625 0.01953125
0 0.2515625 0.291015625 0.015625 0.01953125
0 0.265625 0.291015625 0.015625 0.01953125
0 0.3640625 0.294921875 0.015625 0.01953125
0 0.38125 0.294921875 0.015625 0.01953125
