0 0.0265625 0.240234375 0.015625 0.01953125
0 0.0921875 0.251953125 0.015625 0.01953125
0 0.109375 0.25 0.015625 0.01953125
0 0.1140625 0.052734375 0.015625 0.01953125
0 0.1234375 0.01171875 0.015625 0.01953125
0 0.2046875 0.2578125 0.015625 0.01953125
0 0.25 0.259765625 0.015625 0.01953125
0 0.2703125 0.259765625 0.015625 0.01953125
0 0.415625 0.29296875 0.015625 0.01953125
0 0.378125 0.259765625 0.015625 0.01953125
0 0.3921875 0.259765625 0.015625 0.01953125
0 0.703125 0.2734375 0.015625 0.01953125
0 0.784375 0.27734375 0.015625 0.01953125
0 0.8421875 0.27734375 0.015625 0.01953125
0 0.921875 0.203125 0.015625 0.01953125
0 0.975 0.259765625 0.015625 0.01953125
0 0.553125 0.412109375 0.015625 0.01953125
0 0.659375 0.423828125 0.015625 0.01953125
0 0.64375 0.51171875 0.015625 0.01953125
0 0.6421875 0.546875 0.015625 0.01953125
0 0.259375 0.5859375 0.015625 0.01953125
0 0.246875 0.70703125 0.015625 0.01953125
0 0.334375 0.66015625 0.015625 0.01953125
0 0.3484375 0.625 0.015625 0.01953125
0 0.3953125 0.564453125 0.015625 0.01953125
0 0.484375 0.556640625 0.015625 0.01953125
0 0.4953125 0.533203125 0.015625 0.01953125
0 0.2734375 0.451171875 0.015625 0.01953125
0 0.2390625 0.42578125 0.015625 0.01953125
0 0.084375 0.46484375 0.015625 0.01953125
0 0.03125 0.619140625 0.015625 0.01953125
0 0.0578125 0.626953125 0.015625 0.01953125
0 0.0609375 0.65234375 0.015625 0.01953125
0 0.05 0.673828125 0.015625 0.01953125
0 0.053125 0.712890625 0.015625 0.01953125
0 0.3890625 0.8828125 0.015625 0.01953125
0 0.7390625 0.810546875 0.015625 0.01953125
0 0.7421875 0.908203125 0.015625 0.01953125
0 0.8328125 0.9140625 0.015625 0.01953125
0 0.828125 0.81640625 0.015625 0.01953125
0 0.7546875 0.625 0.015625 0.01953125
0 0.8015625 0.6171875 0.015625 0.01953125
0 0.8265625 0.6171875 0.015625 0.01953125
0 0.8484375 0.58203125 0.015625 0.01953125
