0 0.70625 0.28515625 0.015625 0.01953125
0 0.784375 0.28515625 0.015625 0.01953125
0 0.846875 0.291015625 0.015625 0.01953125
0 0.928125 0.234375 0.015625 0.01953125
0 0.9703125 0.212890625 0.015625 0.01953125
0 0.990625 0.26953125 0.015625 0.01953125
0 0.015625 0.638671875 0.015625 0.01953125
0 0.046875 0.6484375 0.015625 0.01953125
0 0.05 0.669921875 0.015625 0.01953125
0 0.034375 0.724609375 0.015625 0.01953125
0 0.0671875 0.6796875 0.015625 0.01953125
0 0.078125 0.484375 0.015625 0.01953125
0 0.2125 0.4375 0.015625 0.01953125
0 0.2484375 0.46484375 0.015625 0.01953125
0 0.225 0.609375 0.015625 0.01953125
0 0.234375 0.72265625 0.015625 0.01953125
0 0.321875 0.677734375 0.015625 0.01953125
0 0.334375 0.640625 0.015625 0.01953125
0 0.3484375 0.5703125 0.015625 0.01953125
0 0.3890625 0.896484375 0.015625 0.01953125
0 0.7390625 0.8125 0.015625 0.01953125
0 0.746875 0.91796875 0.015625 0.01953125
0 0.8296875 0.826171875 0.015625 0.01953125
0 0.840625 0.9296875 0.015625 0.01953125
0 0.7234375 0.625 0.015625 0.01953125
0 0.784375 0.62890625 0.015625 0.01953125
0 0.80625 0.6328125 0.015625 0.01953125
0 0.8375 0.60546875 0.015625 0.01953125
0 0.6234375 0.515625 0.015625 0.01953125
0 0.6078125 0.55078125 0.015625 0.01953125
0 0.4796875 0.537109375 0.015625 0.01953125
0 0.4703125 0.560546875 0.015625 0.01953125
0 0.5375 0.41796875 0.015625 0.01953125
0 0.6390625 0.427734375 0.015625 0.01953125
0 0.028125 0.251953125 0.015625 0.01953125
0 0.0984375 0.072265625 0.015625 0.01953125
0 0.4203125 0.3046875 0.015625 0.01953125
0 0.2078125 0.26171875 0.015625 0.01953125
0 0.278125 0.267578125 0.015625 0.01953125
0 0.2515625 0.267578125 0.015625 0.01953125
0 0.0921875 0.2578125 0.015625 0.01953125
0 0.1109375 0.255859375 0.015625 0.01953125
0 0.378125 0.26953125 0.015625 0.01953125
0 0.409375 0.26953125 0.015625 0.01953125
0 0.13125 0.025390625 0.015625 0.01953125
0 0.746875 0.009765625 0.015625 0.01953125
