0 0.528125 0.109375 0.015625 0.01953125
0 0.4625 0.111328125 0.015625 0.01953125
0 0.4828125 0.197265625 0.015625 0.01953125
0 0.4203125 0.232421875 0.015625 0.01953125
0 0.36875 0.25 0.015625 0.01953125
0 0.3625 0.283203125 0.015625 0.01953125
0 0.5578125 0.287109375 0.015625 0.01953125
0 0.7296875 0.23828125 0.015625 0.01953125
0 0.725 0.3125 0.015625 0.01953125
0 0.7375 0.373046875 0.015625 0.01953125
0 0.0125 0.224609375 0.015625 0.01953125
0 0.09375 0.1875 0.015625 0.01953125
0 0.1265625 0.208984375 0.015625 0.01953125
0 0.1328125 0.35546875 0.015625 0.01953125
0 0.059375 0.41015625 0.015625 0.01953125
0 0.246875 0.35546875 0.015625 0.01953125
0 0.234375 0.392578125 0.015625 0.01953125
0 0.140625 0.47265625 0.015625 0.01953125
0 0.103125 0.357421875 0.015625 0.01953125
0 0.0921875 0.794921875 0.015625 0.01953125
0 0.121875 0.81640625 0.015625 0.01953125
0 0.290625 0.74609375 0.015625 0.01953125
0 0.3875 0.580078125 0.015625 0.01953125
0 0.7234375 0.513671875 0.015625 0.01953125
0 0.728125 0.6171875 0.015625 0.01953125
0 0.7921875 0.646484375 0.015625 0.01953125
0 0.821875 0.533203125 0.015625 0.01953125
0 0.9703125 0.330078125 0.015625 0.01953125
0 0.996875 0.421875 0.015625 0.01953125
