0 0.0140625 0.177734375 0.015625 0.01953125
0 0.0875 0.142578125 0.015625 0.01953125
0 0.121875 0.162109375 0.015625 0.01953125
0 0.1203125 0.318359375 0.015625 0.01953125
0 0.0453125 0.369140625 0.015625 0.01953125
0 0.1453125 0.404296875 0.015625 0.01953125
0 0.1125 0.298828125 0.015625 0.01953125
0 0.2296875 0.33203125 0.015625 0.01953125
0 0.24375 0.298828125 0.015625 0.01953125
0 0.3515625 0.2265625 0.015625 0.01953125
0 0.365625 0.197265625 0.015625 0.01953125
0 0.4015625 0.17578125 0.015625 0.01953125
0 0.4734375 0.142578125 0.015625 0.01953125
0 0.459375 0.05859375 0.015625 0.01953125
0 0.521875 0.056640625 0.015625 0.01953125
0 0.5421875 0.232421875 0.015625 0.01953125
0 0.7328125 0.1640625 0.015625 0.01953125
0 0.725 0.2578125 0.015625 0.01953125
0 0.7421875 0.322265625 0.015625 0.01953125
0 0.7390625 0.4609375 0.015625 0.01953125
0 0.73125 0.560546875 0.015625 0.01953125
0 0.784375 0.595703125 0.015625 0.01953125
0 0.8296875 0.478515625 0.015625 0.01953125
0 0.9640625 0.255859375 0.015625 0.01953125
0 0.1 0.740234375 0.015625 0.01953125
0 0.1265625 0.767578125 0.015625 0.01953125
0 0.278125 0.634765625 0.015625 0.01953125
0 0.0453125 0.990234375 0.015625 0.01953125
0 0.39375 0.52734375 0.015625 0.01953125
0 0.521875 0.94140625 0.015625 0.01953125
0 0.73125 0.97265625 0.015625 0.01953125
