0 0.06875 0.15234375 0.015625 0.01953125
0 0.1046875 0.1640625 0.015625 0.01953125
0 0.125 0.29296875 0.015625 0.01953125
0 0.084375 0.3359375 0.015625 0.01953125
0 0.0234375 0.376953125 0.015625 0.01953125
0 0.1375 0.400390625 0.015625 0.01953125
0 0.2203125 0.330078125 0.015625 0.01953125
0 0.2328125 0.298828125 0.015625 0.01953125
0 0.3359375 0.2265625 0.015625 0.01953125
0 0.346875 0.189453125 0.015625 0.01953125
0 0.36875 0.169921875 0.015625 0.01953125
0 0.45 0.134765625 0.015625 0.01953125
0 0.4484375 0.05078125 0.015625 0.01953125
0 0.503125 0.052734375 0.015625 0.01953125
0 0.5125 0.23046875 0.015625 0.01953125
0 0.73125 0.126953125 0.015625 0.01953125
0 0.9453125 0.2421875 0.015625 0.01953125
0 0.7171875 0.240234375 0.015625 0.01953125
0 0.73125 0.326171875 0.015625 0.01953125
0 0.75625 0.455078125 0.015625 0.01953125
0 0.7296875 0.544921875 0.015625 0.01953125
0 0.803125 0.58203125 0.015625 0.01953125
0 0.834375 0.46875 0.015625 0.01953125
0 0.2328125 0.5703125 0.015625 0.01953125
0 0.396875 0.517578125 0.015625 0.01953125
0 0.5078125 0.87890625 0.015625 0.01953125
0 0.7328125 0.962890625 0.015625 0.01953125
0 0.103125 0.732421875 0.015625 0.01953125
0 0.1390625 0.75390625 0.015625 0.01953125
0 0.04375 0.982421875 0.015625 0.01953125
