0 0.240625 0.0703125 0.015625 0.01953125
0 0.2453125 0.087890625 0.015625 0.01953125
0 0.340625 0.060546875 0.015625 0.01953125
0 0.3328125 0.076171875 0.015625 0.01953125
0 0.465625 0.091796875 0.015625 0.01953125
0 0.2109375 0.14453125 0.015625 0.01953125
0 0.1421875 0.20703125 0.015625 0.01953125
0 0.084375 0.083984375 0.015625 0.01953125
0 0.159375 0.3125 0.015625 0.01953125
0 0.1796875 0.337890625 0.015625 0.01953125
0 0.278125 0.265625 0.015625 0.01953125
0 0.325 0.28515625 0.015625 0.01953125
0 0.3578125 0.294921875 0.015625 0.01953125
0 0.2125 0.359375 0.015625 0.01953125
0 0.19375 0.396484375 0.015625 0.01953125
0 0.146875 0.470703125 0.015625 0.01953125
0 0.184375 0.4921875 0.015625 0.01953125
0 0.215625 0.4921875 0.015625 0.01953125
0 0.2234375 0.51171875 0.015625 0.01953125
0 0.265625 0.537109375 0.015625 0.01953125
0 0.2265625 0.564453125 0.015625 0.01953125
0 0.0359375 0.53125 0.015625 0.01953125
0 0.003125 0.5703125 0.015625 0.01953125
0 0.0140625 0.556640625 0.015625 0.01953125
0 0.0390625 0.546875 0.015625 0.01953125
0 0.1171875 0.546875 0.015625 0.01953125
0 0.125 0.5703125 0.015625 0.01953125
0 0.003125 0.6484375 0.015625 0.01953125
0 0.03125 0.62890625 0.015625 0.01953125
0 0.0578125 0.5859375 0.015625 0.01953125
0 0.0296875 0.67578125 0.015625 0.01953125
0 0.1046875 0.638671875 0.015625 0.01953125
0 0.021875 0.763671875 0.015625 0.01953125
0 0.0375 0.78125 0.015625 0.01953125
0 0.0609375 0.802734375 0.015625 0.01953125
0 0.0390625 0.892578125 0.015625 0.01953125
0 0.146875 0.703125 0.015625 0.01953125
0 0.134375 0.68359375 0.015625 0.01953125
0 0.1171875 0.65625 0.015625 0.01953125
0 0.1671875 0.61328125 0.015625 0.01953125
0 0.3046875 0.75390625 0.015625 0.01953125
0 0.2546875 0.833984375 0.015625 0.01953125
0 0.2984375 0.87109375 0.015625 0.01953125
0 0.340625 0.822265625 0.015625 0.01953125
0 0.3265625 0.87890625 0.015625 0.01953125
0 0.403125 0.939453125 0.015625 0.01953125
0 0.43125 0.453125 0.015625 0.01953125
0 0.4421875 0.546875 0.015625 0.01953125
0 0.59375 0.6640625 0.015625 0.01953125
0 0.5640625 0.740234375 0.015625 0.01953125
0 0.546875 0.76953125 0.015625 0.01953125
0 0.846875 0.5859375 0.015625 0.01953125
0 0.9046875 0.755859375 0.015625 0.01953125
0 0.51875 0.27734375 0.015625 0.01953125
0 0.5234375 0.361328125 0.015625 0.01953125
0 0.5125 0.38671875 0.015625 0.01953125
0 0.5890625 0.2890625 0.015625 0.01953125
0 0.603125 0.251953125 0.015625 0.01953125
0 0.665625 0.169921875 0.015625 0.01953125
0 0.75 0.08203125 0.015625 0.01953125
0 0.746875 0.1015625 0.015625 0.01953125
0 0.9734375 0.08203125 0.015625 0.01953125
0 0.9703125 0.1953125 0.015625 0.01953125
0 0.6921875 0.25 0.015625 0.01953125
0 0.61875 0.3125 0.015625 0.01953125
0 0.0828125 0.126953125 0.015625 0.01953125
0 0.021875 0.25 0.015625 0.01953125
0 0.0375 0.251953125 0.015625 0.01953125
