0 0.1046875 0.09375 0.015625 0.01953125
0 0.1 0.130859375 0.015625 0.01953125
0 0.26875 0.078125 0.015625 0.01953125
0 0.265625 0.095703125 0.015625 0.01953125
0 0.184375 0.3203125 0.015625 0.01953125
0 0.1671875 0.216796875 0.015625 0.01953125
0 0.234375 0.146484375 0.015625 0.01953125
0 0.36875 0.05859375 0.015625 0.01953125
0 0.359375 0.080078125 0.015625 0.01953125
0 0.4953125 0.08984375 0.015625 0.01953125
0 0.0203125 0.5859375 0.015625 0.01953125
0 0.028125 0.56640625 0.015625 0.01953125
0 0.040625 0.560546875 0.015625 0.01953125
0 0.0578125 0.552734375 0.015625 0.01953125
0 0.2921875 0.27734375 0.015625 0.01953125
0 0.334375 0.3046875 0.015625 0.01953125
0 0.36875 0.31640625 0.015625 0.01953125
0 0.2046875 0.34375 0.015625 0.01953125
0 0.2359375 0.36328125 0.015625 0.01953125
0 0.21875 0.40234375 0.015625 0.01953125
0 0.159375 0.4921875 0.015625 0.01953125
0 0.1921875 0.51171875 0.015625 0.01953125
0 0.225 0.51953125 0.015625 0.01953125
0 0.2359375 0.533203125 0.015625 0.01953125
0 0.26875 0.5625 0.015625 0.01953125
0 0.2390625 0.58984375 0.015625 0.01953125
0 0.13125 0.568359375 0.015625 0.01953125
0 0.06875 0.59765625 0.015625 0.01953125
0 0.0453125 0.650390625 0.015625 0.01953125
0 0.0203125 0.66796875 0.015625 0.01953125
0 0.0375 0.705078125 0.015625 0.01953125
0 0.1375 0.58984375 0.015625 0.01953125
0 0.11875 0.662109375 0.015625 0.01953125
0 0.134375 0.685546875 0.015625 0.01953125
0 0.1515625 0.712890625 0.015625 0.01953125
0 0.1625 0.728515625 0.015625 0.01953125
0 0.175 0.640625 0.015625 0.01953125
0 0.0125 0.705078125 0.015625 0.01953125
0 0.0375 0.783203125 0.015625 0.01953125
0 0.05 0.791015625 0.015625 0.01953125
0 0.0734375 0.82421875 0.015625 0.01953125
0 0.0515625 0.92578125 0.015625 0.01953125
0 0.3328125 0.76953125 0.015625 0.01953125
0 0.3625 0.84375 0.015625 0.01953125
0 0.275 0.83984375 0.015625 0.01953125
0 0.321875 0.880859375 0.015625 0.01953125
0 0.35 0.8984375 0.015625 0.01953125
0 0.440625 0.935546875 0.015625 0.01953125
0 0.46875 0.572265625 0.015625 0.01953125
0 0.44375 0.46875 0.015625 0.01953125
0 0.5265625 0.40234375 0.015625 0.01953125
0 0.5328125 0.375 0.015625 0.01953125
0 0.51875 0.302734375 0.015625 0.01953125
0 0.6078125 0.26953125 0.015625 0.01953125
0 0.6015625 0.298828125 0.015625 0.01953125
0 0.66875 0.1875 0.015625 0.01953125
0 0.6921875 0.263671875 0.015625 0.01953125
0 0.6421875 0.326171875 0.015625 0.01953125
0 0.7625 0.08984375 0.015625 0.01953125
0 0.7609375 0.115234375 0.015625 0.01953125
0 0.9828125 0.083984375 0.015625 0.01953125
0 0.9765625 0.19921875 0.015625 0.01953125
0 0.5953125 0.662109375 0.015625 0.01953125
0 0.5890625 0.75390625 0.015625 0.01953125
0 0.56875 0.767578125 0.015625 0.01953125
0 0.8765625 0.607421875 0.015625 0.01953125
0 0.928125 0.78125 0.015625 0.01953125
0 0.0578125 0.259765625 0.015625 0.01953125
0 0.0390625 0.259765625 0.015625 0.01953125
