0 0.1546875 0.234375 0.015625 0.01953125
0 0.221875 0.150390625 0.015625 0.01953125
0 0.2609375 0.115234375 0.015625 0.01953125
0 0.275 0.087890625 0.015625 0.01953125
0 0.3609375 0.080078125 0.015625 0.01953125
0 0.371875 0.0625 0.015625 0.01953125
0 0.5109375 0.08984375 0.015625 0.01953125
0 0.1765625 0.333984375 0.015625 0.01953125
0 0.1984375 0.361328125 0.015625 0.01953125
0 0.215625 0.423828125 0.015625 0.01953125
0 0.23125 0.37890625 0.015625 0.01953125
0 0.2703125 0.306640625 0.015625 0.01953125
0 0.3125 0.333984375 0.015625 0.01953125
0 0.3453125 0.349609375 0.015625 0.01953125
0 0.0515625 0.26953125 0.015625 0.01953125
0 0.034375 0.26953125 0.015625 0.01953125
0 0.4234375 0.494140625 0.015625 0.01953125
0 0.5078125 0.421875 0.015625 0.01953125
0 0.515625 0.3984375 0.015625 0.01953125
0 0.48125 0.33984375 0.015625 0.01953125
0 0.5796875 0.32421875 0.015625 0.01953125
0 0.5859375 0.291015625 0.015625 0.01953125
0 0.6578125 0.287109375 0.015625 0.01953125
0 0.64375 0.208984375 0.015625 0.01953125
0 0.728125 0.12890625 0.015625 0.01953125
0 0.7421875 0.103515625 0.015625 0.01953125
0 0.959375 0.08984375 0.015625 0.01953125
0 0.9328125 0.216796875 0.015625 0.01953125
0 0.64375 0.33984375 0.015625 0.01953125
0 0.4671875 0.607421875 0.015625 0.01953125
0 0.5609375 0.66015625 0.015625 0.01953125
0 0.58125 0.76953125 0.015625 0.01953125
0 0.8703125 0.62890625 0.015625 0.01953125
0 0.9296875 0.8125 0.015625 0.01953125
0 0.5625 0.783203125 0.015625 0.01953125
0 0.3265625 0.78125 0.015625 0.01953125
0 0.26875 0.853515625 0.015625 0.01953125
0 0.31875 0.900390625 0.015625 0.01953125
0 0.3390625 0.923828125 0.015625 0.01953125
0 0.359375 0.865234375 0.015625 0.01953125
0 0.4328125 0.947265625 0.015625 0.01953125
0 0.01875 0.595703125 0.015625 0.01953125
0 0.021875 0.58203125 0.015625 0.01953125
0 0.034375 0.568359375 0.015625 0.01953125
0 0.05625 0.56640625 0.015625 0.01953125
0 0.05625 0.619140625 0.015625 0.01953125
0 0.034375 0.6875 0.015625 0.01953125
0 0.0109375 0.697265625 0.015625 0.01953125
0 0.0234375 0.75 0.015625 0.01953125
0 0.0140625 0.822265625 0.015625 0.01953125
0 0.0421875 0.822265625 0.015625 0.01953125
0 0.0640625 0.86328125 0.015625 0.01953125
0 0.040625 0.96875 0.015625 0.01953125
0 0.1453125 0.767578125 0.015625 0.01953125
0 0.1328125 0.748046875 0.015625 0.01953125
0 0.1140625 0.720703125 0.015625 0.01953125
0 0.1 0.697265625 0.015625 0.01953125
0 0.1546875 0.67578125 0.015625 0.01953125
0 0.11875 0.625 0.015625 0.01953125
0 0.109375 0.603515625 0.015625 0.01953125
0 0.1421875 0.52734375 0.015625 0.01953125
0 0.178125 0.541015625 0.015625 0.01953125
0 0.20625 0.544921875 0.015625 0.01953125
0 0.215625 0.5625 0.015625 0.01953125
0 0.2140625 0.6328125 0.015625 0.01953125
0 0.2421875 0.60546875 0.015625 0.01953125
