0 0.028125 0.271484375 0.015625 0.01953125
0 0.046875 0.275390625 0.015625 0.01953125
0 0.153125 0.23828125 0.015625 0.01953125
0 0.09375 0.138671875 0.015625 0.01953125
0 0.096875 0.107421875 0.015625 0.01953125
0 0.2140625 0.1484375 0.015625 0.01953125
0 0.2546875 0.119140625 0.015625 0.01953125
0 0.2703125 0.09375 0.015625 0.01953125
0 0.359375 0.07421875 0.015625 0.01953125
0 0.3640625 0.052734375 0.015625 0.01953125
0 0.515625 0.0859375 0.015625 0.01953125
0 0.1703125 0.341796875 0.015625 0.01953125
0 0.1875 0.357421875 0.015625 0.01953125
0 0.228125 0.380859375 0.015625 0.01953125
0 0.2078125 0.419921875 0.015625 0.01953125
0 0.25625 0.31640625 0.015625 0.01953125
0 0.2953125 0.353515625 0.015625 0.01953125
0 0.3296875 0.3671875 0.015625 0.01953125
0 0.128125 0.537109375 0.015625 0.01953125
0 0.1640625 0.5546875 0.015625 0.01953125
0 0.1921875 0.560546875 0.015625 0.01953125
0 0.2046875 0.578125 0.015625 0.01953125
0 0.225 0.626953125 0.015625 0.01953125
0 0.1953125 0.65625 0.015625 0.01953125
0 0.0140625 0.595703125 0.015625 0.01953125
0 0.0203125 0.58203125 0.015625 0.01953125
0 0.0265625 0.568359375 0.015625 0.01953125
0 0.05 0.564453125 0.015625 0.01953125
0 0.096875 0.62109375 0.015625 0.01953125
0 0.05 0.625 0.015625 0.01953125
0 0.0234375 0.703125 0.015625 0.01953125
0 0.0046875 0.7109375 0.015625 0.01953125
0 0.0125 0.767578125 0.015625 0.01953125
0 0.7296875 0.103515625 0.015625 0.01953125
0 0.7125 0.134765625 0.015625 0.01953125
0 0.6203125 0.220703125 0.015625 0.01953125
0 0.6375 0.29296875 0.015625 0.01953125
0 0.6421875 0.345703125 0.015625 0.01953125
0 0.9015625 0.2265625 0.015625 0.01953125
0 0.9390625 0.091796875 0.015625 0.01953125
0 0.56875 0.298828125 0.015625 0.01953125
0 0.565625 0.33984375 0.015625 0.01953125
0 0.4546875 0.35546875 0.015625 0.01953125
0 0.4953125 0.404296875 0.015625 0.01953125
0 0.496875 0.4296875 0.015625 0.01953125
0 0.4109375 0.5078125 0.015625 0.01953125
0 0.459375 0.623046875 0.015625 0.01953125
0 0.54375 0.662109375 0.015625 0.01953125
0 0.5796875 0.771484375 0.015625 0.01953125
0 0.5609375 0.783203125 0.015625 0.01953125
0 0.859375 0.626953125 0.015625 0.01953125
0 0.9484375 0.818359375 0.015625 0.01953125
0 0.321875 0.783203125 0.015625 0.01953125
0 0.2671875 0.859375 0.015625 0.01953125
0 0.30625 0.912109375 0.015625 0.01953125
0 0.3546875 0.873046875 0.015625 0.01953125
0 0.3328125 0.93359375 0.015625 0.01953125
0 0.4296875 0.947265625 0.015625 0.01953125
0 0.0921875 0.71484375 0.015625 0.01953125
0 0.1046875 0.732421875 0.015625 0.01953125
0 0.11875 0.765625 0.015625 0.01953125
0 0.1328125 0.779296875 0.015625 0.01953125
0 0.1390625 0.693359375 0.015625 0.01953125
0 0.021875 0.826171875 0.015625 0.01953125
0 0.0375 0.833984375 0.015625 0.01953125
0 0.0484375 0.88671875 0.015625 0.01953125
0 0.0265625 0.9921875 0.015625 0.01953125
