0 0.8640625 0.126953125 0.015625 0.01953125
0 0.8859375 0.1484375 0.015625 0.01953125
0 0.9046875 0.169921875 0.015625 0.01953125
0 0.8140625 0.083984375 0.015625 0.01953125
0 0.8109375 0.271484375 0.015625 0.01953125
0 0.7 0.109375 0.015625 0.01953125
0 0.6859375 0.125 0.015625 0.01953125
0 0.590625 0.083984375 0.015625 0.01953125
0 0.5671875 0.091796875 0.015625 0.01953125
0 0.5234375 0.064453125 0.015625 0.01953125
0 0.4296875 0.1015625 0.015625 0.01953125
0 0.3921875 0.193359375 0.015625 0.01953125
0 0.3984375 0.2265625 0.015625 0.01953125
0 0.4078125 0.26953125 0.015625 0.01953125
0 0.4421875 0.3046875 0.015625 0.01953125
0 0.46875 0.341796875 0.015625 0.01953125
0 0.446875 0.248046875 0.015625 0.01953125
0 0.378125 0.287109375 0.015625 0.01953125
0 0.553125 0.41796875 0.015625 0.01953125
0 0.5921875 0.494140625 0.015625 0.01953125
0 0.578125 0.515625 0.015625 0.01953125
0 0.471875 0.51171875 0.015625 0.01953125
0 0.2296875 0.31640625 0.015625 0.01953125
0 0.2484375 0.359375 0.015625 0.01953125
0 0.2671875 0.384765625 0.015625 0.01953125
0 0.26875 0.412109375 0.015625 0.01953125
0 0.16875 0.255859375 0.015625 0.01953125
0 0.153125 0.26953125 0.015625 0.01953125
0 0.1359375 0.279296875 0.015625 0.01953125
0 0.184375 0.283203125 0.015625 0.01953125
0 0.1375 0.322265625 0.015625 0.01953125
0 0.159375 0.361328125 0.015625 0.01953125
0 0.15625 0.3828125 0.015625 0.01953125
0 0.0796875 0.326171875 0.015625 0.01953125
0 0.0234375 0.30859375 0.015625 0.01953125
0 0.03125 0.365234375 0.015625 0.01953125
0 0.053125 0.37109375 0.015625 0.01953125
0 0.0734375 0.37890625 0.015625 0.01953125
0 0.0140625 0.423828125 0.015625 0.01953125
0 0.00625 0.46875 0.015625 0.01953125
0 0.015625 0.4921875 0.015625 0.01953125
0 0.1078125 0.44140625 0.015625 0.01953125
0 0.1125 0.47265625 0.015625 0.01953125
0 0.10625 0.5 0.015625 0.01953125
0 0.1109375 0.525390625 0.015625 0.01953125
0 0.1546875 0.462890625 0.015625 0.01953125
0 0.209375 0.47265625 0.015625 0.01953125
0 0.2453125 0.46875 0.015625 0.01953125
0 0.6734375 0.486328125 0.015625 0.01953125
0 0.6984375 0.466796875 0.015625 0.01953125
0 0.7390625 0.5 0.015625 0.01953125
0 0.290625 0.662109375 0.015625 0.01953125
0 0.20625 0.671875 0.015625 0.01953125
0 0.1890625 0.748046875 0.015625 0.01953125
0 0.25625 0.7734375 0.015625 0.01953125
0 0.209375 0.80078125 0.015625 0.01953125
0 0.275 0.875 0.015625 0.01953125
0 0.0796875 0.859375 0.015625 0.01953125
0 0.134375 0.982421875 0.015625 0.01953125
0 0.28125 0.984375 0.015625 0.01953125
0 0.4953125 0.845703125 0.015625 0.01953125
0 0.46875 0.841796875 0.015625 0.01953125
0 0.4921875 0.71484375 0.015625 0.01953125
0 0.4546875 0.677734375 0.015625 0.01953125
0 0.784375 0.935546875 0.015625 0.01953125
0 0.7578125 0.576171875 0.015625 0.01953125
0 0.95625 0.6328125 0.015625 0.01953125
0 0.8921875 0.435546875 0.015625 0.01953125
0 0.928125 0.431640625 0.015625 0.01953125
0 0.7671875 0.43359375 0.015625 0.01953125
0 0.3234375 0.05078125 0.015625 0.01953125
0 0.3125 0.0390625 0.015625 0.01953125
