0 0.3890625 0.19140625 0.015625 0.01953125
0 0.396875 0.220703125 0.015625 0.01953125
0 0.40625 0.265625 0.015625 0.01953125
0 0.43125 0.3046875 0.015625 0.01953125
0 0.4515625 0.341796875 0.015625 0.01953125
0 0.378125 0.28515625 0.015625 0.01953125
0 0.4328125 0.2421875 0.015625 0.01953125
0 0.1375 0.2734375 0.015625 0.01953125
0 0.1484375 0.267578125 0.015625 0.01953125
0 0.1671875 0.25 0.015625 0.01953125
0 0.2140625 0.3203125 0.015625 0.01953125
0 0.234375 0.361328125 0.015625 0.01953125
0 0.253125 0.390625 0.015625 0.01953125
0 0.2546875 0.4140625 0.015625 0.01953125
0 0.1828125 0.275390625 0.015625 0.01953125
0 0.13125 0.318359375 0.015625 0.01953125
0 0.0859375 0.318359375 0.015625 0.01953125
0 0.0203125 0.3046875 0.015625 0.01953125
0 0.146875 0.359375 0.015625 0.01953125
0 0.14375 0.37890625 0.015625 0.01953125
0 0.140625 0.466796875 0.015625 0.01953125
0 0.1015625 0.447265625 0.015625 0.01953125
0 0.1 0.47265625 0.015625 0.01953125
0 0.0921875 0.501953125 0.015625 0.01953125
0 0.1890625 0.474609375 0.015625 0.01953125
0 0.2265625 0.46875 0.015625 0.01953125
0 0.090625 0.5234375 0.015625 0.01953125
0 0.05625 0.3828125 0.015625 0.01953125
0 0.0421875 0.37109375 0.015625 0.01953125
0 0.021875 0.357421875 0.015625 0.01953125
0 0.0046875 0.494140625 0.015625 0.01953125
0 0.5328125 0.408203125 0.015625 0.01953125
0 0.4203125 0.09765625 0.015625 0.01953125
0 0.525 0.0546875 0.015625 0.01953125
0 0.3234375 0.041015625 0.015625 0.01953125
0 0.3109375 0.029296875 0.015625 0.01953125
0 0.56875 0.08984375 0.015625 0.01953125
0 0.5875 0.08203125 0.015625 0.01953125
0 0.703125 0.09765625 0.015625 0.01953125
0 0.690625 0.111328125 0.015625 0.01953125
0 0.8109375 0.078125 0.015625 0.01953125
0 0.8609375 0.123046875 0.015625 0.01953125
0 0.88125 0.14453125 0.015625 0.01953125
0 0.903125 0.1640625 0.015625 0.01953125
0 0.8234375 0.271484375 0.015625 0.01953125
0 0.58125 0.484375 0.015625 0.01953125
0 0.6796875 0.453125 0.015625 0.01953125
0 0.7546875 0.419921875 0.015625 0.01953125
0 0.8796875 0.42578125 0.015625 0.01953125
0 0.9234375 0.421875 0.015625 0.01953125
0 0.721875 0.484375 0.015625 0.01953125
0 0.6625 0.482421875 0.015625 0.01953125
0 0.5640625 0.5078125 0.015625 0.01953125
0 0.459375 0.5078125 0.015625 0.01953125
0 0.753125 0.57421875 0.015625 0.01953125
0 0.921875 0.609375 0.015625 0.01953125
0 0.2078125 0.66796875 0.015625 0.01953125
0 0.290625 0.65625 0.015625 0.01953125
0 0.1765625 0.73828125 0.015625 0.01953125
0 0.203125 0.787109375 0.015625 0.01953125
0 0.2453125 0.77734375 0.015625 0.01953125
0 0.26875 0.873046875 0.015625 0.01953125
0 0.078125 0.85546875 0.015625 0.01953125
0 0.1375 0.974609375 0.015625 0.01953125
0 0.2765625 0.98046875 0.015625 0.01953125
0 0.440625 0.685546875 0.015625 0.01953125
0 0.48125 0.712890625 0.015625 0.01953125
0 0.4640625 0.8359375 0.015625 0.01953125
0 0.490625 0.841796875 0.015625 0.01953125
0 0.7796875 0.923828125 0.015625 0.01953125
