0 0.5265625 0.044921875 0.015625 0.01953125
0 0.5671875 0.087890625 0.015625 0.01953125
0 0.5859375 0.076171875 0.015625 0.01953125
0 0.7078125 0.09375 0.015625 0.01953125
0 0.69375 0.109375 0.015625 0.01953125
0 0.8140625 0.076171875 0.015625 0.01953125
0 0.8625 0.125 0.015625 0.01953125
0 0.88125 0.140625 0.015625 0.01953125
0 0.903125 0.1640625 0.015625 0.01953125
0 0.8359375 0.26953125 0.015625 0.01953125
0 0.43125 0.69921875 0.015625 0.01953125
0 0.475 0.71875 0.015625 0.01953125
0 0.4640625 0.83203125 0.015625 0.01953125
0 0.490625 0.84375 0.015625 0.01953125
0 0.790625 0.91796875 0.015625 0.01953125
0 0.753125 0.576171875 0.015625 0.01953125
0 0.896875 0.59375 0.015625 0.01953125
0 0.9125 0.4140625 0.015625 0.01953125
0 0.865625 0.41796875 0.015625 0.01953125
0 0.7359375 0.4140625 0.015625 0.01953125
0 0.7046875 0.466796875 0.015625 0.01953125
0 0.6640625 0.451171875 0.015625 0.01953125
0 0.6484375 0.474609375 0.015625 0.01953125
0 0.56875 0.478515625 0.015625 0.01953125
0 0.5546875 0.5 0.015625 0.01953125
0 0.446875 0.50390625 0.015625 0.01953125
0 0.5078125 0.412109375 0.015625 0.01953125
0 0.4359375 0.34375 0.015625 0.01953125
0 0.415625 0.30859375 0.015625 0.01953125
0 0.3765625 0.283203125 0.015625 0.01953125
0 0.4046875 0.267578125 0.015625 0.01953125
0 0.4234375 0.2421875 0.015625 0.01953125
0 0.39375 0.224609375 0.015625 0.01953125
0 0.3875 0.19140625 0.015625 0.01953125
0 0.421875 0.099609375 0.015625 0.01953125
0 0.3234375 0.044921875 0.015625 0.01953125
0 0.3109375 0.033203125 0.015625 0.01953125
0 0.1671875 0.244140625 0.015625 0.01953125
0 0.1828125 0.275390625 0.015625 0.01953125
0 0.2015625 0.3203125 0.015625 0.01953125
0 0.2203125 0.359375 0.015625 0.01953125
0 0.2390625 0.384765625 0.015625 0.01953125
0 0.2421875 0.408203125 0.015625 0.01953125
0 0.1328125 0.271484375 0.015625 0.01953125
0 0.146875 0.265625 0.015625 0.01953125
0 0.096875 0.30859375 0.015625 0.01953125
0 0.125 0.31640625 0.015625 0.01953125
0 0.128125 0.361328125 0.015625 0.01953125
0 0.1328125 0.384765625 0.015625 0.01953125
0 0.021875 0.30859375 0.015625 0.01953125
0 0.01875 0.357421875 0.015625 0.01953125
0 0.034375 0.376953125 0.015625 0.01953125
0 0.05 0.392578125 0.015625 0.01953125
0 0.078125 0.4453125 0.015625 0.01953125
0 0.203125 0.47265625 0.015625 0.01953125
0 0.165625 0.486328125 0.015625 0.01953125
0 0.128125 0.4609375 0.015625 0.01953125
0 0.0890625 0.4765625 0.015625 0.01953125
0 0.078125 0.51171875 0.015625 0.01953125
0 0.08125 0.52734375 0.015625 0.01953125
0 0.203125 0.66796875 0.015625 0.01953125
0 0.2890625 0.65234375 0.015625 0.01953125
0 0.2390625 0.78125 0.015625 0.01953125
0 0.1671875 0.740234375 0.015625 0.01953125
0 0.19375 0.794921875 0.015625 0.01953125
0 0.2640625 0.873046875 0.015625 0.01953125
0 0.0765625 0.85546875 0.015625 0.01953125
0 0.1359375 0.978515625 0.015625 0.01953125
0 0.2828125 0.9765625 0.015625 0.01953125
