0 0.0140625 0.369140625 0.015625 0.01953125
0 0.1203125 0.36328125 0.015625 0.01953125
0 0.140625 0.359375 0.015625 0.01953125
0 0.15 0.408203125 0.015625 0.01953125
0 0.165625 0.400390625 0.015625 0.01953125
0 0.0046875 0.677734375 0.015625 0.01953125
0 0.053125 0.7265625 0.015625 0.01953125
0 0.18125 0.71484375 0.015625 0.01953125
0 0.1875 0.7421875 0.015625 0.01953125
0 0.175 0.50390625 0.015625 0.01953125
0 0.1609375 0.580078125 0.015625 0.01953125
0 0.28125 0.58984375 0.015625 0.01953125
0 0.278125 0.568359375 0.015625 0.01953125
0 0.240625 0.537109375 0.015625 0.01953125
0 0.23125 0.505859375 0.015625 0.01953125
0 0.2828125 0.375 0.015625 0.01953125
0 0.2921875 0.4140625 0.015625 0.01953125
0 0.2984375 0.431640625 0.015625 0.01953125
0 0.2953125 0.498046875 0.015625 0.01953125
0 0.3078125 0.466796875 0.015625 0.01953125
0 0.30625 0.533203125 0.015625 0.01953125
0 0.3234375 0.568359375 0.015625 0.01953125
0 0.3578125 0.55078125 0.015625 0.01953125
0 0.3515625 0.412109375 0.015625 0.01953125
0 0.359375 0.427734375 0.015625 0.01953125
0 0.396875 0.775390625 0.015625 0.01953125
0 0.3734375 0.8046875 0.015625 0.01953125
0 0.378125 0.865234375 0.015625 0.01953125
0 0.415625 0.798828125 0.015625 0.01953125
0 0.4625 0.83984375 0.015625 0.01953125
0 0.428125 0.986328125 0.015625 0.01953125
0 0.54375 0.896484375 0.015625 0.01953125
0 0.70625 0.908203125 0.015625 0.01953125
0 0.6140625 0.697265625 0.015625 0.01953125
0 0.503125 0.736328125 0.015625 0.01953125
0 0.46875 0.466796875 0.015625 0.01953125
0 0.471875 0.4375 0.015625 0.01953125
0 0.4484375 0.41796875 0.015625 0.01953125
0 0.409375 0.34375 0.015625 0.01953125
0 0.38125 0.3046875 0.015625 0.01953125
0 0.4390625 0.314453125 0.015625 0.01953125
0 0.7984375 0.9140625 0.015625 0.01953125
0 0.7734375 0.904296875 0.015625 0.01953125
0 0.678125 0.5703125 0.015625 0.01953125
0 0.7984375 0.564453125 0.015625 0.01953125
0 0.8125 0.546875 0.015625 0.01953125
0 0.8875 0.5390625 0.015625 0.01953125
0 0.896875 0.51953125 0.015625 0.01953125
0 0.875 0.46484375 0.015625 0.01953125
0 0.9375 0.46875 0.015625 0.01953125
0 0.7375 0.34375 0.015625 0.01953125
0 0.7765625 0.33203125 0.015625 0.01953125
0 0.765625 0.291015625 0.015625 0.01953125
0 0.765625 0.251953125 0.015625 0.01953125
0 0.690625 0.2890625 0.015625 0.01953125
0 0.6453125 0.453125 0.015625 0.01953125
0 0.6515625 0.39453125 0.015625 0.01953125
0 0.628125 0.36328125 0.015625 0.01953125
0 0.596875 0.328125 0.015625 0.01953125
0 0.546875 0.298828125 0.015625 0.01953125
0 0.5046875 0.287109375 0.015625 0.01953125
0 0.5359375 0.255859375 0.015625 0.01953125
0 0.803125 0.16796875 0.015625 0.01953125
0 0.95 0.189453125 0.015625 0.01953125
0 0.9625 0.171875 0.015625 0.01953125
0 0.7140625 0.09375 0.015625 0.01953125
0 0.7015625 0.078125 0.015625 0.01953125
