0 0.7125 0.083984375 0.015625 0.01953125
0 0.7234375 0.09765625 0.015625 0.01953125
0 0.809375 0.16796875 0.015625 0.01953125
0 0.9703125 0.171875 0.015625 0.01953125
0 0.9578125 0.19140625 0.015625 0.01953125
0 0.7734375 0.255859375 0.015625 0.01953125
0 0.7765625 0.291015625 0.015625 0.01953125
0 0.7875 0.337890625 0.015625 0.01953125
0 0.7515625 0.34765625 0.015625 0.01953125
0 0.6921875 0.294921875 0.015625 0.01953125
0 0.8671875 0.462890625 0.015625 0.01953125
0 0.93125 0.466796875 0.015625 0.01953125
0 0.9 0.521484375 0.015625 0.01953125
0 0.884375 0.537109375 0.015625 0.01953125
0 0.809375 0.55078125 0.015625 0.01953125
0 0.79375 0.564453125 0.015625 0.01953125
0 0.80625 0.91796875 0.015625 0.01953125
0 0.78125 0.912109375 0.015625 0.01953125
0 0.7125 0.94140625 0.015625 0.01953125
0 0.3734375 0.7890625 0.015625 0.01953125
0 0.4015625 0.78125 0.015625 0.01953125
0 0.4171875 0.80078125 0.015625 0.01953125
0 0.3859375 0.87109375 0.015625 0.01953125
0 0.4609375 0.8359375 0.015625 0.01953125
0 0.5546875 0.900390625 0.015625 0.01953125
0 0.4359375 0.986328125 0.015625 0.01953125
0 0.5109375 0.75 0.015625 0.01953125
0 0.621875 0.69921875 0.015625 0.01953125
0 0.6765625 0.576171875 0.015625 0.01953125
0 0.6359375 0.4609375 0.015625 0.01953125
0 0.646875 0.392578125 0.015625 0.01953125
0 0.6234375 0.359375 0.015625 0.01953125
0 0.6234375 0.33203125 0.015625 0.01953125
0 0.5625 0.298828125 0.015625 0.01953125
0 0.5203125 0.28515625 0.015625 0.01953125
0 0.509375 0.294921875 0.015625 0.01953125
0 0.546875 0.248046875 0.015625 0.01953125
0 0.3875 0.306640625 0.015625 0.01953125
0 0.4375 0.310546875 0.015625 0.01953125
0 0.4125 0.34765625 0.015625 0.01953125
0 0.4359375 0.42578125 0.015625 0.01953125
0 0.4640625 0.447265625 0.015625 0.01953125
0 0.465625 0.474609375 0.015625 0.01953125
0 0.35 0.560546875 0.015625 0.01953125
0 0.315625 0.58203125 0.015625 0.01953125
0 0.275 0.599609375 0.015625 0.01953125
0 0.275 0.576171875 0.015625 0.01953125
0 0.3015625 0.548828125 0.015625 0.01953125
0 0.29375 0.5078125 0.015625 0.01953125
0 0.303125 0.47265625 0.015625 0.01953125
0 0.2984375 0.439453125 0.015625 0.01953125
0 0.290625 0.421875 0.015625 0.01953125
0 0.284375 0.3828125 0.015625 0.01953125
0 0.346875 0.419921875 0.015625 0.01953125
0 0.35 0.4375 0.015625 0.01953125
0 0.1796875 0.412109375 0.015625 0.01953125
0 0.159375 0.421875 0.015625 0.01953125
0 0.16875 0.521484375 0.015625 0.01953125
0 0.234375 0.515625 0.015625 0.01953125
0 0.2390625 0.541015625 0.015625 0.01953125
0 0.1546875 0.58984375 0.015625 0.01953125
0 0.1984375 0.705078125 0.015625 0.01953125
0 0.196875 0.736328125 0.015625 0.01953125
0 0.05 0.74609375 0.015625 0.01953125
0 0.13125 0.37109375 0.015625 0.01953125
0 0.1515625 0.361328125 0.015625 0.01953125
0 0.0046875 0.693359375 0.015625 0.01953125
0 0.028125 0.37109375 0.015625 0.01953125
