0 0.0234375 0.751953125 0.015625 0.01953125
0 0.19375 0.716796875 0.015625 0.01953125
0 0.1953125 0.689453125 0.015625 0.01953125
0 0.1265625 0.591796875 0.015625 0.01953125
0 0.1390625 0.521484375 0.015625 0.01953125
0 0.3625 0.767578125 0.015625 0.01953125
0 0.378125 0.77734375 0.015625 0.01953125
0 0.396875 0.794921875 0.015625 0.01953125
0 0.4375 0.830078125 0.015625 0.01953125
0 0.3671875 0.86328125 0.015625 0.01953125
0 0.4234375 0.984375 0.015625 0.01953125
0 0.54375 0.89453125 0.015625 0.01953125
0 0.4953125 0.755859375 0.015625 0.01953125
0 0.703125 0.966796875 0.015625 0.01953125
0 0.7703125 0.90625 0.015625 0.01953125
0 0.7953125 0.9140625 0.015625 0.01953125
0 0.6078125 0.6953125 0.015625 0.01953125
0 0.6515625 0.572265625 0.015625 0.01953125
0 0.7734375 0.55859375 0.015625 0.01953125
0 0.7875 0.541015625 0.015625 0.01953125
0 0.8609375 0.529296875 0.015625 0.01953125
0 0.8734375 0.509765625 0.015625 0.01953125
0 0.903125 0.455078125 0.015625 0.01953125
0 0.834375 0.447265625 0.015625 0.01953125
0 0.775 0.33203125 0.015625 0.01953125
0 0.7359375 0.34375 0.015625 0.01953125
0 0.7640625 0.28515625 0.015625 0.01953125
0 0.7625 0.25 0.015625 0.01953125
0 0.6234375 0.330078125 0.015625 0.01953125
0 0.59375 0.35546875 0.015625 0.01953125
0 0.621875 0.388671875 0.015625 0.01953125
0 0.5984375 0.455078125 0.015625 0.01953125
0 0.44375 0.46875 0.015625 0.01953125
0 0.4390625 0.447265625 0.015625 0.01953125
0 0.415625 0.427734375 0.015625 0.01953125
0 0.3953125 0.345703125 0.015625 0.01953125
0 0.375 0.302734375 0.015625 0.01953125
0 0.409375 0.296875 0.015625 0.01953125
0 0.5015625 0.28515625 0.015625 0.01953125
0 0.5453125 0.296875 0.015625 0.01953125
0 0.26875 0.380859375 0.015625 0.01953125
0 0.1171875 0.3671875 0.015625 0.01953125
0 0.1390625 0.36328125 0.015625 0.01953125
0 0.153125 0.423828125 0.015625 0.01953125
0 0.1671875 0.41796875 0.015625 0.01953125
0 0.26875 0.419921875 0.015625 0.01953125
0 0.2765625 0.44140625 0.015625 0.01953125
0 0.271875 0.47265625 0.015625 0.01953125
0 0.265625 0.51171875 0.015625 0.01953125
0 0.321875 0.419921875 0.015625 0.01953125
0 0.3265625 0.435546875 0.015625 0.01953125
0 0.2796875 0.546875 0.015625 0.01953125
0 0.2890625 0.5859375 0.015625 0.01953125
0 0.3171875 0.5625 0.015625 0.01953125
0 0.25 0.59765625 0.015625 0.01953125
0 0.246875 0.578125 0.015625 0.01953125
0 0.215625 0.5390625 0.015625 0.01953125
0 0.215625 0.5078125 0.015625 0.01953125
0 0.803125 0.162109375 0.015625 0.01953125
0 0.946875 0.185546875 0.015625 0.01953125
0 0.9609375 0.16796875 0.015625 0.01953125
0 0.709375 0.091796875 0.015625 0.01953125
0 0.7 0.076171875 0.015625 0.01953125
