0 0.284375 0.203125 0.015625 0.01953125
0 0.2984375 0.21484375 0.015625 0.01953125
0 0.25625 0.294921875 0.015625 0.01953125
0 0.28125 0.28125 0.015625 0.01953125
0 0.309375 0.26953125 0.015625 0.01953125
0 0.353125 0.234375 0.015625 0.01953125
0 0.346875 0.255859375 0.015625 0.01953125
0 0.303125 0.119140625 0.015625 0.01953125
0 0.2890625 0.107421875 0.015625 0.01953125
0 0.93125 0.453125 0.015625 0.01953125
0 0.8546875 0.490234375 0.015625 0.01953125
0 0.7921875 0.541015625 0.015625 0.01953125
0 0.009375 0.73828125 0.015625 0.01953125
0 0.0234375 0.7578125 0.015625 0.01953125
0 0.0265625 0.7890625 0.015625 0.01953125
0 0.0359375 0.751953125 0.015625 0.01953125
0 0.053125 0.767578125 0.015625 0.01953125
0 0.228125 0.810546875 0.015625 0.01953125
0 0.0953125 0.947265625 0.015625 0.01953125
0 0.059375 0.978515625 0.015625 0.01953125
0 0.321875 0.939453125 0.015625 0.01953125
0 0.375 0.8359375 0.015625 0.01953125
0 0.3765625 0.703125 0.015625 0.01953125
0 0.2984375 0.677734375 0.015625 0.01953125
0 0.24375 0.66015625 0.015625 0.01953125
0 0.2796875 0.634765625 0.015625 0.01953125
0 0.275 0.607421875 0.015625 0.01953125
0 0.5203125 0.720703125 0.015625 0.01953125
0 0.58125 0.638671875 0.015625 0.01953125
0 0.6890625 0.71484375 0.015625 0.01953125
0 0.6984375 0.71484375 0.015625 0.01953125
0 0.7765625 0.755859375 0.015625 0.01953125
0 0.790625 0.75 0.015625 0.01953125
0 0.7734375 0.650390625 0.015625 0.01953125
0 0.8359375 0.71875 0.015625 0.01953125
0 0.73125 0.498046875 0.015625 0.01953125
0 0.8265625 0.564453125 0.015625 0.01953125
0 0.840625 0.517578125 0.015625 0.01953125
0 0.746875 0.431640625 0.015625 0.01953125
0 0.6328125 0.31640625 0.015625 0.01953125
0 0.64375 0.3203125 0.015625 0.01953125
0 0.6515625 0.361328125 0.015625 0.01953125
0 0.6671875 0.3671875 0.015625 0.01953125
0 0.6375 0.3984375 0.015625 0.01953125
0 0.64375 0.453125 0.015625 0.01953125
0 0.4578125 0.357421875 0.015625 0.01953125
0 0.465625 0.37890625 0.015625 0.01953125
0 0.4609375 0.40234375 0.015625 0.01953125
0 0.5015625 0.265625 0.015625 0.01953125
0 0.5359375 0.220703125 0.015625 0.01953125
0 0.5234375 0.240234375 0.015625 0.01953125
0 0.3859375 0.27734375 0.015625 0.01953125
0 0.3828125 0.294921875 0.015625 0.01953125
0 0.2984375 0.3125 0.015625 0.01953125
0 0.2953125 0.34375 0.015625 0.01953125
0 0.296875 0.37890625 0.015625 0.01953125
0 0.265625 0.37890625 0.015625 0.01953125
0 0.240625 0.3671875 0.015625 0.01953125
0 0.2484375 0.345703125 0.015625 0.01953125
0 0.2296875 0.41015625 0.015625 0.01953125
0 0.2078125 0.419921875 0.015625 0.01953125
0 0.15 0.267578125 0.015625 0.01953125
0 0.1796875 0.224609375 0.015625 0.01953125
0 0.3140625 0.560546875 0.015625 0.01953125
0 0.9953125 0.83984375 0.015625 0.01953125
0 0.64375 0.115234375 0.015625 0.01953125
0 0.89375 0.328125 0.015625 0.01953125
0 0.89375 0.306640625 0.015625 0.01953125
0 0.0875 0.048828125 0.015625 0.01953125
