0 0.678125 0.69921875 0.015625 0.01953125
0 0.6984375 0.697265625 0.015625 0.01953125
0 0.090625 0.03515625 0.015625 0.01953125
0 0.1359375 0.00390625 0.015625 0.01953125
0 0.284375 0.099609375 0.015625 0.01953125
0 0.296875 0.119140625 0.015625 0.01953125
0 0.6421875 0.107421875 0.015625 0.01953125
0 0.8921875 0.30078125 0.015625 0.01953125
0 0.8921875 0.31640625 0.015625 0.01953125
0 0.93125 0.44921875 0.015625 0.01953125
0 0.85625 0.486328125 0.015625 0.01953125
0 0.8375 0.51171875 0.015625 0.01953125
0 0.825 0.556640625 0.015625 0.01953125
0 0.790625 0.537109375 0.015625 0.01953125
0 0.7390625 0.501953125 0.015625 0.01953125
0 0.7609375 0.6328125 0.015625 0.01953125
0 0.8203125 0.703125 0.015625 0.01953125
0 0.9828125 0.81640625 0.015625 0.01953125
0 0.878125 0.91796875 0.015625 0.01953125
0 0.3765625 0.8203125 0.015625 0.01953125
0 0.5171875 0.71484375 0.015625 0.01953125
0 0.571875 0.626953125 0.015625 0.01953125
0 0.325 0.9375 0.015625 0.01953125
0 0.2265625 0.8046875 0.015625 0.01953125
0 0.365625 0.701171875 0.015625 0.01953125
0 0.0515625 0.978515625 0.015625 0.01953125
0 0.1078125 0.935546875 0.015625 0.01953125
0 0.2296875 0.650390625 0.015625 0.01953125
0 0.2890625 0.662109375 0.015625 0.01953125
0 0.26875 0.623046875 0.015625 0.01953125
0 0.2625 0.59375 0.015625 0.01953125
0 0.315625 0.544921875 0.015625 0.01953125
0 0.0109375 0.728515625 0.015625 0.01953125
0 0.021875 0.751953125 0.015625 0.01953125
0 0.0328125 0.73828125 0.015625 0.01953125
0 0.028125 0.78125 0.015625 0.01953125
0 0.053125 0.759765625 0.015625 0.01953125
0 0.2125 0.404296875 0.015625 0.01953125
0 0.2390625 0.396484375 0.015625 0.01953125
0 0.2453125 0.3671875 0.015625 0.01953125
0 0.28125 0.36328125 0.015625 0.01953125
0 0.221875 0.353515625 0.015625 0.01953125
0 0.2296875 0.326171875 0.015625 0.01953125
0 0.2765625 0.333984375 0.015625 0.01953125
0 0.2828125 0.3046875 0.015625 0.01953125
0 0.246875 0.287109375 0.015625 0.01953125
0 0.2703125 0.27734375 0.015625 0.01953125
0 0.3390625 0.25 0.015625 0.01953125
0 0.34375 0.21875 0.015625 0.01953125
0 0.28125 0.2109375 0.015625 0.01953125
0 0.2953125 0.220703125 0.015625 0.01953125
0 0.1640625 0.2109375 0.015625 0.01953125
0 0.13125 0.25390625 0.015625 0.01953125
0 0.528125 0.19921875 0.015625 0.01953125
0 0.528125 0.2265625 0.015625 0.01953125
0 0.4953125 0.25 0.015625 0.01953125
0 0.7359375 0.4140625 0.015625 0.01953125
0 0.6296875 0.431640625 0.015625 0.01953125
0 0.55 0.466796875 0.015625 0.01953125
0 0.446875 0.388671875 0.015625 0.01953125
0 0.4578125 0.3671875 0.015625 0.01953125
0 0.4390625 0.33984375 0.015625 0.01953125
0 0.3734375 0.267578125 0.015625 0.01953125
0 0.36875 0.2890625 0.015625 0.01953125
0 0.625 0.310546875 0.015625 0.01953125
0 0.6375 0.31640625 0.015625 0.01953125
0 0.65 0.3515625 0.015625 0.01953125
0 0.665625 0.35546875 0.015625 0.01953125
0 0.6296875 0.380859375 0.015625 0.01953125
0 0.7671875 0.740234375 0.015625 0.01953125
0 0.784375 0.728515625 0.015625 0.01953125
0 0.709375 0.2890625 0.015625 0.01953125
