0 0.10625 0.0234375 0.015625 0.01953125
0 0.1328125 0.205078125 0.015625 0.01953125
0 0.109375 0.244140625 0.015625 0.01953125
0 0.0109375 0.728515625 0.015625 0.01953125
0 0.028125 0.74609375 0.015625 0.01953125
0 0.01875 0.755859375 0.015625 0.01953125
0 0.05625 0.763671875 0.015625 0.01953125
0 0.028125 0.78125 0.015625 0.01953125
0 0.0984375 0.95703125 0.015625 0.01953125
0 0.0484375 0.99609375 0.015625 0.01953125
0 0.2421875 0.5859375 0.015625 0.01953125
0 0.2203125 0.646484375 0.015625 0.01953125
0 0.253125 0.615234375 0.015625 0.01953125
0 0.2703125 0.650390625 0.015625 0.01953125
0 0.2234375 0.806640625 0.015625 0.01953125
0 0.3515625 0.72265625 0.015625 0.01953125
0 0.3875 0.822265625 0.015625 0.01953125
0 0.321875 0.9375 0.015625 0.01953125
0 0.5171875 0.716796875 0.015625 0.01953125
0 0.203125 0.373046875 0.015625 0.01953125
0 0.190625 0.34765625 0.015625 0.01953125
0 0.1984375 0.322265625 0.015625 0.01953125
0 0.2296875 0.396484375 0.015625 0.01953125
0 0.2578125 0.388671875 0.015625 0.01953125
0 0.24375 0.35546875 0.015625 0.01953125
0 0.2484375 0.326171875 0.015625 0.01953125
0 0.2609375 0.310546875 0.015625 0.01953125
0 0.228125 0.283203125 0.015625 0.01953125
0 0.2546875 0.271484375 0.015625 0.01953125
0 0.2640625 0.2421875 0.015625 0.01953125
0 0.321875 0.21484375 0.015625 0.01953125
0 0.315625 0.23828125 0.015625 0.01953125
0 0.3453125 0.265625 0.015625 0.01953125
0 0.28125 0.11328125 0.015625 0.01953125
0 0.415625 0.328125 0.015625 0.01953125
0 0.425 0.35546875 0.015625 0.01953125
0 0.425 0.375 0.015625 0.01953125
0 0.553125 0.61328125 0.015625 0.01953125
0 0.5109375 0.443359375 0.015625 0.01953125
0 0.6640625 0.689453125 0.015625 0.01953125
0 0.684375 0.677734375 0.015625 0.01953125
0 0.75 0.724609375 0.015625 0.01953125
0 0.765625 0.712890625 0.015625 0.01953125
0 0.8703125 0.892578125 0.015625 0.01953125
0 0.96875 0.7890625 0.015625 0.01953125
0 0.8015625 0.6796875 0.015625 0.01953125
0 0.7296875 0.603515625 0.015625 0.01953125
0 0.759375 0.5390625 0.015625 0.01953125
0 0.7890625 0.537109375 0.015625 0.01953125
0 0.8203125 0.55859375 0.015625 0.01953125
0 0.8375 0.509765625 0.015625 0.01953125
0 0.8515625 0.482421875 0.015625 0.01953125
0 0.9296875 0.44921875 0.015625 0.01953125
0 0.8890625 0.322265625 0.015625 0.01953125
0 0.8890625 0.302734375 0.015625 0.01953125
0 0.6296875 0.3125 0.015625 0.01953125
0 0.6 0.3515625 0.015625 0.01953125
0 0.6078125 0.408203125 0.015625 0.01953125
0 0.6515625 0.349609375 0.015625 0.01953125
0 0.7140625 0.40625 0.015625 0.01953125
0 0.7296875 0.287109375 0.015625 0.01953125
0 0.4859375 0.236328125 0.015625 0.01953125
0 0.5109375 0.177734375 0.015625 0.01953125
0 0.5234375 0.2265625 0.015625 0.01953125
0 0.6375 0.109375 0.015625 0.01953125
0 0.28125 0.232421875 0.015625 0.01953125
0 0.290625 0.25 0.015625 0.01953125
0 0.3484375 0.185546875 0.015625 0.01953125
0 0.3296875 0.53515625 0.015625 0.01953125
0 0.6375 0.314453125 0.015625 0.01953125
0 0.6625 0.357421875 0.015625 0.01953125
