0 0.625 0.31640625 0.015625 0.01953125
0 0.6375 0.32421875 0.015625 0.01953125
0 0.59375 0.345703125 0.015625 0.01953125
0 0.5953125 0.3984375 0.015625 0.01953125
0 0.8875 0.3046875 0.015625 0.01953125
0 0.8859375 0.328125 0.015625 0.01953125
0 0.7328125 0.2890625 0.015625 0.01953125
0 0.6421875 0.111328125 0.015625 0.01953125
0 0.1078125 0.015625 0.015625 0.01953125
0 0.109375 0.20703125 0.015625 0.01953125
0 0.09375 0.248046875 0.015625 0.01953125
0 0.18125 0.322265625 0.015625 0.01953125
0 0.1765625 0.3515625 0.015625 0.01953125
0 0.178125 0.375 0.015625 0.01953125
0 0.2234375 0.359375 0.015625 0.01953125
0 0.2375 0.39453125 0.015625 0.01953125
0 0.2625 0.38671875 0.015625 0.01953125
0 0.234375 0.58984375 0.015625 0.01953125
0 0.240625 0.6171875 0.015625 0.01953125
0 0.2609375 0.65234375 0.015625 0.01953125
0 0.2171875 0.650390625 0.015625 0.01953125
0 0.2234375 0.80859375 0.015625 0.01953125
0 0.28125 0.119140625 0.015625 0.01953125
0 0.3390625 0.185546875 0.015625 0.01953125
0 0.309375 0.2109375 0.015625 0.01953125
0 0.30625 0.23828125 0.015625 0.01953125
0 0.2171875 0.283203125 0.015625 0.01953125
0 0.23125 0.328125 0.015625 0.01953125
0 0.2453125 0.30859375 0.015625 0.01953125
0 0.28125 0.2578125 0.015625 0.01953125
0 0.2921875 0.2734375 0.015625 0.01953125
0 0.25 0.271484375 0.015625 0.01953125
0 0.25 0.234375 0.015625 0.01953125
0 0.33125 0.267578125 0.015625 0.01953125
0 0.4078125 0.32421875 0.015625 0.01953125
0 0.41875 0.349609375 0.015625 0.01953125
0 0.4109375 0.375 0.015625 0.01953125
0 0.3390625 0.53125 0.015625 0.01953125
0 0.321875 0.9453125 0.015625 0.01953125
0 0.096875 0.966796875 0.015625 0.01953125
0 0.3984375 0.818359375 0.015625 0.01953125
0 0.346875 0.732421875 0.015625 0.01953125
0 0.5171875 0.71875 0.015625 0.01953125
0 0.5421875 0.61328125 0.015625 0.01953125
0 0.65625 0.681640625 0.015625 0.01953125
0 0.6703125 0.673828125 0.015625 0.01953125
0 0.7421875 0.720703125 0.015625 0.01953125
0 0.759375 0.705078125 0.015625 0.01953125
0 0.7890625 0.66796875 0.015625 0.01953125
0 0.7125 0.59375 0.015625 0.01953125
0 0.7671875 0.556640625 0.015625 0.01953125
0 0.7890625 0.5390625 0.015625 0.01953125
0 0.8203125 0.5625 0.015625 0.01953125
0 0.834375 0.515625 0.015625 0.01953125
0 0.85 0.4921875 0.015625 0.01953125
0 0.9296875 0.453125 0.015625 0.01953125
0 0.6515625 0.3515625 0.015625 0.01953125
0 0.6625 0.365234375 0.015625 0.01953125
0 0.709375 0.404296875 0.015625 0.01953125
0 0.8609375 0.8828125 0.015625 0.01953125
0 0.95625 0.78125 0.015625 0.01953125
0 0.5234375 0.232421875 0.015625 0.01953125
0 0.48125 0.236328125 0.015625 0.01953125
0 0.496875 0.169921875 0.015625 0.01953125
0 0.4890625 0.42578125 0.015625 0.01953125
0 0.0078125 0.732421875 0.015625 0.01953125
0 0.028125 0.744140625 0.015625 0.01953125
0 0.0546875 0.765625 0.015625 0.01953125
0 0.0140625 0.76171875 0.015625 0.01953125
0 0.0234375 0.78125 0.015625 0.01953125
