0 0.103125 0.220703125 0.015625 0.01953125
0 0.0984375 0.263671875 0.015625 0.01953125
0 0.0984375 0.291015625 0.015625 0.01953125
0 0.0078125 0.314453125 0.015625 0.01953125
0 0.05625 0.384765625 0.015625 0.01953125
0 0.2671875 0.224609375 0.015625 0.01953125
0 0.34375 0.306640625 0.015625 0.01953125
0 0.31875 0.365234375 0.015625 0.01953125
0 0.3734375 0.33203125 0.015625 0.01953125
0 0.2796875 0.27734375 0.015625 0.01953125
0 0.4265625 0.1953125 0.015625 0.01953125
0 0.3703125 0.35546875 0.015625 0.01953125
0 0.5390625 0.21484375 0.015625 0.01953125
0 0.528125 0.2421875 0.015625 0.01953125
0 0.4375 0.32421875 0.015625 0.01953125
0 0.4296875 0.353515625 0.015625 0.01953125
0 0.4609375 0.298828125 0.015625 0.01953125
0 0.5078125 0.279296875 0.015625 0.01953125
0 0.5296875 0.2890625 0.015625 0.01953125
0 0.5890625 0.205078125 0.015625 0.01953125
0 0.5734375 0.228515625 0.015625 0.01953125
0 0.6203125 0.298828125 0.015625 0.01953125
0 0.6296875 0.333984375 0.015625 0.01953125
0 0.628125 0.3515625 0.015625 0.01953125
0 0.6234375 0.392578125 0.015625 0.01953125
0 0.5921875 0.43359375 0.015625 0.01953125
0 0.6046875 0.44921875 0.015625 0.01953125
0 0.659375 0.373046875 0.015625 0.01953125
0 0.71875 0.111328125 0.015625 0.01953125
0 0.471875 0.0078125 0.015625 0.01953125
0 0.48125 0.599609375 0.015625 0.01953125
0 0.4890625 0.62109375 0.015625 0.01953125
0 0.5109375 0.65625 0.015625 0.01953125
0 0.3453125 0.76953125 0.015625 0.01953125
0 0.35 0.80078125 0.015625 0.01953125
0 0.3609375 0.8203125 0.015625 0.01953125
0 0.390625 0.80078125 0.015625 0.01953125
0 0.3625 0.798828125 0.015625 0.01953125
0 0.5609375 0.841796875 0.015625 0.01953125
0 0.6359375 0.8515625 0.015625 0.01953125
0 0.715625 0.845703125 0.015625 0.01953125
0 0.6796875 0.9609375 0.015625 0.01953125
0 0.478125 0.693359375 0.015625 0.01953125
0 0.6703125 0.57421875 0.015625 0.01953125
0 0.784375 0.5703125 0.015625 0.01953125
0 0.8546875 0.74609375 0.015625 0.01953125
0 0.903125 0.626953125 0.015625 0.01953125
0 0.9125 0.611328125 0.015625 0.01953125
0 0.8734375 0.482421875 0.015625 0.01953125
0 0.95 0.388671875 0.015625 0.01953125
0 0.95625 0.34375 0.015625 0.01953125
0 0.753125 0.203125 0.015625 0.01953125
0 0.7953125 0.271484375 0.015625 0.01953125
0 0.7921875 0.33203125 0.015625 0.01953125
0 0.8546875 0.2578125 0.015625 0.01953125
0 0.9921875 0.64453125 0.015625 0.01953125
