0 0.0453125 0.328125 0.015625 0.01953125
0 0.0921875 0.400390625 0.015625 0.01953125
0 0.1375 0.306640625 0.015625 0.01953125
0 0.140625 0.275390625 0.015625 0.01953125
0 0.1421875 0.232421875 0.015625 0.01953125
0 0.3046875 0.240234375 0.015625 0.01953125
0 0.3234375 0.283203125 0.015625 0.01953125
0 0.375 0.326171875 0.015625 0.01953125
0 0.3546875 0.37890625 0.015625 0.01953125
0 0.4125 0.345703125 0.015625 0.01953125
0 0.4109375 0.369140625 0.015625 0.01953125
0 0.475 0.361328125 0.015625 0.01953125
0 0.4828125 0.330078125 0.015625 0.01953125
0 0.45625 0.20703125 0.015625 0.01953125
0 0.50625 0.306640625 0.015625 0.01953125
0 0.5703125 0.310546875 0.015625 0.01953125
0 0.571875 0.25390625 0.015625 0.01953125
0 0.58125 0.232421875 0.015625 0.01953125
0 0.64375 0.23046875 0.015625 0.01953125
0 0.659375 0.30859375 0.015625 0.01953125
0 0.675 0.33984375 0.015625 0.01953125
0 0.8328125 0.337890625 0.015625 0.01953125
0 0.66875 0.36328125 0.015625 0.01953125
0 0.646875 0.466796875 0.015625 0.01953125
0 0.6609375 0.470703125 0.015625 0.01953125
0 0.65625 0.404296875 0.015625 0.01953125
0 0.71875 0.369140625 0.015625 0.01953125
0 0.7578125 0.37890625 0.015625 0.01953125
0 0.8390625 0.27734375 0.015625 0.01953125
0 0.7984375 0.21484375 0.015625 0.01953125
0 0.759375 0.11328125 0.015625 0.01953125
0 0.9078125 0.271484375 0.015625 0.01953125
0 0.5328125 0.0078125 0.015625 0.01953125
0 0.909375 0.486328125 0.015625 0.01953125
0 0.728125 0.5859375 0.015625 0.01953125
0 0.8296875 0.572265625 0.015625 0.01953125
0 0.9609375 0.619140625 0.015625 0.01953125
0 0.95 0.638671875 0.015625 0.01953125
0 0.909375 0.75390625 0.015625 0.01953125
0 0.7640625 0.861328125 0.015625 0.01953125
0 0.6859375 0.87109375 0.015625 0.01953125
0 0.6171875 0.853515625 0.015625 0.01953125
0 0.7359375 0.96875 0.015625 0.01953125
0 0.5296875 0.615234375 0.015625 0.01953125
0 0.5359375 0.63671875 0.015625 0.01953125
0 0.5578125 0.66796875 0.015625 0.01953125
0 0.5203125 0.7109375 0.015625 0.01953125
0 0.4015625 0.78125 0.015625 0.01953125
0 0.403125 0.814453125 0.015625 0.01953125
0 0.4171875 0.830078125 0.015625 0.01953125
0 0.4390625 0.8203125 0.015625 0.01953125
0 0.4171875 0.802734375 0.015625 0.01953125
0 0.6171875 0.236328125 0.015625 0.01953125
