0 0.5609375 0.013671875 0.015625 0.01953125
0 0.78125 0.11328125 0.015625 0.01953125
0 0.8234375 0.20703125 0.015625 0.01953125
0 0.85 0.27734375 0.015625 0.01953125
0 0.8515625 0.33984375 0.015625 0.01953125
0 0.93125 0.2734375 0.015625 0.01953125
0 0.31875 0.248046875 0.015625 0.01953125
0 0.3390625 0.296875 0.015625 0.01953125
0 0.1515625 0.240234375 0.015625 0.01953125
0 0.146875 0.283203125 0.015625 0.01953125
0 0.15 0.30859375 0.015625 0.01953125
0 0.0640625 0.3359375 0.015625 0.01953125
0 0.1015625 0.408203125 0.015625 0.01953125
0 0.421875 0.7890625 0.015625 0.01953125
0 0.4265625 0.826171875 0.015625 0.01953125
0 0.440625 0.841796875 0.015625 0.01953125
0 0.4640625 0.82421875 0.015625 0.01953125
0 0.4390625 0.806640625 0.015625 0.01953125
0 0.5484375 0.623046875 0.015625 0.01953125
0 0.5515625 0.646484375 0.015625 0.01953125
0 0.5421875 0.71484375 0.015625 0.01953125
0 0.5765625 0.673828125 0.015625 0.01953125
0 0.640625 0.859375 0.015625 0.01953125
0 0.709375 0.8828125 0.015625 0.01953125
0 0.7921875 0.869140625 0.015625 0.01953125
0 0.7640625 0.97265625 0.015625 0.01953125
0 0.9375 0.759765625 0.015625 0.01953125
0 0.9671875 0.63671875 0.015625 0.01953125
0 0.978125 0.619140625 0.015625 0.01953125
0 0.846875 0.57421875 0.015625 0.01953125
0 0.75625 0.5859375 0.015625 0.01953125
0 0.91875 0.48828125 0.015625 0.01953125
0 0.690625 0.48828125 0.015625 0.01953125
0 0.675 0.48046875 0.015625 0.01953125
0 0.7890625 0.380859375 0.015625 0.01953125
0 0.7484375 0.380859375 0.015625 0.01953125
0 0.6671875 0.40234375 0.015625 0.01953125
0 0.684375 0.369140625 0.015625 0.01953125
0 0.6890625 0.33984375 0.015625 0.01953125
0 0.6734375 0.310546875 0.015625 0.01953125
0 0.66875 0.25 0.015625 0.01953125
0 0.5984375 0.232421875 0.015625 0.01953125
0 0.5921875 0.259765625 0.015625 0.01953125
0 0.5859375 0.3125 0.015625 0.01953125
0 0.5234375 0.3125 0.015625 0.01953125
0 0.3828125 0.33203125 0.015625 0.01953125
0 0.365625 0.38671875 0.015625 0.01953125
0 0.43125 0.3515625 0.015625 0.01953125
0 0.4265625 0.369140625 0.015625 0.01953125
0 0.4953125 0.3359375 0.015625 0.01953125
0 0.4875 0.3671875 0.015625 0.01953125
0 0.4765625 0.21484375 0.015625 0.01953125
0 0.6359375 0.236328125 0.015625 0.01953125
