0 0.4671875 0.21484375 0.015625 0.01953125
0 0.634375 0.236328125 0.015625 0.01953125
0 0.5953125 0.234375 0.015625 0.01953125
0 0.5890625 0.26171875 0.015625 0.01953125
0 0.5796875 0.302734375 0.015625 0.01953125
0 0.5765625 0.322265625 0.015625 0.01953125
0 0.521875 0.314453125 0.015625 0.01953125
0 0.49375 0.341796875 0.015625 0.01953125
0 0.4859375 0.373046875 0.015625 0.01953125
0 0.6703125 0.255859375 0.015625 0.01953125
0 0.671875 0.310546875 0.015625 0.01953125
0 0.68125 0.345703125 0.015625 0.01953125
0 0.6859375 0.37109375 0.015625 0.01953125
0 0.6578125 0.396484375 0.015625 0.01953125
0 0.7671875 0.37890625 0.015625 0.01953125
0 0.8078125 0.37890625 0.015625 0.01953125
0 0.8484375 0.337890625 0.015625 0.01953125
0 0.8453125 0.28125 0.015625 0.01953125
0 0.8265625 0.212890625 0.015625 0.01953125
0 0.7765625 0.109375 0.015625 0.01953125
0 0.575 0.009765625 0.015625 0.01953125
0 0.9421875 0.27734375 0.015625 0.01953125
0 0.9109375 0.48046875 0.015625 0.01953125
0 0.6859375 0.494140625 0.015625 0.01953125
0 0.6984375 0.5 0.015625 0.01953125
0 0.7703125 0.587890625 0.015625 0.01953125
0 0.8484375 0.568359375 0.015625 0.01953125
0 0.965625 0.625 0.015625 0.01953125
0 0.9828125 0.62109375 0.015625 0.01953125
0 0.9453125 0.765625 0.015625 0.01953125
0 0.803125 0.87109375 0.015625 0.01953125
0 0.646875 0.8671875 0.015625 0.01953125
0 0.7140625 0.8984375 0.015625 0.01953125
0 0.76875 0.9765625 0.015625 0.01953125
0 0.4328125 0.79296875 0.015625 0.01953125
0 0.4359375 0.828125 0.015625 0.01953125
0 0.45 0.8125 0.015625 0.01953125
0 0.4484375 0.84375 0.015625 0.01953125
0 0.4765625 0.822265625 0.015625 0.01953125
0 0.5375 0.728515625 0.015625 0.01953125
0 0.55 0.654296875 0.015625 0.01953125
0 0.575 0.677734375 0.015625 0.01953125
0 0.546875 0.626953125 0.015625 0.01953125
0 0.421875 0.349609375 0.015625 0.01953125
0 0.41875 0.375 0.015625 0.01953125
0 0.3578125 0.390625 0.015625 0.01953125
0 0.30625 0.25 0.015625 0.01953125
0 0.33125 0.296875 0.015625 0.01953125
0 0.371875 0.345703125 0.015625 0.01953125
0 0.1515625 0.3203125 0.015625 0.01953125
0 0.146875 0.287109375 0.015625 0.01953125
0 0.1515625 0.25390625 0.015625 0.01953125
0 0.059375 0.34375 0.015625 0.01953125
0 0.0921875 0.4140625 0.015625 0.01953125
