0 0.1125 0.248046875 0.015625 0.01953125
0 0.1078125 0.279296875 0.015625 0.01953125
0 0.1078125 0.3125 0.015625 0.01953125
0 0.0171875 0.341796875 0.015625 0.01953125
0 0.0484375 0.408203125 0.015625 0.01953125
0 0.265625 0.248046875 0.015625 0.01953125
0 0.2953125 0.291015625 0.015625 0.01953125
0 0.3203125 0.341796875 0.015625 0.01953125
0 0.3078125 0.380859375 0.015625 0.01953125
0 0.3890625 0.341796875 0.015625 0.01953125
0 0.3828125 0.369140625 0.015625 0.01953125
0 0.4546875 0.330078125 0.015625 0.01953125
0 0.45 0.365234375 0.015625 0.01953125
0 0.428125 0.208984375 0.015625 0.01953125
0 0.4953125 0.30859375 0.015625 0.01953125
0 0.565625 0.228515625 0.015625 0.01953125
0 0.5625 0.25390625 0.015625 0.01953125
0 0.565625 0.302734375 0.015625 0.01953125
0 0.54375 0.3203125 0.015625 0.01953125
0 0.5421875 0.337890625 0.015625 0.01953125
0 0.603125 0.220703125 0.015625 0.01953125
0 0.6015625 0.376953125 0.015625 0.01953125
0 0.6484375 0.255859375 0.015625 0.01953125
0 0.653125 0.275390625 0.015625 0.01953125
0 0.6390625 0.302734375 0.015625 0.01953125
0 0.646875 0.3359375 0.015625 0.01953125
0 0.646875 0.36328125 0.015625 0.01953125
0 0.7703125 0.361328125 0.015625 0.01953125
0 0.8203125 0.361328125 0.015625 0.01953125
0 0.8078125 0.322265625 0.015625 0.01953125
0 0.80625 0.26171875 0.015625 0.01953125
0 0.8078125 0.18359375 0.015625 0.01953125
0 0.7515625 0.08203125 0.015625 0.01953125
0 0.93125 0.275390625 0.015625 0.01953125
0 0.9890625 0.3671875 0.015625 0.01953125
0 0.8609375 0.455078125 0.015625 0.01953125
0 0.81875 0.546875 0.015625 0.01953125
0 0.9546875 0.595703125 0.015625 0.01953125
0 0.9421875 0.609375 0.015625 0.01953125
0 0.6984375 0.525390625 0.015625 0.01953125
0 0.68125 0.521484375 0.015625 0.01953125
0 0.5296875 0.623046875 0.015625 0.01953125
0 0.5296875 0.64453125 0.015625 0.01953125
0 0.553125 0.673828125 0.015625 0.01953125
0 0.509375 0.728515625 0.015625 0.01953125
0 0.6375 0.859375 0.015625 0.01953125
0 0.6984375 0.91015625 0.015625 0.01953125
0 0.771875 0.97265625 0.015625 0.01953125
0 0.81875 0.876953125 0.015625 0.01953125
0 0.934375 0.755859375 0.015625 0.01953125
0 0.421875 0.78515625 0.015625 0.01953125
0 0.425 0.8203125 0.015625 0.01953125
0 0.4390625 0.830078125 0.015625 0.01953125
0 0.4359375 0.802734375 0.015625 0.01953125
0 0.465625 0.818359375 0.015625 0.01953125
0 0.771875 0.576171875 0.015625 0.01953125
