0 0.078125 0.23828125 0.015625 0.01953125
0 0.0765625 0.275390625 0.015625 0.01953125
0 0.078125 0.302734375 0.015625 0.01953125
0 0.0171875 0.400390625 0.015625 0.01953125
0 0.2359375 0.240234375 0.015625 0.01953125
0 0.2625 0.279296875 0.015625 0.01953125
0 0.2796875 0.33203125 0.015625 0.01953125
0 0.265625 0.375 0.015625 0.01953125
0 0.3609375 0.33203125 0.015625 0.01953125
0 0.3578125 0.357421875 0.015625 0.01953125
0 0.39375 0.19921875 0.015625 0.01953125
0 0.4296875 0.318359375 0.015625 0.01953125
0 0.421875 0.353515625 0.015625 0.01953125
0 0.5140625 0.6171875 0.015625 0.01953125
0 0.509375 0.63671875 0.015625 0.01953125
0 0.5375 0.6640625 0.015625 0.01953125
0 0.4890625 0.72265625 0.015625 0.01953125
0 0.41875 0.775390625 0.015625 0.01953125
0 0.421875 0.8125 0.015625 0.01953125
0 0.434375 0.826171875 0.015625 0.01953125
0 0.4578125 0.810546875 0.015625 0.01953125
0 0.434375 0.794921875 0.015625 0.01953125
0 0.6328125 0.84765625 0.015625 0.01953125
0 0.6890625 0.916015625 0.015625 0.01953125
0 0.7734375 0.96484375 0.015625 0.01953125
0 0.8375 0.869140625 0.015625 0.01953125
0 0.93125 0.75 0.015625 0.01953125
0 0.9375 0.576171875 0.015625 0.01953125
0 0.9265625 0.591796875 0.015625 0.01953125
0 0.4734375 0.29296875 0.015625 0.01953125
0 0.5109375 0.3125 0.015625 0.01953125
0 0.5140625 0.333984375 0.015625 0.01953125
0 0.565625 0.361328125 0.015625 0.01953125
0 0.546875 0.31640625 0.015625 0.01953125
0 0.5421875 0.240234375 0.015625 0.01953125
0 0.54375 0.212890625 0.015625 0.01953125
0 0.5828125 0.205078125 0.015625 0.01953125
0 0.7296875 0.056640625 0.015625 0.01953125
0 0.79375 0.158203125 0.015625 0.01953125
0 0.6328125 0.25 0.015625 0.01953125
0 0.6375 0.2734375 0.015625 0.01953125
0 0.6125 0.287109375 0.015625 0.01953125
0 0.61875 0.322265625 0.015625 0.01953125
0 0.621875 0.34375 0.015625 0.01953125
0 0.7765625 0.240234375 0.015625 0.01953125
0 0.778125 0.3046875 0.015625 0.01953125
0 0.775 0.341796875 0.015625 0.01953125
0 0.6796875 0.533203125 0.015625 0.01953125
0 0.69375 0.533203125 0.015625 0.01953125
0 0.7765625 0.564453125 0.015625 0.01953125
0 0.8 0.52734375 0.015625 0.01953125
0 0.81875 0.43359375 0.015625 0.01953125
0 0.8328125 0.33984375 0.015625 0.01953125
0 0.921875 0.267578125 0.015625 0.01953125
0 0.9703125 0.349609375 0.015625 0.01953125
0 0.99375 0.490234375 0.015625 0.01953125
