0 0.0546875 0.240234375 0.015625 0.01953125
0 0.05625 0.271484375 0.015625 0.01953125
0 0.0515625 0.298828125 0.015625 0.01953125
0 0.203125 0.2421875 0.015625 0.01953125
0 0.24375 0.2734375 0.015625 0.01953125
0 0.24375 0.326171875 0.015625 0.01953125
0 0.2296875 0.369140625 0.015625 0.01953125
0 0.334375 0.330078125 0.015625 0.01953125
0 0.328125 0.3515625 0.015625 0.01953125
0 0.4015625 0.314453125 0.015625 0.01953125
0 0.396875 0.34375 0.015625 0.01953125
0 0.7171875 0.03515625 0.015625 0.01953125
0 0.7859375 0.142578125 0.015625 0.01953125
0 0.071875 0.123046875 0.015625 0.01953125
0 0.365625 0.19140625 0.015625 0.01953125
0 0.453125 0.2890625 0.015625 0.01953125
0 0.4875 0.306640625 0.015625 0.01953125
0 0.4859375 0.33203125 0.015625 0.01953125
0 0.5328125 0.32421875 0.015625 0.01953125
0 0.521875 0.353515625 0.015625 0.01953125
0 0.525 0.236328125 0.015625 0.01953125
0 0.5234375 0.205078125 0.015625 0.01953125
0 0.565625 0.197265625 0.015625 0.01953125
0 0.5859375 0.27734375 0.015625 0.01953125
0 0.596875 0.30859375 0.015625 0.01953125
0 0.596875 0.3359375 0.015625 0.01953125
0 0.615625 0.251953125 0.015625 0.01953125
0 0.6203125 0.28125 0.015625 0.01953125
0 0.7515625 0.22265625 0.015625 0.01953125
0 0.7515625 0.287109375 0.015625 0.01953125
0 0.78125 0.326171875 0.015625 0.01953125
0 0.784375 0.421875 0.015625 0.01953125
0 0.8453125 0.32421875 0.015625 0.01953125
0 0.9171875 0.263671875 0.015625 0.01953125
0 0.9515625 0.3359375 0.015625 0.01953125
0 0.9703125 0.466796875 0.015625 0.01953125
0 0.91875 0.552734375 0.015625 0.01953125
0 0.903125 0.576171875 0.015625 0.01953125
0 0.6828125 0.552734375 0.015625 0.01953125
0 0.7 0.55078125 0.015625 0.01953125
0 0.7828125 0.509765625 0.015625 0.01953125
0 0.7890625 0.56640625 0.015625 0.01953125
0 0.4984375 0.611328125 0.015625 0.01953125
0 0.50625 0.6328125 0.015625 0.01953125
0 0.521875 0.66015625 0.015625 0.01953125
0 0.9265625 0.7421875 0.015625 0.01953125
0 0.85 0.857421875 0.015625 0.01953125
0 0.7703125 0.962890625 0.015625 0.01953125
0 0.678125 0.927734375 0.015625 0.01953125
0 0.6296875 0.83984375 0.015625 0.01953125
0 0.4640625 0.71875 0.015625 0.01953125
0 0.4140625 0.771484375 0.015625 0.01953125
0 0.415625 0.806640625 0.015625 0.01953125
0 0.43125 0.791015625 0.015625 0.01953125
0 0.43125 0.81640625 0.015625 0.01953125
0 0.45625 0.80078125 0.015625 0.01953125
