0 0.08125 0.111328125 0.015625 0.01953125
0 0.065625 0.146484375 0.015625 0.01953125
0 0.01875 0.244140625 0.015625 0.01953125
0 0.0234375 0.283203125 0.015625 0.01953125
0 0.015625 0.3046875 0.015625 0.01953125
0 0.1625 0.25 0.015625 0.01953125
0 0.2109375 0.2734375 0.015625 0.01953125
0 0.19375 0.328125 0.015625 0.01953125
0 0.1828125 0.375 0.015625 0.01953125
0 0.2984375 0.330078125 0.015625 0.01953125
0 0.2953125 0.35546875 0.015625 0.01953125
0 0.3296875 0.19921875 0.015625 0.01953125
0 0.36875 0.30859375 0.015625 0.01953125
0 0.3625 0.337890625 0.015625 0.01953125
0 0.4296875 0.28125 0.015625 0.01953125
0 0.4546875 0.3125 0.015625 0.01953125
0 0.4546875 0.337890625 0.015625 0.01953125
0 0.48125 0.34375 0.015625 0.01953125
0 0.5171875 0.341796875 0.015625 0.01953125
0 0.56875 0.333984375 0.015625 0.01953125
0 0.56875 0.306640625 0.015625 0.01953125
0 0.553125 0.2734375 0.015625 0.01953125
0 0.603125 0.259765625 0.015625 0.01953125
0 0.5984375 0.29296875 0.015625 0.01953125
0 0.50625 0.234375 0.015625 0.01953125
0 0.5015625 0.205078125 0.015625 0.01953125
0 0.5453125 0.1953125 0.015625 0.01953125
0 0.703125 0.00390625 0.015625 0.01953125
0 0.778125 0.115234375 0.015625 0.01953125
0 0.7171875 0.20703125 0.015625 0.01953125
0 0.721875 0.279296875 0.015625 0.01953125
0 0.7921875 0.314453125 0.015625 0.01953125
0 0.8625 0.3046875 0.015625 0.01953125
0 0.9125 0.26171875 0.015625 0.01953125
0 0.9234375 0.328125 0.015625 0.01953125
0 0.9421875 0.44140625 0.015625 0.01953125
0 0.9828125 0.54296875 0.015625 0.01953125
0 0.9765625 0.560546875 0.015625 0.01953125
0 0.8984375 0.54296875 0.015625 0.01953125
0 0.884375 0.560546875 0.015625 0.01953125
0 0.9265625 0.7421875 0.015625 0.01953125
0 0.84375 0.859375 0.015625 0.01953125
0 0.7609375 0.962890625 0.015625 0.01953125
0 0.6734375 0.953125 0.015625 0.01953125
0 0.6296875 0.841796875 0.015625 0.01953125
0 0.7578125 0.505859375 0.015625 0.01953125
0 0.8015625 0.576171875 0.015625 0.01953125
0 0.7359375 0.40625 0.015625 0.01953125
0 0.4734375 0.609375 0.015625 0.01953125
0 0.484375 0.62890625 0.015625 0.01953125
0 0.503125 0.662109375 0.015625 0.01953125
0 0.4390625 0.720703125 0.015625 0.01953125
0 0.4125 0.767578125 0.015625 0.01953125
0 0.415625 0.80078125 0.015625 0.01953125
0 0.428125 0.818359375 0.015625 0.01953125
0 0.459375 0.80078125 0.015625 0.01953125
0 0.4296875 0.791015625 0.015625 0.01953125
0 0.68125 0.58203125 0.015625 0.01953125
0 0.7015625 0.58203125 0.015625 0.01953125
