0 0.140625 0.333984375 0.015625 0.01953125
0 0.1265625 0.40234375 0.015625 0.01953125
0 0.2109375 0.724609375 0.015625 0.01953125
0 0.121875 0.970703125 0.015625 0.01953125
0 0.0109375 0.484375 0.015625 0.01953125
0 0.003125 0.45703125 0.015625 0.01953125
0 0.003125 0.2265625 0.015625 0.01953125
0 0.2421875 0.24609375 0.015625 0.01953125
0 0.2453125 0.279296875 0.015625 0.01953125
0 0.2390625 0.314453125 0.015625 0.01953125
0 0.803125 0.33984375 0.015625 0.01953125
0 0.76875 0.216796875 0.015625 0.01953125
0 0.7734375 0.2421875 0.015625 0.01953125
0 0.7859375 0.283203125 0.015625 0.01953125
0 0.8 0.306640625 0.015625 0.01953125
0 0.8203125 0.23828125 0.015625 0.01953125
0 0.8734375 0.294921875 0.015625 0.01953125
0 0.8609375 0.32421875 0.015625 0.01953125
0 0.878125 0.390625 0.015625 0.01953125
0 0.909375 0.341796875 0.015625 0.01953125
0 0.9390625 0.255859375 0.015625 0.01953125
0 0.9328125 0.203125 0.015625 0.01953125
0 0.6484375 0.25 0.015625 0.01953125
0 0.5921875 0.30859375 0.015625 0.01953125
0 0.5921875 0.345703125 0.015625 0.01953125
0 0.678125 0.326171875 0.015625 0.01953125
0 0.6953125 0.28125 0.015625 0.01953125
0 0.51875 0.33984375 0.015625 0.01953125
0 0.515625 0.3671875 0.015625 0.01953125
0 0.5328125 0.216796875 0.015625 0.01953125
0 0.434375 0.279296875 0.015625 0.01953125
0 0.34375 0.390625 0.015625 0.01953125
0 0.34375 0.349609375 0.015625 0.01953125
0 0.359375 0.2734375 0.015625 0.01953125
0 0.3796875 0.205078125 0.015625 0.01953125
0 0.3703125 0.189453125 0.015625 0.01953125
0 0.3515625 0.138671875 0.015625 0.01953125
0 0.7484375 0.638671875 0.015625 0.01953125
0 0.7578125 0.65234375 0.015625 0.01953125
0 0.7796875 0.6796875 0.015625 0.01953125
0 0.675 0.732421875 0.015625 0.01953125
0 0.771875 0.783203125 0.015625 0.01953125
0 0.7671875 0.818359375 0.015625 0.01953125
0 0.7859375 0.83203125 0.015625 0.01953125
0 0.8140625 0.818359375 0.015625 0.01953125
0 0.7828125 0.802734375 0.015625 0.01953125
0 0.9765625 0.86328125 0.015625 0.01953125
