0 0.7796875 0.65234375 0.015625 0.01953125
0 0.790625 0.66796875 0.015625 0.01953125
0 0.8125 0.693359375 0.015625 0.01953125
0 0.8171875 0.794921875 0.015625 0.01953125
0 0.8125 0.828125 0.015625 0.01953125
0 0.828125 0.83984375 0.015625 0.01953125
0 0.8578125 0.8359375 0.015625 0.01953125
0 0.828125 0.81640625 0.015625 0.01953125
0 0.703125 0.7421875 0.015625 0.01953125
0 0.8953125 0.40625 0.015625 0.01953125
0 0.3953125 0.15234375 0.015625 0.01953125
0 0.403125 0.205078125 0.015625 0.01953125
0 0.4078125 0.228515625 0.015625 0.01953125
0 0.3796875 0.28515625 0.015625 0.01953125
0 0.4625 0.291015625 0.015625 0.01953125
0 0.36875 0.365234375 0.015625 0.01953125
0 0.3671875 0.404296875 0.015625 0.01953125
0 0.259375 0.728515625 0.015625 0.01953125
0 0.1640625 0.986328125 0.015625 0.01953125
0 0.0390625 0.501953125 0.015625 0.01953125
0 0.03125 0.470703125 0.015625 0.01953125
0 0.153125 0.416015625 0.015625 0.01953125
0 0.16875 0.34375 0.015625 0.01953125
0 0.0125 0.375 0.015625 0.01953125
0 0.03125 0.244140625 0.015625 0.01953125
0 0.2671875 0.328125 0.015625 0.01953125
0 0.275 0.298828125 0.015625 0.01953125
0 0.265625 0.259765625 0.015625 0.01953125
0 0.228125 0.1953125 0.015625 0.01953125
0 0.559375 0.2265625 0.015625 0.01953125
0 0.6703125 0.267578125 0.015625 0.01953125
0 0.725 0.302734375 0.015625 0.01953125
0 0.7015625 0.33984375 0.015625 0.01953125
0 0.6984375 0.365234375 0.015625 0.01953125
0 0.625 0.326171875 0.015625 0.01953125
0 0.61875 0.359375 0.015625 0.01953125
0 0.5453125 0.353515625 0.015625 0.01953125
0 0.5421875 0.3828125 0.015625 0.01953125
0 0.8 0.23046875 0.015625 0.01953125
0 0.80625 0.25390625 0.015625 0.01953125
0 0.8140625 0.298828125 0.015625 0.01953125
0 0.8328125 0.32421875 0.015625 0.01953125
0 0.83125 0.353515625 0.015625 0.01953125
0 0.8546875 0.25 0.015625 0.01953125
0 0.9046875 0.310546875 0.015625 0.01953125
0 0.896875 0.33984375 0.015625 0.01953125
0 0.9546875 0.34375 0.015625 0.01953125
0 0.9640625 0.267578125 0.015625 0.01953125
0 0.9625 0.208984375 0.015625 0.01953125
