0 0.009375 0.23828125 0.015625 0.01953125
0 0.0125 0.478515625 0.015625 0.01953125
0 0.0203125 0.5 0.015625 0.01953125
0 0.121875 0.416015625 0.015625 0.01953125
0 0.140625 0.341796875 0.015625 0.01953125
0 0.240625 0.322265625 0.015625 0.01953125
0 0.246875 0.296875 0.015625 0.01953125
0 0.2421875 0.2578125 0.015625 0.01953125
0 0.3296875 0.40234375 0.015625 0.01953125
0 0.3359375 0.365234375 0.015625 0.01953125
0 0.353125 0.28515625 0.015625 0.01953125
0 0.4359375 0.287109375 0.015625 0.01953125
0 0.3890625 0.236328125 0.015625 0.01953125
0 0.3859375 0.216796875 0.015625 0.01953125
0 0.396875 0.15234375 0.015625 0.01953125
0 0.2453125 0.189453125 0.015625 0.01953125
0 0.5265625 0.232421875 0.015625 0.01953125
0 0.628125 0.263671875 0.015625 0.01953125
0 0.5984375 0.322265625 0.015625 0.01953125
0 0.590625 0.357421875 0.015625 0.01953125
0 0.5203125 0.353515625 0.015625 0.01953125
0 0.5203125 0.3828125 0.015625 0.01953125
0 0.80625 0.341796875 0.015625 0.01953125
0 0.6765625 0.33203125 0.015625 0.01953125
0 0.7234375 0.30078125 0.015625 0.01953125
0 0.6703125 0.35546875 0.015625 0.01953125
0 0.8046875 0.314453125 0.015625 0.01953125
0 0.7859375 0.29296875 0.015625 0.01953125
0 0.7921875 0.25390625 0.015625 0.01953125
0 0.7828125 0.232421875 0.015625 0.01953125
0 0.8359375 0.23828125 0.015625 0.01953125
0 0.9328125 0.20703125 0.015625 0.01953125
0 0.9421875 0.25390625 0.015625 0.01953125
0 0.946875 0.328125 0.015625 0.01953125
0 0.88125 0.302734375 0.015625 0.01953125
0 0.875 0.33984375 0.015625 0.01953125
0 0.85 0.3984375 0.015625 0.01953125
0 0.1765625 0.99609375 0.015625 0.01953125
0 0.265625 0.705078125 0.015625 0.01953125
0 0.7609375 0.646484375 0.015625 0.01953125
0 0.7671875 0.66796875 0.015625 0.01953125
0 0.7984375 0.693359375 0.015625 0.01953125
0 0.684375 0.740234375 0.015625 0.01953125
0 0.8109375 0.7890625 0.015625 0.01953125
0 0.809375 0.82421875 0.015625 0.01953125
0 0.8515625 0.826171875 0.015625 0.01953125
0 0.825 0.837890625 0.015625 0.01953125
0 0.825 0.810546875 0.015625 0.01953125
