0 0.1578125 0.98828125 0.015625 0.01953125
0 0.253125 0.669921875 0.015625 0.01953125
0 0.7296875 0.62890625 0.015625 0.01953125
0 0.7390625 0.64453125 0.015625 0.01953125
0 0.7640625 0.671875 0.015625 0.01953125
0 0.6453125 0.71875 0.015625 0.01953125
0 0.990625 0.849609375 0.015625 0.01953125
0 0.7921875 0.76953125 0.015625 0.01953125
0 0.834375 0.806640625 0.015625 0.01953125
0 0.7875 0.802734375 0.015625 0.01953125
0 0.8015625 0.79296875 0.015625 0.01953125
0 0.8015625 0.81640625 0.015625 0.01953125
0 0.890625 0.17578125 0.015625 0.01953125
0 0.9015625 0.23046875 0.015625 0.01953125
0 0.9265625 0.30078125 0.015625 0.01953125
0 0.7984375 0.2109375 0.015625 0.01953125
0 0.840625 0.287109375 0.015625 0.01953125
0 0.8390625 0.322265625 0.015625 0.01953125
0 0.8015625 0.3828125 0.015625 0.01953125
0 0.746875 0.205078125 0.015625 0.01953125
0 0.75625 0.2265625 0.015625 0.01953125
0 0.746875 0.279296875 0.015625 0.01953125
0 0.765625 0.294921875 0.015625 0.01953125
0 0.76875 0.3203125 0.015625 0.01953125
0 0.703125 0.275390625 0.015625 0.01953125
0 0.3921875 0.107421875 0.015625 0.01953125
0 0.3765625 0.13671875 0.015625 0.01953125
0 0.3484375 0.19921875 0.015625 0.01953125
0 0.353125 0.22265625 0.015625 0.01953125
0 0.3078125 0.267578125 0.015625 0.01953125
0 0.290625 0.345703125 0.015625 0.01953125
0 0.28125 0.380859375 0.015625 0.01953125
0 0.2 0.234375 0.015625 0.01953125
0 0.2046875 0.279296875 0.015625 0.01953125
0 0.1984375 0.30078125 0.015625 0.01953125
0 0.0953125 0.3203125 0.015625 0.01953125
0 0.0796875 0.396484375 0.015625 0.01953125
0 0.2375 0.1640625 0.015625 0.01953125
0 0.4 0.259765625 0.015625 0.01953125
0 0.4859375 0.201171875 0.015625 0.01953125
0 0.475 0.333984375 0.015625 0.01953125
0 0.4734375 0.359375 0.015625 0.01953125
0 0.575 0.25 0.015625 0.01953125
0 0.559375 0.30078125 0.015625 0.01953125
0 0.5515625 0.333984375 0.015625 0.01953125
0 0.634375 0.3125 0.015625 0.01953125
0 0.6296875 0.3359375 0.015625 0.01953125
0 0.9890625 0.462890625 0.015625 0.01953125
