0 0.971875 0.5078125 0.015625 0.01953125
0 0.6984375 0.642578125 0.015625 0.01953125
0 0.7046875 0.65625 0.015625 0.01953125
0 0.728125 0.693359375 0.015625 0.01953125
0 0.6046875 0.712890625 0.015625 0.01953125
0 0.753125 0.7890625 0.015625 0.01953125
0 0.7484375 0.818359375 0.015625 0.01953125
0 0.7890625 0.830078125 0.015625 0.01953125
0 0.7625 0.8359375 0.015625 0.01953125
0 0.765625 0.810546875 0.015625 0.01953125
0 0.1046875 0.9296875 0.015625 0.01953125
0 0.234375 0.603515625 0.015625 0.01953125
0 0.0609375 0.314453125 0.015625 0.01953125
0 0.090625 0.24609375 0.015625 0.01953125
0 0.1953125 0.240234375 0.015625 0.01953125
0 0.2015625 0.212890625 0.015625 0.01953125
0 0.196875 0.16796875 0.015625 0.01953125
0 0.2578125 0.33203125 0.015625 0.01953125
0 0.26875 0.296875 0.015625 0.01953125
0 0.296875 0.220703125 0.015625 0.01953125
0 0.35 0.19140625 0.015625 0.01953125
0 0.3921875 0.232421875 0.015625 0.01953125
0 0.3515625 0.166015625 0.015625 0.01953125
0 0.396875 0.111328125 0.015625 0.01953125
0 0.4125 0.087890625 0.015625 0.01953125
0 0.4609375 0.337890625 0.015625 0.01953125
0 0.465625 0.310546875 0.015625 0.01953125
0 0.4859375 0.18359375 0.015625 0.01953125
0 0.5609375 0.23828125 0.015625 0.01953125
0 0.5515625 0.2890625 0.015625 0.01953125
0 0.540625 0.31640625 0.015625 0.01953125
0 0.6296875 0.306640625 0.015625 0.01953125
0 0.61875 0.328125 0.015625 0.01953125
0 0.75 0.220703125 0.015625 0.01953125
0 0.75625 0.2421875 0.015625 0.01953125
0 0.7171875 0.2734375 0.015625 0.01953125
0 0.7421875 0.294921875 0.015625 0.01953125
0 0.803125 0.234375 0.015625 0.01953125
0 0.8890625 0.20703125 0.015625 0.01953125
0 0.896875 0.259765625 0.015625 0.01953125
0 0.928125 0.34375 0.015625 0.01953125
0 0.8359375 0.314453125 0.015625 0.01953125
0 0.8328125 0.357421875 0.015625 0.01953125
0 0.7578125 0.341796875 0.015625 0.01953125
0 0.75625 0.314453125 0.015625 0.01953125
0 0.771875 0.3984375 0.015625 0.01953125
0 0.2703125 0.1015625 0.015625 0.01953125
0 0.946875 0.900390625 0.015625 0.01953125
