0 0.03125 0.21484375 0.015625 0.01953125
0 0.003125 0.287109375 0.015625 0.01953125
0 0.184375 0.30859375 0.015625 0.01953125
0 0.1953125 0.275390625 0.015625 0.01953125
0 0.140625 0.216796875 0.015625 0.01953125
0 0.15 0.1953125 0.015625 0.01953125
0 0.140625 0.150390625 0.015625 0.01953125
0 0.2375 0.203125 0.015625 0.01953125
0 0.309375 0.1796875 0.015625 0.01953125
0 0.3109375 0.203125 0.015625 0.01953125
0 0.353125 0.2109375 0.015625 0.01953125
0 0.4125 0.2890625 0.015625 0.01953125
0 0.4046875 0.318359375 0.015625 0.01953125
0 0.40625 0.134765625 0.015625 0.01953125
0 0.4203125 0.1171875 0.015625 0.01953125
0 0.3265625 0.095703125 0.015625 0.01953125
0 0.4703125 0.23046875 0.015625 0.01953125
0 0.425 0.166015625 0.015625 0.01953125
0 0.503125 0.265625 0.015625 0.01953125
0 0.4859375 0.3046875 0.015625 0.01953125
0 0.5765625 0.28515625 0.015625 0.01953125
0 0.5640625 0.3125 0.015625 0.01953125
0 0.7125 0.20703125 0.015625 0.01953125
0 0.7171875 0.236328125 0.015625 0.01953125
0 0.6875 0.275390625 0.015625 0.01953125
0 0.7078125 0.302734375 0.015625 0.01953125
0 0.70625 0.32421875 0.015625 0.01953125
0 0.6765625 0.3828125 0.015625 0.01953125
0 0.790625 0.3515625 0.015625 0.01953125
0 0.7875 0.3203125 0.015625 0.01953125
0 0.753125 0.263671875 0.015625 0.01953125
0 0.7625 0.212890625 0.015625 0.01953125
0 0.8296875 0.189453125 0.015625 0.01953125
0 0.84375 0.234375 0.015625 0.01953125
0 0.9125 0.33203125 0.015625 0.01953125
0 0.921875 0.494140625 0.015625 0.01953125
0 0.259375 0.556640625 0.015625 0.01953125
0 0.1296875 0.943359375 0.015625 0.01953125
0 0.3859375 0.994140625 0.015625 0.01953125
0 0.6578125 0.642578125 0.015625 0.01953125
0 0.6640625 0.662109375 0.015625 0.01953125
0 0.5578125 0.685546875 0.015625 0.01953125
0 0.6859375 0.693359375 0.015625 0.01953125
0 0.746875 0.787109375 0.015625 0.01953125
0 0.7390625 0.8125 0.015625 0.01953125
0 0.753125 0.828125 0.015625 0.01953125
0 0.75625 0.806640625 0.015625 0.01953125
0 0.78125 0.822265625 0.015625 0.01953125
0 0.940625 0.8984375 0.015625 0.01953125
