0 0.5515625 0.68359375 0.015625 0.01953125
0 0.6515625 0.640625 0.015625 0.01953125
0 0.65625 0.658203125 0.015625 0.01953125
0 0.684375 0.689453125 0.015625 0.01953125
0 0.746875 0.78515625 0.015625 0.01953125
0 0.740625 0.8203125 0.015625 0.01953125
0 0.784375 0.822265625 0.015625 0.01953125
0 0.753125 0.8359375 0.015625 0.01953125
0 0.75625 0.80859375 0.015625 0.01953125
0 0.94375 0.8984375 0.015625 0.01953125
0 0.3859375 0.99609375 0.015625 0.01953125
0 0.1390625 0.951171875 0.015625 0.01953125
0 0.26875 0.548828125 0.015625 0.01953125
0 0.1265625 0.146484375 0.015625 0.01953125
0 0.13125 0.21484375 0.015625 0.01953125
0 0.140625 0.19140625 0.015625 0.01953125
0 0.0171875 0.216796875 0.015625 0.01953125
0 0.1671875 0.30859375 0.015625 0.01953125
0 0.175 0.2734375 0.015625 0.01953125
0 0.221875 0.19921875 0.015625 0.01953125
0 0.296875 0.189453125 0.015625 0.01953125
0 0.3046875 0.216796875 0.015625 0.01953125
0 0.3375 0.203125 0.015625 0.01953125
0 0.340625 0.09375 0.015625 0.01953125
0 0.421875 0.12890625 0.015625 0.01953125
0 0.3984375 0.291015625 0.015625 0.01953125
0 0.390625 0.318359375 0.015625 0.01953125
0 0.478125 0.30078125 0.015625 0.01953125
0 0.4890625 0.26953125 0.015625 0.01953125
0 0.4515625 0.234375 0.015625 0.01953125
0 0.4140625 0.166015625 0.015625 0.01953125
0 0.403125 0.14453125 0.015625 0.01953125
0 0.5671875 0.279296875 0.015625 0.01953125
0 0.5515625 0.306640625 0.015625 0.01953125
0 0.65625 0.3828125 0.015625 0.01953125
0 0.9046875 0.328125 0.015625 0.01953125
0 0.8203125 0.189453125 0.015625 0.01953125
0 0.828125 0.2265625 0.015625 0.01953125
0 0.75625 0.205078125 0.015625 0.01953125
0 0.7046875 0.205078125 0.015625 0.01953125
0 0.70625 0.232421875 0.015625 0.01953125
0 0.6765625 0.2734375 0.015625 0.01953125
0 0.6984375 0.296875 0.015625 0.01953125
0 0.69375 0.330078125 0.015625 0.01953125
0 0.7625 0.2734375 0.015625 0.01953125
0 0.7765625 0.32421875 0.015625 0.01953125
0 0.7796875 0.357421875 0.015625 0.01953125
0 0.9171875 0.494140625 0.015625 0.01953125
