0 0.190625 0.96875 0.015625 0.01953125
0 0.165625 0.912109375 0.015625 0.01953125
0 0.1734375 0.8984375 0.015625 0.01953125
0 0.2015625 0.951171875 0.015625 0.01953125
0 0.3296875 0.998046875 0.015625 0.01953125
0 0.3953125 0.98828125 0.015625 0.01953125
0 0.4734375 0.994140625 0.015625 0.01953125
0 0.4765625 0.947265625 0.015625 0.01953125
0 0.4625 0.91796875 0.015625 0.01953125
0 0.240625 0.61328125 0.015625 0.01953125
0 0.215625 0.666015625 0.015625 0.01953125
0 0.203125 0.72265625 0.015625 0.01953125
0 0.25 0.7421875 0.015625 0.01953125
0 0.290625 0.634765625 0.015625 0.01953125
0 0.296875 0.724609375 0.015625 0.01953125
0 0.2984375 0.810546875 0.015625 0.01953125
0 0.2625 0.8515625 0.015625 0.01953125
0 0.296875 0.916015625 0.015625 0.01953125
0 0.328125 0.61328125 0.015625 0.01953125
0 0.340625 0.66015625 0.015625 0.01953125
0 0.321875 0.771484375 0.015625 0.01953125
0 0.3765625 0.833984375 0.015625 0.01953125
0 0.371875 0.71484375 0.015625 0.01953125
0 0.0625 0.44921875 0.015625 0.01953125
0 0.33125 0.447265625 0.015625 0.01953125
0 0.2953125 0.439453125 0.015625 0.01953125
0 0.2203125 0.564453125 0.015625 0.01953125
0 0.2109375 0.515625 0.015625 0.01953125
0 0.2515625 0.4921875 0.015625 0.01953125
0 0.1890625 0.5078125 0.015625 0.01953125
0 0.1125 0.484375 0.015625 0.01953125
0 0.09375 0.484375 0.015625 0.01953125
0 0.0546875 0.50390625 0.015625 0.01953125
0 0.321875 0.42578125 0.015625 0.01953125
0 0.1328125 0.333984375 0.015625 0.01953125
0 0.1703125 0.416015625 0.015625 0.01953125
0 0.359375 0.412109375 0.015625 0.01953125
0 0.453125 0.431640625 0.015625 0.01953125
0 0.4515625 0.412109375 0.015625 0.01953125
0 0.4375 0.390625 0.015625 0.01953125
0 0.3578125 0.3203125 0.015625 0.01953125
0 0.5453125 0.44921875 0.015625 0.01953125
0 0.5453125 0.474609375 0.015625 0.01953125
0 0.4328125 0.859375 0.015625 0.01953125
0 0.4015625 0.787109375 0.015625 0.01953125
0 0.496875 0.7890625 0.015625 0.01953125
0 0.528125 0.748046875 0.015625 0.01953125
0 0.54375 0.724609375 0.015625 0.01953125
0 0.58125 0.673828125 0.015625 0.01953125
0 0.4046875 0.53515625 0.015625 0.01953125
0 0.3765625 0.515625 0.015625 0.01953125
0 0.4609375 0.544921875 0.015625 0.01953125
0 0.459375 0.580078125 0.015625 0.01953125
0 0.4390625 0.607421875 0.015625 0.01953125
0 0.4640625 0.642578125 0.015625 0.01953125
0 0.465625 0.666015625 0.015625 0.01953125
0 0.4890625 0.69921875 0.015625 0.01953125
0 0.5171875 0.634765625 0.015625 0.01953125
0 0.5359375 0.62109375 0.015625 0.01953125
0 0.39375 0.642578125 0.015625 0.01953125
0 0.509375 0.306640625 0.015625 0.01953125
0 0.5140625 0.267578125 0.015625 0.01953125
0 0.6671875 0.330078125 0.015625 0.01953125
0 0.6765625 0.294921875 0.015625 0.01953125
0 0.95 0.337890625 0.015625 0.01953125
0 0.9453125 0.318359375 0.015625 0.01953125
0 0.971875 0.306640625 0.015625 0.01953125
0 0.971875 0.2890625 0.015625 0.01953125
0 0.9015625 0.265625 0.015625 0.01953125
0 0.9234375 0.19140625 0.015625 0.01953125
0 0.7125 0.173828125 0.015625 0.01953125
0 0.71875 0.201171875 0.015625 0.01953125
0 0.7171875 0.2265625 0.015625 0.01953125
0 0.765625 0.25390625 0.015625 0.01953125
0 0.5921875 0.248046875 0.015625 0.01953125
0 0.5421875 0.142578125 0.015625 0.01953125
0 0.16875 0.14453125 0.015625 0.01953125
0 0.265625 0.166015625 0.015625 0.01953125
0 0.28125 0.20703125 0.015625 0.01953125
0 0.340625 0.162109375 0.015625 0.01953125
0 0.3375 0.1328125 0.015625 0.01953125
0 0.3359375 0.11328125 0.015625 0.01953125
0 0.390625 0.279296875 0.015625 0.01953125
0 0.4296875 0.216796875 0.015625 0.01953125
0 0.6640625 0.064453125 0.015625 0.01953125
0 0.7703125 0.03515625 0.015625 0.01953125
0 0.78125 0.037109375 0.015625 0.01953125
0 0.9421875 0.154296875 0.015625 0.01953125
