0 0.08125 0.451171875 0.015625 0.01953125
0 0.06875 0.505859375 0.015625 0.01953125
0 0.10625 0.490234375 0.015625 0.01953125
0 0.1265625 0.490234375 0.015625 0.01953125
0 0.184375 0.412109375 0.015625 0.01953125
0 0.3765625 0.408203125 0.015625 0.01953125
0 0.2875 0.384765625 0.015625 0.01953125
0 0.3046875 0.443359375 0.015625 0.01953125
0 0.3359375 0.431640625 0.015625 0.01953125
0 0.346875 0.453125 0.015625 0.01953125
0 0.4515625 0.3984375 0.015625 0.01953125
0 0.465625 0.421875 0.015625 0.01953125
0 0.459375 0.44140625 0.015625 0.01953125
0 0.5359375 0.45703125 0.015625 0.01953125
0 0.5375 0.482421875 0.015625 0.01953125
0 0.1578125 0.150390625 0.015625 0.01953125
0 0.15 0.326171875 0.015625 0.01953125
0 0.2515625 0.1640625 0.015625 0.01953125
0 0.2609375 0.212890625 0.015625 0.01953125
0 0.334375 0.115234375 0.015625 0.01953125
0 0.3328125 0.140625 0.015625 0.01953125
0 0.3328125 0.16796875 0.015625 0.01953125
0 0.3484375 0.32421875 0.015625 0.01953125
0 0.3734375 0.279296875 0.015625 0.01953125
0 0.421875 0.22265625 0.015625 0.01953125
0 0.534375 0.14453125 0.015625 0.01953125
0 0.703125 0.072265625 0.015625 0.01953125
0 0.7859375 0.044921875 0.015625 0.01953125
0 0.7953125 0.044921875 0.015625 0.01953125
0 0.9359375 0.14453125 0.015625 0.01953125
0 0.909375 0.1953125 0.015625 0.01953125
0 0.871875 0.279296875 0.015625 0.01953125
0 0.9578125 0.291015625 0.015625 0.01953125
0 0.9609375 0.31640625 0.015625 0.01953125
0 0.94375 0.333984375 0.015625 0.01953125
0 0.946875 0.35546875 0.015625 0.01953125
0 0.69375 0.1796875 0.015625 0.01953125
0 0.7125 0.208984375 0.015625 0.01953125
0 0.7046875 0.236328125 0.015625 0.01953125
0 0.74375 0.26171875 0.015625 0.01953125
0 0.653125 0.302734375 0.015625 0.01953125
0 0.64375 0.333984375 0.015625 0.01953125
0 0.578125 0.251953125 0.015625 0.01953125
0 0.50625 0.283203125 0.015625 0.01953125
0 0.490625 0.314453125 0.015625 0.01953125
0 0.165625 0.9140625 0.015625 0.01953125
0 0.1875 0.90625 0.015625 0.01953125
0 0.203125 0.9765625 0.015625 0.01953125
0 0.2234375 0.955078125 0.015625 0.01953125
0 0.409375 0.9921875 0.015625 0.01953125
0 0.4890625 0.994140625 0.015625 0.01953125
0 0.490625 0.951171875 0.015625 0.01953125
0 0.4734375 0.92578125 0.015625 0.01953125
0 0.2015625 0.517578125 0.015625 0.01953125
0 0.225 0.525390625 0.015625 0.01953125
0 0.2640625 0.501953125 0.015625 0.01953125
0 0.2328125 0.568359375 0.015625 0.01953125
0 0.25 0.62109375 0.015625 0.01953125
0 0.3921875 0.521484375 0.015625 0.01953125
0 0.415625 0.54296875 0.015625 0.01953125
0 0.475 0.55078125 0.015625 0.01953125
0 0.4765625 0.5859375 0.015625 0.01953125
0 0.5515625 0.625 0.015625 0.01953125
0 0.521875 0.638671875 0.015625 0.01953125
0 0.453125 0.62109375 0.015625 0.01953125
0 0.4859375 0.6484375 0.015625 0.01953125
0 0.4859375 0.673828125 0.015625 0.01953125
0 0.6015625 0.689453125 0.015625 0.01953125
0 0.5046875 0.708984375 0.015625 0.01953125
0 0.5421875 0.751953125 0.015625 0.01953125
0 0.5171875 0.798828125 0.015625 0.01953125
0 0.565625 0.74609375 0.015625 0.01953125
0 0.4171875 0.806640625 0.015625 0.01953125
0 0.3921875 0.837890625 0.015625 0.01953125
0 0.446875 0.859375 0.015625 0.01953125
0 0.3109375 0.923828125 0.015625 0.01953125
0 0.28125 0.859375 0.015625 0.01953125
0 0.25625 0.76171875 0.015625 0.01953125
0 0.2171875 0.740234375 0.015625 0.01953125
0 0.2265625 0.67578125 0.015625 0.01953125
0 0.2984375 0.64453125 0.015625 0.01953125
0 0.315625 0.73046875 0.015625 0.01953125
0 0.3328125 0.775390625 0.015625 0.01953125
0 0.3015625 0.830078125 0.015625 0.01953125
0 0.3375 0.626953125 0.015625 0.01953125
0 0.3578125 0.666015625 0.015625 0.01953125
0 0.4046875 0.63671875 0.015625 0.01953125
