0 0.7125 0.072265625 0.015625 0.01953125
0 0.7734375 0.04296875 0.015625 0.01953125
0 0.7859375 0.04296875 0.015625 0.01953125
0 0.9 0.14453125 0.015625 0.01953125
0 0.9296875 0.28515625 0.015625 0.01953125
0 0.884375 0.193359375 0.015625 0.01953125
0 0.83125 0.275390625 0.015625 0.01953125
0 0.9265625 0.3671875 0.015625 0.01953125
0 0.921875 0.341796875 0.015625 0.01953125
0 0.9296875 0.314453125 0.015625 0.01953125
0 0.715625 0.265625 0.015625 0.01953125
0 0.6765625 0.232421875 0.015625 0.01953125
0 0.6796875 0.205078125 0.015625 0.01953125
0 0.6703125 0.1796875 0.015625 0.01953125
0 0.615625 0.298828125 0.015625 0.01953125
0 0.609375 0.330078125 0.015625 0.01953125
0 0.5453125 0.248046875 0.015625 0.01953125
0 0.5109375 0.140625 0.015625 0.01953125
0 0.4875 0.28515625 0.015625 0.01953125
0 0.4625 0.310546875 0.015625 0.01953125
0 0.3953125 0.22265625 0.015625 0.01953125
0 0.34375 0.279296875 0.015625 0.01953125
0 0.321875 0.3203125 0.015625 0.01953125
0 0.30625 0.166015625 0.015625 0.01953125
0 0.30625 0.140625 0.015625 0.01953125
0 0.30625 0.11328125 0.015625 0.01953125
0 0.2234375 0.15625 0.015625 0.01953125
0 0.134375 0.1484375 0.015625 0.01953125
0 0.2265625 0.212890625 0.015625 0.01953125
0 0.146875 0.3125 0.015625 0.01953125
0 0.2703125 0.37890625 0.015625 0.01953125
0 0.1734375 0.41015625 0.015625 0.01953125
0 0.0765625 0.439453125 0.015625 0.01953125
0 0.103125 0.486328125 0.015625 0.01953125
0 0.1171875 0.490234375 0.015625 0.01953125
0 0.05625 0.50390625 0.015625 0.01953125
0 0.19375 0.513671875 0.015625 0.01953125
0 0.2171875 0.521484375 0.015625 0.01953125
0 0.2203125 0.568359375 0.015625 0.01953125
0 0.2328125 0.61328125 0.015625 0.01953125
0 0.2171875 0.673828125 0.015625 0.01953125
0 0.2109375 0.734375 0.015625 0.01953125
0 0.175 0.90234375 0.015625 0.01953125
0 0.2484375 0.755859375 0.015625 0.01953125
0 0.21875 0.955078125 0.015625 0.01953125
0 0.196875 0.974609375 0.015625 0.01953125
0 0.146875 0.90625 0.015625 0.01953125
0 0.265625 0.859375 0.015625 0.01953125
0 0.2984375 0.83203125 0.015625 0.01953125
0 0.3015625 0.919921875 0.015625 0.01953125
0 0.321875 0.7734375 0.015625 0.01953125
0 0.309375 0.7265625 0.015625 0.01953125
0 0.2921875 0.64453125 0.015625 0.01953125
0 0.325 0.626953125 0.015625 0.01953125
0 0.3453125 0.666015625 0.015625 0.01953125
0 0.2515625 0.49609375 0.015625 0.01953125
0 0.3046875 0.439453125 0.015625 0.01953125
0 0.3265625 0.4296875 0.015625 0.01953125
0 0.3359375 0.451171875 0.015625 0.01953125
0 0.3703125 0.3984375 0.015625 0.01953125
0 0.3859375 0.51953125 0.015625 0.01953125
0 0.40625 0.537109375 0.015625 0.01953125
0 0.5140625 0.45703125 0.015625 0.01953125
0 0.5140625 0.484375 0.015625 0.01953125
0 0.446875 0.396484375 0.015625 0.01953125
0 0.4546875 0.41796875 0.015625 0.01953125
0 0.446875 0.435546875 0.015625 0.01953125
0 0.396875 0.4609375 0.015625 0.01953125
0 0.3859375 0.44921875 0.015625 0.01953125
0 0.3859375 0.642578125 0.015625 0.01953125
0 0.384375 0.716796875 0.015625 0.01953125
0 0.38125 0.83984375 0.015625 0.01953125
0 0.40625 0.80078125 0.015625 0.01953125
0 0.5109375 0.794921875 0.015625 0.01953125
0 0.4375 0.857421875 0.015625 0.01953125
0 0.5296875 0.74609375 0.015625 0.01953125
0 0.5609375 0.75 0.015625 0.01953125
0 0.5921875 0.685546875 0.015625 0.01953125
0 0.4953125 0.70703125 0.015625 0.01953125
0 0.459375 0.52734375 0.015625 0.01953125
0 0.4671875 0.55078125 0.015625 0.01953125
0 0.46875 0.58203125 0.015625 0.01953125
0 0.4453125 0.623046875 0.015625 0.01953125
0 0.4765625 0.65625 0.015625 0.01953125
0 0.515625 0.6328125 0.015625 0.01953125
0 0.5359375 0.626953125 0.015625 0.01953125
0 0.465625 0.923828125 0.015625 0.01953125
0 0.4828125 0.951171875 0.015625 0.01953125
0 0.4078125 0.9609375 0.015625 0.01953125
0 0.4 0.9921875 0.015625 0.01953125
0 0.4796875 0.994140625 0.015625 0.01953125
