0 0.03125 0.146484375 0.015625 0.01953125
0 0.1109375 0.1484375 0.015625 0.01953125
0 0.0859375 0.19921875 0.015625 0.01953125
0 0.2078125 0.109375 0.015625 0.01953125
0 0.2078125 0.13671875 0.015625 0.01953125
0 0.20625 0.15625 0.015625 0.01953125
0 0.175 0.265625 0.015625 0.01953125
0 0.2140625 0.28125 0.015625 0.01953125
0 0.2171875 0.30859375 0.015625 0.01953125
0 0.29375 0.216796875 0.015625 0.01953125
0 0.4125 0.12890625 0.015625 0.01953125
0 0.425 0.23828125 0.015625 0.01953125
0 0.4671875 0.291015625 0.015625 0.01953125
0 0.44375 0.322265625 0.015625 0.01953125
0 0.4 0.3125 0.015625 0.01953125
0 0.3390625 0.302734375 0.015625 0.01953125
0 0.55 0.15625 0.015625 0.01953125
0 0.5625 0.185546875 0.015625 0.01953125
0 0.5625 0.216796875 0.015625 0.01953125
0 0.5796875 0.251953125 0.015625 0.01953125
0 0.6578125 0.287109375 0.015625 0.01953125
0 0.759375 0.037109375 0.015625 0.01953125
0 0.765625 0.068359375 0.015625 0.01953125
0 0.765625 0.125 0.015625 0.01953125
0 0.765625 0.17578125 0.015625 0.01953125
0 0.8078125 0.271484375 0.015625 0.01953125
0 0.9234375 0.259765625 0.015625 0.01953125
0 0.9921875 0.251953125 0.015625 0.01953125
0 0.9140625 0.283203125 0.015625 0.01953125
0 0.9046875 0.333984375 0.015625 0.01953125
0 0.8140625 0.294921875 0.015625 0.01953125
0 0.8515625 0.3984375 0.015625 0.01953125
0 0.859375 0.423828125 0.015625 0.01953125
0 0.040625 0.41796875 0.015625 0.01953125
0 0.1375 0.396484375 0.015625 0.01953125
0 0.1609375 0.3515625 0.015625 0.01953125
0 0.275 0.435546875 0.015625 0.01953125
0 0.3171875 0.447265625 0.015625 0.01953125
0 0.3046875 0.427734375 0.015625 0.01953125
0 0.2515625 0.3828125 0.015625 0.01953125
0 0.3515625 0.390625 0.015625 0.01953125
0 0.4234375 0.390625 0.015625 0.01953125
0 0.4375 0.412109375 0.015625 0.01953125
0 0.425 0.427734375 0.015625 0.01953125
0 0.4265625 0.455078125 0.015625 0.01953125
0 0.421875 0.486328125 0.015625 0.01953125
0 0.3703125 0.447265625 0.015625 0.01953125
0 0.3796875 0.46484375 0.015625 0.01953125
0 0.3890625 0.533203125 0.015625 0.01953125
0 0.3640625 0.51171875 0.015625 0.01953125
0 0.4453125 0.537109375 0.015625 0.01953125
0 0.4484375 0.578125 0.015625 0.01953125
0 0.48125 0.609375 0.015625 0.01953125
0 0.5046875 0.619140625 0.015625 0.01953125
0 0.5640625 0.646484375 0.015625 0.01953125
0 0.45625 0.640625 0.015625 0.01953125
0 0.459375 0.669921875 0.015625 0.01953125
0 0.4765625 0.69921875 0.015625 0.01953125
0 0.5140625 0.740234375 0.015625 0.01953125
0 0.5203125 0.783203125 0.015625 0.01953125
0 0.5640625 0.765625 0.015625 0.01953125
0 0.41875 0.640625 0.015625 0.01953125
0 0.3875 0.62890625 0.015625 0.01953125
0 0.3890625 0.701171875 0.015625 0.01953125
0 0.4140625 0.7890625 0.015625 0.01953125
0 0.3875 0.830078125 0.015625 0.01953125
0 0.43125 0.865234375 0.015625 0.01953125
0 0.45 0.923828125 0.015625 0.01953125
0 0.465625 0.943359375 0.015625 0.01953125
0 0.4625 0.986328125 0.015625 0.01953125
0 0.3859375 0.98046875 0.015625 0.01953125
0 0.3171875 0.99609375 0.015625 0.01953125
0 0.1890625 0.9765625 0.015625 0.01953125
0 0.128125 0.90625 0.015625 0.01953125
0 0.1546875 0.892578125 0.015625 0.01953125
0 0.2046875 0.947265625 0.015625 0.01953125
0 0.284375 0.9140625 0.015625 0.01953125
0 0.25 0.861328125 0.015625 0.01953125
0 0.3375 0.8203125 0.015625 0.01953125
0 0.321875 0.759765625 0.015625 0.01953125
0 0.28125 0.74609375 0.015625 0.01953125
0 0.29375 0.720703125 0.015625 0.01953125
0 0.2203125 0.71875 0.015625 0.01953125
0 0.196875 0.66796875 0.015625 0.01953125
0 0.2046875 0.609375 0.015625 0.01953125
0 0.21875 0.5625 0.015625 0.01953125
0 0.2015625 0.529296875 0.015625 0.01953125
0 0.2359375 0.490234375 0.015625 0.01953125
0 0.171875 0.5078125 0.015625 0.01953125
0 0.084375 0.482421875 0.015625 0.01953125
0 0.034375 0.50390625 0.015625 0.01953125
0 0.0953125 0.484375 0.015625 0.01953125
0 0.284375 0.640625 0.015625 0.01953125
0 0.3390625 0.61328125 0.015625 0.01953125
0 0.340625 0.662109375 0.015625 0.01953125
0 0.99375 0.263671875 0.015625 0.01953125
