0 0.7609375 0.0390625 0.015625 0.01953125
0 0.9765625 0.2421875 0.015625 0.01953125
0 0.98125 0.255859375 0.015625 0.01953125
0 0.9109375 0.255859375 0.015625 0.01953125
0 0.89375 0.28125 0.015625 0.01953125
0 0.878125 0.330078125 0.015625 0.01953125
0 0.84375 0.40234375 0.015625 0.01953125
0 0.8546875 0.4296875 0.015625 0.01953125
0 0.79375 0.26953125 0.015625 0.01953125
0 0.79375 0.29296875 0.015625 0.01953125
0 0.778125 0.06640625 0.015625 0.01953125
0 0.7453125 0.119140625 0.015625 0.01953125
0 0.7453125 0.171875 0.015625 0.01953125
0 0.5328125 0.150390625 0.015625 0.01953125
0 0.54375 0.185546875 0.015625 0.01953125
0 0.5453125 0.208984375 0.015625 0.01953125
0 0.55625 0.25 0.015625 0.01953125
0 0.625 0.283203125 0.015625 0.01953125
0 0.396875 0.126953125 0.015625 0.01953125
0 0.4046875 0.23828125 0.015625 0.01953125
0 0.44375 0.2890625 0.015625 0.01953125
0 0.4203125 0.3046875 0.015625 0.01953125
0 0.1953125 0.111328125 0.015625 0.01953125
0 0.190625 0.134765625 0.015625 0.01953125
0 0.1828125 0.1640625 0.015625 0.01953125
0 0.2 0.16796875 0.015625 0.01953125
0 0.278125 0.212890625 0.015625 0.01953125
0 0.01875 0.142578125 0.015625 0.01953125
0 0.0640625 0.10546875 0.015625 0.01953125
0 0.096875 0.142578125 0.015625 0.01953125
0 0.0640625 0.197265625 0.015625 0.01953125
0 0.190625 0.271484375 0.015625 0.01953125
0 0.1953125 0.30859375 0.015625 0.01953125
0 0.315625 0.30078125 0.015625 0.01953125
0 0.390625 0.31640625 0.015625 0.01953125
0 0.15 0.345703125 0.015625 0.01953125
0 0.1421875 0.390625 0.015625 0.01953125
0 0.04375 0.41796875 0.015625 0.01953125
0 0.0375 0.501953125 0.015625 0.01953125
0 0.08125 0.48046875 0.015625 0.01953125
0 0.0953125 0.482421875 0.015625 0.01953125
0 0.175 0.505859375 0.015625 0.01953125
0 0.2046875 0.529296875 0.015625 0.01953125
0 0.2359375 0.4921875 0.015625 0.01953125
0 0.2203125 0.564453125 0.015625 0.01953125
0 0.2078125 0.607421875 0.015625 0.01953125
0 0.203125 0.666015625 0.015625 0.01953125
0 0.21875 0.716796875 0.015625 0.01953125
0 0.125 0.90234375 0.015625 0.01953125
0 0.15625 0.89453125 0.015625 0.01953125
0 0.1828125 0.9765625 0.015625 0.01953125
0 0.203125 0.951171875 0.015625 0.01953125
0 0.2828125 0.9140625 0.015625 0.01953125
0 0.253125 0.857421875 0.015625 0.01953125
0 0.2828125 0.748046875 0.015625 0.01953125
0 0.2984375 0.71875 0.015625 0.01953125
0 0.2875 0.634765625 0.015625 0.01953125
0 0.28125 0.431640625 0.015625 0.01953125
0 0.309375 0.421875 0.015625 0.01953125
0 0.31875 0.4453125 0.015625 0.01953125
0 0.2453125 0.376953125 0.015625 0.01953125
0 0.3484375 0.38671875 0.015625 0.01953125
0 0.4265625 0.388671875 0.015625 0.01953125
0 0.434375 0.4140625 0.015625 0.01953125
0 0.425 0.427734375 0.015625 0.01953125
0 0.41875 0.44921875 0.015625 0.01953125
0 0.3640625 0.443359375 0.015625 0.01953125
0 0.38125 0.4609375 0.015625 0.01953125
0 0.4125 0.478515625 0.015625 0.01953125
0 0.3640625 0.51171875 0.015625 0.01953125
0 0.3875 0.529296875 0.015625 0.01953125
0 0.340625 0.609375 0.015625 0.01953125
0 0.3453125 0.658203125 0.015625 0.01953125
0 0.3203125 0.755859375 0.015625 0.01953125
0 0.3453125 0.822265625 0.015625 0.01953125
0 0.3921875 0.83203125 0.015625 0.01953125
0 0.415625 0.783203125 0.015625 0.01953125
0 0.39375 0.69921875 0.015625 0.01953125
0 0.3921875 0.62890625 0.015625 0.01953125
0 0.4484375 0.53515625 0.015625 0.01953125
0 0.4453125 0.572265625 0.015625 0.01953125
0 0.4625 0.6640625 0.015625 0.01953125
0 0.4828125 0.607421875 0.015625 0.01953125
0 0.5015625 0.611328125 0.015625 0.01953125
0 0.559375 0.640625 0.015625 0.01953125
0 0.5734375 0.76953125 0.015625 0.01953125
0 0.5234375 0.787109375 0.015625 0.01953125
0 0.515625 0.73828125 0.015625 0.01953125
0 0.475 0.69921875 0.015625 0.01953125
0 0.4328125 0.857421875 0.015625 0.01953125
0 0.45 0.9140625 0.015625 0.01953125
0 0.4671875 0.9375 0.015625 0.01953125
0 0.4609375 0.982421875 0.015625 0.01953125
0 0.3859375 0.98046875 0.015625 0.01953125
0 0.3171875 0.994140625 0.015625 0.01953125
