0 0.015625 0.14453125 0.015625 0.01953125
0 0.059375 0.1953125 0.015625 0.01953125
0 0.19375 0.212890625 0.015625 0.01953125
0 0.2015625 0.27734375 0.015625 0.01953125
0 0.203125 0.23046875 0.015625 0.01953125
0 0.3296875 0.177734375 0.015625 0.01953125
0 0.5390625 0.1875 0.015625 0.01953125
0 0.5109375 0.236328125 0.015625 0.01953125
0 0.20625 0.47265625 0.015625 0.01953125
0 0.290625 0.646484375 0.015625 0.01953125
0 0.3796875 0.484375 0.015625 0.01953125
0 0.3984375 0.46875 0.015625 0.01953125
0 0.40625 0.41796875 0.015625 0.01953125
0 0.3625 0.873046875 0.015625 0.01953125
0 0.7671875 0.4765625 0.015625 0.01953125
0 0.7625 0.54296875 0.015625 0.01953125
0 0.80625 0.517578125 0.015625 0.01953125
0 0.8359375 0.349609375 0.015625 0.01953125
0 0.865625 0.32421875 0.015625 0.01953125
0 0.88125 0.287109375 0.015625 0.01953125
0 0.7796875 0.345703125 0.015625 0.01953125
0 0.8296875 0.31640625 0.015625 0.01953125
0 0.7421875 0.150390625 0.015625 0.01953125
0 0.7359375 0.173828125 0.015625 0.01953125
0 0.7359375 0.197265625 0.015625 0.01953125
0 0.603125 0.16796875 0.015625 0.01953125
0 0.4875 0.091796875 0.015625 0.01953125
0 0.4625 0.103515625 0.015625 0.01953125
0 0.4796875 0.13671875 0.015625 0.01953125
0 0.653125 0.2890625 0.015625 0.01953125
0 0.9328125 0.142578125 0.015625 0.01953125
0 0.9453125 0.171875 0.015625 0.01953125
0 0.96875 0.41796875 0.015625 0.01953125
0 0.978125 0.439453125 0.015625 0.01953125
0 0.984375 0.453125 0.015625 0.01953125
0 0.9828125 0.501953125 0.015625 0.01953125
0 0.946875 0.529296875 0.015625 0.01953125
0 0.890625 0.548828125 0.015625 0.01953125
0 0.9390625 0.578125 0.015625 0.01953125
0 0.9359375 0.599609375 0.015625 0.01953125
0 0.959375 0.64453125 0.015625 0.01953125
0 0.9859375 0.666015625 0.015625 0.01953125
0 0.9234375 0.69921875 0.015625 0.01953125
0 0.9453125 0.755859375 0.015625 0.01953125
0 0.7296875 0.95703125 0.015625 0.01953125
0 0.7578125 0.888671875 0.015625 0.01953125
0 0.7984375 0.916015625 0.015625 0.01953125
0 0.9046875 0.986328125 0.015625 0.01953125
0 0.9828125 0.8984375 0.015625 0.01953125
0 0.8359375 0.41015625 0.015625 0.01953125
0 0.8140625 0.244140625 0.015625 0.01953125
