0 0.371875 0.880859375 0.015625 0.01953125
0 0.3046875 0.630859375 0.015625 0.01953125
0 0.4109375 0.4296875 0.015625 0.01953125
0 0.428125 0.46875 0.015625 0.01953125
0 0.4125 0.490234375 0.015625 0.01953125
0 0.2234375 0.478515625 0.015625 0.01953125
0 0.0171875 0.15234375 0.015625 0.01953125
0 0.0546875 0.19921875 0.015625 0.01953125
0 0.0234375 0.92578125 0.015625 0.01953125
0 0.759375 0.970703125 0.015625 0.01953125
0 0.7625 0.892578125 0.015625 0.01953125
0 0.8125 0.91796875 0.015625 0.01953125
0 0.9203125 0.994140625 0.015625 0.01953125
0 0.9546875 0.75390625 0.015625 0.01953125
0 0.940625 0.70703125 0.015625 0.01953125
0 0.9765625 0.6484375 0.015625 0.01953125
0 0.9578125 0.607421875 0.015625 0.01953125
0 0.95625 0.578125 0.015625 0.01953125
0 0.96875 0.53515625 0.015625 0.01953125
0 0.990625 0.5078125 0.015625 0.01953125
0 0.9125 0.55078125 0.015625 0.01953125
0 0.7796875 0.546875 0.015625 0.01953125
0 0.8234375 0.5234375 0.015625 0.01953125
0 0.7828125 0.478515625 0.015625 0.01953125
0 0.9921875 0.46484375 0.015625 0.01953125
0 0.9921875 0.443359375 0.015625 0.01953125
0 0.9875 0.42578125 0.015625 0.01953125
0 0.8546875 0.41796875 0.015625 0.01953125
0 0.834375 0.353515625 0.015625 0.01953125
0 0.7765625 0.3515625 0.015625 0.01953125
0 0.8609375 0.31640625 0.015625 0.01953125
0 0.190625 0.208984375 0.015625 0.01953125
0 0.1984375 0.23046875 0.015625 0.01953125
0 0.2015625 0.287109375 0.015625 0.01953125
0 0.3359375 0.1796875 0.015625 0.01953125
0 0.4953125 0.1015625 0.015625 0.01953125
0 0.515625 0.08984375 0.015625 0.01953125
0 0.5109375 0.142578125 0.015625 0.01953125
0 0.5421875 0.189453125 0.015625 0.01953125
0 0.503125 0.244140625 0.015625 0.01953125
0 0.6078125 0.16796875 0.015625 0.01953125
0 0.74375 0.154296875 0.015625 0.01953125
0 0.7390625 0.17578125 0.015625 0.01953125
0 0.7328125 0.20703125 0.015625 0.01953125
0 0.6515625 0.296875 0.015625 0.01953125
0 0.953125 0.17578125 0.015625 0.01953125
0 0.959375 0.13671875 0.015625 0.01953125
0 0.8890625 0.29296875 0.015625 0.01953125
0 0.8515625 0.3359375 0.015625 0.01953125
0 0.9859375 0.349609375 0.015625 0.01953125
0 0.8203125 0.251953125 0.015625 0.01953125
