0 0.5234375 0.0859375 0.015625 0.01953125
0 0.4984375 0.09375 0.015625 0.01953125
0 0.521875 0.1328125 0.015625 0.01953125
0 0.5140625 0.1796875 0.015625 0.01953125
0 0.5734375 0.1640625 0.015625 0.01953125
0 0.4671875 0.23046875 0.015625 0.01953125
0 0.971875 0.416015625 0.015625 0.01953125
0 0.971875 0.43359375 0.015625 0.01953125
0 0.96875 0.455078125 0.015625 0.01953125
0 0.96875 0.48828125 0.015625 0.01953125
0 0.9640625 0.525390625 0.015625 0.01953125
0 0.9421875 0.56640625 0.015625 0.01953125
0 0.9484375 0.59375 0.015625 0.01953125
0 0.9640625 0.638671875 0.015625 0.01953125
0 0.99375 0.666015625 0.015625 0.01953125
0 0.928125 0.6953125 0.015625 0.01953125
0 0.94375 0.734375 0.015625 0.01953125
0 0.903125 0.541015625 0.015625 0.01953125
0 0.8203125 0.513671875 0.015625 0.01953125
0 0.7703125 0.53515625 0.015625 0.01953125
0 0.7703125 0.46875 0.015625 0.01953125
0 0.03125 0.1953125 0.015625 0.01953125
0 0.1578125 0.203125 0.015625 0.01953125
0 0.165625 0.2265625 0.015625 0.01953125
0 0.1734375 0.275390625 0.015625 0.01953125
0 0.3140625 0.171875 0.015625 0.01953125
0 0.2171875 0.46875 0.015625 0.01953125
0 0.2859375 0.60546875 0.015625 0.01953125
0 0.2984375 0.587890625 0.015625 0.01953125
0 0.390625 0.4296875 0.015625 0.01953125
0 0.421875 0.474609375 0.015625 0.01953125
0 0.3578125 0.87109375 0.015625 0.01953125
0 0.434375 0.453125 0.015625 0.01953125
0 0.73125 0.87890625 0.015625 0.01953125
0 0.7671875 0.96484375 0.015625 0.01953125
0 0.7984375 0.90625 0.015625 0.01953125
0 0.915625 0.98828125 0.015625 0.01953125
0 0.84375 0.40234375 0.015625 0.01953125
0 0.615625 0.28125 0.015625 0.01953125
0 0.7390625 0.333984375 0.015625 0.01953125
0 0.7953125 0.34375 0.015625 0.01953125
0 0.8234375 0.3046875 0.015625 0.01953125
0 0.959375 0.119140625 0.015625 0.01953125
0 0.9296875 0.16796875 0.015625 0.01953125
0 0.971875 0.29296875 0.015625 0.01953125
0 0.9421875 0.333984375 0.015625 0.01953125
0 0.8515625 0.28125 0.015625 0.01953125
0 0.7875 0.240234375 0.015625 0.01953125
0 0.7125 0.19140625 0.015625 0.01953125
0 0.709375 0.171875 0.015625 0.01953125
0 0.709375 0.1484375 0.015625 0.01953125
0 0.8515625 0.341796875 0.015625 0.01953125
