0 0.3546875 0.87109375 0.015625 0.01953125
0 0.715625 0.875 0.015625 0.01953125
0 0.7890625 0.900390625 0.015625 0.01953125
0 0.771875 0.966796875 0.015625 0.01953125
0 0.9109375 0.982421875 0.015625 0.01953125
0 0.9453125 0.732421875 0.015625 0.01953125
0 0.921875 0.693359375 0.015625 0.01953125
0 0.990625 0.66015625 0.015625 0.01953125
0 0.9609375 0.634765625 0.015625 0.01953125
0 0.9484375 0.58984375 0.015625 0.01953125
0 0.9375 0.5625 0.015625 0.01953125
0 0.9609375 0.5234375 0.015625 0.01953125
0 0.9578125 0.482421875 0.015625 0.01953125
0 0.9546875 0.453125 0.015625 0.01953125
0 0.9640625 0.43359375 0.015625 0.01953125
0 0.9625 0.408203125 0.015625 0.01953125
0 0.765625 0.46484375 0.015625 0.01953125
0 0.765625 0.529296875 0.015625 0.01953125
0 0.8109375 0.509765625 0.015625 0.01953125
0 0.8984375 0.537109375 0.015625 0.01953125
0 0.7671875 0.333984375 0.015625 0.01953125
0 0.8015625 0.302734375 0.015625 0.01953125
0 0.834375 0.271484375 0.015625 0.01953125
0 0.1359375 0.201171875 0.015625 0.01953125
0 0.146875 0.224609375 0.015625 0.01953125
0 0.159375 0.27734375 0.015625 0.01953125
0 0.3015625 0.1640625 0.015625 0.01953125
0 0.4453125 0.224609375 0.015625 0.01953125
0 0.5 0.171875 0.015625 0.01953125
0 0.553125 0.15625 0.015625 0.01953125
0 0.5046875 0.091796875 0.015625 0.01953125
0 0.525 0.08203125 0.015625 0.01953125
0 0.5234375 0.1328125 0.015625 0.01953125
0 0.6953125 0.142578125 0.015625 0.01953125
0 0.690625 0.1640625 0.015625 0.01953125
0 0.6859375 0.19140625 0.015625 0.01953125
0 0.6671875 0.359375 0.015625 0.01953125
0 0.7140625 0.326171875 0.015625 0.01953125
0 0.9765625 0.09765625 0.015625 0.01953125
0 0.9109375 0.162109375 0.015625 0.01953125
0 0.9875 0.25390625 0.015625 0.01953125
0 0.946875 0.2890625 0.015625 0.01953125
0 0.91875 0.328125 0.015625 0.01953125
0 0.840625 0.400390625 0.015625 0.01953125
0 0.8546875 0.345703125 0.015625 0.01953125
0 0.9921875 0.22265625 0.015625 0.01953125
0 0.978125 0.19140625 0.015625 0.01953125
0 0.5921875 0.28125 0.015625 0.01953125
0 0.2171875 0.46875 0.015625 0.01953125
0 0.2796875 0.58984375 0.015625 0.01953125
0 0.290625 0.578125 0.015625 0.01953125
0 0.4328125 0.462890625 0.015625 0.01953125
0 0.38125 0.4375 0.015625 0.01953125
0 0.7734375 0.23828125 0.015625 0.01953125
