0 0.5359375 0.078125 0.015625 0.01953125
0 0.5078125 0.087890625 0.015625 0.01953125
0 0.5375 0.12890625 0.015625 0.01953125
0 0.5375 0.15625 0.015625 0.01953125
0 0.4828125 0.171875 0.015625 0.01953125
0 0.4265625 0.216796875 0.015625 0.01953125
0 0.696875 0.86328125 0.015625 0.01953125
0 0.778125 0.892578125 0.015625 0.01953125
0 0.7734375 0.962890625 0.015625 0.01953125
0 0.3484375 0.869140625 0.015625 0.01953125
0 0.26875 0.576171875 0.015625 0.01953125
0 0.203125 0.462890625 0.015625 0.01953125
0 0.2828125 0.564453125 0.015625 0.01953125
0 0.371875 0.443359375 0.015625 0.01953125
0 0.1234375 0.19921875 0.015625 0.01953125
0 0.140625 0.267578125 0.015625 0.01953125
0 0.2921875 0.1640625 0.015625 0.01953125
0 0.5734375 0.275390625 0.015625 0.01953125
0 0.45 0.4375 0.015625 0.01953125
0 0.43125 0.458984375 0.015625 0.01953125
0 0.765625 0.462890625 0.015625 0.01953125
0 0.8125 0.509765625 0.015625 0.01953125
0 0.7640625 0.529296875 0.015625 0.01953125
0 0.9578125 0.40234375 0.015625 0.01953125
0 0.9578125 0.435546875 0.015625 0.01953125
0 0.940625 0.453125 0.015625 0.01953125
0 0.9453125 0.48046875 0.015625 0.01953125
0 0.95625 0.5234375 0.015625 0.01953125
0 0.89375 0.533203125 0.015625 0.01953125
0 0.934375 0.560546875 0.015625 0.01953125
0 0.94375 0.587890625 0.015625 0.01953125
0 0.921875 0.6875 0.015625 0.01953125
0 0.9375 0.73046875 0.015625 0.01953125
0 0.9890625 0.66015625 0.015625 0.01953125
0 0.9578125 0.623046875 0.015625 0.01953125
0 0.8359375 0.404296875 0.015625 0.01953125
0 0.85 0.3828125 0.015625 0.01953125
0 0.859375 0.35546875 0.015625 0.01953125
0 0.8921875 0.322265625 0.015625 0.01953125
0 0.93125 0.287109375 0.015625 0.01953125
0 0.975 0.259765625 0.015625 0.01953125
0 0.984375 0.21875 0.015625 0.01953125
0 0.965625 0.197265625 0.015625 0.01953125
0 0.9796875 0.09375 0.015625 0.01953125
0 0.896875 0.16015625 0.015625 0.01953125
0 0.7796875 0.3046875 0.015625 0.01953125
0 0.815625 0.271484375 0.015625 0.01953125
0 0.7578125 0.232421875 0.015625 0.01953125
0 0.7484375 0.326171875 0.015625 0.01953125
0 0.690625 0.3203125 0.015625 0.01953125
0 0.678125 0.14453125 0.015625 0.01953125
0 0.6796875 0.1640625 0.015625 0.01953125
0 0.1265625 0.21484375 0.015625 0.01953125
