0 0.01875 0.912109375 0.015625 0.01953125
0 0.0921875 0.755859375 0.015625 0.01953125
0 0.1046875 0.755859375 0.015625 0.01953125
0 0.91875 0.1328125 0.015625 0.01953125
0 0.884375 0.11328125 0.015625 0.01953125
0 0.7640625 0.0546875 0.015625 0.01953125
0 0.7953125 0.03515625 0.015625 0.01953125
0 0.8265625 0.0390625 0.015625 0.01953125
0 0.8609375 0.044921875 0.015625 0.01953125
0 0.896875 0.03515625 0.015625 0.01953125
0 0.9671875 0.048828125 0.015625 0.01953125
0 0.96875 0.091796875 0.015625 0.01953125
0 0.7390625 0.009765625 0.015625 0.01953125
0 0.71875 0.00390625 0.015625 0.01953125
0 0.6984375 0.1328125 0.015625 0.01953125
0 0.653125 0.15234375 0.015625 0.01953125
0 0.6953125 0.189453125 0.015625 0.01953125
0 0.940625 0.390625 0.015625 0.01953125
0 0.859375 0.482421875 0.015625 0.01953125
0 0.6984375 0.802734375 0.015625 0.01953125
0 0.8296875 0.80078125 0.015625 0.01953125
0 0.9265625 0.79296875 0.015625 0.01953125
0 0.8578125 0.921875 0.015625 0.01953125
0 0.95625 0.900390625 0.015625 0.01953125
0 0.3515625 0.74609375 0.015625 0.01953125
0 0.4203125 0.712890625 0.015625 0.01953125
0 0.4265625 0.6953125 0.015625 0.01953125
0 0.45 0.603515625 0.015625 0.01953125
0 0.4796875 0.45703125 0.015625 0.01953125
0 0.46875 0.431640625 0.015625 0.01953125
0 0.175 0.529296875 0.015625 0.01953125
0 0.1609375 0.759765625 0.015625 0.01953125
0 0.26875 0.453125 0.015625 0.01953125
0 0.265625 0.341796875 0.015625 0.01953125
0 0.3796875 0.322265625 0.015625 0.01953125
0 0.2890625 0.27734375 0.015625 0.01953125
0 0.4796875 0.26953125 0.015625 0.01953125
0 0.475 0.21875 0.015625 0.01953125
0 0.515625 0.173828125 0.015625 0.01953125
0 0.5078125 0.13671875 0.015625 0.01953125
0 0.5140625 0.0625 0.015625 0.01953125
0 0.58125 0.0234375 0.015625 0.01953125
0 0.4625 0.083984375 0.015625 0.01953125
0 0.3953125 0.146484375 0.015625 0.01953125
0 0.378125 0.1328125 0.015625 0.01953125
0 0.3640625 0.12109375 0.015625 0.01953125
0 0.28125 0.1484375 0.015625 0.01953125
0 0.275 0.185546875 0.015625 0.01953125
0 0.2953125 0.17578125 0.015625 0.01953125
0 0.321875 0.18359375 0.015625 0.01953125
0 0.646875 0.04296875 0.015625 0.01953125
0 0.6578125 0.013671875 0.015625 0.01953125
