0 0.015625 0.9296875 0.015625 0.01953125
0 0.0890625 0.78125 0.015625 0.01953125
0 0.103125 0.775390625 0.015625 0.01953125
0 0.153125 0.779296875 0.015625 0.01953125
0 0.175 0.546875 0.015625 0.01953125
0 0.2546875 0.478515625 0.015625 0.01953125
0 0.2578125 0.359375 0.015625 0.01953125
0 0.284375 0.294921875 0.015625 0.01953125
0 0.3734375 0.34375 0.015625 0.01953125
0 0.4609375 0.2421875 0.015625 0.01953125
0 0.5046875 0.201171875 0.015625 0.01953125
0 0.4921875 0.1640625 0.015625 0.01953125
0 0.4515625 0.099609375 0.015625 0.01953125
0 0.3625 0.138671875 0.015625 0.01953125
0 0.3765625 0.1484375 0.015625 0.01953125
0 0.3890625 0.169921875 0.015625 0.01953125
0 0.2953125 0.138671875 0.015625 0.01953125
0 0.2796875 0.17578125 0.015625 0.01953125
0 0.30625 0.158203125 0.015625 0.01953125
0 0.5046875 0.087890625 0.015625 0.01953125
0 0.3578125 0.7421875 0.015625 0.01953125
0 0.409375 0.701171875 0.015625 0.01953125
0 0.4578125 0.6171875 0.015625 0.01953125
0 0.4828125 0.4375 0.015625 0.01953125
0 0.475 0.421875 0.015625 0.01953125
0 0.5734375 0.060546875 0.015625 0.01953125
0 0.646875 0.04296875 0.015625 0.01953125
0 0.6578125 0.154296875 0.015625 0.01953125
0 0.6984375 0.19140625 0.015625 0.01953125
0 0.7046875 0.1328125 0.015625 0.01953125
0 0.9421875 0.3984375 0.015625 0.01953125
0 0.846875 0.501953125 0.015625 0.01953125
0 0.6984375 0.8046875 0.015625 0.01953125
0 0.81875 0.822265625 0.015625 0.01953125
0 0.9125 0.82421875 0.015625 0.01953125
0 0.8609375 0.982421875 0.015625 0.01953125
0 0.9640625 0.921875 0.015625 0.01953125
0 0.9265625 0.134765625 0.015625 0.01953125
0 0.8890625 0.115234375 0.015625 0.01953125
0 0.7125 0.015625 0.015625 0.01953125
0 0.7359375 0.017578125 0.015625 0.01953125
0 0.771875 0.056640625 0.015625 0.01953125
0 0.79375 0.04296875 0.015625 0.01953125
0 0.8296875 0.044921875 0.015625 0.01953125
0 0.8640625 0.044921875 0.015625 0.01953125
0 0.8953125 0.03515625 0.015625 0.01953125
0 0.9703125 0.0546875 0.015625 0.01953125
0 0.971875 0.09765625 0.015625 0.01953125
0 0.3640625 0.638671875 0.015625 0.01953125
