0 0.21875 0.037109375 0.015625 0.01953125
0 0.175 0.162109375 0.015625 0.01953125
0 0.0765625 0.130859375 0.015625 0.01953125
0 0.053125 0.177734375 0.015625 0.01953125
0 0.06875 0.349609375 0.015625 0.01953125
0 0.109375 0.35546875 0.015625 0.01953125
0 0.128125 0.62109375 0.015625 0.01953125
0 0.0921875 0.677734375 0.015625 0.01953125
0 0.0640625 0.69140625 0.015625 0.01953125
0 0.0203125 0.861328125 0.015625 0.01953125
0 0.0765625 0.880859375 0.015625 0.01953125
0 0.1484375 0.98046875 0.015625 0.01953125
0 0.25 0.9296875 0.015625 0.01953125
0 0.4328125 0.6484375 0.015625 0.01953125
0 0.521875 0.8203125 0.015625 0.01953125
0 0.56875 0.96484375 0.015625 0.01953125
0 0.69375 0.71875 0.015625 0.01953125
0 0.7015625 0.9296875 0.015625 0.01953125
0 0.959375 0.83984375 0.015625 0.01953125
0 0.94375 0.568359375 0.015625 0.01953125
0 0.9078125 0.427734375 0.015625 0.01953125
0 0.928125 0.20703125 0.015625 0.01953125
0 0.925 0.15234375 0.015625 0.01953125
0 0.7828125 0.28515625 0.015625 0.01953125
0 0.61875 0.255859375 0.015625 0.01953125
0 0.4078125 0.275390625 0.015625 0.01953125
0 0.3015625 0.32421875 0.015625 0.01953125
0 0.2921875 0.255859375 0.015625 0.01953125
