0 0.20625 0.041015625 0.015625 0.01953125
0 0.159375 0.162109375 0.015625 0.01953125
0 0.0640625 0.12109375 0.015625 0.01953125
0 0.0375 0.171875 0.015625 0.01953125
0 0.0578125 0.34375 0.015625 0.01953125
0 0.1 0.361328125 0.015625 0.01953125
0 0.1171875 0.619140625 0.015625 0.01953125
0 0.08125 0.673828125 0.015625 0.01953125
0 0.0546875 0.6875 0.015625 0.01953125
0 0.009375 0.857421875 0.015625 0.01953125
0 0.071875 0.884765625 0.015625 0.01953125
0 0.140625 0.984375 0.015625 0.01953125
0 0.240625 0.900390625 0.015625 0.01953125
0 0.2921875 0.296875 0.015625 0.01953125
0 0.3953125 0.267578125 0.015625 0.01953125
0 0.6015625 0.236328125 0.015625 0.01953125
0 0.784375 0.259765625 0.015625 0.01953125
0 0.915625 0.134765625 0.015625 0.01953125
0 0.9171875 0.169921875 0.015625 0.01953125
0 0.9 0.41015625 0.015625 0.01953125
0 0.965625 0.54296875 0.015625 0.01953125
0 0.9484375 0.8203125 0.015625 0.01953125
0 0.6828125 0.685546875 0.015625 0.01953125
0 0.515625 0.79296875 0.015625 0.01953125
0 0.4265625 0.626953125 0.015625 0.01953125
0 0.559375 0.935546875 0.015625 0.01953125
0 0.696875 0.896484375 0.015625 0.01953125
0 0.2328125 0.013671875 0.015625 0.01953125
