0 0.209375 0.013671875 0.015625 0.01953125
0 0.23125 0.03125 0.015625 0.01953125
0 0.20625 0.060546875 0.015625 0.01953125
0 0.0359375 0.181640625 0.015625 0.01953125
0 0.0640625 0.138671875 0.015625 0.01953125
0 0.1640625 0.1796875 0.015625 0.01953125
0 0.0609375 0.3515625 0.015625 0.01953125
0 0.0984375 0.380859375 0.015625 0.01953125
0 0.26875 0.22265625 0.015625 0.01953125
0 0.2609375 0.376953125 0.015625 0.01953125
0 0.2953125 0.294921875 0.015625 0.01953125
0 0.39375 0.279296875 0.015625 0.01953125
0 0.6 0.244140625 0.015625 0.01953125
0 0.7921875 0.26171875 0.015625 0.01953125
0 0.925 0.15625 0.015625 0.01953125
0 0.9015625 0.40625 0.015625 0.01953125
0 0.9484375 0.8125 0.015625 0.01953125
0 0.68125 0.681640625 0.015625 0.01953125
0 0.4265625 0.6171875 0.015625 0.01953125
0 0.05625 0.703125 0.015625 0.01953125
0 0.0828125 0.6875 0.015625 0.01953125
0 0.1234375 0.6328125 0.015625 0.01953125
0 0.0109375 0.87109375 0.015625 0.01953125
0 0.075 0.90625 0.015625 0.01953125
0 0.2421875 0.896484375 0.015625 0.01953125
0 0.5171875 0.7890625 0.015625 0.01953125
0 0.5640625 0.92578125 0.015625 0.01953125
0 0.709375 0.900390625 0.015625 0.01953125
