0 0.0203125 0.056640625 0.015625 0.01953125
0 0.0390625 0.056640625 0.015625 0.01953125
0 0.05625 0.06640625 0.015625 0.01953125
0 0.11875 0.01953125 0.015625 0.01953125
0 0.096875 0.134765625 0.015625 0.01953125
0 0.159375 0.142578125 0.015625 0.01953125
0 0.1203125 0.201171875 0.015625 0.01953125
0 0.1375 0.216796875 0.015625 0.01953125
0 0.1546875 0.25 0.015625 0.01953125
0 0.0171875 0.28515625 0.015625 0.01953125
0 0.121875 0.35546875 0.015625 0.01953125
0 0.0390625 0.427734375 0.015625 0.01953125
0 0.075 0.576171875 0.015625 0.01953125
0 0.15625 0.73828125 0.015625 0.01953125
0 0.1203125 0.8515625 0.015625 0.01953125
0 0.10625 0.87109375 0.015625 0.01953125
0 0.3046875 0.791015625 0.015625 0.01953125
0 0.3140625 0.298828125 0.015625 0.01953125
0 0.2359375 0.2734375 0.015625 0.01953125
0 0.271875 0.173828125 0.015625 0.01953125
0 0.528125 0.154296875 0.015625 0.01953125
0 0.8484375 0.181640625 0.015625 0.01953125
0 0.9546875 0.142578125 0.015625 0.01953125
0 0.96875 0.22265625 0.015625 0.01953125
0 0.9890625 0.25 0.015625 0.01953125
0 0.9640625 0.58203125 0.015625 0.01953125
0 0.971875 0.67578125 0.015625 0.01953125
0 0.89375 0.810546875 0.015625 0.01953125
0 0.796875 0.78515625 0.015625 0.01953125
0 0.6078125 0.79296875 0.015625 0.01953125
0 0.5390625 0.626953125 0.015625 0.01953125
0 0.421875 0.46875 0.015625 0.01953125
0 0.578125 0.4140625 0.015625 0.01953125
0 0.79375 0.982421875 0.015625 0.01953125
