0 0.79375 0.984375 0.015625 0.01953125
0 0.0140625 0.078125 0.015625 0.01953125
0 0.0375 0.07421875 0.015625 0.01953125
0 0.1203125 0.05078125 0.015625 0.01953125
0 0.096875 0.18359375 0.015625 0.01953125
0 0.16875 0.173828125 0.015625 0.01953125
0 0.26875 0.171875 0.015625 0.01953125
0 0.5203125 0.16796875 0.015625 0.01953125
0 0.8296875 0.19140625 0.015625 0.01953125
0 0.9359375 0.119140625 0.015625 0.01953125
0 0.95 0.21484375 0.015625 0.01953125
0 0.9734375 0.23828125 0.015625 0.01953125
0 0.5875 0.4296875 0.015625 0.01953125
0 0.4171875 0.4765625 0.015625 0.01953125
0 0.534375 0.6328125 0.015625 0.01953125
0 0.9578125 0.587890625 0.015625 0.01953125
0 0.9734375 0.650390625 0.015625 0.01953125
0 0.9 0.80859375 0.015625 0.01953125
0 0.7953125 0.7890625 0.015625 0.01953125
0 0.6390625 0.810546875 0.015625 0.01953125
0 0.3109375 0.802734375 0.015625 0.01953125
0 0.1546875 0.765625 0.015625 0.01953125
0 0.128125 0.873046875 0.015625 0.01953125
0 0.1171875 0.896484375 0.015625 0.01953125
0 0.0765625 0.6171875 0.015625 0.01953125
0 0.3078125 0.3203125 0.015625 0.01953125
0 0.1171875 0.240234375 0.015625 0.01953125
0 0.1359375 0.2421875 0.015625 0.01953125
0 0.159375 0.287109375 0.015625 0.01953125
0 0.115625 0.396484375 0.015625 0.01953125
0 0.0328125 0.447265625 0.015625 0.01953125
0 0.015625 0.3125 0.015625 0.01953125
