0 0.1234375 0.107421875 0.015625 0.01953125
0 0.209375 0.091796875 0.015625 0.01953125
0 0.225 0.09765625 0.015625 0.01953125
0 0.39375 0.06640625 0.015625 0.01953125
0 0.4125 0.11328125 0.015625 0.01953125
0 0.3859375 0.12890625 0.015625 0.01953125
0 0.3640625 0.134765625 0.015625 0.01953125
0 0.3671875 0.255859375 0.015625 0.01953125
0 0.15 0.13671875 0.015625 0.01953125
0 0.1265625 0.18359375 0.015625 0.01953125
0 0.1921875 0.1875 0.015625 0.01953125
0 0.140625 0.275390625 0.015625 0.01953125
0 0.1921875 0.322265625 0.015625 0.01953125
0 0.2046875 0.349609375 0.015625 0.01953125
0 0.153125 0.333984375 0.015625 0.01953125
0 0.18125 0.45703125 0.015625 0.01953125
0 0.1953125 0.462890625 0.015625 0.01953125
0 0.4875 0.037109375 0.015625 0.01953125
0 0.2484375 0.5 0.015625 0.01953125
0 0.2671875 0.478515625 0.015625 0.01953125
0 0.2171875 0.6640625 0.015625 0.01953125
0 0.1984375 0.662109375 0.015625 0.01953125
0 0.1796875 0.66015625 0.015625 0.01953125
0 0.165625 0.697265625 0.015625 0.01953125
0 0.1703125 0.71484375 0.015625 0.01953125
0 0.15 0.720703125 0.015625 0.01953125
0 0.0984375 0.697265625 0.015625 0.01953125
0 0.2828125 0.57421875 0.015625 0.01953125
0 0.278125 0.59765625 0.015625 0.01953125
0 0.3015625 0.66796875 0.015625 0.01953125
0 0.3203125 0.71484375 0.015625 0.01953125
0 0.3265625 0.755859375 0.015625 0.01953125
0 0.346875 0.921875 0.015625 0.01953125
0 0.3671875 0.8828125 0.015625 0.01953125
0 0.3875 0.880859375 0.015625 0.01953125
0 0.3828125 0.93359375 0.015625 0.01953125
0 0.4171875 0.73046875 0.015625 0.01953125
0 0.396875 0.5625 0.015625 0.01953125
0 0.5484375 0.533203125 0.015625 0.01953125
0 0.4671875 0.390625 0.015625 0.01953125
0 0.521875 0.294921875 0.015625 0.01953125
0 0.5640625 0.13671875 0.015625 0.01953125
0 0.5875 0.380859375 0.015625 0.01953125
0 0.83125 0.4140625 0.015625 0.01953125
0 0.840625 0.431640625 0.015625 0.01953125
0 0.84375 0.44921875 0.015625 0.01953125
0 0.8578125 0.443359375 0.015625 0.01953125
0 0.73125 0.626953125 0.015625 0.01953125
0 0.60625 0.6484375 0.015625 0.01953125
0 0.71875 0.72265625 0.015625 0.01953125
0 0.7453125 0.763671875 0.015625 0.01953125
0 0.7671875 0.740234375 0.015625 0.01953125
0 0.8453125 0.75390625 0.015625 0.01953125
0 0.8453125 0.7734375 0.015625 0.01953125
0 0.8234375 0.888671875 0.015625 0.01953125
0 0.93125 0.90625 0.015625 0.01953125
0 0.9859375 0.833984375 0.015625 0.01953125
0 0.2765625 0.373046875 0.015625 0.01953125
0 0.1671875 0.408203125 0.015625 0.01953125
0 0.165625 0.46484375 0.015625 0.01953125
0 0.2890625 0.20703125 0.015625 0.01953125
0 0.2765625 0.20703125 0.015625 0.01953125
0 0.36875 0.869140625 0.015625 0.01953125
0 0.3765625 0.87109375 0.015625 0.01953125
