0 0.371875 0.142578125 0.015625 0.01953125
0 0.38125 0.13671875 0.015625 0.01953125
0 0.4078125 0.109375 0.015625 0.01953125
0 0.3890625 0.095703125 0.015625 0.01953125
0 0.16875 0.025390625 0.015625 0.01953125
0 0.215625 0.1171875 0.015625 0.01953125
0 0.2296875 0.119140625 0.015625 0.01953125
0 0.3734375 0.271484375 0.015625 0.01953125
0 0.465625 0.400390625 0.015625 0.01953125
0 0.5171875 0.306640625 0.015625 0.01953125
0 0.4890625 0.041015625 0.015625 0.01953125
0 0.503125 0.001953125 0.015625 0.01953125
0 0.584375 0.38671875 0.015625 0.01953125
0 0.5515625 0.533203125 0.015625 0.01953125
0 0.834375 0.408203125 0.015625 0.01953125
0 0.834375 0.43359375 0.015625 0.01953125
0 0.840625 0.44921875 0.015625 0.01953125
0 0.8546875 0.4375 0.015625 0.01953125
0 0.728125 0.62109375 0.015625 0.01953125
0 0.609375 0.642578125 0.015625 0.01953125
0 0.409375 0.5703125 0.015625 0.01953125
0 0.4171875 0.7265625 0.015625 0.01953125
0 0.7203125 0.72265625 0.015625 0.01953125
0 0.7421875 0.7578125 0.015625 0.01953125
0 0.7609375 0.736328125 0.015625 0.01953125
0 0.840625 0.75 0.015625 0.01953125
0 0.8421875 0.765625 0.015625 0.01953125
0 0.8171875 0.896484375 0.015625 0.01953125
0 0.93125 0.8984375 0.015625 0.01953125
0 0.978125 0.83203125 0.015625 0.01953125
0 0.3953125 0.93359375 0.015625 0.01953125
0 0.359375 0.935546875 0.015625 0.01953125
0 0.3828125 0.875 0.015625 0.01953125
0 0.3640625 0.87890625 0.015625 0.01953125
0 0.33125 0.767578125 0.015625 0.01953125
0 0.3359375 0.728515625 0.015625 0.01953125
0 0.309375 0.673828125 0.015625 0.01953125
0 0.1546875 0.712890625 0.015625 0.01953125
0 0.175 0.70703125 0.015625 0.01953125
0 0.16875 0.69140625 0.015625 0.01953125
0 0.190625 0.673828125 0.015625 0.01953125
0 0.2078125 0.67578125 0.015625 0.01953125
0 0.2234375 0.671875 0.015625 0.01953125
0 0.10625 0.6953125 0.015625 0.01953125
0 0.2484375 0.51953125 0.015625 0.01953125
0 0.2734375 0.5 0.015625 0.01953125
0 0.1703125 0.4765625 0.015625 0.01953125
0 0.184375 0.470703125 0.015625 0.01953125
0 0.184375 0.43359375 0.015625 0.01953125
0 0.2109375 0.365234375 0.015625 0.01953125
0 0.1953125 0.33984375 0.015625 0.01953125
0 0.28125 0.611328125 0.015625 0.01953125
0 0.2890625 0.583984375 0.015625 0.01953125
0 0.1484375 0.291015625 0.015625 0.01953125
0 0.196875 0.21875 0.015625 0.01953125
0 0.15625 0.16015625 0.015625 0.01953125
0 0.128125 0.1328125 0.015625 0.01953125
0 0.121875 0.185546875 0.015625 0.01953125
0 0.178125 0.34765625 0.015625 0.01953125
0 0.1578125 0.349609375 0.015625 0.01953125
0 0.2921875 0.544921875 0.015625 0.01953125
0 0.2828125 0.3984375 0.015625 0.01953125
0 0.290625 0.20703125 0.015625 0.01953125
0 0.2796875 0.20703125 0.015625 0.01953125
0 0.5578125 0.14453125 0.015625 0.01953125
0 0.1984375 0.470703125 0.015625 0.01953125
0 0.3671875 0.865234375 0.015625 0.01953125
0 0.375 0.865234375 0.015625 0.01953125
