0 0.553125 0.529296875 0.015625 0.01953125
0 0.15625 0.712890625 0.015625 0.01953125
0 0.175 0.705078125 0.015625 0.01953125
0 0.175 0.6875 0.015625 0.01953125
0 0.1953125 0.6875 0.015625 0.01953125
0 0.215625 0.693359375 0.015625 0.01953125
0 0.228125 0.67578125 0.015625 0.01953125
0 0.1109375 0.689453125 0.015625 0.01953125
0 0.1359375 0.14453125 0.015625 0.01953125
0 0.11875 0.1796875 0.015625 0.01953125
0 0.2203125 0.1328125 0.015625 0.01953125
0 0.2359375 0.138671875 0.015625 0.01953125
0 0.1765625 0.0625 0.015625 0.01953125
0 0.159375 0.169921875 0.015625 0.01953125
0 0.209375 0.25390625 0.015625 0.01953125
0 0.1515625 0.3046875 0.015625 0.01953125
0 0.84375 0.392578125 0.015625 0.01953125
0 0.8375 0.431640625 0.015625 0.01953125
0 0.8375 0.443359375 0.015625 0.01953125
0 0.7390625 0.75390625 0.015625 0.01953125
0 0.7328125 0.736328125 0.015625 0.01953125
0 0.7625 0.734375 0.015625 0.01953125
0 0.8421875 0.744140625 0.015625 0.01953125
0 0.840625 0.763671875 0.015625 0.01953125
0 0.8109375 0.890625 0.015625 0.01953125
0 0.9296875 0.90625 0.015625 0.01953125
0 0.978125 0.826171875 0.015625 0.01953125
0 0.728125 0.6171875 0.015625 0.01953125
0 0.6109375 0.64453125 0.015625 0.01953125
0 0.4171875 0.720703125 0.015625 0.01953125
0 0.34375 0.78515625 0.015625 0.01953125
0 0.35 0.7578125 0.015625 0.01953125
0 0.31875 0.6875 0.015625 0.01953125
0 0.2921875 0.626953125 0.015625 0.01953125
0 0.2984375 0.603515625 0.015625 0.01953125
0 0.415625 0.58203125 0.015625 0.01953125
0 0.4765625 0.400390625 0.015625 0.01953125
0 0.5875 0.38671875 0.015625 0.01953125
0 0.51875 0.31640625 0.015625 0.01953125
0 0.55 0.15625 0.015625 0.01953125
0 0.403125 0.1015625 0.015625 0.01953125
0 0.3890625 0.103515625 0.015625 0.01953125
0 0.38125 0.150390625 0.015625 0.01953125
0 0.38125 0.287109375 0.015625 0.01953125
0 0.4921875 0.0390625 0.015625 0.01953125
0 0.4921875 0.01953125 0.015625 0.01953125
0 0.409375 0.9375 0.015625 0.01953125
0 0.3765625 0.94140625 0.015625 0.01953125
0 0.3546875 0.884765625 0.015625 0.01953125
0 0.378125 0.87109375 0.015625 0.01953125
0 0.1921875 0.486328125 0.015625 0.01953125
0 0.178125 0.494140625 0.015625 0.01953125
0 0.20625 0.48828125 0.015625 0.01953125
0 0.20625 0.46484375 0.015625 0.01953125
0 0.2125 0.37890625 0.015625 0.01953125
0 0.2015625 0.359375 0.015625 0.01953125
0 0.184375 0.369140625 0.015625 0.01953125
0 0.1671875 0.37109375 0.015625 0.01953125
0 0.1375 0.34765625 0.015625 0.01953125
0 0.2546875 0.53515625 0.015625 0.01953125
0 0.284375 0.521484375 0.015625 0.01953125
0 0.3015625 0.55859375 0.015625 0.01953125
0 0.2859375 0.421875 0.015625 0.01953125
0 0.28125 0.20703125 0.015625 0.01953125
0 0.290625 0.205078125 0.015625 0.01953125
0 0.3609375 0.8671875 0.015625 0.01953125
0 0.36875 0.861328125 0.015625 0.01953125
