0 0.2796875 0.2109375 0.015625 0.01953125
0 0.2890625 0.20703125 0.015625 0.01953125
0 0.3828125 0.328125 0.015625 0.01953125
0 0.403125 0.111328125 0.015625 0.01953125
0 0.4671875 0.056640625 0.015625 0.01953125
0 0.4875 0.046875 0.015625 0.01953125
0 0.534375 0.189453125 0.015625 0.01953125
0 0.8421875 0.380859375 0.015625 0.01953125
0 0.821875 0.443359375 0.015625 0.01953125
0 0.834375 0.451171875 0.015625 0.01953125
0 0.853125 0.44140625 0.015625 0.01953125
0 0.725 0.62890625 0.015625 0.01953125
0 0.8203125 0.90625 0.015625 0.01953125
0 0.9265625 0.912109375 0.015625 0.01953125
0 0.975 0.83203125 0.015625 0.01953125
0 0.8375 0.75390625 0.015625 0.01953125
0 0.8375 0.771484375 0.015625 0.01953125
0 0.7421875 0.759765625 0.015625 0.01953125
0 0.765625 0.748046875 0.015625 0.01953125
0 0.6296875 0.63671875 0.015625 0.01953125
0 0.5453125 0.533203125 0.015625 0.01953125
0 0.5921875 0.40234375 0.015625 0.01953125
0 0.490625 0.416015625 0.015625 0.01953125
0 0.5140625 0.35546875 0.015625 0.01953125
0 0.4296875 0.611328125 0.015625 0.01953125
0 0.409375 0.724609375 0.015625 0.01953125
0 0.43125 0.958984375 0.015625 0.01953125
0 0.3984375 0.982421875 0.015625 0.01953125
0 0.334375 0.890625 0.015625 0.01953125
0 0.3640625 0.880859375 0.015625 0.01953125
0 0.3578125 0.833984375 0.015625 0.01953125
0 0.3765625 0.8125 0.015625 0.01953125
0 0.340625 0.87109375 0.015625 0.01953125
0 0.334375 0.728515625 0.015625 0.01953125
0 0.3 0.6640625 0.015625 0.01953125
0 0.30625 0.642578125 0.015625 0.01953125
0 0.234375 0.708984375 0.015625 0.01953125
0 0.225 0.732421875 0.015625 0.01953125
0 0.203125 0.73046875 0.015625 0.01953125
0 0.1640625 0.693359375 0.015625 0.01953125
0 0.1625 0.716796875 0.015625 0.01953125
0 0.175 0.712890625 0.015625 0.01953125
0 0.109375 0.701171875 0.015625 0.01953125
0 0.1828125 0.52734375 0.015625 0.01953125
0 0.1953125 0.5234375 0.015625 0.01953125
0 0.2109375 0.5234375 0.015625 0.01953125
0 0.2265625 0.537109375 0.015625 0.01953125
0 0.2625 0.587890625 0.015625 0.01953125
0 0.2875 0.57421875 0.015625 0.01953125
0 0.309375 0.599609375 0.015625 0.01953125
0 0.16875 0.421875 0.015625 0.01953125
0 0.2015625 0.40625 0.015625 0.01953125
0 0.2140625 0.421875 0.015625 0.01953125
0 0.184375 0.419921875 0.015625 0.01953125
0 0.2203125 0.33203125 0.015625 0.01953125
0 0.15625 0.345703125 0.015625 0.01953125
0 0.2359375 0.1875 0.015625 0.01953125
0 0.221875 0.181640625 0.015625 0.01953125
0 0.1828125 0.130859375 0.015625 0.01953125
0 0.1375 0.171875 0.015625 0.01953125
0 0.146875 0.193359375 0.015625 0.01953125
0 0.1625 0.22265625 0.015625 0.01953125
0 0.4015625 0.1796875 0.015625 0.01953125
0 0.3953125 0.138671875 0.015625 0.01953125
0 0.35 0.87109375 0.015625 0.01953125
0 0.6890625 0.666015625 0.015625 0.01953125
