0 0.9125 0.02734375 0.015625 0.01953125
0 0.4859375 0.052734375 0.015625 0.01953125
0 0.45625 0.07421875 0.015625 0.01953125
0 0.1609375 0.037109375 0.015625 0.01953125
0 0.4015625 0.1171875 0.015625 0.01953125
0 0.4140625 0.19140625 0.015625 0.01953125
0 0.521875 0.1953125 0.015625 0.01953125
0 0.84375 0.388671875 0.015625 0.01953125
0 0.8328125 0.453125 0.015625 0.01953125
0 0.846875 0.44140625 0.015625 0.01953125
0 0.5921875 0.404296875 0.015625 0.01953125
0 0.4859375 0.419921875 0.015625 0.01953125
0 0.5078125 0.3671875 0.015625 0.01953125
0 0.3828125 0.34375 0.015625 0.01953125
0 0.234375 0.203125 0.015625 0.01953125
0 0.225 0.203125 0.015625 0.01953125
0 0.1828125 0.158203125 0.015625 0.01953125
0 0.153125 0.19140625 0.015625 0.01953125
0 0.134375 0.189453125 0.015625 0.01953125
0 0.1625 0.23828125 0.015625 0.01953125
0 0.1546875 0.365234375 0.015625 0.01953125
0 0.2234375 0.36328125 0.015625 0.01953125
0 0.1984375 0.427734375 0.015625 0.01953125
0 0.2125 0.435546875 0.015625 0.01953125
0 0.1875 0.439453125 0.015625 0.01953125
0 0.1703125 0.443359375 0.015625 0.01953125
0 0.1421875 0.423828125 0.015625 0.01953125
0 0.1796875 0.544921875 0.015625 0.01953125
0 0.1953125 0.54296875 0.015625 0.01953125
0 0.290625 0.59765625 0.015625 0.01953125
0 0.315625 0.625 0.015625 0.01953125
0 0.3078125 0.662109375 0.015625 0.01953125
0 0.3046875 0.681640625 0.015625 0.01953125
0 0.2640625 0.609375 0.015625 0.01953125
0 0.2296875 0.57421875 0.015625 0.01953125
0 0.1578125 0.6953125 0.015625 0.01953125
0 0.15625 0.720703125 0.015625 0.01953125
0 0.1703125 0.716796875 0.015625 0.01953125
0 0.20625 0.75 0.015625 0.01953125
0 0.225 0.75 0.015625 0.01953125
0 0.234375 0.724609375 0.015625 0.01953125
0 0.1046875 0.69921875 0.015625 0.01953125
0 0.409375 0.724609375 0.015625 0.01953125
0 0.4328125 0.623046875 0.015625 0.01953125
0 0.5453125 0.533203125 0.015625 0.01953125
0 0.6359375 0.634765625 0.015625 0.01953125
0 0.721875 0.62890625 0.015625 0.01953125
0 0.765625 0.73828125 0.015625 0.01953125
0 0.8328125 0.755859375 0.015625 0.01953125
0 0.8375 0.76953125 0.015625 0.01953125
0 0.821875 0.8984375 0.015625 0.01953125
0 0.9265625 0.91796875 0.015625 0.01953125
0 0.971875 0.83203125 0.015625 0.01953125
0 0.7453125 0.76953125 0.015625 0.01953125
0 0.4390625 0.97265625 0.015625 0.01953125
0 0.3515625 0.888671875 0.015625 0.01953125
0 0.33125 0.875 0.015625 0.01953125
0 0.3265625 0.908203125 0.015625 0.01953125
0 0.3640625 0.8515625 0.015625 0.01953125
0 0.3828125 0.826171875 0.015625 0.01953125
0 0.1875 0.0078125 0.015625 0.01953125
0 0.278125 0.216796875 0.015625 0.01953125
0 0.2890625 0.212890625 0.015625 0.01953125
0 0.290625 0.50390625 0.015625 0.01953125
0 0.340625 0.875 0.015625 0.01953125
0 0.3359375 0.7421875 0.015625 0.01953125
0 0.684375 0.666015625 0.015625 0.01953125
