0 0.059375 0.533203125 0.015625 0.01953125
0 0.0125 0.287109375 0.015625 0.01953125
0 0.028125 0.287109375 0.015625 0.01953125
0 0.1875 0.177734375 0.015625 0.01953125
0 0.2515625 0.236328125 0.015625 0.01953125
0 0.240625 0.26171875 0.015625 0.01953125
0 0.31875 0.18359375 0.015625 0.01953125
0 0.3765625 0.34375 0.015625 0.01953125
0 0.3203125 0.392578125 0.015625 0.01953125
0 0.29375 0.388671875 0.015625 0.01953125
0 0.265625 0.373046875 0.015625 0.01953125
0 0.2484375 0.373046875 0.015625 0.01953125
0 0.2578125 0.3984375 0.015625 0.01953125
0 0.0 0.59375 0.015625 0.01953125
0 0.053125 0.55078125 0.015625 0.01953125
0 0.0921875 0.6171875 0.015625 0.01953125
0 0.13125 0.625 0.015625 0.01953125
0 0.2125 0.642578125 0.015625 0.01953125
0 0.203125 0.654296875 0.015625 0.01953125
0 0.190625 0.67578125 0.015625 0.01953125
0 0.15 0.732421875 0.015625 0.01953125
0 0.18125 0.72265625 0.015625 0.01953125
0 0.3859375 0.595703125 0.015625 0.01953125
0 0.4484375 0.546875 0.015625 0.01953125
0 0.5109375 0.544921875 0.015625 0.01953125
0 0.56875 0.546875 0.015625 0.01953125
0 0.553125 0.3984375 0.015625 0.01953125
0 0.6921875 0.51953125 0.015625 0.01953125
0 0.74375 0.447265625 0.015625 0.01953125
0 0.675 0.1640625 0.015625 0.01953125
0 0.315625 0.8046875 0.015625 0.01953125
0 0.3453125 0.79296875 0.015625 0.01953125
0 0.3203125 0.826171875 0.015625 0.01953125
0 0.3125 0.849609375 0.015625 0.01953125
0 0.2375 0.81640625 0.015625 0.01953125
0 0.3796875 0.87890625 0.015625 0.01953125
0 0.371875 0.892578125 0.015625 0.01953125
0 0.365625 0.91015625 0.015625 0.01953125
0 0.5828125 0.716796875 0.015625 0.01953125
0 0.565625 0.78515625 0.015625 0.01953125
0 0.89375 0.439453125 0.015625 0.01953125
0 0.9078125 0.439453125 0.015625 0.01953125
0 0.440625 0.80078125 0.015625 0.01953125
0 0.496875 0.837890625 0.015625 0.01953125
0 0.4859375 0.86328125 0.015625 0.01953125
0 0.478125 0.884765625 0.015625 0.01953125
0 0.465625 0.9296875 0.015625 0.01953125
0 0.496875 0.970703125 0.015625 0.01953125
0 0.534375 0.892578125 0.015625 0.01953125
0 0.5359375 0.87109375 0.015625 0.01953125
0 0.60625 0.89453125 0.015625 0.01953125
0 0.6984375 0.931640625 0.015625 0.01953125
0 0.725 0.9140625 0.015625 0.01953125
0 0.8984375 0.802734375 0.015625 0.01953125
0 0.809375 0.943359375 0.015625 0.01953125
0 0.8234375 0.98828125 0.015625 0.01953125
0 0.9203125 0.970703125 0.015625 0.01953125
0 0.7046875 0.216796875 0.015625 0.01953125
0 0.7171875 0.19921875 0.015625 0.01953125
0 0.875 0.1015625 0.015625 0.01953125
0 0.99375 0.037109375 0.015625 0.01953125
0 0.8359375 0.482421875 0.015625 0.01953125
0 0.8296875 0.521484375 0.015625 0.01953125
0 0.9921875 0.560546875 0.015625 0.01953125
0 0.2046875 0.55859375 0.015625 0.01953125
0 0.196875 0.56640625 0.015625 0.01953125
0 0.278125 0.884765625 0.015625 0.01953125
0 0.53125 0.998046875 0.015625 0.01953125
0 0.7390625 0.50390625 0.015625 0.01953125
