0 0.028125 0.28515625 0.015625 0.01953125
0 0.0109375 0.287109375 0.015625 0.01953125
0 0.00625 0.560546875 0.015625 0.01953125
0 0.0078125 0.599609375 0.015625 0.01953125
0 0.065625 0.537109375 0.015625 0.01953125
0 0.1 0.625 0.015625 0.01953125
0 0.140625 0.61328125 0.015625 0.01953125
0 0.1984375 0.55078125 0.015625 0.01953125
0 0.190625 0.5625 0.015625 0.01953125
0 0.25625 0.392578125 0.015625 0.01953125
0 0.265625 0.37890625 0.015625 0.01953125
0 0.25 0.361328125 0.015625 0.01953125
0 0.2390625 0.248046875 0.015625 0.01953125
0 0.184375 0.177734375 0.015625 0.01953125
0 0.25625 0.25 0.015625 0.01953125
0 0.3296875 0.181640625 0.015625 0.01953125
0 0.6578125 0.15625 0.015625 0.01953125
0 0.6953125 0.212890625 0.015625 0.01953125
0 0.7125 0.21875 0.015625 0.01953125
0 0.8734375 0.091796875 0.015625 0.01953125
0 0.8203125 0.517578125 0.015625 0.01953125
0 0.8390625 0.484375 0.015625 0.01953125
0 0.890625 0.42578125 0.015625 0.01953125
0 0.9046875 0.435546875 0.015625 0.01953125
0 0.990625 0.56640625 0.015625 0.01953125
0 0.2265625 0.646484375 0.015625 0.01953125
0 0.215625 0.654296875 0.015625 0.01953125
0 0.2125 0.6875 0.015625 0.01953125
0 0.1921875 0.73046875 0.015625 0.01953125
0 0.1640625 0.7421875 0.015625 0.01953125
0 0.2453125 0.818359375 0.015625 0.01953125
0 0.321875 0.8046875 0.015625 0.01953125
0 0.3640625 0.80859375 0.015625 0.01953125
0 0.3296875 0.828125 0.015625 0.01953125
0 0.321875 0.861328125 0.015625 0.01953125
0 0.3859375 0.8828125 0.015625 0.01953125
0 0.378125 0.89453125 0.015625 0.01953125
0 0.36875 0.912109375 0.015625 0.01953125
0 0.328125 0.84375 0.015625 0.01953125
0 0.29375 0.88671875 0.015625 0.01953125
0 0.45625 0.80859375 0.015625 0.01953125
0 0.5140625 0.845703125 0.015625 0.01953125
0 0.5484375 0.873046875 0.015625 0.01953125
0 0.5015625 0.869140625 0.015625 0.01953125
0 0.4875 0.890625 0.015625 0.01953125
0 0.5453125 0.892578125 0.015625 0.01953125
0 0.490625 0.9375 0.015625 0.01953125
0 0.5015625 0.970703125 0.015625 0.01953125
0 0.5375 0.99609375 0.015625 0.01953125
0 0.615625 0.896484375 0.015625 0.01953125
0 0.7109375 0.93359375 0.015625 0.01953125
0 0.7453125 0.916015625 0.015625 0.01953125
0 0.8171875 0.939453125 0.015625 0.01953125
0 0.840625 0.986328125 0.015625 0.01953125
0 0.9234375 0.962890625 0.015625 0.01953125
0 0.9171875 0.798828125 0.015625 0.01953125
0 0.55625 0.783203125 0.015625 0.01953125
0 0.5953125 0.71875 0.015625 0.01953125
0 0.5609375 0.3828125 0.015625 0.01953125
0 0.5671875 0.54296875 0.015625 0.01953125
0 0.5171875 0.55078125 0.015625 0.01953125
0 0.4453125 0.54296875 0.015625 0.01953125
0 0.39375 0.59765625 0.015625 0.01953125
0 0.29375 0.37890625 0.015625 0.01953125
0 0.3265625 0.37890625 0.015625 0.01953125
0 0.384375 0.34765625 0.015625 0.01953125
0 0.6875 0.521484375 0.015625 0.01953125
0 0.7421875 0.4453125 0.015625 0.01953125
0 0.99375 0.0390625 0.015625 0.01953125
0 0.6734375 0.015625 0.015625 0.01953125
0 0.7375 0.5078125 0.015625 0.01953125
