0 0.2375 0.658203125 0.015625 0.01953125
0 0.2265625 0.666015625 0.015625 0.01953125
0 0.2375 0.703125 0.015625 0.01953125
0 0.20625 0.740234375 0.015625 0.01953125
0 0.1875 0.759765625 0.015625 0.01953125
0 0.915625 0.79296875 0.015625 0.01953125
0 0.0796875 0.544921875 0.015625 0.01953125
0 0.01875 0.5703125 0.015625 0.01953125
0 0.025 0.27734375 0.015625 0.01953125
0 0.0125 0.283203125 0.015625 0.01953125
0 0.190625 0.181640625 0.015625 0.01953125
0 0.021875 0.611328125 0.015625 0.01953125
0 0.1140625 0.638671875 0.015625 0.01953125
0 0.1625 0.603515625 0.015625 0.01953125
0 0.3890625 0.828125 0.015625 0.01953125
0 0.3328125 0.818359375 0.015625 0.01953125
0 0.346875 0.833984375 0.015625 0.01953125
0 0.2546875 0.826171875 0.015625 0.01953125
0 0.39375 0.90234375 0.015625 0.01953125
0 0.39375 0.90234375 0.015625 0.01953125
0 0.4 0.888671875 0.015625 0.01953125
0 0.3328125 0.86328125 0.015625 0.01953125
0 0.34375 0.849609375 0.015625 0.01953125
0 0.30625 0.892578125 0.015625 0.01953125
0 0.475 0.8203125 0.015625 0.01953125
0 0.5234375 0.849609375 0.015625 0.01953125
0 0.5640625 0.876953125 0.015625 0.01953125
0 0.559375 0.89453125 0.015625 0.01953125
0 0.5171875 0.873046875 0.015625 0.01953125
0 0.503125 0.896484375 0.015625 0.01953125
0 0.5171875 0.951171875 0.015625 0.01953125
0 0.509375 0.97265625 0.015625 0.01953125
0 0.5515625 0.990234375 0.015625 0.01953125
0 0.6328125 0.8984375 0.015625 0.01953125
0 0.73125 0.93359375 0.015625 0.01953125
0 0.7671875 0.912109375 0.015625 0.01953125
0 0.8296875 0.935546875 0.015625 0.01953125
0 0.8578125 0.9765625 0.015625 0.01953125
0 0.940625 0.9609375 0.015625 0.01953125
0 0.996875 0.57421875 0.015625 0.01953125
0 0.9 0.43359375 0.015625 0.01953125
0 0.89375 0.42578125 0.015625 0.01953125
0 0.825 0.521484375 0.015625 0.01953125
0 0.8359375 0.482421875 0.015625 0.01953125
0 0.271875 0.39453125 0.015625 0.01953125
0 0.2609375 0.359375 0.015625 0.01953125
0 0.2921875 0.37109375 0.015625 0.01953125
0 0.234375 0.23046875 0.015625 0.01953125
0 0.3328125 0.36328125 0.015625 0.01953125
0 0.2609375 0.26171875 0.015625 0.01953125
0 0.34375 0.18359375 0.015625 0.01953125
0 0.3875 0.3515625 0.015625 0.01953125
0 0.4078125 0.609375 0.015625 0.01953125
0 0.45 0.544921875 0.015625 0.01953125
0 0.534375 0.5625 0.015625 0.01953125
0 0.565625 0.541015625 0.015625 0.01953125
0 0.603125 0.72265625 0.015625 0.01953125
0 0.5515625 0.78125 0.015625 0.01953125
0 0.68125 0.533203125 0.015625 0.01953125
0 0.740625 0.443359375 0.015625 0.01953125
0 0.5671875 0.3671875 0.015625 0.01953125
0 0.6875 0.20703125 0.015625 0.01953125
0 0.7140625 0.21484375 0.015625 0.01953125
0 0.61875 0.15234375 0.015625 0.01953125
0 0.70625 0.056640625 0.015625 0.01953125
0 0.2 0.55078125 0.015625 0.01953125
0 0.1921875 0.5625 0.015625 0.01953125
0 0.86875 0.087890625 0.015625 0.01953125
0 0.88125 0.103515625 0.015625 0.01953125
0 0.9921875 0.03515625 0.015625 0.01953125
0 0.7375 0.50390625 0.015625 0.01953125
