0 0.2640625 0.55078125 0.015625 0.01953125
0 0.1875 0.564453125 0.015625 0.01953125
0 0.1859375 0.767578125 0.015625 0.01953125
0 0.1640625 0.83203125 0.015625 0.01953125
0 0.128125 0.91796875 0.015625 0.01953125
0 0.0171875 0.69921875 0.015625 0.01953125
0 0.06875 0.48046875 0.015625 0.01953125
0 0.034375 0.130859375 0.015625 0.01953125
0 0.1703125 0.0390625 0.015625 0.01953125
0 0.43125 0.06640625 0.015625 0.01953125
0 0.515625 0.072265625 0.015625 0.01953125
0 0.64375 0.16015625 0.015625 0.01953125
0 0.609375 0.318359375 0.015625 0.01953125
0 0.778125 0.556640625 0.015625 0.01953125
0 0.8609375 0.50390625 0.015625 0.01953125
0 0.9515625 0.556640625 0.015625 0.01953125
0 0.959375 0.654296875 0.015625 0.01953125
0 0.9890625 0.53125 0.015625 0.01953125
0 0.0265625 0.98828125 0.015625 0.01953125
