0 0.1 0.548828125 0.015625 0.01953125
0 0.0265625 0.646484375 0.015625 0.01953125
0 0.0375 0.705078125 0.015625 0.01953125
0 0.015625 0.783203125 0.015625 0.01953125
0 0.1890625 0.673828125 0.015625 0.01953125
0 0.0109375 0.173828125 0.015625 0.01953125
0 0.1296875 0.0859375 0.015625 0.01953125
0 0.446875 0.12890625 0.015625 0.01953125
0 0.334375 0.03515625 0.015625 0.01953125
0 0.103125 0.0546875 0.015625 0.01953125
0 0.4625 0.052734375 0.015625 0.01953125
0 0.3234375 0.01171875 0.015625 0.01953125
0 0.5171875 0.103515625 0.015625 0.01953125
0 0.5046875 0.1328125 0.015625 0.01953125
0 0.3640625 0.12109375 0.015625 0.01953125
0 0.60625 0.201171875 0.015625 0.01953125
0 0.5203125 0.31640625 0.015625 0.01953125
0 0.6578125 0.32421875 0.015625 0.01953125
0 0.778125 0.46875 0.015625 0.01953125
0 0.9 0.361328125 0.015625 0.01953125
0 0.865625 0.509765625 0.015625 0.01953125
0 0.8234375 0.548828125 0.015625 0.01953125
0 0.859375 0.609375 0.015625 0.01953125
0 0.79375 0.654296875 0.015625 0.01953125
0 0.7421875 0.638671875 0.015625 0.01953125
