0 0.11875 0.072265625 0.015625 0.01953125
0 0.0046875 0.169921875 0.015625 0.01953125
0 0.1015625 0.57421875 0.015625 0.01953125
0 0.1921875 0.671875 0.015625 0.01953125
0 0.0109375 0.6484375 0.015625 0.01953125
0 0.0484375 0.75390625 0.015625 0.01953125
0 0.01875 0.775390625 0.015625 0.01953125
0 0.7015625 0.654296875 0.015625 0.01953125
0 0.759375 0.65625 0.015625 0.01953125
0 0.8421875 0.6171875 0.015625 0.01953125
0 0.8515625 0.53125 0.015625 0.01953125
0 0.7484375 0.470703125 0.015625 0.01953125
0 0.64375 0.376953125 0.015625 0.01953125
0 0.8765625 0.333984375 0.015625 0.01953125
0 0.521875 0.267578125 0.015625 0.01953125
0 0.6 0.16796875 0.015625 0.01953125
0 0.5125 0.099609375 0.015625 0.01953125
0 0.4359375 0.123046875 0.015625 0.01953125
0 0.3625 0.111328125 0.015625 0.01953125
0 0.3328125 0.021484375 0.015625 0.01953125
