0 0.0703125 0.779296875 0.015625 0.01953125
0 0.0109375 0.783203125 0.015625 0.01953125
0 0.0046875 0.74609375 0.015625 0.01953125
0 0.0109375 0.65234375 0.015625 0.01953125
0 0.11875 0.5703125 0.015625 0.01953125
0 0.1828125 0.6640625 0.015625 0.01953125
0 0.1296875 0.068359375 0.015625 0.01953125
0 0.3328125 0.017578125 0.015625 0.01953125
0 0.440625 0.119140625 0.015625 0.01953125
0 0.5078125 0.091796875 0.015625 0.01953125
0 0.515625 0.123046875 0.015625 0.01953125
0 0.6015625 0.16015625 0.015625 0.01953125
0 0.65625 0.388671875 0.015625 0.01953125
0 0.875 0.328125 0.015625 0.01953125
0 0.8453125 0.53125 0.015625 0.01953125
0 0.740625 0.478515625 0.015625 0.01953125
0 0.7140625 0.619140625 0.015625 0.01953125
0 0.6953125 0.6640625 0.015625 0.01953125
0 0.859375 0.55078125 0.015625 0.01953125
0 0.8265625 0.625 0.015625 0.01953125
0 0.3234375 0.00390625 0.015625 0.01953125
0 0.3546875 0.107421875 0.015625 0.01953125
