0 0.1140625 0.5703125 0.015625 0.01953125
0 0.0140625 0.64453125 0.015625 0.01953125
0 0.009375 0.75 0.015625 0.01953125
0 0.015625 0.802734375 0.015625 0.01953125
0 0.1109375 0.826171875 0.015625 0.01953125
0 0.1890625 0.666015625 0.015625 0.01953125
0 0.003125 0.16015625 0.015625 0.01953125
0 0.125 0.0703125 0.015625 0.01953125
0 0.4359375 0.109375 0.015625 0.01953125
0 0.50625 0.0703125 0.015625 0.01953125
0 0.5171875 0.095703125 0.015625 0.01953125
0 0.6515625 0.130859375 0.015625 0.01953125
0 0.5265625 0.2421875 0.015625 0.01953125
0 0.7359375 0.4921875 0.015625 0.01953125
0 0.7 0.4296875 0.015625 0.01953125
0 0.6984375 0.6875 0.015625 0.01953125
0 0.725 0.58203125 0.015625 0.01953125
0 0.840625 0.521484375 0.015625 0.01953125
0 0.815625 0.62109375 0.015625 0.01953125
0 0.871875 0.326171875 0.015625 0.01953125
0 0.3234375 0.001953125 0.015625 0.01953125
0 0.3515625 0.103515625 0.015625 0.01953125
