0 0.1140625 0.578125 0.015625 0.01953125
0 0.1859375 0.673828125 0.015625 0.01953125
0 0.153125 0.8671875 0.015625 0.01953125
0 0.0421875 0.861328125 0.015625 0.01953125
0 0.03125 0.787109375 0.015625 0.01953125
0 0.0109375 0.64453125 0.015625 0.01953125
0 0.0015625 0.162109375 0.015625 0.01953125
0 0.1296875 0.05859375 0.015625 0.01953125
0 0.44375 0.119140625 0.015625 0.01953125
0 0.66875 0.1328125 0.015625 0.01953125
0 0.7453125 0.455078125 0.015625 0.01953125
0 0.759375 0.501953125 0.015625 0.01953125
0 0.796875 0.48046875 0.015625 0.01953125
0 0.834375 0.50390625 0.015625 0.01953125
0 0.8609375 0.521484375 0.015625 0.01953125
0 0.8296875 0.64453125 0.015625 0.01953125
0 0.6953125 0.708984375 0.015625 0.01953125
0 0.8796875 0.32421875 0.015625 0.01953125
0 0.515625 0.048828125 0.015625 0.01953125
0 0.496875 0.0390625 0.015625 0.01953125
0 0.34375 0.115234375 0.015625 0.01953125
