0 0.11875 0.59765625 0.015625 0.01953125
0 0.0078125 0.646484375 0.015625 0.01953125
0 0.1859375 0.666015625 0.015625 0.01953125
0 0.0546875 0.833984375 0.015625 0.01953125
0 0.1515625 0.912109375 0.015625 0.01953125
0 0.7265625 0.44921875 0.015625 0.01953125
0 0.7734375 0.501953125 0.015625 0.01953125
0 0.68125 0.712890625 0.015625 0.01953125
0 0.828125 0.509765625 0.015625 0.01953125
0 0.840625 0.642578125 0.015625 0.01953125
0 0.871875 0.5234375 0.015625 0.01953125
0 0.8203125 0.421875 0.015625 0.01953125
0 0.8734375 0.30859375 0.015625 0.01953125
0 0.6671875 0.13671875 0.015625 0.01953125
0 0.440625 0.125 0.015625 0.01953125
0 0.1234375 0.068359375 0.015625 0.01953125
0 0.34375 0.1171875 0.015625 0.01953125
0 0.00625 0.173828125 0.015625 0.01953125
0 0.5109375 0.025390625 0.015625 0.01953125
0 0.4953125 0.025390625 0.015625 0.01953125
0 0.140625 0.087890625 0.015625 0.01953125
