0 0.1234375 0.072265625 0.015625 0.01953125
0 0.0046875 0.173828125 0.015625 0.01953125
0 0.184375 0.615234375 0.015625 0.01953125
0 0.1109375 0.591796875 0.015625 0.01953125
0 0.0109375 0.634765625 0.015625 0.01953125
0 0.096875 0.71875 0.015625 0.01953125
0 0.0625 0.759765625 0.015625 0.01953125
0 0.125 0.92578125 0.015625 0.01953125
0 0.7 0.69921875 0.015625 0.01953125
0 0.696875 0.4375 0.015625 0.01953125
0 0.53125 0.26171875 0.015625 0.01953125
0 0.834375 0.34765625 0.015625 0.01953125
0 0.8609375 0.306640625 0.015625 0.01953125
0 0.8984375 0.50390625 0.015625 0.01953125
0 0.834375 0.54296875 0.015625 0.01953125
0 0.775 0.509765625 0.015625 0.01953125
0 0.85 0.625 0.015625 0.01953125
0 0.66875 0.140625 0.015625 0.01953125
0 0.440625 0.1171875 0.015625 0.01953125
0 0.321875 0.01171875 0.015625 0.01953125
0 0.1375 0.080078125 0.015625 0.01953125
0 0.3578125 0.134765625 0.015625 0.01953125
