0 0.034375 0.6328125 0.015625 0.01953125
0 0.04375 0.599609375 0.015625 0.01953125
0 0.0046875 0.591796875 0.015625 0.01953125
0 0.071875 0.564453125 0.015625 0.01953125
0 0.0421875 0.490234375 0.015625 0.01953125
0 0.0 0.173828125 0.015625 0.01953125
0 0.021875 0.109375 0.015625 0.01953125
0 0.1328125 0.072265625 0.015625 0.01953125
0 0.4328125 0.119140625 0.015625 0.01953125
0 0.671875 0.15234375 0.015625 0.01953125
0 0.521875 0.267578125 0.015625 0.01953125
0 0.325 0.013671875 0.015625 0.01953125
0 0.084375 0.90625 0.015625 0.01953125
0 0.684375 0.458984375 0.015625 0.01953125
0 0.715625 0.669921875 0.015625 0.01953125
0 0.765625 0.505859375 0.015625 0.01953125
0 0.84375 0.6171875 0.015625 0.01953125
0 0.86875 0.5546875 0.015625 0.01953125
0 0.909375 0.486328125 0.015625 0.01953125
0 0.884375 0.341796875 0.015625 0.01953125
0 0.8953125 0.369140625 0.015625 0.01953125
0 0.1 0.044921875 0.015625 0.01953125
0 0.359375 0.130859375 0.015625 0.01953125
