0 0.015625 0.59765625 0.015625 0.01953125
0 0.0015625 0.537109375 0.015625 0.01953125
0 0.0578125 0.51953125 0.015625 0.01953125
0 0.00625 0.1796875 0.015625 0.01953125
0 0.0375 0.10546875 0.015625 0.01953125
0 0.1171875 0.080078125 0.015625 0.01953125
0 0.3578125 0.12890625 0.015625 0.01953125
0 0.4375 0.12109375 0.015625 0.01953125
0 0.5109375 0.275390625 0.015625 0.01953125
0 0.6828125 0.173828125 0.015625 0.01953125
0 0.3234375 0.005859375 0.015625 0.01953125
0 0.071875 0.873046875 0.015625 0.01953125
0 0.6828125 0.45703125 0.015625 0.01953125
0 0.7609375 0.50390625 0.015625 0.01953125
0 0.721875 0.658203125 0.015625 0.01953125
0 0.8375 0.6171875 0.015625 0.01953125
0 0.8671875 0.541015625 0.015625 0.01953125
0 0.9140625 0.490234375 0.015625 0.01953125
0 0.9 0.40234375 0.015625 0.01953125
0 0.853125 0.341796875 0.015625 0.01953125
