0 0.0125 0.60546875 0.015625 0.01953125
0 0.0640625 0.83203125 0.015625 0.01953125
0 0.0671875 0.1171875 0.015625 0.01953125
0 0.0109375 0.181640625 0.015625 0.01953125
0 0.125 0.076171875 0.015625 0.01953125
0 0.3546875 0.115234375 0.015625 0.01953125
0 0.440625 0.12109375 0.015625 0.01953125
0 0.3203125 0.0 0.015625 0.01953125
0 0.6953125 0.1875 0.015625 0.01953125
0 0.490625 0.263671875 0.015625 0.01953125
0 0.690625 0.44921875 0.015625 0.01953125
0 0.7421875 0.634765625 0.015625 0.01953125
0 0.8484375 0.625 0.015625 0.01953125
0 0.8796875 0.544921875 0.015625 0.01953125
0 0.7890625 0.505859375 0.015625 0.01953125
0 0.9078125 0.505859375 0.015625 0.01953125
0 0.9 0.404296875 0.015625 0.01953125
0 0.8671875 0.365234375 0.015625 0.01953125
