0 0.0640625 0.826171875 0.015625 0.01953125
0 0.0 0.17578125 0.015625 0.01953125
0 0.075 0.111328125 0.015625 0.01953125
0 0.1265625 0.07421875 0.015625 0.01953125
0 0.3609375 0.111328125 0.015625 0.01953125
0 0.4421875 0.12109375 0.015625 0.01953125
0 0.4875 0.265625 0.015625 0.01953125
0 0.7046875 0.181640625 0.015625 0.01953125
0 0.69375 0.4453125 0.015625 0.01953125
0 0.8640625 0.369140625 0.015625 0.01953125
0 0.909375 0.396484375 0.015625 0.01953125
0 0.9015625 0.509765625 0.015625 0.01953125
0 0.8765625 0.548828125 0.015625 0.01953125
0 0.796875 0.51171875 0.015625 0.01953125
0 0.74375 0.626953125 0.015625 0.01953125
0 0.8625 0.6640625 0.015625 0.01953125
