0 0.0703125 0.81640625 0.015625 0.01953125
0 0.759375 0.6171875 0.015625 0.01953125
0 0.865625 0.6875 0.015625 0.01953125
0 0.796875 0.509765625 0.015625 0.01953125
0 0.8859375 0.5234375 0.015625 0.01953125
0 0.678125 0.447265625 0.015625 0.01953125
0 0.8625 0.353515625 0.015625 0.01953125
0 0.903125 0.369140625 0.015625 0.01953125
0 0.4875 0.263671875 0.015625 0.01953125
0 0.6953125 0.18359375 0.015625 0.01953125
0 0.4359375 0.12109375 0.015625 0.01953125
0 0.3609375 0.10546875 0.015625 0.01953125
0 0.1125 0.080078125 0.015625 0.01953125
0 0.078125 0.12890625 0.015625 0.01953125
0 0.0046875 0.197265625 0.015625 0.01953125
