0 0.071875 0.78515625 0.015625 0.01953125
0 0.76875 0.6171875 0.015625 0.01953125
0 0.7921875 0.53125 0.015625 0.01953125
0 0.878125 0.54296875 0.015625 0.01953125
0 0.6890625 0.46484375 0.015625 0.01953125
0 0.853125 0.357421875 0.015625 0.01953125
0 0.9125 0.3515625 0.015625 0.01953125
0 0.69375 0.201171875 0.015625 0.01953125
0 0.484375 0.267578125 0.015625 0.01953125
0 0.4453125 0.140625 0.015625 0.01953125
0 0.309375 0.0078125 0.015625 0.01953125
0 0.1171875 0.080078125 0.015625 0.01953125
0 0.09375 0.126953125 0.015625 0.01953125
0 0.0078125 0.19921875 0.015625 0.01953125
0 0.3578125 0.119140625 0.015625 0.01953125
