0 0.0875 0.267578125 0.015625 0.01953125
0 0.284375 0.232421875 0.015625 0.01953125
0 0.3859375 0.12109375 0.015625 0.01953125
0 0.640625 0.140625 0.015625 0.01953125
0 0.865625 0.10546875 0.015625 0.01953125
0 0.878125 0.15234375 0.015625 0.01953125
0 0.8609375 0.330078125 0.015625 0.01953125
0 0.7046875 0.4453125 0.015625 0.01953125
0 0.7046875 0.494140625 0.015625 0.01953125
0 0.93125 0.560546875 0.015625 0.01953125
0 0.7765625 0.5859375 0.015625 0.01953125
0 0.7546875 0.619140625 0.015625 0.01953125
0 0.7890625 0.638671875 0.015625 0.01953125
0 0.640625 0.6640625 0.015625 0.01953125
0 0.6390625 0.705078125 0.015625 0.01953125
0 0.5984375 0.716796875 0.015625 0.01953125
0 0.54375 0.615234375 0.015625 0.01953125
0 0.528125 0.58984375 0.015625 0.01953125
0 0.490625 0.470703125 0.015625 0.01953125
0 0.221875 0.591796875 0.015625 0.01953125
0 0.090625 0.802734375 0.015625 0.01953125
0 0.0953125 0.76953125 0.015625 0.01953125
0 0.271875 0.90234375 0.015625 0.01953125
0 0.3578125 0.98828125 0.015625 0.01953125
0 0.6765625 0.720703125 0.015625 0.01953125
