0 0.3078125 0.240234375 0.015625 0.01953125
0 0.25625 0.28125 0.015625 0.01953125
0 0.5328125 0.1328125 0.015625 0.01953125
0 0.7546875 0.12890625 0.015625 0.01953125
0 0.3015625 0.208984375 0.015625 0.01953125
0 0.2765625 0.578125 0.015625 0.01953125
0 0.6 0.46875 0.015625 0.01953125
0 0.796875 0.5078125 0.015625 0.01953125
0 0.6125 0.580078125 0.015625 0.01953125
0 0.6046875 0.603515625 0.015625 0.01953125
0 0.7671875 0.6171875 0.015625 0.01953125
0 0.803125 0.6171875 0.015625 0.01953125
0 0.9453125 0.599609375 0.015625 0.01953125
0 0.9796875 0.36328125 0.015625 0.01953125
0 0.09375 0.7421875 0.015625 0.01953125
0 0.2890625 0.873046875 0.015625 0.01953125
0 0.0375 0.912109375 0.015625 0.01953125
0 0.6515625 0.6796875 0.015625 0.01953125
0 0.6390625 0.71484375 0.015625 0.01953125
0 0.6140625 0.720703125 0.015625 0.01953125
0 0.7953125 0.669921875 0.015625 0.01953125
0 0.8 0.716796875 0.015625 0.01953125
0 0.6796875 0.734375 0.015625 0.01953125
0 0.9921875 0.140625 0.015625 0.01953125
