0 0.55 0.126953125 0.015625 0.01953125
0 0.7671875 0.125 0.015625 0.01953125
0 0.821875 0.46875 0.015625 0.01953125
0 0.8078125 0.517578125 0.015625 0.01953125
0 0.775 0.6015625 0.015625 0.01953125
0 0.8 0.62109375 0.015625 0.01953125
0 0.796875 0.677734375 0.015625 0.01953125
0 0.796875 0.724609375 0.015625 0.01953125
0 0.9375 0.60546875 0.015625 0.01953125
0 0.990625 0.361328125 0.015625 0.01953125
0 0.6140625 0.4765625 0.015625 0.01953125
0 0.625 0.583984375 0.015625 0.01953125
0 0.65625 0.67578125 0.015625 0.01953125
0 0.61875 0.607421875 0.015625 0.01953125
0 0.6140625 0.724609375 0.015625 0.01953125
0 0.6421875 0.705078125 0.015625 0.01953125
0 0.68125 0.734375 0.015625 0.01953125
0 0.2875 0.578125 0.015625 0.01953125
0 0.28125 0.298828125 0.015625 0.01953125
0 0.3078125 0.244140625 0.015625 0.01953125
0 0.2859375 0.87109375 0.015625 0.01953125
0 0.3109375 0.990234375 0.015625 0.01953125
0 0.0984375 0.73828125 0.015625 0.01953125
0 0.0484375 0.904296875 0.015625 0.01953125
0 0.165625 0.916015625 0.015625 0.01953125
0 0.303125 0.220703125 0.015625 0.01953125
