0 0.303125 0.224609375 0.015625 0.01953125
0 0.309375 0.255859375 0.015625 0.01953125
0 0.3078125 0.3046875 0.015625 0.01953125
0 0.3015625 0.580078125 0.015625 0.01953125
0 0.290625 0.873046875 0.015625 0.01953125
0 0.040625 0.921875 0.015625 0.01953125
0 0.0328125 0.94140625 0.015625 0.01953125
0 0.6546875 0.677734375 0.015625 0.01953125
0 0.6765625 0.673828125 0.015625 0.01953125
0 0.78125 0.59765625 0.015625 0.01953125
0 0.8265625 0.51953125 0.015625 0.01953125
0 0.1046875 0.74609375 0.015625 0.01953125
0 0.6140625 0.72265625 0.015625 0.01953125
0 0.64375 0.71484375 0.015625 0.01953125
0 0.8015625 0.677734375 0.015625 0.01953125
0 0.94375 0.609375 0.015625 0.01953125
0 0.8109375 0.625 0.015625 0.01953125
0 0.8375 0.46875 0.015625 0.01953125
0 0.6328125 0.484375 0.015625 0.01953125
0 0.7859375 0.126953125 0.015625 0.01953125
0 0.5703125 0.142578125 0.015625 0.01953125
0 0.9953125 0.36328125 0.015625 0.01953125
0 0.6421875 0.5859375 0.015625 0.01953125
0 0.634375 0.609375 0.015625 0.01953125
0 0.6875 0.73828125 0.015625 0.01953125
0 0.8046875 0.7265625 0.015625 0.01953125
