0 0.6890625 0.361328125 0.015625 0.01953125
0 0.8609375 0.322265625 0.015625 0.01953125
0 0.925 0.029296875 0.015625 0.01953125
0 0.9484375 0.00390625 0.015625 0.01953125
0 0.9328125 0.052734375 0.015625 0.01953125
0 0.7234375 0.6953125 0.015625 0.01953125
0 0.93125 0.666015625 0.015625 0.01953125
0 0.9140625 0.75 0.015625 0.01953125
0 0.93125 0.689453125 0.015625 0.01953125
0 0.8640625 0.8359375 0.015625 0.01953125
0 0.8578125 0.876953125 0.015625 0.01953125
0 0.9625 0.806640625 0.015625 0.01953125
0 0.821875 0.947265625 0.015625 0.01953125
0 0.7 0.947265625 0.015625 0.01953125
0 0.7015625 0.826171875 0.015625 0.01953125
0 0.6625 0.888671875 0.015625 0.01953125
0 0.64375 0.91015625 0.015625 0.01953125
0 0.628125 0.931640625 0.015625 0.01953125
0 0.71875 0.806640625 0.015625 0.01953125
0 0.603125 0.970703125 0.015625 0.01953125
0 0.3453125 0.80859375 0.015625 0.01953125
0 0.3546875 0.79296875 0.015625 0.01953125
0 0.459375 0.560546875 0.015625 0.01953125
0 0.3015625 0.470703125 0.015625 0.01953125
0 0.3125 0.431640625 0.015625 0.01953125
0 0.1125 0.953125 0.015625 0.01953125
0 0.1015625 0.974609375 0.015625 0.01953125
