0 0.484375 0.5703125 0.015625 0.01953125
0 0.7125 0.380859375 0.015625 0.01953125
0 0.684375 0.373046875 0.015625 0.01953125
0 0.875 0.333984375 0.015625 0.01953125
0 0.9125 0.046875 0.015625 0.01953125
0 0.940625 0.03125 0.015625 0.01953125
0 0.93125 0.060546875 0.015625 0.01953125
0 0.946875 0.703125 0.015625 0.01953125
0 0.74375 0.712890625 0.015625 0.01953125
0 0.303125 0.484375 0.015625 0.01953125
0 0.3015625 0.44921875 0.015625 0.01953125
0 0.3546875 0.8125 0.015625 0.01953125
0 0.1015625 0.96875 0.015625 0.01953125
0 0.590625 0.9765625 0.015625 0.01953125
0 0.6234375 0.953125 0.015625 0.01953125
0 0.63125 0.921875 0.015625 0.01953125
0 0.6609375 0.89453125 0.015625 0.01953125
0 0.7140625 0.841796875 0.015625 0.01953125
0 0.721875 0.822265625 0.015625 0.01953125
0 0.859375 0.759765625 0.015625 0.01953125
0 0.9265625 0.759765625 0.015625 0.01953125
0 0.95625 0.806640625 0.015625 0.01953125
0 0.878125 0.849609375 0.015625 0.01953125
0 0.8546875 0.880859375 0.015625 0.01953125
0 0.8140625 0.947265625 0.015625 0.01953125
0 0.6890625 0.94921875 0.015625 0.01953125
