0 0.734375 0.373046875 0.015625 0.01953125
0 0.8890625 0.3203125 0.015625 0.01953125
0 0.9203125 0.064453125 0.015625 0.01953125
0 0.934375 0.03515625 0.015625 0.01953125
0 0.915625 0.03125 0.015625 0.01953125
0 0.5171875 0.583984375 0.015625 0.01953125
0 0.303125 0.47265625 0.015625 0.01953125
0 0.3109375 0.443359375 0.015625 0.01953125
0 0.3609375 0.81640625 0.015625 0.01953125
0 0.58125 0.962890625 0.015625 0.01953125
0 0.6203125 0.951171875 0.015625 0.01953125
0 0.6359375 0.935546875 0.015625 0.01953125
0 0.665625 0.89453125 0.015625 0.01953125
0 0.678125 0.9140625 0.015625 0.01953125
0 0.70625 0.8671875 0.015625 0.01953125
0 0.7234375 0.845703125 0.015625 0.01953125
0 0.7234375 0.826171875 0.015625 0.01953125
0 0.8703125 0.884765625 0.015625 0.01953125
0 0.884375 0.83984375 0.015625 0.01953125
0 0.9640625 0.806640625 0.015625 0.01953125
0 0.9421875 0.759765625 0.015625 0.01953125
0 0.965625 0.69140625 0.015625 0.01953125
0 0.8796875 0.751953125 0.015625 0.01953125
0 0.81875 0.9609375 0.015625 0.01953125
0 0.81875 0.9375 0.015625 0.01953125
0 0.690625 0.951171875 0.015625 0.01953125
0 0.103125 0.9609375 0.015625 0.01953125
0 0.6953125 0.9765625 0.015625 0.01953125
0 0.765625 0.703125 0.015625 0.01953125
0 0.9453125 0.771484375 0.015625 0.01953125
