0 0.9171875 0.0703125 0.015625 0.01953125
0 0.93125 0.099609375 0.015625 0.01953125
0 0.94375 0.08203125 0.015625 0.01953125
0 0.953125 0.36328125 0.015625 0.01953125
0 0.9734375 0.37109375 0.015625 0.01953125
0 0.8296875 0.423828125 0.015625 0.01953125
0 0.6484375 0.63671875 0.015625 0.01953125
0 0.8453125 0.748046875 0.015625 0.01953125
0 0.9421875 0.73828125 0.015625 0.01953125
0 0.9609375 0.853515625 0.015625 0.01953125
0 0.953125 0.884765625 0.015625 0.01953125
0 0.9390625 0.93359375 0.015625 0.01953125
0 0.78125 0.9140625 0.015625 0.01953125
0 0.778125 0.880859375 0.015625 0.01953125
0 0.8375 0.98828125 0.015625 0.01953125
0 0.6828125 0.951171875 0.015625 0.01953125
0 0.6625 0.94140625 0.015625 0.01953125
0 0.65 0.955078125 0.015625 0.01953125
0 0.6484375 0.9765625 0.015625 0.01953125
0 0.6234375 0.9921875 0.015625 0.01953125
0 0.5671875 0.94921875 0.015625 0.01953125
0 0.396875 0.861328125 0.015625 0.01953125
0 0.309375 0.517578125 0.015625 0.01953125
0 0.30625 0.484375 0.015625 0.01953125
0 0.0125 0.025390625 0.015625 0.01953125
