0 0.225 0.583984375 0.015625 0.01953125
0 0.271875 0.7109375 0.015625 0.01953125
0 0.371875 0.677734375 0.015625 0.01953125
0 0.371875 0.705078125 0.015625 0.01953125
0 0.3921875 0.583984375 0.015625 0.01953125
0 0.4140625 0.408203125 0.015625 0.01953125
0 0.7328125 0.806640625 0.015625 0.01953125
0 0.9140625 0.89453125 0.015625 0.01953125
0 0.484375 0.00390625 0.015625 0.01953125
0 0.0703125 0.201171875 0.015625 0.01953125
0 0.021875 0.1796875 0.015625 0.01953125
0 0.0078125 0.2109375 0.015625 0.01953125
