0 0.059375 0.279296875 0.015625 0.01953125
0 0.06875 0.248046875 0.015625 0.01953125
0 0.296875 0.646484375 0.015625 0.01953125
0 0.1484375 0.287109375 0.015625 0.01953125
0 0.484375 0.021484375 0.015625 0.01953125
0 0.4125 0.412109375 0.015625 0.01953125
0 0.5796875 0.681640625 0.015625 0.01953125
0 0.4515625 0.728515625 0.015625 0.01953125
0 0.4390625 0.75390625 0.015625 0.01953125
0 0.3328125 0.75 0.015625 0.01953125
0 0.8078125 0.82421875 0.015625 0.01953125
0 0.0046875 0.42578125 0.015625 0.01953125
