0 0.046875 0.322265625 0.015625 0.01953125
0 0.096875 0.328125 0.015625 0.01953125
0 0.1109375 0.298828125 0.015625 0.01953125
0 0.2171875 0.34765625 0.015625 0.01953125
0 0.40625 0.40625 0.015625 0.01953125
0 0.3609375 0.67578125 0.015625 0.01953125
0 0.3875 0.7734375 0.015625 0.01953125
0 0.4953125 0.783203125 0.015625 0.01953125
0 0.51875 0.771484375 0.015625 0.01953125
0 0.8734375 0.833984375 0.015625 0.01953125
0 0.74375 0.724609375 0.015625 0.01953125
0 0.5234375 0.015625 0.015625 0.01953125
0 0.0328125 0.458984375 0.015625 0.01953125
0 0.015625 0.478515625 0.015625 0.01953125
0 0.0 0.505859375 0.015625 0.01953125
