0 0.1265625 0.3125 0.015625 0.01953125
0 0.1125 0.34765625 0.015625 0.01953125
0 0.0921875 0.375 0.015625 0.01953125
0 0.046875 0.466796875 0.015625 0.01953125
0 0.0359375 0.4921875 0.015625 0.01953125
0 0.0109375 0.53125 0.015625 0.01953125
0 0.2390625 0.373046875 0.015625 0.01953125
0 0.4109375 0.40625 0.015625 0.01953125
0 0.3890625 0.689453125 0.015625 0.01953125
0 0.4046875 0.7890625 0.015625 0.01953125
0 0.540625 0.775390625 0.015625 0.01953125
0 0.528125 0.80078125 0.015625 0.01953125
0 0.896875 0.833984375 0.015625 0.01953125
0 0.8078125 0.7265625 0.015625 0.01953125
0 0.515625 0.03515625 0.015625 0.01953125
