0 0.103125 0.56640625 0.015625 0.01953125
0 0.090625 0.591796875 0.015625 0.01953125
0 0.0703125 0.634765625 0.015625 0.01953125
0 0.1703125 0.451171875 0.015625 0.01953125
0 0.1734375 0.421875 0.015625 0.01953125
0 0.3328125 0.486328125 0.015625 0.01953125
0 0.403125 0.41796875 0.015625 0.01953125
0 0.50625 0.732421875 0.015625 0.01953125
0 0.5015625 0.833984375 0.015625 0.01953125
0 0.653125 0.79296875 0.015625 0.01953125
0 0.0109375 0.623046875 0.015625 0.01953125
0 0.0515625 0.88671875 0.015625 0.01953125
0 0.646875 0.818359375 0.015625 0.01953125
0 0.4546875 0.0703125 0.015625 0.01953125
0 0.65625 0.01953125 0.015625 0.01953125
0 0.796875 0.98046875 0.015625 0.01953125
0 0.26875 0.53515625 0.015625 0.01953125
