0 0.45 0.060546875 0.015625 0.01953125
0 0.6625 0.025390625 0.015625 0.01953125
0 0.40625 0.421875 0.015625 0.01953125
0 0.3609375 0.494140625 0.015625 0.01953125
0 0.1828125 0.470703125 0.015625 0.01953125
0 0.1875 0.435546875 0.015625 0.01953125
0 0.3109375 0.556640625 0.015625 0.01953125
0 0.521875 0.74609375 0.015625 0.01953125
0 0.1171875 0.583984375 0.015625 0.01953125
0 0.0984375 0.603515625 0.015625 0.01953125
0 0.0875 0.64453125 0.015625 0.01953125
0 0.034375 0.638671875 0.015625 0.01953125
0 0.003125 0.650390625 0.015625 0.01953125
0 0.521875 0.837890625 0.015625 0.01953125
0 0.665625 0.8046875 0.015625 0.01953125
0 0.7796875 0.982421875 0.015625 0.01953125
0 0.66875 0.833984375 0.015625 0.01953125
0 0.075 0.88671875 0.015625 0.01953125
0 0.0578125 0.908203125 0.015625 0.01953125
