0 0.075 0.900390625 0.015625 0.01953125
0 0.6953125 0.8046875 0.015625 0.01953125
0 0.5453125 0.84765625 0.015625 0.01953125
0 0.6953125 0.830078125 0.015625 0.01953125
0 0.5578125 0.755859375 0.015625 0.01953125
0 0.3734375 0.580078125 0.015625 0.01953125
0 0.396875 0.51953125 0.015625 0.01953125
0 0.4109375 0.421875 0.015625 0.01953125
0 0.209375 0.482421875 0.015625 0.01953125
0 0.215625 0.453125 0.015625 0.01953125
0 0.1171875 0.623046875 0.015625 0.01953125
0 0.1078125 0.66015625 0.015625 0.01953125
0 0.1390625 0.599609375 0.015625 0.01953125
0 0.05 0.6640625 0.015625 0.01953125
0 0.0234375 0.666015625 0.015625 0.01953125
0 0.421875 0.025390625 0.015625 0.01953125
0 0.6640625 0.01953125 0.015625 0.01953125
