0 0.6453125 0.017578125 0.015625 0.01953125
0 0.4140625 0.4296875 0.015625 0.01953125
0 0.25 0.515625 0.015625 0.01953125
0 0.2515625 0.484375 0.015625 0.01953125
0 0.146875 0.650390625 0.015625 0.01953125
0 0.159375 0.62890625 0.015625 0.01953125
0 0.1359375 0.6796875 0.015625 0.01953125
0 0.478125 0.6171875 0.015625 0.01953125
0 0.4578125 0.544921875 0.015625 0.01953125
0 0.6046875 0.775390625 0.015625 0.01953125
0 0.5875 0.8671875 0.015625 0.01953125
0 0.740625 0.82421875 0.015625 0.01953125
0 0.74375 0.845703125 0.015625 0.01953125
0 0.0828125 0.69921875 0.015625 0.01953125
0 0.059375 0.69921875 0.015625 0.01953125
0 0.1 0.91796875 0.015625 0.01953125
