0 0.3046875 0.517578125 0.015625 0.01953125
0 0.296875 0.55078125 0.015625 0.01953125
0 0.1953125 0.65234375 0.015625 0.01953125
0 0.184375 0.681640625 0.015625 0.01953125
0 0.1671875 0.712890625 0.015625 0.01953125
0 0.40625 0.4296875 0.015625 0.01953125
0 0.534375 0.5859375 0.015625 0.01953125
0 0.6140625 0.6640625 0.015625 0.01953125
0 0.6640625 0.78515625 0.015625 0.01953125
0 0.634375 0.87890625 0.015625 0.01953125
0 0.7953125 0.83203125 0.015625 0.01953125
0 0.796875 0.85546875 0.015625 0.01953125
0 0.096875 0.748046875 0.015625 0.01953125
0 0.128125 0.7421875 0.015625 0.01953125
0 0.11875 0.94140625 0.015625 0.01953125
0 0.596875 0.009765625 0.015625 0.01953125
