0 0.03125 0.322265625 0.015625 0.01953125
0 0.0 0.26171875 0.015625 0.01953125
0 0.35 0.56640625 0.015625 0.01953125
0 0.3515625 0.537109375 0.015625 0.01953125
0 0.2375 0.671875 0.015625 0.01953125
0 0.225 0.69921875 0.015625 0.01953125
0 0.20625 0.732421875 0.015625 0.01953125
0 0.1453125 0.78125 0.015625 0.01953125
0 0.178125 0.77734375 0.015625 0.01953125
0 0.6828125 0.88671875 0.015625 0.01953125
0 0.8484375 0.833984375 0.015625 0.01953125
0 0.85625 0.859375 0.015625 0.01953125
0 0.7328125 0.796875 0.015625 0.01953125
0 0.7453125 0.681640625 0.015625 0.01953125
0 0.6140625 0.61328125 0.015625 0.01953125
0 0.4078125 0.42578125 0.015625 0.01953125
0 0.1421875 0.947265625 0.015625 0.01953125
0 0.1375 0.994140625 0.015625 0.01953125
