0 0.0109375 0.248046875 0.015625 0.01953125
0 0.0453125 0.302734375 0.015625 0.01953125
0 0.0796875 0.369140625 0.015625 0.01953125
0 0.1921875 0.82421875 0.015625 0.01953125
0 0.21875 0.8046875 0.015625 0.01953125
0 0.2421875 0.748046875 0.015625 0.01953125
0 0.2640625 0.71875 0.015625 0.01953125
0 0.2703125 0.69140625 0.015625 0.01953125
0 0.3875 0.59765625 0.015625 0.01953125
0 0.3921875 0.5703125 0.015625 0.01953125
0 0.4078125 0.4296875 0.015625 0.01953125
0 0.7875 0.806640625 0.015625 0.01953125
0 0.6828125 0.630859375 0.015625 0.01953125
0 0.85 0.6953125 0.015625 0.01953125
0 0.890625 0.84375 0.015625 0.01953125
0 0.903125 0.869140625 0.015625 0.01953125
0 0.725 0.908203125 0.015625 0.01953125
0 0.1765625 0.953125 0.015625 0.01953125
0 0.1578125 0.974609375 0.015625 0.01953125
