0 0.4046875 0.43359375 0.015625 0.01953125
0 0.09375 0.34765625 0.015625 0.01953125
0 0.0375 0.279296875 0.015625 0.01953125
0 0.1265625 0.423828125 0.015625 0.01953125
0 0.434375 0.630859375 0.015625 0.01953125
0 0.4359375 0.59765625 0.015625 0.01953125
0 0.7515625 0.65625 0.015625 0.01953125
0 0.975 0.693359375 0.015625 0.01953125
0 0.9359375 0.865234375 0.015625 0.01953125
0 0.953125 0.88671875 0.015625 0.01953125
0 0.840625 0.81640625 0.015625 0.01953125
0 0.765625 0.935546875 0.015625 0.01953125
0 0.2953125 0.712890625 0.015625 0.01953125
0 0.23125 0.853515625 0.015625 0.01953125
0 0.26875 0.84765625 0.015625 0.01953125
0 0.2796875 0.77734375 0.015625 0.01953125
0 0.29375 0.7421875 0.015625 0.01953125
0 0.19375 0.9921875 0.015625 0.01953125
