0 0.2390625 0.09765625 0.015625 0.01953125
0 0.365625 0.50390625 0.015625 0.01953125
0 0.5796875 0.630859375 0.015625 0.01953125
0 0.5671875 0.611328125 0.015625 0.01953125
0 0.89375 0.40625 0.015625 0.01953125
0 0.99375 0.4921875 0.015625 0.01953125
0 0.9671875 0.68359375 0.015625 0.01953125
0 0.465625 0.806640625 0.015625 0.01953125
0 0.4734375 0.837890625 0.015625 0.01953125
0 0.48125 0.873046875 0.015625 0.01953125
0 0.5046875 0.98828125 0.015625 0.01953125
0 0.521875 0.962890625 0.015625 0.01953125
0 0.709375 0.9140625 0.015625 0.01953125
0 0.196875 0.6171875 0.015625 0.01953125
0 0.075 0.6015625 0.015625 0.01953125
0 0.2453125 0.68359375 0.015625 0.01953125
0 0.0328125 0.89453125 0.015625 0.01953125
0 0.384375 0.5 0.015625 0.01953125
