0 0.36875 0.50390625 0.015625 0.01953125
0 0.3875 0.5 0.015625 0.01953125
0 0.221875 0.619140625 0.015625 0.01953125
0 0.265625 0.685546875 0.015625 0.01953125
0 0.0984375 0.6015625 0.015625 0.01953125
0 0.0765625 0.8984375 0.015625 0.01953125
0 0.4859375 0.802734375 0.015625 0.01953125
0 0.4921875 0.841796875 0.015625 0.01953125
0 0.5 0.865234375 0.015625 0.01953125
0 0.7 0.9140625 0.015625 0.01953125
0 0.521875 0.994140625 0.015625 0.01953125
0 0.978125 0.669921875 0.015625 0.01953125
0 0.9203125 0.3828125 0.015625 0.01953125
0 0.6015625 0.625 0.015625 0.01953125
0 0.5890625 0.599609375 0.015625 0.01953125
0 0.246875 0.091796875 0.015625 0.01953125
0 0.5484375 0.974609375 0.015625 0.01953125
