0 0.3140625 0.0859375 0.015625 0.01953125
0 0.3734375 0.513671875 0.015625 0.01953125
0 0.3953125 0.509765625 0.015625 0.01953125
0 0.0140625 0.41796875 0.015625 0.01953125
0 0.1578125 0.615234375 0.015625 0.01953125
0 0.096875 0.759765625 0.015625 0.01953125
0 0.0 0.728515625 0.015625 0.01953125
0 0.35 0.708984375 0.015625 0.01953125
0 0.328125 0.615234375 0.015625 0.01953125
0 0.240625 0.921875 0.015625 0.01953125
0 0.546875 0.7890625 0.015625 0.01953125
0 0.5484375 0.826171875 0.015625 0.01953125
0 0.5625 0.8671875 0.015625 0.01953125
0 0.678125 0.611328125 0.015625 0.01953125
0 0.6625 0.583984375 0.015625 0.01953125
0 0.6609375 0.9375 0.015625 0.01953125
0 0.63125 0.9921875 0.015625 0.01953125
