0 0.334375 0.078125 0.015625 0.01953125
0 0.371875 0.509765625 0.015625 0.01953125
0 0.3953125 0.50390625 0.015625 0.01953125
0 0.34375 0.609375 0.015625 0.01953125
0 0.3671875 0.705078125 0.015625 0.01953125
0 0.6734375 0.572265625 0.015625 0.01953125
0 0.6953125 0.599609375 0.015625 0.01953125
0 0.559375 0.78515625 0.015625 0.01953125
0 0.565625 0.82421875 0.015625 0.01953125
0 0.58125 0.861328125 0.015625 0.01953125
0 0.28125 0.91796875 0.015625 0.01953125
0 0.1171875 0.763671875 0.015625 0.01953125
0 0.175 0.609375 0.015625 0.01953125
0 0.0171875 0.71875 0.015625 0.01953125
0 0.0015625 0.638671875 0.015625 0.01953125
0 0.015625 0.421875 0.015625 0.01953125
0 0.6546875 0.93359375 0.015625 0.01953125
0 0.640625 0.994140625 0.015625 0.01953125
