0 0.35 0.078125 0.015625 0.01953125
0 0.3765625 0.513671875 0.015625 0.01953125
0 0.371875 0.611328125 0.015625 0.01953125
0 0.69375 0.5703125 0.015625 0.01953125
0 0.70625 0.595703125 0.015625 0.01953125
0 0.3875 0.712890625 0.015625 0.01953125
0 0.1875 0.6171875 0.015625 0.01953125
0 0.1375 0.755859375 0.015625 0.01953125
0 0.0265625 0.73046875 0.015625 0.01953125
0 0.009375 0.646484375 0.015625 0.01953125
0 0.028125 0.404296875 0.015625 0.01953125
0 0.396875 0.5078125 0.015625 0.01953125
0 0.3203125 0.919921875 0.015625 0.01953125
0 0.578125 0.814453125 0.015625 0.01953125
0 0.571875 0.787109375 0.015625 0.01953125
0 0.596875 0.84765625 0.015625 0.01953125
0 0.646875 0.943359375 0.015625 0.01953125
