0 0.365625 0.06640625 0.015625 0.01953125
0 0.053125 0.39453125 0.015625 0.01953125
0 0.38125 0.51953125 0.015625 0.01953125
0 0.3984375 0.51171875 0.015625 0.01953125
0 0.403125 0.615234375 0.015625 0.01953125
0 0.4140625 0.71875 0.015625 0.01953125
0 0.3625 0.927734375 0.015625 0.01953125
0 0.5875 0.783203125 0.015625 0.01953125
0 0.596875 0.8203125 0.015625 0.01953125
0 0.6125 0.861328125 0.015625 0.01953125
0 0.734375 0.58984375 0.015625 0.01953125
0 0.7171875 0.564453125 0.015625 0.01953125
0 0.1671875 0.759765625 0.015625 0.01953125
0 0.0484375 0.736328125 0.015625 0.01953125
0 0.0140625 0.671875 0.015625 0.01953125
0 0.0109375 0.603515625 0.015625 0.01953125
0 0.6359375 0.955078125 0.015625 0.01953125
