0 0.9171875 0.46484375 0.015625 0.01953125
0 0.9328125 0.546875 0.015625 0.01953125
0 0.7484375 0.611328125 0.015625 0.01953125
0 0.74375 0.685546875 0.015625 0.01953125
0 0.81875 0.71484375 0.015625 0.01953125
0 0.7234375 0.73046875 0.015625 0.01953125
0 0.70625 0.64453125 0.015625 0.01953125
0 0.6078125 0.625 0.015625 0.01953125
0 0.575 0.73828125 0.015625 0.01953125
0 0.6296875 0.806640625 0.015625 0.01953125
0 0.415625 0.671875 0.015625 0.01953125
0 0.7203125 0.85546875 0.015625 0.01953125
0 0.7453125 0.90625 0.015625 0.01953125
0 0.471875 0.955078125 0.015625 0.01953125
0 0.284375 0.705078125 0.015625 0.01953125
0 0.3984375 0.6484375 0.015625 0.01953125
0 0.39375 0.611328125 0.015625 0.01953125
0 0.3484375 0.591796875 0.015625 0.01953125
0 0.284375 0.638671875 0.015625 0.01953125
0 0.284375 0.5703125 0.015625 0.01953125
0 0.2046875 0.611328125 0.015625 0.01953125
0 0.1953125 0.65625 0.015625 0.01953125
0 0.1234375 0.724609375 0.015625 0.01953125
0 0.140625 0.638671875 0.015625 0.01953125
0 0.059375 0.6328125 0.015625 0.01953125
0 0.0375 0.583984375 0.015625 0.01953125
0 0.0375 0.52734375 0.015625 0.01953125
0 0.0375 0.490234375 0.015625 0.01953125
0 0.05 0.447265625 0.015625 0.01953125
0 0.1125 0.32421875 0.015625 0.01953125
0 0.1953125 0.3046875 0.015625 0.01953125
0 0.234375 0.2265625 0.015625 0.01953125
0 0.1875 0.162109375 0.015625 0.01953125
0 0.0625 0.25390625 0.015625 0.01953125
0 0.0546875 0.201171875 0.015625 0.01953125
0 0.0078125 0.63671875 0.015625 0.01953125
0 0.2859375 0.041015625 0.015625 0.01953125
0 0.66875 0.267578125 0.015625 0.01953125
