0 0.1828125 0.173828125 0.015625 0.01953125
0 0.2203125 0.244140625 0.015625 0.01953125
0 0.1796875 0.314453125 0.015625 0.01953125
0 0.1078125 0.337890625 0.015625 0.01953125
0 0.0546875 0.25390625 0.015625 0.01953125
0 0.053125 0.197265625 0.015625 0.01953125
0 0.034375 0.435546875 0.015625 0.01953125
0 0.0796875 0.48046875 0.015625 0.01953125
0 0.075 0.515625 0.015625 0.01953125
0 0.059375 0.5546875 0.015625 0.01953125
0 0.0015625 0.517578125 0.015625 0.01953125
0 0.0703125 0.615234375 0.015625 0.01953125
0 0.0765625 0.662109375 0.015625 0.01953125
0 0.03125 0.673828125 0.015625 0.01953125
0 0.1734375 0.654296875 0.015625 0.01953125
0 0.2421875 0.630859375 0.015625 0.01953125
0 0.3234375 0.58984375 0.015625 0.01953125
0 0.3171875 0.650390625 0.015625 0.01953125
0 0.2234375 0.677734375 0.015625 0.01953125
0 0.1671875 0.748046875 0.015625 0.01953125
0 0.3203125 0.7265625 0.015625 0.01953125
0 0.390625 0.60546875 0.015625 0.01953125
0 0.4390625 0.6328125 0.015625 0.01953125
0 0.425 0.65625 0.015625 0.01953125
0 0.4484375 0.677734375 0.015625 0.01953125
0 0.6375 0.6171875 0.015625 0.01953125
0 0.60625 0.74609375 0.015625 0.01953125
0 0.7703125 0.689453125 0.015625 0.01953125
0 0.7859375 0.6171875 0.015625 0.01953125
0 0.73125 0.650390625 0.015625 0.01953125
0 0.7640625 0.734375 0.015625 0.01953125
0 0.85625 0.716796875 0.015625 0.01953125
0 0.759375 0.859375 0.015625 0.01953125
0 0.6734375 0.806640625 0.015625 0.01953125
0 0.778125 0.908203125 0.015625 0.01953125
0 0.95625 0.53515625 0.015625 0.01953125
0 0.9015625 0.4765625 0.015625 0.01953125
0 0.503125 0.95703125 0.015625 0.01953125
0 0.2796875 0.046875 0.015625 0.01953125
0 0.6703125 0.26953125 0.015625 0.01953125
