0 0.159375 0.1875 0.015625 0.01953125
0 0.0671875 0.234375 0.015625 0.01953125
0 0.053125 0.287109375 0.015625 0.01953125
0 0.1046875 0.361328125 0.015625 0.01953125
0 0.18125 0.33984375 0.015625 0.01953125
0 0.2046875 0.26171875 0.015625 0.01953125
0 0.1609375 0.498046875 0.015625 0.01953125
0 0.125 0.52734375 0.015625 0.01953125
0 0.1234375 0.5625 0.015625 0.01953125
0 0.1203125 0.6015625 0.015625 0.01953125
0 0.0296875 0.576171875 0.015625 0.01953125
0 0.1265625 0.662109375 0.015625 0.01953125
0 0.096875 0.716796875 0.015625 0.01953125
0 0.30625 0.677734375 0.015625 0.01953125
0 0.2296875 0.69140625 0.015625 0.01953125
0 0.2375 0.779296875 0.015625 0.01953125
0 0.284375 0.71875 0.015625 0.01953125
0 0.3859375 0.73828125 0.015625 0.01953125
0 0.365625 0.671875 0.015625 0.01953125
0 0.365625 0.609375 0.015625 0.01953125
0 0.453125 0.61328125 0.015625 0.01953125
0 0.4796875 0.650390625 0.015625 0.01953125
0 0.509375 0.67578125 0.015625 0.01953125
0 0.525 0.634765625 0.015625 0.01953125
0 0.665625 0.728515625 0.015625 0.01953125
0 0.6890625 0.5859375 0.015625 0.01953125
0 0.81875 0.65234375 0.015625 0.01953125
0 0.7859375 0.6171875 0.015625 0.01953125
0 0.834375 0.576171875 0.015625 0.01953125
0 0.909375 0.431640625 0.015625 0.01953125
0 0.9140625 0.658203125 0.015625 0.01953125
0 0.8328125 0.69140625 0.015625 0.01953125
0 0.75625 0.76953125 0.015625 0.01953125
0 0.834375 0.81640625 0.015625 0.01953125
0 0.853125 0.873046875 0.015625 0.01953125
0 0.6609375 0.263671875 0.015625 0.01953125
0 0.5703125 0.95703125 0.015625 0.01953125
0 0.253125 0.064453125 0.015625 0.01953125
