0 0.2578125 0.06640625 0.015625 0.01953125
0 0.1625 0.189453125 0.015625 0.01953125
0 0.0734375 0.234375 0.015625 0.01953125
0 0.053125 0.29296875 0.015625 0.01953125
0 0.1015625 0.36328125 0.015625 0.01953125
0 0.1828125 0.341796875 0.015625 0.01953125
0 0.209375 0.265625 0.015625 0.01953125
0 0.209375 0.515625 0.015625 0.01953125
0 0.1421875 0.537109375 0.015625 0.01953125
0 0.1375 0.572265625 0.015625 0.01953125
0 0.140625 0.61328125 0.015625 0.01953125
0 0.053125 0.591796875 0.015625 0.01953125
0 0.1515625 0.6640625 0.015625 0.01953125
0 0.1578125 0.712890625 0.015625 0.01953125
0 0.1109375 0.716796875 0.015625 0.01953125
0 0.2484375 0.69921875 0.015625 0.01953125
0 0.328125 0.677734375 0.015625 0.01953125
0 0.3875 0.666015625 0.015625 0.01953125
0 0.384375 0.611328125 0.015625 0.01953125
0 0.2984375 0.7265625 0.015625 0.01953125
0 0.259375 0.787109375 0.015625 0.01953125
0 0.403125 0.74609375 0.015625 0.01953125
0 0.478125 0.609375 0.015625 0.01953125
0 0.50625 0.658203125 0.015625 0.01953125
0 0.521875 0.677734375 0.015625 0.01953125
0 0.553125 0.63671875 0.015625 0.01953125
0 0.703125 0.5859375 0.015625 0.01953125
0 0.853125 0.56640625 0.015625 0.01953125
0 0.8359375 0.640625 0.015625 0.01953125
0 0.8109375 0.611328125 0.015625 0.01953125
0 0.909375 0.4296875 0.015625 0.01953125
0 0.6625 0.259765625 0.015625 0.01953125
0 0.684375 0.7265625 0.015625 0.01953125
0 0.8515625 0.80859375 0.015625 0.01953125
0 0.7890625 0.765625 0.015625 0.01953125
0 0.871875 0.873046875 0.015625 0.01953125
0 0.85625 0.685546875 0.015625 0.01953125
0 0.93125 0.654296875 0.015625 0.01953125
0 0.590625 0.958984375 0.015625 0.01953125
