0 0.284375 0.03125 0.015625 0.01953125
0 0.1796875 0.146484375 0.015625 0.01953125
0 0.096875 0.1796875 0.015625 0.01953125
0 0.0703125 0.236328125 0.015625 0.01953125
0 0.1078125 0.3125 0.015625 0.01953125
0 0.1875 0.30078125 0.015625 0.01953125
0 0.2265625 0.234375 0.015625 0.01953125
0 0.246875 0.490234375 0.015625 0.01953125
0 0.159375 0.490234375 0.015625 0.01953125
0 0.1421875 0.53125 0.015625 0.01953125
0 0.053125 0.541015625 0.015625 0.01953125
0 0.140625 0.5703125 0.015625 0.01953125
0 0.15 0.6328125 0.015625 0.01953125
0 0.15625 0.66015625 0.015625 0.01953125
0 0.1015625 0.677734375 0.015625 0.01953125
0 0.3296875 0.666015625 0.015625 0.01953125
0 0.384375 0.65234375 0.015625 0.01953125
0 0.390625 0.603515625 0.015625 0.01953125
0 0.484375 0.611328125 0.015625 0.01953125
0 0.5 0.6484375 0.015625 0.01953125
0 0.525 0.677734375 0.015625 0.01953125
0 0.5625 0.64453125 0.015625 0.01953125
0 0.7125 0.609375 0.015625 0.01953125
0 0.85 0.611328125 0.015625 0.01953125
0 0.8125 0.642578125 0.015625 0.01953125
0 0.834375 0.681640625 0.015625 0.01953125
0 0.8609375 0.71875 0.015625 0.01953125
0 0.934375 0.705078125 0.015625 0.01953125
0 0.9046875 0.484375 0.015625 0.01953125
0 0.6890625 0.275390625 0.015625 0.01953125
0 0.840625 0.84765625 0.015625 0.01953125
0 0.853125 0.900390625 0.015625 0.01953125
0 0.775 0.79296875 0.015625 0.01953125
0 0.678125 0.75390625 0.015625 0.01953125
0 0.559375 0.962890625 0.015625 0.01953125
0 0.2421875 0.677734375 0.015625 0.01953125
0 0.3015625 0.70703125 0.015625 0.01953125
0 0.3953125 0.728515625 0.015625 0.01953125
0 0.2578125 0.765625 0.015625 0.01953125
