0 0.0734375 0.095703125 0.015625 0.01953125
0 0.0921875 0.109375 0.015625 0.01953125
0 0.121875 0.140625 0.015625 0.01953125
0 0.0984375 0.15625 0.015625 0.01953125
0 0.1125 0.033203125 0.015625 0.01953125
0 0.1453125 0.08984375 0.015625 0.01953125
0 0.1875 0.140625 0.015625 0.01953125
0 0.209375 0.154296875 0.015625 0.01953125
0 0.4359375 0.177734375 0.015625 0.01953125
0 0.4421875 0.142578125 0.015625 0.01953125
0 0.565625 0.07421875 0.015625 0.01953125
0 0.63125 0.06640625 0.015625 0.01953125
0 0.6109375 0.123046875 0.015625 0.01953125
0 0.4796875 0.265625 0.015625 0.01953125
0 0.09375 0.478515625 0.015625 0.01953125
0 0.175 0.49609375 0.015625 0.01953125
0 0.109375 0.49609375 0.015625 0.01953125
0 0.109375 0.478515625 0.015625 0.01953125
0 0.128125 0.484375 0.015625 0.01953125
0 0.1078125 0.439453125 0.015625 0.01953125
0 0.065625 0.55078125 0.015625 0.01953125
0 0.078125 0.607421875 0.015625 0.01953125
0 0.209375 0.60546875 0.015625 0.01953125
0 0.178125 0.572265625 0.015625 0.01953125
0 0.0640625 0.68359375 0.015625 0.01953125
0 0.05625 0.7890625 0.015625 0.01953125
0 0.1609375 0.8359375 0.015625 0.01953125
0 0.153125 0.865234375 0.015625 0.01953125
0 0.2109375 0.712890625 0.015625 0.01953125
0 0.1640625 0.69140625 0.015625 0.01953125
0 0.23125 0.666015625 0.015625 0.01953125
0 0.2578125 0.69140625 0.015625 0.01953125
0 0.26875 0.673828125 0.015625 0.01953125
0 0.3984375 0.74609375 0.015625 0.01953125
0 0.4453125 0.748046875 0.015625 0.01953125
0 0.421875 0.8203125 0.015625 0.01953125
0 0.4421875 0.896484375 0.015625 0.01953125
0 0.4578125 0.89453125 0.015625 0.01953125
0 0.4578125 0.9140625 0.015625 0.01953125
0 0.378125 0.91796875 0.015625 0.01953125
0 0.7515625 0.69921875 0.015625 0.01953125
0 0.834375 0.759765625 0.015625 0.01953125
0 0.5171875 0.853515625 0.015625 0.01953125
0 0.4328125 0.490234375 0.015625 0.01953125
0 0.453125 0.4765625 0.015625 0.01953125
0 0.4859375 0.48828125 0.015625 0.01953125
0 0.5609375 0.333984375 0.015625 0.01953125
0 0.5515625 0.353515625 0.015625 0.01953125
0 0.365625 0.08984375 0.015625 0.01953125
0 0.4203125 0.064453125 0.015625 0.01953125
0 0.403125 0.22265625 0.015625 0.01953125
0 0.390625 0.240234375 0.015625 0.01953125
0 0.615625 0.3359375 0.015625 0.01953125
0 0.6125 0.3125 0.015625 0.01953125
0 0.63125 0.30078125 0.015625 0.01953125
0 0.753125 0.33984375 0.015625 0.01953125
0 0.7703125 0.369140625 0.015625 0.01953125
0 0.8328125 0.333984375 0.015625 0.01953125
0 0.71875 0.53125 0.015625 0.01953125
0 0.75 0.517578125 0.015625 0.01953125
0 0.796875 0.509765625 0.015625 0.01953125
0 0.89375 0.671875 0.015625 0.01953125
0 0.9875 0.6640625 0.015625 0.01953125
0 0.8796875 0.849609375 0.015625 0.01953125
0 0.86875 0.89453125 0.015625 0.01953125
0 0.88125 0.93359375 0.015625 0.01953125
0 0.015625 0.2734375 0.015625 0.01953125
