0 0.096875 0.052734375 0.015625 0.01953125
0 0.0875 0.123046875 0.015625 0.01953125
0 0.059375 0.119140625 0.015625 0.01953125
0 0.0921875 0.169921875 0.015625 0.01953125
0 0.11875 0.15625 0.015625 0.01953125
0 0.18125 0.140625 0.015625 0.01953125
0 0.2 0.1640625 0.015625 0.01953125
0 0.1390625 0.083984375 0.015625 0.01953125
0 0.371875 0.103515625 0.015625 0.01953125
0 0.421875 0.076171875 0.015625 0.01953125
0 0.5578125 0.07421875 0.015625 0.01953125
0 0.6421875 0.072265625 0.015625 0.01953125
0 0.6109375 0.1328125 0.015625 0.01953125
0 0.45625 0.154296875 0.015625 0.01953125
0 0.446875 0.193359375 0.015625 0.01953125
0 0.409375 0.236328125 0.015625 0.01953125
0 0.39375 0.25390625 0.015625 0.01953125
0 0.490625 0.275390625 0.015625 0.01953125
0 0.5765625 0.341796875 0.015625 0.01953125
0 0.628125 0.318359375 0.015625 0.01953125
0 0.5640625 0.361328125 0.015625 0.01953125
0 0.625 0.337890625 0.015625 0.01953125
0 0.6515625 0.306640625 0.015625 0.01953125
0 0.7640625 0.34765625 0.015625 0.01953125
0 0.7765625 0.376953125 0.015625 0.01953125
0 0.8421875 0.33203125 0.015625 0.01953125
0 0.8296875 0.765625 0.015625 0.01953125
0 0.8015625 0.501953125 0.015625 0.01953125
0 0.7609375 0.525390625 0.015625 0.01953125
0 0.5875 0.447265625 0.015625 0.01953125
0 0.45 0.48046875 0.015625 0.01953125
0 0.434375 0.49609375 0.015625 0.01953125
0 0.74375 0.705078125 0.015625 0.01953125
0 0.896875 0.671875 0.015625 0.01953125
0 0.996875 0.677734375 0.015625 0.01953125
0 0.8828125 0.853515625 0.015625 0.01953125
0 0.89375 0.873046875 0.015625 0.01953125
0 0.8609375 0.900390625 0.015625 0.01953125
0 0.8734375 0.9375 0.015625 0.01953125
0 0.5265625 0.84375 0.015625 0.01953125
0 0.465625 0.8984375 0.015625 0.01953125
0 0.3890625 0.91015625 0.015625 0.01953125
0 0.4203125 0.8125 0.015625 0.01953125
0 0.446875 0.744140625 0.015625 0.01953125
0 0.403125 0.74609375 0.015625 0.01953125
0 0.15625 0.8359375 0.015625 0.01953125
0 0.15 0.869140625 0.015625 0.01953125
0 0.05625 0.765625 0.015625 0.01953125
0 0.0640625 0.681640625 0.015625 0.01953125
0 0.075 0.60546875 0.015625 0.01953125
0 0.253125 0.685546875 0.015625 0.01953125
0 0.2671875 0.66796875 0.015625 0.01953125
0 0.2328125 0.6640625 0.015625 0.01953125
0 0.2109375 0.607421875 0.015625 0.01953125
0 0.2046875 0.71875 0.015625 0.01953125
0 0.059375 0.548828125 0.015625 0.01953125
0 0.08125 0.482421875 0.015625 0.01953125
0 0.1125 0.44921875 0.015625 0.01953125
0 0.1015625 0.49609375 0.015625 0.01953125
0 0.128125 0.49609375 0.015625 0.01953125
0 0.1734375 0.494140625 0.015625 0.01953125
0 0.15 0.69921875 0.015625 0.01953125
0 0.171875 0.583984375 0.015625 0.01953125
0 0.0171875 0.27734375 0.015625 0.01953125
