0 0.0703125 0.462890625 0.015625 0.01953125
0 0.109375 0.455078125 0.015625 0.01953125
0 0.0828125 0.443359375 0.015625 0.01953125
0 0.778125 0.685546875 0.015625 0.01953125
0 0.6375 0.650390625 0.015625 0.01953125
0 0.6734375 0.64453125 0.015625 0.01953125
0 0.61875 0.681640625 0.015625 0.01953125
0 0.7203125 0.67578125 0.015625 0.01953125
0 0.9109375 0.736328125 0.015625 0.01953125
0 0.9078125 0.578125 0.015625 0.01953125
0 0.6890625 0.546875 0.015625 0.01953125
0 0.5765625 0.517578125 0.015625 0.01953125
0 0.41875 0.498046875 0.015625 0.01953125
0 0.3390625 0.43359375 0.015625 0.01953125
0 0.3875 0.400390625 0.015625 0.01953125
0 0.38125 0.423828125 0.015625 0.01953125
0 0.4125 0.376953125 0.015625 0.01953125
0 0.4140625 0.35546875 0.015625 0.01953125
0 0.425 0.33203125 0.015625 0.01953125
0 0.5765625 0.392578125 0.015625 0.01953125
0 0.56875 0.3515625 0.015625 0.01953125
0 0.6421875 0.328125 0.015625 0.01953125
0 0.8453125 0.28515625 0.015625 0.01953125
0 0.86875 0.314453125 0.015625 0.01953125
0 0.884375 0.330078125 0.015625 0.01953125
0 0.9546875 0.11328125 0.015625 0.01953125
0 0.0171875 0.7265625 0.015625 0.01953125
0 0.0859375 0.70703125 0.015625 0.01953125
0 0.0734375 0.806640625 0.015625 0.01953125
0 0.115625 0.64453125 0.015625 0.01953125
0 0.0921875 0.837890625 0.015625 0.01953125
0 0.3765625 0.67578125 0.015625 0.01953125
0 0.553125 0.7734375 0.015625 0.01953125
0 0.4890625 0.787109375 0.015625 0.01953125
0 0.5171875 0.83203125 0.015625 0.01953125
0 0.496875 0.857421875 0.015625 0.01953125
0 0.490625 0.87890625 0.015625 0.01953125
0 0.63125 0.90234375 0.015625 0.01953125
0 0.6296875 0.92578125 0.015625 0.01953125
0 0.615625 0.947265625 0.015625 0.01953125
0 0.6921875 0.8828125 0.015625 0.01953125
0 0.2890625 0.05078125 0.015625 0.01953125
0 0.215625 0.02734375 0.015625 0.01953125
0 0.228125 0.10546875 0.015625 0.01953125
0 0.153125 0.146484375 0.015625 0.01953125
0 0.20625 0.197265625 0.015625 0.01953125
0 0.1875 0.216796875 0.015625 0.01953125
0 0.2296875 0.26953125 0.015625 0.01953125
0 0.2796875 0.35546875 0.015625 0.01953125
0 0.1328125 0.291015625 0.015625 0.01953125
0 0.121875 0.30859375 0.015625 0.01953125
0 0.8703125 0.220703125 0.015625 0.01953125
0 0.415625 0.751953125 0.015625 0.01953125
0 0.9078125 0.828125 0.015625 0.01953125
0 0.825 0.69921875 0.015625 0.01953125
0 0.846875 0.708984375 0.015625 0.01953125
0 0.9890625 0.990234375 0.015625 0.01953125
