0 0.865625 0.205078125 0.015625 0.01953125
0 0.203125 0.017578125 0.015625 0.01953125
0 0.215625 0.09375 0.015625 0.01953125
0 0.2796875 0.044921875 0.015625 0.01953125
0 0.146875 0.14453125 0.015625 0.01953125
0 0.1984375 0.193359375 0.015625 0.01953125
0 0.1796875 0.212890625 0.015625 0.01953125
0 0.2328125 0.275390625 0.015625 0.01953125
0 0.1171875 0.296875 0.015625 0.01953125
0 0.128125 0.28125 0.015625 0.01953125
0 0.2796875 0.357421875 0.015625 0.01953125
0 0.3390625 0.427734375 0.015625 0.01953125
0 0.3875 0.396484375 0.015625 0.01953125
0 0.3828125 0.41796875 0.015625 0.01953125
0 0.4140625 0.369140625 0.015625 0.01953125
0 0.4140625 0.34765625 0.015625 0.01953125
0 0.425 0.328125 0.015625 0.01953125
0 0.5734375 0.3828125 0.015625 0.01953125
0 0.56875 0.34765625 0.015625 0.01953125
0 0.8484375 0.267578125 0.015625 0.01953125
0 0.8671875 0.296875 0.015625 0.01953125
0 0.8796875 0.31640625 0.015625 0.01953125
0 0.946875 0.09765625 0.015625 0.01953125
0 0.640625 0.322265625 0.015625 0.01953125
0 0.059375 0.453125 0.015625 0.01953125
0 0.0953125 0.447265625 0.015625 0.01953125
0 0.0734375 0.443359375 0.015625 0.01953125
0 0.0484375 0.42578125 0.015625 0.01953125
0 0.0765625 0.421875 0.015625 0.01953125
0 0.3640625 0.66796875 0.015625 0.01953125
0 0.628125 0.642578125 0.015625 0.01953125
0 0.653125 0.6484375 0.015625 0.01953125
0 0.709375 0.666015625 0.015625 0.01953125
0 0.840625 0.7109375 0.015625 0.01953125
0 0.9 0.728515625 0.015625 0.01953125
0 0.6796875 0.5390625 0.015625 0.01953125
0 0.5765625 0.509765625 0.015625 0.01953125
0 0.99375 0.591796875 0.015625 0.01953125
0 0.684375 0.87109375 0.015625 0.01953125
0 0.5390625 0.751953125 0.015625 0.01953125
0 0.465625 0.78515625 0.015625 0.01953125
0 0.490625 0.845703125 0.015625 0.01953125
0 0.5078125 0.822265625 0.015625 0.01953125
0 0.4796875 0.865234375 0.015625 0.01953125
0 0.4890625 0.88671875 0.015625 0.01953125
0 0.6203125 0.89453125 0.015625 0.01953125
0 0.6078125 0.9140625 0.015625 0.01953125
0 0.5984375 0.935546875 0.015625 0.01953125
0 0.403125 0.748046875 0.015625 0.01953125
0 0.975 0.888671875 0.015625 0.01953125
0 0.89375 0.81640625 0.015625 0.01953125
0 0.9875 0.966796875 0.015625 0.01953125
0 0.0796875 0.826171875 0.015625 0.01953125
0 0.0671875 0.697265625 0.015625 0.01953125
0 0.0796875 0.60546875 0.015625 0.01953125
0 0.0109375 0.705078125 0.015625 0.01953125
0 0.0640625 0.796875 0.015625 0.01953125
0 0.896875 0.568359375 0.015625 0.01953125
0 0.6078125 0.669921875 0.015625 0.01953125
0 0.403125 0.49609375 0.015625 0.01953125
0 0.321875 0.49609375 0.015625 0.01953125
0 0.303125 0.5 0.015625 0.01953125
