0 0.625 0.6796875 0.015625 0.01953125
0 0.63125 0.6484375 0.015625 0.01953125
0 0.6625 0.65234375 0.015625 0.01953125
0 0.7609375 0.677734375 0.015625 0.01953125
0 0.8390625 0.71875 0.015625 0.01953125
0 0.9 0.7421875 0.015625 0.01953125
0 0.8234375 0.697265625 0.015625 0.01953125
0 0.90625 0.580078125 0.015625 0.01953125
0 0.9859375 0.9609375 0.015625 0.01953125
0 0.890625 0.826171875 0.015625 0.01953125
0 0.684375 0.873046875 0.015625 0.01953125
0 0.6125 0.8984375 0.015625 0.01953125
0 0.603125 0.935546875 0.015625 0.01953125
0 0.6203125 0.9140625 0.015625 0.01953125
0 0.6875 0.544921875 0.015625 0.01953125
0 0.5390625 0.736328125 0.015625 0.01953125
0 0.371875 0.666015625 0.015625 0.01953125
0 0.4515625 0.791015625 0.015625 0.01953125
0 0.403125 0.751953125 0.015625 0.01953125
0 0.5125 0.833984375 0.015625 0.01953125
0 0.4796875 0.89453125 0.015625 0.01953125
0 0.0796875 0.82421875 0.015625 0.01953125
0 0.0671875 0.787109375 0.015625 0.01953125
0 0.09375 0.806640625 0.015625 0.01953125
0 0.0140625 0.705078125 0.015625 0.01953125
0 0.0484375 0.677734375 0.015625 0.01953125
0 0.046875 0.5859375 0.015625 0.01953125
0 0.071875 0.443359375 0.015625 0.01953125
0 0.090625 0.435546875 0.015625 0.01953125
0 0.1125 0.443359375 0.015625 0.01953125
0 0.365625 0.42578125 0.015625 0.01953125
0 0.4234375 0.404296875 0.015625 0.01953125
0 0.6078125 0.38671875 0.015625 0.01953125
0 0.5984375 0.34765625 0.015625 0.01953125
0 0.675 0.32421875 0.015625 0.01953125
0 0.88125 0.279296875 0.015625 0.01953125
0 0.896875 0.30078125 0.015625 0.01953125
0 0.90625 0.32421875 0.015625 0.01953125
0 0.89375 0.33203125 0.015625 0.01953125
0 0.9609375 0.119140625 0.015625 0.01953125
0 0.453125 0.333984375 0.015625 0.01953125
0 0.4453125 0.3515625 0.015625 0.01953125
0 0.440625 0.375 0.015625 0.01953125
0 0.3125 0.365234375 0.015625 0.01953125
0 0.15625 0.29296875 0.015625 0.01953125
0 0.1421875 0.306640625 0.015625 0.01953125
0 0.2671875 0.275390625 0.015625 0.01953125
0 0.2078125 0.21484375 0.015625 0.01953125
0 0.2359375 0.205078125 0.015625 0.01953125
0 0.23125 0.091796875 0.015625 0.01953125
0 0.2984375 0.052734375 0.015625 0.01953125
0 0.228125 0.01171875 0.015625 0.01953125
0 0.178125 0.15234375 0.015625 0.01953125
0 0.8953125 0.20703125 0.015625 0.01953125
0 0.40625 0.498046875 0.015625 0.01953125
0 0.3296875 0.498046875 0.015625 0.01953125
0 0.3125 0.498046875 0.015625 0.01953125
0 0.9953125 0.59375 0.015625 0.01953125
0 0.51875 0.578125 0.015625 0.01953125
0 0.503125 0.8671875 0.015625 0.01953125
0 0.425 0.4296875 0.015625 0.01953125
