0 0.221875 0.017578125 0.015625 0.01953125
0 0.3015625 0.064453125 0.015625 0.01953125
0 0.228125 0.09765625 0.015625 0.01953125
0 0.1828125 0.166015625 0.015625 0.01953125
0 0.2171875 0.236328125 0.015625 0.01953125
0 0.2546875 0.2265625 0.015625 0.01953125
0 0.28125 0.294921875 0.015625 0.01953125
0 0.3265625 0.37890625 0.015625 0.01953125
0 0.1515625 0.3125 0.015625 0.01953125
0 0.3796875 0.42578125 0.015625 0.01953125
0 0.440625 0.421875 0.015625 0.01953125
0 0.4625 0.359375 0.015625 0.01953125
0 0.46875 0.34375 0.015625 0.01953125
0 0.459375 0.375 0.015625 0.01953125
0 0.6171875 0.39453125 0.015625 0.01953125
0 0.684375 0.333984375 0.015625 0.01953125
0 0.61875 0.361328125 0.015625 0.01953125
0 0.890625 0.28125 0.015625 0.01953125
0 0.9046875 0.310546875 0.015625 0.01953125
0 0.9203125 0.326171875 0.015625 0.01953125
0 0.9640625 0.119140625 0.015625 0.01953125
0 0.0390625 0.591796875 0.015625 0.01953125
0 0.03125 0.677734375 0.015625 0.01953125
0 0.01875 0.712890625 0.015625 0.01953125
0 0.0671875 0.794921875 0.015625 0.01953125
0 0.075 0.81640625 0.015625 0.01953125
0 0.3734375 0.671875 0.015625 0.01953125
0 0.5375 0.734375 0.015625 0.01953125
0 0.403125 0.7734375 0.015625 0.01953125
0 0.4515625 0.80078125 0.015625 0.01953125
0 0.4703125 0.904296875 0.015625 0.01953125
0 0.6921875 0.884765625 0.015625 0.01953125
0 0.5140625 0.845703125 0.015625 0.01953125
0 0.6203125 0.912109375 0.015625 0.01953125
0 0.6078125 0.9453125 0.015625 0.01953125
0 0.6296875 0.681640625 0.015625 0.01953125
0 0.715625 0.6796875 0.015625 0.01953125
0 0.690625 0.55078125 0.015625 0.01953125
0 0.890625 0.591796875 0.015625 0.01953125
0 0.7625 0.68359375 0.015625 0.01953125
0 0.646875 0.615234375 0.015625 0.01953125
0 0.775 0.6640625 0.015625 0.01953125
0 0.6375 0.654296875 0.015625 0.01953125
0 0.653125 0.638671875 0.015625 0.01953125
0 0.1125 0.4453125 0.015625 0.01953125
0 0.075 0.44921875 0.015625 0.01953125
0 0.084375 0.42578125 0.015625 0.01953125
0 0.896875 0.83203125 0.015625 0.01953125
0 0.90625 0.74609375 0.015625 0.01953125
0 0.8375 0.7265625 0.015625 0.01953125
0 0.9875 0.96484375 0.015625 0.01953125
0 0.5390625 0.552734375 0.015625 0.01953125
0 0.4078125 0.50390625 0.015625 0.01953125
0 0.528125 0.57421875 0.015625 0.01953125
0 0.1640625 0.30078125 0.015625 0.01953125
0 0.6328125 0.515625 0.015625 0.01953125
0 0.55625 0.896484375 0.015625 0.01953125
