0 0.2296875 0.015625 0.015625 0.01953125
0 0.2359375 0.099609375 0.015625 0.01953125
0 0.3046875 0.06640625 0.015625 0.01953125
0 0.19375 0.173828125 0.015625 0.01953125
0 0.234375 0.23828125 0.015625 0.01953125
0 0.1625 0.326171875 0.015625 0.01953125
0 0.275 0.2421875 0.015625 0.01953125
0 0.296875 0.306640625 0.015625 0.01953125
0 0.1734375 0.30859375 0.015625 0.01953125
0 0.3390625 0.38671875 0.015625 0.01953125
0 0.39375 0.443359375 0.015625 0.01953125
0 0.459375 0.423828125 0.015625 0.01953125
0 0.4828125 0.337890625 0.015625 0.01953125
0 0.478125 0.361328125 0.015625 0.01953125
0 0.4734375 0.384765625 0.015625 0.01953125
0 0.6296875 0.357421875 0.015625 0.01953125
0 0.640625 0.39453125 0.015625 0.01953125
0 0.4515625 0.451171875 0.015625 0.01953125
0 0.703125 0.33203125 0.015625 0.01953125
0 0.909375 0.28125 0.015625 0.01953125
0 0.965625 0.12890625 0.015625 0.01953125
0 0.9109375 0.30859375 0.015625 0.01953125
0 0.9265625 0.322265625 0.015625 0.01953125
0 0.4078125 0.50390625 0.015625 0.01953125
0 0.690625 0.5625 0.015625 0.01953125
0 0.646875 0.51953125 0.015625 0.01953125
0 0.6390625 0.6875 0.015625 0.01953125
0 0.6421875 0.662109375 0.015625 0.01953125
0 0.6296875 0.638671875 0.015625 0.01953125
0 0.7625 0.69140625 0.015625 0.01953125
0 0.715625 0.689453125 0.015625 0.01953125
0 0.84375 0.732421875 0.015625 0.01953125
0 0.9125 0.75390625 0.015625 0.01953125
0 0.825 0.7109375 0.015625 0.01953125
0 0.3765625 0.677734375 0.015625 0.01953125
0 0.534375 0.736328125 0.015625 0.01953125
0 0.3984375 0.779296875 0.015625 0.01953125
0 0.4078125 0.830078125 0.015625 0.01953125
0 0.5109375 0.85546875 0.015625 0.01953125
0 0.46875 0.916015625 0.015625 0.01953125
0 0.625 0.927734375 0.015625 0.01953125
0 0.6953125 0.88671875 0.015625 0.01953125
0 0.9015625 0.8359375 0.015625 0.01953125
0 0.9890625 0.966796875 0.015625 0.01953125
0 0.0859375 0.787109375 0.015625 0.01953125
0 0.0671875 0.79296875 0.015625 0.01953125
0 0.0234375 0.71484375 0.015625 0.01953125
0 0.03125 0.67578125 0.015625 0.01953125
0 0.03125 0.59375 0.015625 0.01953125
0 0.0703125 0.453125 0.015625 0.01953125
0 0.1140625 0.455078125 0.015625 0.01953125
0 0.0875 0.44140625 0.015625 0.01953125
0 0.6078125 0.94921875 0.015625 0.01953125
0 0.9203125 0.2109375 0.015625 0.01953125
0 0.559375 0.896484375 0.015625 0.01953125
0 0.909375 0.587890625 0.015625 0.01953125
