0 0.2453125 0.021484375 0.015625 0.01953125
0 0.2375 0.099609375 0.015625 0.01953125
0 0.30625 0.076171875 0.015625 0.01953125
0 0.209375 0.18359375 0.015625 0.01953125
0 0.2515625 0.25390625 0.015625 0.01953125
0 0.29375 0.25 0.015625 0.01953125
0 0.1859375 0.3203125 0.015625 0.01953125
0 0.3125 0.3125 0.015625 0.01953125
0 0.359375 0.40234375 0.015625 0.01953125
0 0.409375 0.447265625 0.015625 0.01953125
0 0.4765625 0.4296875 0.015625 0.01953125
0 0.490625 0.37109375 0.015625 0.01953125
0 0.6484375 0.369140625 0.015625 0.01953125
0 0.65625 0.400390625 0.015625 0.01953125
0 0.7203125 0.333984375 0.015625 0.01953125
0 0.4953125 0.392578125 0.015625 0.01953125
0 0.178125 0.33984375 0.015625 0.01953125
0 0.925 0.28125 0.015625 0.01953125
0 0.9375 0.314453125 0.015625 0.01953125
0 0.953125 0.326171875 0.015625 0.01953125
0 0.9328125 0.2109375 0.015625 0.01953125
0 0.975 0.125 0.015625 0.01953125
0 0.5 0.353515625 0.015625 0.01953125
0 0.6984375 0.55859375 0.015625 0.01953125
0 0.6703125 0.5234375 0.015625 0.01953125
0 0.41875 0.51171875 0.015625 0.01953125
0 0.915625 0.591796875 0.015625 0.01953125
0 0.6515625 0.69140625 0.015625 0.01953125
0 0.6796875 0.66015625 0.015625 0.01953125
0 0.65 0.658203125 0.015625 0.01953125
0 0.778125 0.69140625 0.015625 0.01953125
0 0.3875 0.681640625 0.015625 0.01953125
0 0.0859375 0.45703125 0.015625 0.01953125
0 0.1015625 0.4453125 0.015625 0.01953125
0 0.128125 0.458984375 0.015625 0.01953125
0 0.0390625 0.59375 0.015625 0.01953125
0 0.0375 0.67578125 0.015625 0.01953125
0 0.0328125 0.720703125 0.015625 0.01953125
0 0.075 0.76171875 0.015625 0.01953125
0 0.09375 0.74609375 0.015625 0.01953125
0 0.3921875 0.796875 0.015625 0.01953125
0 0.5109375 0.857421875 0.015625 0.01953125
0 0.4640625 0.9296875 0.015625 0.01953125
0 0.634375 0.94140625 0.015625 0.01953125
0 0.6140625 0.953125 0.015625 0.01953125
0 0.7046875 0.89453125 0.015625 0.01953125
0 0.909375 0.83984375 0.015625 0.01953125
0 0.840625 0.73828125 0.015625 0.01953125
0 0.859375 0.71875 0.015625 0.01953125
0 0.8359375 0.71484375 0.015625 0.01953125
0 0.7328125 0.69140625 0.015625 0.01953125
0 0.525 0.734375 0.015625 0.01953125
0 0.6140625 0.892578125 0.015625 0.01953125
0 0.9171875 0.759765625 0.015625 0.01953125
0 0.3421875 0.515625 0.015625 0.01953125
0 0.4828125 0.44921875 0.015625 0.01953125
0 0.5671875 0.892578125 0.015625 0.01953125
