0 0.30625 0.080078125 0.015625 0.01953125
0 0.253125 0.0234375 0.015625 0.01953125
0 0.2375 0.09375 0.015625 0.01953125
0 0.209375 0.193359375 0.015625 0.01953125
0 0.2546875 0.259765625 0.015625 0.01953125
0 0.3046875 0.26171875 0.015625 0.01953125
0 0.190625 0.328125 0.015625 0.01953125
0 0.1828125 0.34375 0.015625 0.01953125
0 0.3234375 0.322265625 0.015625 0.01953125
0 0.3734375 0.40625 0.015625 0.01953125
0 0.415625 0.451171875 0.015625 0.01953125
0 0.490625 0.435546875 0.015625 0.01953125
0 0.490625 0.462890625 0.015625 0.01953125
0 0.5 0.390625 0.015625 0.01953125
0 0.5 0.369140625 0.015625 0.01953125
0 0.515625 0.353515625 0.015625 0.01953125
0 0.665625 0.404296875 0.015625 0.01953125
0 0.6609375 0.369140625 0.015625 0.01953125
0 0.73125 0.337890625 0.015625 0.01953125
0 0.9375 0.2734375 0.015625 0.01953125
0 0.9421875 0.30859375 0.015625 0.01953125
0 0.975 0.126953125 0.015625 0.01953125
0 0.9453125 0.20703125 0.015625 0.01953125
0 0.9578125 0.32421875 0.015625 0.01953125
0 0.9046875 0.599609375 0.015625 0.01953125
0 0.6984375 0.568359375 0.015625 0.01953125
0 0.409375 0.513671875 0.015625 0.01953125
0 0.1203125 0.458984375 0.015625 0.01953125
0 0.084375 0.4609375 0.015625 0.01953125
0 0.103125 0.443359375 0.015625 0.01953125
0 0.3875 0.685546875 0.015625 0.01953125
0 0.3921875 0.798828125 0.015625 0.01953125
0 0.5203125 0.740234375 0.015625 0.01953125
0 0.459375 0.93359375 0.015625 0.01953125
0 0.640625 0.947265625 0.015625 0.01953125
0 0.6171875 0.953125 0.015625 0.01953125
0 0.909375 0.845703125 0.015625 0.01953125
0 0.9203125 0.763671875 0.015625 0.01953125
0 0.859375 0.72265625 0.015625 0.01953125
0 0.8390625 0.712890625 0.015625 0.01953125
0 0.7328125 0.69140625 0.015625 0.01953125
0 0.678125 0.666015625 0.015625 0.01953125
0 0.653125 0.6640625 0.015625 0.01953125
0 0.840625 0.73828125 0.015625 0.01953125
0 0.059375 0.73046875 0.015625 0.01953125
0 0.0765625 0.71484375 0.015625 0.01953125
0 0.0171875 0.7109375 0.015625 0.01953125
0 0.0421875 0.677734375 0.015625 0.01953125
0 0.04375 0.595703125 0.015625 0.01953125
0 0.3421875 0.513671875 0.015625 0.01953125
0 0.775 0.693359375 0.015625 0.01953125
0 0.6171875 0.892578125 0.015625 0.01953125
0 0.7 0.89453125 0.015625 0.01953125
0 0.5078125 0.865234375 0.015625 0.01953125
0 0.4375 0.826171875 0.015625 0.01953125
0 0.03125 0.71875 0.015625 0.01953125
0 0.6515625 0.6953125 0.015625 0.01953125
0 0.6390625 0.64453125 0.015625 0.01953125
0 0.6640625 0.64453125 0.015625 0.01953125
