0 0.4703125 0.37109375 0.015625 0.01953125
0 0.46875 0.40234375 0.015625 0.01953125
0 0.5375 0.330078125 0.015625 0.01953125
0 0.759375 0.30078125 0.015625 0.01953125
0 0.7359375 0.28125 0.015625 0.01953125
0 0.7375 0.240234375 0.015625 0.01953125
0 0.915625 0.099609375 0.015625 0.01953125
0 0.7109375 0.13671875 0.015625 0.01953125
0 0.73125 0.171875 0.015625 0.01953125
0 0.3109375 0.376953125 0.015625 0.01953125
0 0.303125 0.41015625 0.015625 0.01953125
0 0.3125 0.44921875 0.015625 0.01953125
0 0.309375 0.4765625 0.015625 0.01953125
0 0.209375 0.4765625 0.015625 0.01953125
0 0.178125 0.44921875 0.015625 0.01953125
0 0.1359375 0.37109375 0.015625 0.01953125
0 0.1234375 0.3203125 0.015625 0.01953125
0 0.0359375 0.302734375 0.015625 0.01953125
0 0.0359375 0.10546875 0.015625 0.01953125
0 0.0046875 0.044921875 0.015625 0.01953125
0 0.1453125 0.517578125 0.015625 0.01953125
0 0.1109375 0.693359375 0.015625 0.01953125
0 0.1921875 0.8203125 0.015625 0.01953125
0 0.0265625 0.525390625 0.015625 0.01953125
0 0.3734375 0.703125 0.015625 0.01953125
0 0.3765625 0.671875 0.015625 0.01953125
0 0.3984375 0.6796875 0.015625 0.01953125
0 0.4953125 0.703125 0.015625 0.01953125
0 0.4546875 0.701171875 0.015625 0.01953125
0 0.5390625 0.71875 0.015625 0.01953125
0 0.5765625 0.720703125 0.015625 0.01953125
0 0.65 0.76171875 0.015625 0.01953125
0 0.7078125 0.919921875 0.015625 0.01953125
0 0.63125 0.8828125 0.015625 0.01953125
0 0.7984375 0.814453125 0.015625 0.01953125
0 0.6484375 0.607421875 0.015625 0.01953125
0 0.3859375 0.654296875 0.015625 0.01953125
0 0.36875 0.65234375 0.015625 0.01953125
0 0.346875 0.64453125 0.015625 0.01953125
0 0.4265625 0.5703125 0.015625 0.01953125
0 0.4984375 0.529296875 0.015625 0.01953125
0 0.4984375 0.673828125 0.015625 0.01953125
0 0.565625 0.740234375 0.015625 0.01953125
0 0.2140625 0.822265625 0.015625 0.01953125
0 0.1640625 0.96875 0.015625 0.01953125
0 0.171875 0.9921875 0.015625 0.01953125
0 0.340625 0.962890625 0.015625 0.01953125
0 0.384375 0.880859375 0.015625 0.01953125
0 0.425 0.984375 0.015625 0.01953125
0 0.7375 0.64453125 0.015625 0.01953125
0 0.8015625 0.654296875 0.015625 0.01953125
0 0.8734375 0.568359375 0.015625 0.01953125
0 0.1984375 0.806640625 0.015625 0.01953125
0 0.3875 0.91015625 0.015625 0.01953125
0 0.3921875 0.94140625 0.015625 0.01953125
0 0.18125 0.583984375 0.015625 0.01953125
0 0.1171875 0.857421875 0.015625 0.01953125
