0 0.075 0.900390625 0.015625 0.01953125
0 0.1921875 0.93359375 0.015625 0.01953125
0 0.359375 0.861328125 0.015625 0.01953125
0 0.409375 0.908203125 0.015625 0.01953125
0 0.3984375 0.93359375 0.015625 0.01953125
0 0.5453125 0.818359375 0.015625 0.01953125
0 0.3125 0.728515625 0.015625 0.01953125
0 0.21875 0.65234375 0.015625 0.01953125
0 0.1390625 0.63671875 0.015625 0.01953125
0 0.165625 0.62109375 0.015625 0.01953125
0 0.2 0.5234375 0.015625 0.01953125
0 0.4140625 0.462890625 0.015625 0.01953125
0 0.4890625 0.66015625 0.015625 0.01953125
0 0.5578125 0.65625 0.015625 0.01953125
0 0.571875 0.69921875 0.015625 0.01953125
0 0.1203125 0.798828125 0.015625 0.01953125
0 0.3921875 0.755859375 0.015625 0.01953125
0 0.4140625 0.74609375 0.015625 0.01953125
0 0.1421875 0.619140625 0.015625 0.01953125
0 0.090625 0.41015625 0.015625 0.01953125
0 0.0984375 0.388671875 0.015625 0.01953125
0 0.0625 0.322265625 0.015625 0.01953125
0 0.0796875 0.275390625 0.015625 0.01953125
0 0.2140625 0.353515625 0.015625 0.01953125
0 0.2203125 0.333984375 0.015625 0.01953125
0 0.2328125 0.314453125 0.015625 0.01953125
0 0.246875 0.396484375 0.015625 0.01953125
0 0.2421875 0.421875 0.015625 0.01953125
0 0.384375 0.34765625 0.015625 0.01953125
0 0.3875 0.322265625 0.015625 0.01953125
0 0.6625 0.23828125 0.015625 0.01953125
0 0.6296875 0.216796875 0.015625 0.01953125
0 0.5265625 0.126953125 0.015625 0.01953125
0 0.640625 0.095703125 0.015625 0.01953125
0 0.6625 0.1796875 0.015625 0.01953125
0 0.834375 0.025390625 0.015625 0.01953125
0 0.44375 0.265625 0.015625 0.01953125
0 0.153125 0.595703125 0.015625 0.01953125
0 0.134375 0.591796875 0.015625 0.01953125
0 0.2578125 0.666015625 0.015625 0.01953125
0 0.2796875 0.671875 0.015625 0.01953125
0 0.3171875 0.69140625 0.015625 0.01953125
0 0.3421875 0.69921875 0.015625 0.01953125
0 0.2921875 0.685546875 0.015625 0.01953125
