0 0.4875 0.638671875 0.015625 0.01953125
0 0.41875 0.638671875 0.015625 0.01953125
0 0.4734375 0.80078125 0.015625 0.01953125
0 0.325 0.9140625 0.015625 0.01953125
0 0.3984375 0.994140625 0.015625 0.01953125
0 0.278125 0.837890625 0.015625 0.01953125
0 0.0984375 0.912109375 0.015625 0.01953125
0 0.0046875 0.86328125 0.015625 0.01953125
0 0.0359375 0.765625 0.015625 0.01953125
0 0.1375 0.6328125 0.015625 0.01953125
0 0.2375 0.705078125 0.015625 0.01953125
0 0.246875 0.685546875 0.015625 0.01953125
0 0.246875 0.66796875 0.015625 0.01953125
0 0.26875 0.6796875 0.015625 0.01953125
0 0.328125 0.578125 0.015625 0.01953125
0 0.3640625 0.435546875 0.015625 0.01953125
0 0.2125 0.666015625 0.015625 0.01953125
0 0.0546875 0.611328125 0.015625 0.01953125
0 0.075 0.623046875 0.015625 0.01953125
0 0.090625 0.6015625 0.015625 0.01953125
0 0.05625 0.57421875 0.015625 0.01953125
0 0.078125 0.5703125 0.015625 0.01953125
0 0.0953125 0.578125 0.015625 0.01953125
0 0.040625 0.39453125 0.015625 0.01953125
0 0.046875 0.37109375 0.015625 0.01953125
0 0.1234375 0.4921875 0.015625 0.01953125
0 0.196875 0.375 0.015625 0.01953125
0 0.334375 0.32421875 0.015625 0.01953125
0 0.1984375 0.400390625 0.015625 0.01953125
0 0.3390625 0.291015625 0.015625 0.01953125
0 0.396875 0.234375 0.015625 0.01953125
0 0.603125 0.19921875 0.015625 0.01953125
0 0.578125 0.1796875 0.015625 0.01953125
0 0.6078125 0.140625 0.015625 0.01953125
0 0.58125 0.05859375 0.015625 0.01953125
0 0.4515625 0.10546875 0.015625 0.01953125
0 0.1796875 0.30078125 0.015625 0.01953125
0 0.175 0.333984375 0.015625 0.01953125
0 0.015625 0.310546875 0.015625 0.01953125
0 0.0390625 0.271484375 0.015625 0.01953125
0 0.31875 0.732421875 0.015625 0.01953125
0 0.3359375 0.7265625 0.015625 0.01953125
0 0.4421875 0.73828125 0.015625 0.01953125
0 0.1078125 0.8984375 0.015625 0.01953125
0 0.01875 0.52734375 0.015625 0.01953125
0 0.0046875 0.55078125 0.015625 0.01953125
0 0.1703125 0.3125 0.015625 0.01953125
0 0.184375 0.646484375 0.015625 0.01953125
0 0.1921875 0.625 0.015625 0.01953125
0 0.025 0.779296875 0.015625 0.01953125
