0 0.5015625 0.396484375 0.015625 0.01953125
0 0.484375 0.45703125 0.015625 0.01953125
0 0.4625 0.45703125 0.015625 0.01953125
0 0.365625 0.64453125 0.015625 0.01953125
0 0.3125 0.681640625 0.015625 0.01953125
0 0.3 0.6171875 0.015625 0.01953125
0 0.246875 0.677734375 0.015625 0.01953125
0 0.3921875 0.748046875 0.015625 0.01953125
0 0.2515625 0.798828125 0.015625 0.01953125
0 0.15625 0.765625 0.015625 0.01953125
0 0.15625 0.783203125 0.015625 0.01953125
0 0.1625 0.80078125 0.015625 0.01953125
0 0.1328125 0.630859375 0.015625 0.01953125
0 0.2421875 0.091796875 0.015625 0.01953125
0 0.2578125 0.103515625 0.015625 0.01953125
0 0.2484375 0.029296875 0.015625 0.01953125
0 0.384375 0.126953125 0.015625 0.01953125
0 0.3921875 0.16015625 0.015625 0.01953125
0 0.3890625 0.1796875 0.015625 0.01953125
0 0.371875 0.154296875 0.015625 0.01953125
0 0.5890625 0.056640625 0.015625 0.01953125
0 0.5546875 0.03125 0.015625 0.01953125
0 0.78125 0.3828125 0.015625 0.01953125
0 0.7546875 0.380859375 0.015625 0.01953125
0 0.753125 0.40625 0.015625 0.01953125
0 0.7921875 0.40625 0.015625 0.01953125
0 0.7921875 0.431640625 0.015625 0.01953125
0 0.771875 0.419921875 0.015625 0.01953125
0 0.775 0.408203125 0.015625 0.01953125
0 0.765625 0.392578125 0.015625 0.01953125
0 0.765625 0.439453125 0.015625 0.01953125
0 0.7484375 0.443359375 0.015625 0.01953125
0 0.74375 0.46875 0.015625 0.01953125
0 0.7578125 0.474609375 0.015625 0.01953125
0 0.7390625 0.50390625 0.015625 0.01953125
0 0.753125 0.50390625 0.015625 0.01953125
0 0.85625 0.408203125 0.015625 0.01953125
0 0.853125 0.462890625 0.015625 0.01953125
0 0.775 0.677734375 0.015625 0.01953125
0 0.7578125 0.69921875 0.015625 0.01953125
0 0.74375 0.654296875 0.015625 0.01953125
0 0.7796875 0.53515625 0.015625 0.01953125
0 0.7265625 0.40234375 0.015625 0.01953125
0 0.6734375 0.37109375 0.015625 0.01953125
0 0.6796875 0.45703125 0.015625 0.01953125
0 0.690625 0.4765625 0.015625 0.01953125
0 0.0453125 0.84765625 0.015625 0.01953125
0 0.24375 0.779296875 0.015625 0.01953125
0 0.2640625 0.828125 0.015625 0.01953125
0 0.090625 0.91015625 0.015625 0.01953125
0 0.0046875 0.95703125 0.015625 0.01953125
0 0.4359375 0.294921875 0.015625 0.01953125
0 0.815625 0.685546875 0.015625 0.01953125
0 0.9890625 0.708984375 0.015625 0.01953125
0 0.83125 0.408203125 0.015625 0.01953125
0 0.6703125 0.298828125 0.015625 0.01953125
0 0.5375 0.033203125 0.015625 0.01953125
0 0.740625 0.712890625 0.015625 0.01953125
0 0.828125 0.5703125 0.015625 0.01953125
0 0.96875 0.65234375 0.015625 0.01953125
