0 0.5921875 0.04296875 0.015625 0.01953125
0 0.5546875 0.015625 0.015625 0.01953125
0 0.3828125 0.12890625 0.015625 0.01953125
0 0.3890625 0.158203125 0.015625 0.01953125
0 0.365625 0.15625 0.015625 0.01953125
0 0.390625 0.1796875 0.015625 0.01953125
0 0.5109375 0.380859375 0.015625 0.01953125
0 0.44375 0.28515625 0.015625 0.01953125
0 0.46875 0.443359375 0.015625 0.01953125
0 0.490625 0.4453125 0.015625 0.01953125
0 0.675 0.365234375 0.015625 0.01953125
0 0.6890625 0.458984375 0.015625 0.01953125
0 0.759375 0.3828125 0.015625 0.01953125
0 0.778125 0.37890625 0.015625 0.01953125
0 0.7703125 0.392578125 0.015625 0.01953125
0 0.753125 0.41015625 0.015625 0.01953125
0 0.765625 0.4140625 0.015625 0.01953125
0 0.759375 0.427734375 0.015625 0.01953125
0 0.78125 0.423828125 0.015625 0.01953125
0 0.7921875 0.400390625 0.015625 0.01953125
0 0.7734375 0.443359375 0.015625 0.01953125
0 0.7453125 0.439453125 0.015625 0.01953125
0 0.7375 0.4609375 0.015625 0.01953125
0 0.75625 0.4765625 0.015625 0.01953125
0 0.753125 0.5 0.015625 0.01953125
0 0.734375 0.5 0.015625 0.01953125
0 0.6953125 0.482421875 0.015625 0.01953125
0 0.7265625 0.400390625 0.015625 0.01953125
0 0.7921875 0.361328125 0.015625 0.01953125
0 0.784375 0.52734375 0.015625 0.01953125
0 0.7484375 0.6484375 0.015625 0.01953125
0 0.778125 0.673828125 0.015625 0.01953125
0 0.753125 0.69921875 0.015625 0.01953125
0 0.8125 0.689453125 0.015625 0.01953125
0 0.7640625 0.71875 0.015625 0.01953125
0 0.9703125 0.634765625 0.015625 0.01953125
0 0.83125 0.40234375 0.015625 0.01953125
0 0.3734375 0.63671875 0.015625 0.01953125
0 0.309375 0.603515625 0.015625 0.01953125
0 0.2671875 0.654296875 0.015625 0.01953125
0 0.2546875 0.76171875 0.015625 0.01953125
0 0.16875 0.796875 0.015625 0.01953125
0 0.16875 0.7578125 0.015625 0.01953125
0 0.134375 0.625 0.015625 0.01953125
0 0.1015625 0.91015625 0.015625 0.01953125
0 0.0578125 0.83984375 0.015625 0.01953125
0 0.0078125 0.947265625 0.015625 0.01953125
0 0.2625 0.78515625 0.015625 0.01953125
0 0.3984375 0.73828125 0.015625 0.01953125
0 0.3171875 0.673828125 0.015625 0.01953125
0 0.5390625 0.017578125 0.015625 0.01953125
0 0.6671875 0.296875 0.015625 0.01953125
0 0.7046875 0.548828125 0.015625 0.01953125
