0 0.7609375 0.375 0.015625 0.01953125
0 0.7484375 0.400390625 0.015625 0.01953125
0 0.7828125 0.34765625 0.015625 0.01953125
0 0.796875 0.361328125 0.015625 0.01953125
0 0.7796875 0.375 0.015625 0.01953125
0 0.7890625 0.39453125 0.015625 0.01953125
0 0.79375 0.423828125 0.015625 0.01953125
0 0.7765625 0.416015625 0.015625 0.01953125
0 0.775 0.396484375 0.015625 0.01953125
0 0.7671875 0.3828125 0.015625 0.01953125
0 0.7609375 0.3984375 0.015625 0.01953125
0 0.7625 0.416015625 0.015625 0.01953125
0 0.7453125 0.43359375 0.015625 0.01953125
0 0.7734375 0.4375 0.015625 0.01953125
0 0.740625 0.462890625 0.015625 0.01953125
0 0.7578125 0.470703125 0.015625 0.01953125
0 0.7578125 0.5 0.015625 0.01953125
0 0.7390625 0.49609375 0.015625 0.01953125
0 0.6890625 0.462890625 0.015625 0.01953125
0 0.696875 0.486328125 0.015625 0.01953125
0 0.728125 0.390625 0.015625 0.01953125
0 0.6734375 0.359375 0.015625 0.01953125
0 0.66875 0.294921875 0.015625 0.01953125
0 0.978125 0.681640625 0.015625 0.01953125
0 0.8125 0.69921875 0.015625 0.01953125
0 0.78125 0.669921875 0.015625 0.01953125
0 0.7546875 0.693359375 0.015625 0.01953125
0 0.746875 0.650390625 0.015625 0.01953125
0 0.8671875 0.380859375 0.015625 0.01953125
0 0.85625 0.45703125 0.015625 0.01953125
0 0.390625 0.625 0.015625 0.01953125
0 0.3265625 0.6484375 0.015625 0.01953125
0 0.31875 0.59375 0.015625 0.01953125
0 0.4765625 0.4296875 0.015625 0.01953125
0 0.5 0.4375 0.015625 0.01953125
0 0.5171875 0.357421875 0.015625 0.01953125
0 0.4515625 0.26953125 0.015625 0.01953125
0 0.59375 0.0234375 0.015625 0.01953125
0 0.5546875 0.005859375 0.015625 0.01953125
0 0.3765625 0.126953125 0.015625 0.01953125
0 0.365625 0.15234375 0.015625 0.01953125
0 0.3890625 0.15625 0.015625 0.01953125
0 0.3921875 0.171875 0.015625 0.01953125
0 0.2828125 0.642578125 0.015625 0.01953125
0 0.134375 0.62109375 0.015625 0.01953125
0 0.2640625 0.75390625 0.015625 0.01953125
0 0.275 0.767578125 0.015625 0.01953125
0 0.171875 0.76953125 0.015625 0.01953125
0 0.171875 0.76953125 0.015625 0.01953125
0 0.1734375 0.74609375 0.015625 0.01953125
0 0.0703125 0.83203125 0.015625 0.01953125
0 0.109375 0.8984375 0.015625 0.01953125
0 0.0140625 0.943359375 0.015625 0.01953125
0 0.1828125 0.78515625 0.015625 0.01953125
0 0.753125 0.66796875 0.015625 0.01953125
0 0.965625 0.625 0.015625 0.01953125
0 0.85625 0.40234375 0.015625 0.01953125
