0 0.3828125 0.119140625 0.015625 0.01953125
0 0.371875 0.15234375 0.015625 0.01953125
0 0.3921875 0.15234375 0.015625 0.01953125
0 0.390625 0.171875 0.015625 0.01953125
0 0.4609375 0.26171875 0.015625 0.01953125
0 0.596875 0.005859375 0.015625 0.01953125
0 0.5265625 0.35546875 0.015625 0.01953125
0 0.484375 0.419921875 0.015625 0.01953125
0 0.503125 0.4296875 0.015625 0.01953125
0 0.3984375 0.6171875 0.015625 0.01953125
0 0.334375 0.638671875 0.015625 0.01953125
0 0.303125 0.630859375 0.015625 0.01953125
0 0.3296875 0.583984375 0.015625 0.01953125
0 0.2890625 0.7578125 0.015625 0.01953125
0 0.4140625 0.712890625 0.015625 0.01953125
0 0.1890625 0.77734375 0.015625 0.01953125
0 0.1875 0.75390625 0.015625 0.01953125
0 0.1828125 0.736328125 0.015625 0.01953125
0 0.1359375 0.623046875 0.015625 0.01953125
0 0.078125 0.826171875 0.015625 0.01953125
0 0.1234375 0.892578125 0.015625 0.01953125
0 0.021875 0.94140625 0.015625 0.01953125
0 0.00625 0.966796875 0.015625 0.01953125
0 0.7265625 0.517578125 0.015625 0.01953125
0 0.6921875 0.470703125 0.015625 0.01953125
0 0.6734375 0.361328125 0.015625 0.01953125
0 0.6734375 0.291015625 0.015625 0.01953125
0 0.721875 0.396484375 0.015625 0.01953125
0 0.759375 0.369140625 0.015625 0.01953125
0 0.79375 0.357421875 0.015625 0.01953125
0 0.7890625 0.396484375 0.015625 0.01953125
0 0.775 0.375 0.015625 0.01953125
0 0.7578125 0.396484375 0.015625 0.01953125
0 0.7484375 0.435546875 0.015625 0.01953125
0 0.775 0.435546875 0.015625 0.01953125
0 0.7734375 0.412109375 0.015625 0.01953125
0 0.775 0.39453125 0.015625 0.01953125
0 0.7546875 0.46875 0.015625 0.01953125
0 0.7390625 0.462890625 0.015625 0.01953125
0 0.7375 0.49609375 0.015625 0.01953125
0 0.7578125 0.49609375 0.015625 0.01953125
0 0.8578125 0.37890625 0.015625 0.01953125
0 0.8578125 0.400390625 0.015625 0.01953125
0 0.8609375 0.416015625 0.015625 0.01953125
0 0.8546875 0.458984375 0.015625 0.01953125
0 0.9765625 0.669921875 0.015625 0.01953125
0 0.9671875 0.6171875 0.015625 0.01953125
0 0.809375 0.7109375 0.015625 0.01953125
0 0.753125 0.69140625 0.015625 0.01953125
0 0.78125 0.669921875 0.015625 0.01953125
0 0.753125 0.66015625 0.015625 0.01953125
0 0.7640625 0.6171875 0.015625 0.01953125
0 0.796875 0.55078125 0.015625 0.01953125
0 0.278125 0.74609375 0.015625 0.01953125
0 0.265625 0.8203125 0.015625 0.01953125
0 0.759375 0.416015625 0.015625 0.01953125
0 0.784375 0.41796875 0.015625 0.01953125
0 0.6953125 0.494140625 0.015625 0.01953125
