0 0.38125 0.126953125 0.015625 0.01953125
0 0.36875 0.1484375 0.015625 0.01953125
0 0.3921875 0.15234375 0.015625 0.01953125
0 0.3921875 0.171875 0.015625 0.01953125
0 0.4765625 0.24609375 0.015625 0.01953125
0 0.5328125 0.353515625 0.015625 0.01953125
0 0.4828125 0.408203125 0.015625 0.01953125
0 0.5109375 0.416015625 0.015625 0.01953125
0 0.75 0.431640625 0.015625 0.01953125
0 0.7640625 0.431640625 0.015625 0.01953125
0 0.7765625 0.435546875 0.015625 0.01953125
0 0.753125 0.470703125 0.015625 0.01953125
0 0.759375 0.5 0.015625 0.01953125
0 0.7375 0.494140625 0.015625 0.01953125
0 0.74375 0.4609375 0.015625 0.01953125
0 0.734375 0.5234375 0.015625 0.01953125
0 0.696875 0.505859375 0.015625 0.01953125
0 0.6953125 0.4765625 0.015625 0.01953125
0 0.75 0.400390625 0.015625 0.01953125
0 0.7625 0.416015625 0.015625 0.01953125
0 0.7921875 0.4140625 0.015625 0.01953125
0 0.778125 0.416015625 0.015625 0.01953125
0 0.7578125 0.376953125 0.015625 0.01953125
0 0.7828125 0.34375 0.015625 0.01953125
0 0.8 0.359375 0.015625 0.01953125
0 0.778125 0.375 0.015625 0.01953125
0 0.7703125 0.388671875 0.015625 0.01953125
0 0.790625 0.39453125 0.015625 0.01953125
0 0.778125 0.40234375 0.015625 0.01953125
0 0.8625 0.37890625 0.015625 0.01953125
0 0.8625 0.421875 0.015625 0.01953125
0 0.859375 0.400390625 0.015625 0.01953125
0 0.85625 0.45703125 0.015625 0.01953125
0 0.7796875 0.669921875 0.015625 0.01953125
0 0.753125 0.69140625 0.015625 0.01953125
0 0.8125 0.71875 0.015625 0.01953125
0 0.7640625 0.7109375 0.015625 0.01953125
0 0.775 0.62109375 0.015625 0.01953125
0 0.75 0.63671875 0.015625 0.01953125
0 0.96875 0.666015625 0.015625 0.01953125
0 0.9640625 0.609375 0.015625 0.01953125
0 0.75 0.662109375 0.015625 0.01953125
0 0.4078125 0.615234375 0.015625 0.01953125
0 0.340625 0.6328125 0.015625 0.01953125
0 0.4296875 0.69140625 0.015625 0.01953125
0 0.3203125 0.609375 0.015625 0.01953125
0 0.2875 0.73046875 0.015625 0.01953125
0 0.3 0.75 0.015625 0.01953125
0 0.2671875 0.8203125 0.015625 0.01953125
0 0.196875 0.765625 0.015625 0.01953125
0 0.196875 0.74609375 0.015625 0.01953125
0 0.1984375 0.728515625 0.015625 0.01953125
0 0.1359375 0.6171875 0.015625 0.01953125
0 0.090625 0.8203125 0.015625 0.01953125
0 0.1328125 0.884765625 0.015625 0.01953125
0 0.03125 0.94140625 0.015625 0.01953125
0 0.83125 0.560546875 0.015625 0.01953125
