0 0.8015625 0.361328125 0.015625 0.01953125
0 0.7859375 0.34765625 0.015625 0.01953125
0 0.7578125 0.37109375 0.015625 0.01953125
0 0.7859375 0.375 0.015625 0.01953125
0 0.7734375 0.388671875 0.015625 0.01953125
0 0.759375 0.3984375 0.015625 0.01953125
0 0.796875 0.396484375 0.015625 0.01953125
0 0.7796875 0.404296875 0.015625 0.01953125
0 0.7671875 0.41796875 0.015625 0.01953125
0 0.784375 0.421875 0.015625 0.01953125
0 0.796875 0.41796875 0.015625 0.01953125
0 0.775 0.435546875 0.015625 0.01953125
0 0.75 0.435546875 0.015625 0.01953125
0 0.7390625 0.455078125 0.015625 0.01953125
0 0.759375 0.47265625 0.015625 0.01953125
0 0.753125 0.494140625 0.015625 0.01953125
0 0.7375 0.494140625 0.015625 0.01953125
0 0.7453125 0.53125 0.015625 0.01953125
0 0.69375 0.490234375 0.015625 0.01953125
0 0.6765625 0.359375 0.015625 0.01953125
0 0.6703125 0.29296875 0.015625 0.01953125
0 0.78125 0.669921875 0.015625 0.01953125
0 0.7484375 0.6484375 0.015625 0.01953125
0 0.753125 0.69140625 0.015625 0.01953125
0 0.765625 0.712890625 0.015625 0.01953125
0 0.959375 0.64453125 0.015625 0.01953125
0 0.9625 0.59765625 0.015625 0.01953125
0 0.865625 0.380859375 0.015625 0.01953125
0 0.859375 0.404296875 0.015625 0.01953125
0 0.8671875 0.421875 0.015625 0.01953125
0 0.85625 0.453125 0.015625 0.01953125
0 0.5078125 0.212890625 0.015625 0.01953125
0 0.540625 0.337890625 0.015625 0.01953125
0 0.528125 0.3984375 0.015625 0.01953125
0 0.503125 0.396484375 0.015625 0.01953125
0 0.43125 0.611328125 0.015625 0.01953125
0 0.3921875 0.173828125 0.015625 0.01953125
0 0.39375 0.15234375 0.015625 0.01953125
0 0.384375 0.125 0.015625 0.01953125
0 0.3703125 0.15234375 0.015625 0.01953125
0 0.353125 0.55078125 0.015625 0.01953125
0 0.3609375 0.583984375 0.015625 0.01953125
0 0.3609375 0.6171875 0.015625 0.01953125
0 0.44375 0.673828125 0.015625 0.01953125
0 0.3109375 0.708984375 0.015625 0.01953125
0 0.3234375 0.732421875 0.015625 0.01953125
0 0.2203125 0.751953125 0.015625 0.01953125
0 0.2125 0.73828125 0.015625 0.01953125
0 0.2046875 0.708984375 0.015625 0.01953125
0 0.1359375 0.6328125 0.015625 0.01953125
0 0.1125 0.80859375 0.015625 0.01953125
0 0.1546875 0.873046875 0.015625 0.01953125
0 0.26875 0.8203125 0.015625 0.01953125
0 0.05 0.93359375 0.015625 0.01953125
0 0.028125 0.798828125 0.015625 0.01953125
0 0.6828125 0.322265625 0.015625 0.01953125
0 0.7234375 0.388671875 0.015625 0.01953125
0 0.7765625 0.625 0.015625 0.01953125
