0 0.5234375 0.1796875 0.015625 0.01953125
0 0.55 0.322265625 0.015625 0.01953125
0 0.5125 0.37890625 0.015625 0.01953125
0 0.5421875 0.3984375 0.015625 0.01953125
0 0.4546875 0.607421875 0.015625 0.01953125
0 0.38125 0.59765625 0.015625 0.01953125
0 0.3875 0.54296875 0.015625 0.01953125
0 0.3671875 0.525390625 0.015625 0.01953125
0 0.396875 0.16796875 0.015625 0.01953125
0 0.365625 0.146484375 0.015625 0.01953125
0 0.396875 0.146484375 0.015625 0.01953125
0 0.3828125 0.130859375 0.015625 0.01953125
0 0.796875 0.35546875 0.015625 0.01953125
0 0.78125 0.345703125 0.015625 0.01953125
0 0.7609375 0.369140625 0.015625 0.01953125
0 0.784375 0.380859375 0.015625 0.01953125
0 0.7703125 0.384765625 0.015625 0.01953125
0 0.7921875 0.396484375 0.015625 0.01953125
0 0.796875 0.423828125 0.015625 0.01953125
0 0.7828125 0.41796875 0.015625 0.01953125
0 0.7796875 0.40234375 0.015625 0.01953125
0 0.7546875 0.396484375 0.015625 0.01953125
0 0.7703125 0.419921875 0.015625 0.01953125
0 0.7515625 0.435546875 0.015625 0.01953125
0 0.7671875 0.435546875 0.015625 0.01953125
0 0.7765625 0.4375 0.015625 0.01953125
0 0.74375 0.462890625 0.015625 0.01953125
0 0.7625 0.474609375 0.015625 0.01953125
0 0.7578125 0.501953125 0.015625 0.01953125
0 0.7390625 0.494140625 0.015625 0.01953125
0 0.7296875 0.517578125 0.015625 0.01953125
0 0.75625 0.533203125 0.015625 0.01953125
0 0.78125 0.66796875 0.015625 0.01953125
0 0.7578125 0.693359375 0.015625 0.01953125
0 0.834375 0.568359375 0.015625 0.01953125
0 0.953125 0.638671875 0.015625 0.01953125
0 0.9421875 0.591796875 0.015625 0.01953125
0 0.859375 0.455078125 0.015625 0.01953125
0 0.8625 0.4296875 0.015625 0.01953125
0 0.8609375 0.40234375 0.015625 0.01953125
0 0.8703125 0.376953125 0.015625 0.01953125
0 0.34375 0.7109375 0.015625 0.01953125
0 0.328125 0.69140625 0.015625 0.01953125
0 0.2296875 0.69921875 0.015625 0.01953125
0 0.23125 0.71875 0.015625 0.01953125
0 0.23125 0.73828125 0.015625 0.01953125
0 0.140625 0.8046875 0.015625 0.01953125
0 0.059375 0.787109375 0.015625 0.01953125
0 0.0703125 0.93359375 0.015625 0.01953125
0 0.171875 0.857421875 0.015625 0.01953125
0 0.134375 0.63671875 0.015625 0.01953125
0 0.6671875 0.296875 0.015625 0.01953125
0 0.684375 0.322265625 0.015625 0.01953125
0 0.7171875 0.390625 0.015625 0.01953125
0 0.7 0.509765625 0.015625 0.01953125
0 0.7484375 0.640625 0.015625 0.01953125
0 0.753125 0.66796875 0.015625 0.01953125
0 0.775 0.630859375 0.015625 0.01953125
