0 0.5328125 0.15625 0.015625 0.01953125
0 0.553125 0.30859375 0.015625 0.01953125
0 0.553125 0.375 0.015625 0.01953125
0 0.5234375 0.380859375 0.015625 0.01953125
0 0.3953125 0.177734375 0.015625 0.01953125
0 0.3984375 0.15234375 0.015625 0.01953125
0 0.36875 0.15234375 0.015625 0.01953125
0 0.3859375 0.125 0.015625 0.01953125
0 0.465625 0.6015625 0.015625 0.01953125
0 0.478125 0.64453125 0.015625 0.01953125
0 0.3796875 0.578125 0.015625 0.01953125
0 0.40625 0.521484375 0.015625 0.01953125
0 0.3734375 0.51953125 0.015625 0.01953125
0 0.3515625 0.69921875 0.015625 0.01953125
0 0.2453125 0.73828125 0.015625 0.01953125
0 0.240625 0.71484375 0.015625 0.01953125
0 0.2359375 0.693359375 0.015625 0.01953125
0 0.1390625 0.63671875 0.015625 0.01953125
0 0.1828125 0.86328125 0.015625 0.01953125
0 0.14375 0.79296875 0.015625 0.01953125
0 0.075 0.7734375 0.015625 0.01953125
0 0.0796875 0.923828125 0.015625 0.01953125
0 0.7578125 0.69921875 0.015625 0.01953125
0 0.7515625 0.66015625 0.015625 0.01953125
0 0.7859375 0.681640625 0.015625 0.01953125
0 0.775 0.623046875 0.015625 0.01953125
0 0.9421875 0.630859375 0.015625 0.01953125
0 0.9375 0.583984375 0.015625 0.01953125
0 0.8359375 0.5703125 0.015625 0.01953125
0 0.8625 0.45703125 0.015625 0.01953125
0 0.821875 0.505859375 0.015625 0.01953125
0 0.8609375 0.435546875 0.015625 0.01953125
0 0.8640625 0.416015625 0.015625 0.01953125
0 0.8328125 0.400390625 0.015625 0.01953125
0 0.8609375 0.396484375 0.015625 0.01953125
0 0.8671875 0.37890625 0.015625 0.01953125
0 0.7890625 0.349609375 0.015625 0.01953125
0 0.75625 0.376953125 0.015625 0.01953125
0 0.784375 0.376953125 0.015625 0.01953125
0 0.771875 0.3828125 0.015625 0.01953125
0 0.7640625 0.400390625 0.015625 0.01953125
0 0.753125 0.40234375 0.015625 0.01953125
0 0.775 0.416015625 0.015625 0.01953125
0 0.765625 0.419921875 0.015625 0.01953125
0 0.7859375 0.421875 0.015625 0.01953125
0 0.79375 0.396484375 0.015625 0.01953125
0 0.7484375 0.4375 0.015625 0.01953125
0 0.7640625 0.435546875 0.015625 0.01953125
0 0.778125 0.4375 0.015625 0.01953125
0 0.7421875 0.458984375 0.015625 0.01953125
0 0.759375 0.470703125 0.015625 0.01953125
0 0.740625 0.498046875 0.015625 0.01953125
0 0.759375 0.498046875 0.015625 0.01953125
0 0.7375 0.51953125 0.015625 0.01953125
0 0.7625 0.533203125 0.015625 0.01953125
0 0.7984375 0.548828125 0.015625 0.01953125
0 0.715625 0.390625 0.015625 0.01953125
0 0.6796875 0.359375 0.015625 0.01953125
0 0.6828125 0.314453125 0.015625 0.01953125
0 0.6671875 0.294921875 0.015625 0.01953125
0 0.68125 0.2578125 0.015625 0.01953125
