0 0.796875 0.3203125 0.015625 0.01953125
0 0.8140625 0.341796875 0.015625 0.01953125
0 0.8 0.349609375 0.015625 0.01953125
0 0.7859375 0.359375 0.015625 0.01953125
0 0.8828125 0.5546875 0.015625 0.01953125
0 0.734375 0.587890625 0.015625 0.01953125
0 0.6890625 0.603515625 0.015625 0.01953125
0 0.6734375 0.560546875 0.015625 0.01953125
0 0.5859375 0.462890625 0.015625 0.01953125
0 0.4734375 0.544921875 0.015625 0.01953125
0 0.4671875 0.578125 0.015625 0.01953125
0 0.490625 0.4453125 0.015625 0.01953125
0 0.54375 0.416015625 0.015625 0.01953125
0 0.403125 0.4375 0.015625 0.01953125
0 0.2453125 0.3125 0.015625 0.01953125
0 0.2328125 0.263671875 0.015625 0.01953125
0 0.2734375 0.1953125 0.015625 0.01953125
0 0.29375 0.1328125 0.015625 0.01953125
0 0.3875 0.126953125 0.015625 0.01953125
0 0.1484375 0.130859375 0.015625 0.01953125
0 0.6625 0.791015625 0.015625 0.01953125
0 0.6796875 0.748046875 0.015625 0.01953125
