0 0.6578125 0.787109375 0.015625 0.01953125
0 0.678125 0.7578125 0.015625 0.01953125
0 0.7265625 0.732421875 0.015625 0.01953125
0 0.7375 0.7421875 0.015625 0.01953125
0 0.7625 0.740234375 0.015625 0.01953125
0 0.6359375 0.85546875 0.015625 0.01953125
0 0.6359375 0.873046875 0.015625 0.01953125
0 0.6328125 0.89453125 0.015625 0.01953125
0 0.659375 0.857421875 0.015625 0.01953125
0 0.6484375 0.87109375 0.015625 0.01953125
0 0.646875 0.89453125 0.015625 0.01953125
0 0.6515625 0.91015625 0.015625 0.01953125
0 0.6609375 0.88671875 0.015625 0.01953125
0 0.6671875 0.8671875 0.015625 0.01953125
0 0.678125 0.86328125 0.015625 0.01953125
0 0.6734375 0.884765625 0.015625 0.01953125
0 0.6796875 0.892578125 0.015625 0.01953125
0 0.665625 0.91015625 0.015625 0.01953125
0 0.70625 0.890625 0.015625 0.01953125
0 0.6953125 0.9140625 0.015625 0.01953125
0 0.559375 0.8515625 0.015625 0.01953125
0 0.58125 0.849609375 0.015625 0.01953125
0 0.5828125 0.8671875 0.015625 0.01953125
0 0.565625 0.900390625 0.015625 0.01953125
0 0.559375 0.921875 0.015625 0.01953125
0 0.60625 0.873046875 0.015625 0.01953125
0 0.6109375 0.85546875 0.015625 0.01953125
0 0.4421875 0.91796875 0.015625 0.01953125
0 0.4265625 0.90234375 0.015625 0.01953125
0 0.4421875 0.88671875 0.015625 0.01953125
0 0.4625 0.880859375 0.015625 0.01953125
0 0.4796875 0.9140625 0.015625 0.01953125
0 0.4140625 0.9140625 0.015625 0.01953125
0 0.9046875 0.58203125 0.015625 0.01953125
0 0.7484375 0.611328125 0.015625 0.01953125
0 0.68125 0.62109375 0.015625 0.01953125
0 0.6859375 0.583984375 0.015625 0.01953125
0 0.8078125 0.37109375 0.015625 0.01953125
0 0.7921875 0.375 0.015625 0.01953125
0 0.8203125 0.357421875 0.015625 0.01953125
0 0.803125 0.3359375 0.015625 0.01953125
0 0.609375 0.478515625 0.015625 0.01953125
0 0.484375 0.548828125 0.015625 0.01953125
0 0.484375 0.587890625 0.015625 0.01953125
0 0.5078125 0.451171875 0.015625 0.01953125
0 0.559375 0.42578125 0.015625 0.01953125
0 0.4140625 0.44921875 0.015625 0.01953125
0 0.428125 0.42578125 0.015625 0.01953125
0 0.3609375 0.3125 0.015625 0.01953125
0 0.371875 0.298828125 0.015625 0.01953125
0 0.39375 0.30078125 0.015625 0.01953125
0 0.403125 0.119140625 0.015625 0.01953125
0 0.3203125 0.146484375 0.015625 0.01953125
0 0.290625 0.201171875 0.015625 0.01953125
0 0.2484375 0.267578125 0.015625 0.01953125
0 0.1640625 0.123046875 0.015625 0.01953125
0 0.4140625 0.880859375 0.015625 0.01953125
