0 0.178125 0.1796875 0.015625 0.01953125
0 0.31875 0.255859375 0.015625 0.01953125
0 0.2765625 0.328125 0.015625 0.01953125
0 0.3921875 0.35546875 0.015625 0.01953125
0 0.4046875 0.337890625 0.015625 0.01953125
0 0.421875 0.3359375 0.015625 0.01953125
0 0.38125 0.126953125 0.015625 0.01953125
0 0.3609375 0.228515625 0.015625 0.01953125
0 0.7921875 0.349609375 0.015625 0.01953125
0 0.809375 0.34765625 0.015625 0.01953125
0 0.8234375 0.330078125 0.015625 0.01953125
0 0.7953125 0.314453125 0.015625 0.01953125
0 0.9859375 0.564453125 0.015625 0.01953125
0 0.7953125 0.603515625 0.015625 0.01953125
0 0.7453125 0.62109375 0.015625 0.01953125
0 0.7234375 0.58984375 0.015625 0.01953125
0 0.690625 0.498046875 0.015625 0.01953125
0 0.6015625 0.44140625 0.015625 0.01953125
0 0.559375 0.484375 0.015625 0.01953125
0 0.4703125 0.490234375 0.015625 0.01953125
0 0.48125 0.466796875 0.015625 0.01953125
0 0.5 0.58203125 0.015625 0.01953125
0 0.54375 0.60546875 0.015625 0.01953125
0 0.6671875 0.77734375 0.015625 0.01953125
0 0.6859375 0.73046875 0.015625 0.01953125
0 0.746875 0.720703125 0.015625 0.01953125
0 0.7734375 0.716796875 0.015625 0.01953125
0 0.715625 0.884765625 0.015625 0.01953125
0 0.728125 0.873046875 0.015625 0.01953125
0 0.671875 0.8984375 0.015625 0.01953125
0 0.690625 0.890625 0.015625 0.01953125
0 0.65 0.875 0.015625 0.01953125
0 0.6484375 0.85546875 0.015625 0.01953125
0 0.646875 0.833984375 0.015625 0.01953125
0 0.6625 0.853515625 0.015625 0.01953125
0 0.6734375 0.837890625 0.015625 0.01953125
0 0.68125 0.8515625 0.015625 0.01953125
0 0.671875 0.857421875 0.015625 0.01953125
0 0.6671875 0.880859375 0.015625 0.01953125
0 0.68125 0.873046875 0.015625 0.01953125
0 0.7 0.8671875 0.015625 0.01953125
0 0.690625 0.8671875 0.015625 0.01953125
0 0.7015625 0.84765625 0.015625 0.01953125
0 0.6921875 0.841796875 0.015625 0.01953125
0 0.5703125 0.861328125 0.015625 0.01953125
0 0.590625 0.88671875 0.015625 0.01953125
0 0.596875 0.86328125 0.015625 0.01953125
0 0.6 0.83984375 0.015625 0.01953125
0 0.6234375 0.84375 0.015625 0.01953125
0 0.6203125 0.857421875 0.015625 0.01953125
0 0.5578125 0.916015625 0.015625 0.01953125
0 0.5 0.900390625 0.015625 0.01953125
0 0.465625 0.916015625 0.015625 0.01953125
0 0.44375 0.89453125 0.015625 0.01953125
0 0.4296875 0.912109375 0.015625 0.01953125
0 0.4765625 0.87890625 0.015625 0.01953125
0 0.996875 0.119140625 0.015625 0.01953125
0 0.4625 0.892578125 0.015625 0.01953125
