0 0.4953125 0.474609375 0.015625 0.01953125
0 0.48125 0.49609375 0.015625 0.01953125
0 0.5671875 0.482421875 0.015625 0.01953125
0 0.615625 0.4375 0.015625 0.01953125
0 0.7296875 0.591796875 0.015625 0.01953125
0 0.753125 0.611328125 0.015625 0.01953125
0 0.8078125 0.59765625 0.015625 0.01953125
0 0.7109375 0.494140625 0.015625 0.01953125
0 0.559375 0.603515625 0.015625 0.01953125
0 0.5125 0.591796875 0.015625 0.01953125
0 0.7875 0.337890625 0.015625 0.01953125
0 0.8046875 0.3359375 0.015625 0.01953125
0 0.81875 0.318359375 0.015625 0.01953125
0 0.796875 0.3046875 0.015625 0.01953125
0 0.68125 0.83203125 0.015625 0.01953125
0 0.7015625 0.833984375 0.015625 0.01953125
0 0.6875 0.841796875 0.015625 0.01953125
0 0.66875 0.8515625 0.015625 0.01953125
0 0.675 0.873046875 0.015625 0.01953125
0 0.6734375 0.890625 0.015625 0.01953125
0 0.6953125 0.884765625 0.015625 0.01953125
0 0.6890625 0.861328125 0.015625 0.01953125
0 0.7015625 0.857421875 0.015625 0.01953125
0 0.7078125 0.87109375 0.015625 0.01953125
0 0.7296875 0.865234375 0.015625 0.01953125
0 0.725 0.880859375 0.015625 0.01953125
0 0.671875 0.763671875 0.015625 0.01953125
0 0.6953125 0.732421875 0.015625 0.01953125
0 0.74375 0.69921875 0.015625 0.01953125
0 0.7546875 0.712890625 0.015625 0.01953125
0 0.7328125 0.7265625 0.015625 0.01953125
0 0.7828125 0.70703125 0.015625 0.01953125
0 0.6078125 0.833984375 0.015625 0.01953125
0 0.634375 0.83203125 0.015625 0.01953125
0 0.6546875 0.826171875 0.015625 0.01953125
0 0.6578125 0.837890625 0.015625 0.01953125
0 0.659375 0.8515625 0.015625 0.01953125
0 0.659375 0.869140625 0.015625 0.01953125
0 0.6234375 0.859375 0.015625 0.01953125
0 0.603125 0.85546875 0.015625 0.01953125
0 0.5859375 0.87109375 0.015625 0.01953125
0 0.603125 0.884765625 0.015625 0.01953125
0 0.490625 0.87890625 0.015625 0.01953125
0 0.4515625 0.896484375 0.015625 0.01953125
0 0.4359375 0.9140625 0.015625 0.01953125
0 0.4796875 0.9140625 0.015625 0.01953125
0 0.509375 0.908203125 0.015625 0.01953125
0 0.565625 0.908203125 0.015625 0.01953125
0 0.18125 0.197265625 0.015625 0.01953125
0 0.2546875 0.322265625 0.015625 0.01953125
0 0.2859375 0.34765625 0.015625 0.01953125
0 0.328125 0.267578125 0.015625 0.01953125
0 0.365625 0.2421875 0.015625 0.01953125
0 0.375 0.123046875 0.015625 0.01953125
0 0.15 0.009765625 0.015625 0.01953125
0 0.4046875 0.35546875 0.015625 0.01953125
0 0.428125 0.34765625 0.015625 0.01953125
0 0.61875 0.953125 0.015625 0.01953125
