0 0.63125 0.833984375 0.015625 0.01953125
0 0.625 0.85546875 0.015625 0.01953125
0 0.603125 0.857421875 0.015625 0.01953125
0 0.603125 0.83203125 0.015625 0.01953125
0 0.65625 0.83203125 0.015625 0.01953125
0 0.65625 0.849609375 0.015625 0.01953125
0 0.6609375 0.8671875 0.015625 0.01953125
0 0.6671875 0.84765625 0.015625 0.01953125
0 0.6734375 0.8671875 0.015625 0.01953125
0 0.6765625 0.88671875 0.015625 0.01953125
0 0.6875 0.86328125 0.015625 0.01953125
0 0.678125 0.83203125 0.015625 0.01953125
0 0.6890625 0.84375 0.015625 0.01953125
0 0.7015625 0.8359375 0.015625 0.01953125
0 0.6984375 0.85546875 0.015625 0.01953125
0 0.7046875 0.8671875 0.015625 0.01953125
0 0.6921875 0.8828125 0.015625 0.01953125
0 0.7234375 0.880859375 0.015625 0.01953125
0 0.734375 0.865234375 0.015625 0.01953125
0 0.68125 0.76171875 0.015625 0.01953125
0 0.6953125 0.732421875 0.015625 0.01953125
0 0.7328125 0.73046875 0.015625 0.01953125
0 0.7421875 0.703125 0.015625 0.01953125
0 0.778125 0.705078125 0.015625 0.01953125
0 0.75625 0.712890625 0.015625 0.01953125
0 0.759375 0.611328125 0.015625 0.01953125
0 0.81875 0.59765625 0.015625 0.01953125
0 0.740625 0.59765625 0.015625 0.01953125
0 0.73125 0.49609375 0.015625 0.01953125
0 0.440625 0.9140625 0.015625 0.01953125
0 0.4515625 0.89453125 0.015625 0.01953125
0 0.4765625 0.9140625 0.015625 0.01953125
0 0.4796875 0.873046875 0.015625 0.01953125
0 0.5703125 0.615234375 0.015625 0.01953125
0 0.509375 0.59765625 0.015625 0.01953125
0 0.578125 0.4921875 0.015625 0.01953125
0 0.6296875 0.443359375 0.015625 0.01953125
0 0.6078125 0.892578125 0.015625 0.01953125
0 0.559375 0.90234375 0.015625 0.01953125
0 0.5875 0.8828125 0.015625 0.01953125
0 0.50625 0.478515625 0.015625 0.01953125
0 0.496875 0.515625 0.015625 0.01953125
0 0.7875 0.341796875 0.015625 0.01953125
0 0.803125 0.3359375 0.015625 0.01953125
0 0.821875 0.31640625 0.015625 0.01953125
0 0.796875 0.30859375 0.015625 0.01953125
0 0.4140625 0.36328125 0.015625 0.01953125
0 0.44375 0.35546875 0.015625 0.01953125
0 0.3921875 0.263671875 0.015625 0.01953125
0 0.371875 0.12109375 0.015625 0.01953125
0 0.3359375 0.28125 0.015625 0.01953125
0 0.296875 0.361328125 0.015625 0.01953125
0 0.246875 0.326171875 0.015625 0.01953125
0 0.184375 0.208984375 0.015625 0.01953125
0 0.159375 0.0234375 0.015625 0.01953125
0 0.9890625 0.099609375 0.015625 0.01953125
0 0.50625 0.8984375 0.015625 0.01953125
0 0.46875 0.888671875 0.015625 0.01953125
0 0.4515625 0.87109375 0.015625 0.01953125
