0 0.15625 0.05078125 0.015625 0.01953125
0 0.3703125 0.123046875 0.015625 0.01953125
0 0.19375 0.2265625 0.015625 0.01953125
0 0.246875 0.326171875 0.015625 0.01953125
0 0.3171875 0.3828125 0.015625 0.01953125
0 0.3546875 0.3125 0.015625 0.01953125
0 0.4140625 0.287109375 0.015625 0.01953125
0 0.425 0.384765625 0.015625 0.01953125
0 0.440625 0.376953125 0.015625 0.01953125
0 0.4578125 0.3671875 0.015625 0.01953125
0 0.5296875 0.494140625 0.015625 0.01953125
0 0.5171875 0.515625 0.015625 0.01953125
0 0.5203125 0.53125 0.015625 0.01953125
0 0.60625 0.501953125 0.015625 0.01953125
0 0.65625 0.451171875 0.015625 0.01953125
0 0.7703125 0.5078125 0.015625 0.01953125
0 0.7609375 0.611328125 0.015625 0.01953125
0 0.7859375 0.611328125 0.015625 0.01953125
0 0.834375 0.59765625 0.015625 0.01953125
0 0.7828125 0.33984375 0.015625 0.01953125
0 0.8 0.3359375 0.015625 0.01953125
0 0.7953125 0.302734375 0.015625 0.01953125
0 0.8140625 0.314453125 0.015625 0.01953125
0 0.81875 0.328125 0.015625 0.01953125
0 0.815625 0.140625 0.015625 0.01953125
0 0.8171875 0.16015625 0.015625 0.01953125
0 0.9859375 0.091796875 0.015625 0.01953125
0 0.9640625 0.05859375 0.015625 0.01953125
0 0.7375 0.69921875 0.015625 0.01953125
0 0.7515625 0.70703125 0.015625 0.01953125
0 0.7828125 0.705078125 0.015625 0.01953125
0 0.6953125 0.7265625 0.015625 0.01953125
0 0.678125 0.763671875 0.015625 0.01953125
0 0.028125 0.49609375 0.015625 0.01953125
0 0.728125 0.728515625 0.015625 0.01953125
0 0.4875 0.9140625 0.015625 0.01953125
0 0.4515625 0.900390625 0.015625 0.01953125
0 0.46875 0.88671875 0.015625 0.01953125
0 0.6140625 0.935546875 0.015625 0.01953125
0 0.7171875 0.962890625 0.015625 0.01953125
0 0.6875 0.96875 0.015625 0.01953125
0 0.6625 0.978515625 0.015625 0.01953125
0 0.5109375 0.921875 0.015625 0.01953125
0 0.5953125 0.896484375 0.015625 0.01953125
0 0.6140625 0.900390625 0.015625 0.01953125
0 0.6046875 0.84765625 0.015625 0.01953125
0 0.6296875 0.84375 0.015625 0.01953125
0 0.659375 0.84765625 0.015625 0.01953125
0 0.6703125 0.84765625 0.015625 0.01953125
0 0.678125 0.861328125 0.015625 0.01953125
0 0.6875 0.83984375 0.015625 0.01953125
0 0.7046875 0.83203125 0.015625 0.01953125
0 0.7015625 0.857421875 0.015625 0.01953125
0 0.734375 0.8671875 0.015625 0.01953125
0 0.6875 0.8671875 0.015625 0.01953125
0 0.840625 0.8828125 0.015625 0.01953125
0 0.8859375 0.88671875 0.015625 0.01953125
