0 0.9640625 0.0625 0.015625 0.01953125
0 0.9828125 0.1015625 0.015625 0.01953125
0 0.9953125 0.125 0.015625 0.01953125
0 0.8125 0.142578125 0.015625 0.01953125
0 0.8140625 0.166015625 0.015625 0.01953125
0 0.8671875 0.140625 0.015625 0.01953125
0 0.65625 0.0859375 0.015625 0.01953125
0 0.746875 0.1640625 0.015625 0.01953125
0 0.375 0.12890625 0.015625 0.01953125
0 0.1578125 0.080078125 0.015625 0.01953125
0 0.453125 0.3359375 0.015625 0.01953125
0 0.7921875 0.3125 0.015625 0.01953125
0 0.78125 0.33984375 0.015625 0.01953125
0 0.796875 0.33984375 0.015625 0.01953125
0 0.81875 0.326171875 0.015625 0.01953125
0 0.8234375 0.51953125 0.015625 0.01953125
0 0.4765625 0.396484375 0.015625 0.01953125
0 0.4640625 0.40234375 0.015625 0.01953125
0 0.565625 0.533203125 0.015625 0.01953125
0 0.5640625 0.55078125 0.015625 0.01953125
0 0.634375 0.525390625 0.015625 0.01953125
0 0.6859375 0.470703125 0.015625 0.01953125
0 0.8578125 0.60546875 0.015625 0.01953125
0 0.8125 0.626953125 0.015625 0.01953125
0 0.784375 0.640625 0.015625 0.01953125
0 0.775 0.712890625 0.015625 0.01953125
0 0.75 0.712890625 0.015625 0.01953125
0 0.690625 0.736328125 0.015625 0.01953125
0 0.6765625 0.7734375 0.015625 0.01953125
0 0.534375 0.6484375 0.015625 0.01953125
0 0.5390625 0.7734375 0.015625 0.01953125
0 0.7171875 0.9765625 0.015625 0.01953125
0 0.6953125 0.974609375 0.015625 0.01953125
0 0.6703125 0.9765625 0.015625 0.01953125
0 0.6578125 0.9765625 0.015625 0.01953125
0 0.6015625 0.982421875 0.015625 0.01953125
0 0.45 0.900390625 0.015625 0.01953125
0 0.4703125 0.89453125 0.015625 0.01953125
0 0.4796875 0.921875 0.015625 0.01953125
0 0.5109375 0.9296875 0.015625 0.01953125
0 0.6015625 0.9140625 0.015625 0.01953125
0 0.61875 0.9296875 0.015625 0.01953125
0 0.5984375 0.951171875 0.015625 0.01953125
0 0.828125 0.970703125 0.015625 0.01953125
0 0.8453125 0.978515625 0.015625 0.01953125
0 0.021875 0.498046875 0.015625 0.01953125
0 0.6984375 0.93359375 0.015625 0.01953125
0 0.603125 0.84765625 0.015625 0.01953125
0 0.625 0.84765625 0.015625 0.01953125
0 0.6515625 0.857421875 0.015625 0.01953125
0 0.66875 0.857421875 0.015625 0.01953125
0 0.675 0.890625 0.015625 0.01953125
0 0.7234375 0.876953125 0.015625 0.01953125
0 0.703125 0.86328125 0.015625 0.01953125
0 0.696875 0.833984375 0.015625 0.01953125
0 0.6875 0.84765625 0.015625 0.01953125
0 0.6828125 0.8671875 0.015625 0.01953125
0 0.65625 0.876953125 0.015625 0.01953125
0 0.69375 0.884765625 0.015625 0.01953125
0 0.5625 0.908203125 0.015625 0.01953125
