0 0.1703125 0.109375 0.015625 0.01953125
0 0.371875 0.1328125 0.015625 0.01953125
0 0.2234375 0.291015625 0.015625 0.01953125
0 0.3984375 0.39453125 0.015625 0.01953125
0 0.365625 0.44921875 0.015625 0.01953125
0 0.4796875 0.439453125 0.015625 0.01953125
0 0.4890625 0.42578125 0.015625 0.01953125
0 0.50625 0.419921875 0.015625 0.01953125
0 0.7921875 0.32421875 0.015625 0.01953125
0 0.7828125 0.3515625 0.015625 0.01953125
0 0.8 0.345703125 0.015625 0.01953125
0 0.8125 0.3359375 0.015625 0.01953125
0 0.809375 0.16796875 0.015625 0.01953125
0 0.98125 0.109375 0.015625 0.01953125
0 0.965625 0.076171875 0.015625 0.01953125
0 0.99375 0.126953125 0.015625 0.01953125
0 0.8671875 0.537109375 0.015625 0.01953125
0 0.878125 0.619140625 0.015625 0.01953125
0 0.8296875 0.640625 0.015625 0.01953125
0 0.8 0.662109375 0.015625 0.01953125
0 0.665625 0.5390625 0.015625 0.01953125
0 0.709375 0.482421875 0.015625 0.01953125
0 0.596875 0.55078125 0.015625 0.01953125
0 0.5953125 0.5703125 0.015625 0.01953125
0 0.484375 0.369140625 0.015625 0.01953125
0 0.0171875 0.505859375 0.015625 0.01953125
0 0.1859375 0.0 0.015625 0.01953125
0 0.6625 0.666015625 0.015625 0.01953125
0 0.6953125 0.744140625 0.015625 0.01953125
0 0.675 0.7734375 0.015625 0.01953125
0 0.5359375 0.685546875 0.015625 0.01953125
0 0.5390625 0.75390625 0.015625 0.01953125
0 0.7265625 0.744140625 0.015625 0.01953125
0 0.7484375 0.7265625 0.015625 0.01953125
0 0.7765625 0.720703125 0.015625 0.01953125
0 0.715625 0.9765625 0.015625 0.01953125
0 0.690625 0.984375 0.015625 0.01953125
0 0.65625 0.98828125 0.015625 0.01953125
0 0.6734375 0.98828125 0.015625 0.01953125
0 0.6171875 0.955078125 0.015625 0.01953125
0 0.60625 0.931640625 0.015625 0.01953125
0 0.446875 0.91796875 0.015625 0.01953125
0 0.4703125 0.93359375 0.015625 0.01953125
0 0.50625 0.9296875 0.015625 0.01953125
0 0.4671875 0.90625 0.015625 0.01953125
0 0.6015625 0.861328125 0.015625 0.01953125
0 0.6234375 0.861328125 0.015625 0.01953125
0 0.646875 0.85546875 0.015625 0.01953125
0 0.6765625 0.849609375 0.015625 0.01953125
0 0.696875 0.84765625 0.015625 0.01953125
0 0.6734375 0.900390625 0.015625 0.01953125
0 0.690625 0.900390625 0.015625 0.01953125
0 0.69375 0.869140625 0.015625 0.01953125
0 0.7046875 0.875 0.015625 0.01953125
0 0.6515625 0.865234375 0.015625 0.01953125
0 0.6734375 0.87109375 0.015625 0.01953125
0 0.665625 0.865234375 0.015625 0.01953125
0 0.6703125 0.884765625 0.015625 0.01953125
0 0.6828125 0.880859375 0.015625 0.01953125
0 0.65625 0.880859375 0.015625 0.01953125
0 0.6828125 0.861328125 0.015625 0.01953125
0 0.7265625 0.880859375 0.015625 0.01953125
