0 0.021875 0.5 0.015625 0.01953125
0 0.4484375 0.9140625 0.015625 0.01953125
0 0.46875 0.935546875 0.015625 0.01953125
0 0.4828125 0.93359375 0.015625 0.01953125
0 0.4796875 0.896484375 0.015625 0.01953125
0 0.50625 0.92578125 0.015625 0.01953125
0 0.559375 0.927734375 0.015625 0.01953125
0 0.6078125 0.94140625 0.015625 0.01953125
0 0.61875 0.9609375 0.015625 0.01953125
0 0.06875 0.001953125 0.015625 0.01953125
0 0.084375 0.005859375 0.015625 0.01953125
0 0.6828125 0.765625 0.015625 0.01953125
0 0.965625 0.07421875 0.015625 0.01953125
0 0.978125 0.107421875 0.015625 0.01953125
0 0.9921875 0.126953125 0.015625 0.01953125
0 0.7921875 0.322265625 0.015625 0.01953125
0 0.78125 0.35546875 0.015625 0.01953125
0 0.8125 0.330078125 0.015625 0.01953125
0 0.796875 0.345703125 0.015625 0.01953125
0 0.8140625 0.15234375 0.015625 0.01953125
0 0.8125 0.166015625 0.015625 0.01953125
0 0.509375 0.3828125 0.015625 0.01953125
0 0.51875 0.42578125 0.015625 0.01953125
0 0.5 0.4296875 0.015625 0.01953125
0 0.49375 0.44921875 0.015625 0.01953125
0 0.4140625 0.412109375 0.015625 0.01953125
0 0.38125 0.45703125 0.015625 0.01953125
0 0.721875 0.490234375 0.015625 0.01953125
0 0.675 0.5390625 0.015625 0.01953125
0 0.6125 0.556640625 0.015625 0.01953125
0 0.6078125 0.578125 0.015625 0.01953125
0 0.6796875 0.666015625 0.015625 0.01953125
0 0.8125 0.6640625 0.015625 0.01953125
0 0.8421875 0.640625 0.015625 0.01953125
0 0.88125 0.6171875 0.015625 0.01953125
0 0.890625 0.5390625 0.015625 0.01953125
0 0.528125 0.697265625 0.015625 0.01953125
0 0.540625 0.75390625 0.015625 0.01953125
0 0.75 0.716796875 0.015625 0.01953125
0 0.7265625 0.7421875 0.015625 0.01953125
0 0.596875 0.849609375 0.015625 0.01953125
0 0.603125 0.873046875 0.015625 0.01953125
0 0.6265625 0.841796875 0.015625 0.01953125
0 0.6203125 0.869140625 0.015625 0.01953125
0 0.64375 0.87109375 0.015625 0.01953125
0 0.653125 0.857421875 0.015625 0.01953125
0 0.6546875 0.884765625 0.015625 0.01953125
0 0.6671875 0.8671875 0.015625 0.01953125
0 0.678125 0.84375 0.015625 0.01953125
0 0.6875 0.861328125 0.015625 0.01953125
0 0.684375 0.875 0.015625 0.01953125
0 0.675 0.880859375 0.015625 0.01953125
0 0.678125 0.900390625 0.015625 0.01953125
0 0.69375 0.896484375 0.015625 0.01953125
0 0.703125 0.876953125 0.015625 0.01953125
0 0.6953125 0.876953125 0.015625 0.01953125
0 0.6984375 0.8515625 0.015625 0.01953125
0 0.7171875 0.89453125 0.015625 0.01953125
0 0.73125 0.873046875 0.015625 0.01953125
0 0.171875 0.125 0.015625 0.01953125
0 0.1875 0.0 0.015625 0.01953125
0 0.36875 0.138671875 0.015625 0.01953125
0 0.2296875 0.30078125 0.015625 0.01953125
0 0.2390625 0.341796875 0.015625 0.01953125
0 0.8671875 0.146484375 0.015625 0.01953125
0 0.6890625 0.7421875 0.015625 0.01953125
0 0.46875 0.908203125 0.015625 0.01953125
0 0.440625 0.890625 0.015625 0.01953125
