0 0.065625 0.005859375 0.015625 0.01953125
0 0.171875 0.1328125 0.015625 0.01953125
0 0.19375 0.009765625 0.015625 0.01953125
0 0.3703125 0.134765625 0.015625 0.01953125
0 0.2421875 0.3125 0.015625 0.01953125
0 0.246875 0.33984375 0.015625 0.01953125
0 0.428125 0.421875 0.015625 0.01953125
0 0.384375 0.462890625 0.015625 0.01953125
0 0.5015625 0.453125 0.015625 0.01953125
0 0.5109375 0.435546875 0.015625 0.01953125
0 0.528125 0.4296875 0.015625 0.01953125
0 0.628125 0.5546875 0.015625 0.01953125
0 0.6328125 0.5859375 0.015625 0.01953125
0 0.7 0.54296875 0.015625 0.01953125
0 0.734375 0.484375 0.015625 0.01953125
0 0.78125 0.341796875 0.015625 0.01953125
0 0.7984375 0.341796875 0.015625 0.01953125
0 0.8140625 0.333984375 0.015625 0.01953125
0 0.7859375 0.318359375 0.015625 0.01953125
0 0.9796875 0.103515625 0.015625 0.01953125
0 0.915625 0.53515625 0.015625 0.01953125
0 0.8796875 0.61328125 0.015625 0.01953125
0 0.859375 0.646484375 0.015625 0.01953125
0 0.825 0.66796875 0.015625 0.01953125
0 0.7 0.6640625 0.015625 0.01953125
0 0.6890625 0.7421875 0.015625 0.01953125
0 0.6796875 0.76171875 0.015625 0.01953125
0 0.5546875 0.73828125 0.015625 0.01953125
0 0.528125 0.708984375 0.015625 0.01953125
0 0.6015625 0.84765625 0.015625 0.01953125
0 0.603125 0.861328125 0.015625 0.01953125
0 0.6296875 0.83984375 0.015625 0.01953125
0 0.625 0.861328125 0.015625 0.01953125
0 0.634375 0.87890625 0.015625 0.01953125
0 0.6515625 0.853515625 0.015625 0.01953125
0 0.65625 0.876953125 0.015625 0.01953125
0 0.6671875 0.857421875 0.015625 0.01953125
0 0.6796875 0.841796875 0.015625 0.01953125
0 0.684375 0.857421875 0.015625 0.01953125
0 0.6734375 0.876953125 0.015625 0.01953125
0 0.68125 0.875 0.015625 0.01953125
0 0.696875 0.84375 0.015625 0.01953125
0 0.696875 0.84375 0.015625 0.01953125
0 0.7046875 0.853515625 0.015625 0.01953125
0 0.69375 0.865234375 0.015625 0.01953125
0 0.7015625 0.873046875 0.015625 0.01953125
0 0.6875 0.89453125 0.015625 0.01953125
0 0.66875 0.900390625 0.015625 0.01953125
0 0.721875 0.888671875 0.015625 0.01953125
0 0.7296875 0.87109375 0.015625 0.01953125
0 0.7265625 0.736328125 0.015625 0.01953125
0 0.75 0.712890625 0.015625 0.01953125
0 0.775 0.716796875 0.015625 0.01953125
0 0.4765625 0.892578125 0.015625 0.01953125
0 0.45625 0.8828125 0.015625 0.01953125
0 0.45 0.908203125 0.015625 0.01953125
0 0.4359375 0.927734375 0.015625 0.01953125
0 0.46875 0.9296875 0.015625 0.01953125
0 0.4796875 0.9296875 0.015625 0.01953125
0 0.5046875 0.912109375 0.015625 0.01953125
0 0.5578125 0.912109375 0.015625 0.01953125
0 0.571875 0.94140625 0.015625 0.01953125
0 0.6203125 0.9609375 0.015625 0.01953125
0 0.6953125 0.9375 0.015625 0.01953125
0 0.6125 0.935546875 0.015625 0.01953125
0 0.4328125 0.890625 0.015625 0.01953125
0 0.503125 0.9296875 0.015625 0.01953125
0 0.8640625 0.146484375 0.015625 0.01953125
0 0.9328125 0.13671875 0.015625 0.01953125
0 0.0875 0.00390625 0.015625 0.01953125
