0 0.075 0.0078125 0.015625 0.01953125
0 0.090625 0.005859375 0.015625 0.01953125
0 0.1921875 0.01953125 0.015625 0.01953125
0 0.171875 0.146484375 0.015625 0.01953125
0 0.240625 0.328125 0.015625 0.01953125
0 0.3984375 0.462890625 0.015625 0.01953125
0 0.4453125 0.427734375 0.015625 0.01953125
0 0.515625 0.45703125 0.015625 0.01953125
0 0.521875 0.435546875 0.015625 0.01953125
0 0.54375 0.4296875 0.015625 0.01953125
0 0.640625 0.5546875 0.015625 0.01953125
0 0.634375 0.580078125 0.015625 0.01953125
0 0.703125 0.53515625 0.015625 0.01953125
0 0.75 0.482421875 0.015625 0.01953125
0 0.78125 0.341796875 0.015625 0.01953125
0 0.796875 0.3359375 0.015625 0.01953125
0 0.8109375 0.32421875 0.015625 0.01953125
0 0.784375 0.31640625 0.015625 0.01953125
0 0.984375 0.09765625 0.015625 0.01953125
0 0.975 0.0703125 0.015625 0.01953125
0 0.9328125 0.525390625 0.015625 0.01953125
0 0.8796875 0.607421875 0.015625 0.01953125
0 0.871875 0.642578125 0.015625 0.01953125
0 0.83125 0.669921875 0.015625 0.01953125
0 0.70625 0.6640625 0.015625 0.01953125
0 0.6796875 0.759765625 0.015625 0.01953125
0 0.5625 0.732421875 0.015625 0.01953125
0 0.5296875 0.71484375 0.015625 0.01953125
0 0.5984375 0.837890625 0.015625 0.01953125
0 0.603125 0.865234375 0.015625 0.01953125
0 0.6296875 0.833984375 0.015625 0.01953125
0 0.625 0.861328125 0.015625 0.01953125
0 0.625 0.880859375 0.015625 0.01953125
0 0.6515625 0.84375 0.015625 0.01953125
0 0.653125 0.873046875 0.015625 0.01953125
0 0.665625 0.853515625 0.015625 0.01953125
0 0.678125 0.83984375 0.015625 0.01953125
0 0.665625 0.87109375 0.015625 0.01953125
0 0.6734375 0.85546875 0.015625 0.01953125
0 0.675 0.888671875 0.015625 0.01953125
0 0.6828125 0.869140625 0.015625 0.01953125
0 0.6890625 0.88671875 0.015625 0.01953125
0 0.684375 0.84765625 0.015625 0.01953125
0 0.6953125 0.833984375 0.015625 0.01953125
0 0.7046875 0.84765625 0.015625 0.01953125
0 0.7015625 0.869140625 0.015625 0.01953125
0 0.7015625 0.869140625 0.015625 0.01953125
0 0.721875 0.8828125 0.015625 0.01953125
0 0.728125 0.8671875 0.015625 0.01953125
0 0.721875 0.732421875 0.015625 0.01953125
0 0.7484375 0.708984375 0.015625 0.01953125
0 0.771875 0.716796875 0.015625 0.01953125
0 0.4671875 0.921875 0.015625 0.01953125
0 0.478125 0.923828125 0.015625 0.01953125
0 0.5015625 0.91015625 0.015625 0.01953125
0 0.4734375 0.884765625 0.015625 0.01953125
0 0.4453125 0.90234375 0.015625 0.01953125
0 0.434375 0.916015625 0.015625 0.01953125
0 0.45625 0.87890625 0.015625 0.01953125
0 0.6125 0.947265625 0.015625 0.01953125
0 0.621875 0.962890625 0.015625 0.01953125
0 0.659375 0.984375 0.015625 0.01953125
0 0.675 0.982421875 0.015625 0.01953125
0 0.69375 0.96875 0.015625 0.01953125
0 0.7125 0.96484375 0.015625 0.01953125
0 0.821875 0.978515625 0.015625 0.01953125
0 0.8453125 0.982421875 0.015625 0.01953125
0 0.365625 0.126953125 0.015625 0.01953125
0 0.86875 0.138671875 0.015625 0.01953125
0 0.5765625 0.98828125 0.015625 0.01953125
0 0.9953125 0.119140625 0.015625 0.01953125
