0 0.978125 0.103515625 0.015625 0.01953125
0 0.99375 0.119140625 0.015625 0.01953125
0 0.8671875 0.138671875 0.015625 0.01953125
0 0.8140625 0.322265625 0.015625 0.01953125
0 0.7828125 0.318359375 0.015625 0.01953125
0 0.796875 0.345703125 0.015625 0.01953125
0 0.7796875 0.341796875 0.015625 0.01953125
0 0.7546875 0.48828125 0.015625 0.01953125
0 0.715625 0.541015625 0.015625 0.01953125
0 0.878125 0.609375 0.015625 0.01953125
0 0.878125 0.646484375 0.015625 0.01953125
0 0.959375 0.53515625 0.015625 0.01953125
0 0.8359375 0.669921875 0.015625 0.01953125
0 0.721875 0.6640625 0.015625 0.01953125
0 0.65625 0.564453125 0.015625 0.01953125
0 0.64375 0.583984375 0.015625 0.01953125
0 0.5171875 0.458984375 0.015625 0.01953125
0 0.5296875 0.4453125 0.015625 0.01953125
0 0.5390625 0.439453125 0.015625 0.01953125
0 0.559375 0.40625 0.015625 0.01953125
0 0.440625 0.431640625 0.015625 0.01953125
0 0.4046875 0.470703125 0.015625 0.01953125
0 0.2546875 0.32421875 0.015625 0.01953125
0 0.2359375 0.328125 0.015625 0.01953125
0 0.1765625 0.14453125 0.015625 0.01953125
0 0.0828125 0.01171875 0.015625 0.01953125
0 0.196875 0.029296875 0.015625 0.01953125
0 0.0703125 0.017578125 0.015625 0.01953125
0 0.528125 0.728515625 0.015625 0.01953125
0 0.5671875 0.732421875 0.015625 0.01953125
0 0.678125 0.748046875 0.015625 0.01953125
0 0.69375 0.732421875 0.015625 0.01953125
0 0.675 0.8359375 0.015625 0.01953125
0 0.6859375 0.84765625 0.015625 0.01953125
0 0.6984375 0.84375 0.015625 0.01953125
0 0.690625 0.86328125 0.015625 0.01953125
0 0.7015625 0.865234375 0.015625 0.01953125
0 0.73125 0.8671875 0.015625 0.01953125
0 0.7171875 0.8828125 0.015625 0.01953125
0 0.725 0.732421875 0.015625 0.01953125
0 0.7359375 0.703125 0.015625 0.01953125
0 0.7484375 0.720703125 0.015625 0.01953125
0 0.7703125 0.716796875 0.015625 0.01953125
0 0.6703125 0.892578125 0.015625 0.01953125
0 0.6859375 0.88671875 0.015625 0.01953125
0 0.6796875 0.8671875 0.015625 0.01953125
0 0.66875 0.869140625 0.015625 0.01953125
0 0.6734375 0.8515625 0.015625 0.01953125
0 0.659375 0.8515625 0.015625 0.01953125
0 0.6515625 0.849609375 0.015625 0.01953125
0 0.6515625 0.875 0.015625 0.01953125
0 0.625 0.833984375 0.015625 0.01953125
0 0.621875 0.8515625 0.015625 0.01953125
0 0.6125 0.884765625 0.015625 0.01953125
0 0.596875 0.86328125 0.015625 0.01953125
0 0.5984375 0.841796875 0.015625 0.01953125
0 0.8234375 0.9765625 0.015625 0.01953125
0 0.84375 0.9765625 0.015625 0.01953125
0 0.6546875 0.982421875 0.015625 0.01953125
0 0.6734375 0.982421875 0.015625 0.01953125
0 0.6140625 0.974609375 0.015625 0.01953125
0 0.60625 0.943359375 0.015625 0.01953125
0 0.58125 0.96875 0.015625 0.01953125
0 0.5703125 0.99609375 0.015625 0.01953125
0 0.503125 0.900390625 0.015625 0.01953125
0 0.475 0.919921875 0.015625 0.01953125
0 0.465625 0.921875 0.015625 0.01953125
0 0.4640625 0.943359375 0.015625 0.01953125
0 0.43125 0.91796875 0.015625 0.01953125
0 0.4484375 0.90625 0.015625 0.01953125
0 0.46875 0.888671875 0.015625 0.01953125
0 0.48125 0.880859375 0.015625 0.01953125
0 0.446875 0.875 0.015625 0.01953125
0 0.3609375 0.123046875 0.015625 0.01953125
0 0.559375 0.916015625 0.015625 0.01953125
0 0.7015625 0.958984375 0.015625 0.01953125
0 0.6890625 0.974609375 0.015625 0.01953125
