0 0.78125 0.8671875 0.015625 0.01953125
0 0.7984375 0.857421875 0.015625 0.01953125
0 0.8109375 0.8515625 0.015625 0.01953125
0 0.8109375 0.669921875 0.015625 0.01953125
0 0.8609375 0.662109375 0.015625 0.01953125
0 0.978125 0.60546875 0.015625 0.01953125
0 0.1078125 0.193359375 0.015625 0.01953125
0 0.028125 0.419921875 0.015625 0.01953125
0 0.090625 0.5390625 0.015625 0.01953125
0 0.071875 0.546875 0.015625 0.01953125
0 0.2359375 0.859375 0.015625 0.01953125
0 0.2625 0.869140625 0.015625 0.01953125
0 0.365625 0.658203125 0.015625 0.01953125
0 0.203125 0.560546875 0.015625 0.01953125
0 0.459375 0.982421875 0.015625 0.01953125
0 0.540625 0.984375 0.015625 0.01953125
0 0.184375 0.654296875 0.015625 0.01953125
0 0.0734375 0.35546875 0.015625 0.01953125
0 0.1 0.28515625 0.015625 0.01953125
0 0.0640625 0.10546875 0.015625 0.01953125
0 0.4140625 1.0 0.015625 0.01953125
0 0.778125 0.982421875 0.015625 0.01953125
0 0.7890625 0.8125 0.015625 0.01953125
