0 0.446875 0.369140625 0.015625 0.01953125
0 0.53125 0.41015625 0.015625 0.01953125
0 0.209375 0.564453125 0.015625 0.01953125
0 0.2828125 0.517578125 0.015625 0.01953125
0 0.1703125 0.40234375 0.015625 0.01953125
0 0.209375 0.341796875 0.015625 0.01953125
0 0.1828125 0.193359375 0.015625 0.01953125
0 0.2890625 0.2109375 0.015625 0.01953125
0 0.328125 0.123046875 0.015625 0.01953125
0 0.365625 0.111328125 0.015625 0.01953125
0 0.3828125 0.072265625 0.015625 0.01953125
0 0.4734375 0.001953125 0.015625 0.01953125
0 0.4875 0.01171875 0.015625 0.01953125
0 0.7296875 0.146484375 0.015625 0.01953125
0 0.775 0.09375 0.015625 0.01953125
0 0.759375 0.10546875 0.015625 0.01953125
0 0.7703125 0.015625 0.015625 0.01953125
0 0.925 0.3984375 0.015625 0.01953125
0 0.74375 0.443359375 0.015625 0.01953125
0 0.1 0.875 0.015625 0.01953125
0 0.05625 0.79296875 0.015625 0.01953125
0 0.0796875 0.513671875 0.015625 0.01953125
0 0.1125 0.5859375 0.015625 0.01953125
0 0.1265625 0.578125 0.015625 0.01953125
0 0.2328125 0.439453125 0.015625 0.01953125
0 0.2328125 0.21484375 0.015625 0.01953125
0 0.2640625 0.1640625 0.015625 0.01953125
0 0.4359375 0.16796875 0.015625 0.01953125
0 0.521875 0.130859375 0.015625 0.01953125
0 0.8171875 0.099609375 0.015625 0.01953125
0 0.896875 0.306640625 0.015625 0.01953125
0 0.95 0.314453125 0.015625 0.01953125
0 0.859375 0.455078125 0.015625 0.01953125
0 0.6109375 0.515625 0.015625 0.01953125
0 0.61875 0.626953125 0.015625 0.01953125
0 0.6515625 0.623046875 0.015625 0.01953125
0 0.715625 0.671875 0.015625 0.01953125
0 0.6953125 0.83984375 0.015625 0.01953125
