0 0.425 0.50390625 0.015625 0.01953125
0 0.5140625 0.537109375 0.015625 0.01953125
0 0.6015625 0.775390625 0.015625 0.01953125
0 0.484375 0.765625 0.015625 0.01953125
0 0.7 0.8046875 0.015625 0.01953125
0 0.2484375 0.361328125 0.015625 0.01953125
0 0.3109375 0.2890625 0.015625 0.01953125
0 0.2984375 0.328125 0.015625 0.01953125
0 0.334375 0.267578125 0.015625 0.01953125
0 0.3484375 0.23046875 0.015625 0.01953125
0 0.4375 0.359375 0.015625 0.01953125
0 0.4484375 0.15234375 0.015625 0.01953125
0 0.490625 0.09765625 0.015625 0.01953125
0 0.3875 0.03125 0.015625 0.01953125
0 0.6359375 0.095703125 0.015625 0.01953125
0 0.665625 0.1015625 0.015625 0.01953125
0 0.7484375 0.15234375 0.015625 0.01953125
0 0.753125 0.2265625 0.015625 0.01953125
0 0.7375 0.23828125 0.015625 0.01953125
0 0.734375 0.248046875 0.015625 0.01953125
0 0.709375 0.28125 0.015625 0.01953125
0 0.6953125 0.306640625 0.015625 0.01953125
0 0.7921875 0.259765625 0.015625 0.01953125
0 0.93125 0.45703125 0.015625 0.01953125
0 0.925 0.501953125 0.015625 0.01953125
0 0.9015625 0.509765625 0.015625 0.01953125
0 0.8640625 0.435546875 0.015625 0.01953125
0 0.9953125 0.4296875 0.015625 0.01953125
0 0.8390625 0.59765625 0.015625 0.01953125
0 0.8421875 0.63671875 0.015625 0.01953125
0 0.5828125 0.669921875 0.015625 0.01953125
0 0.946875 0.09765625 0.015625 0.01953125
0 0.9375 0.125 0.015625 0.01953125
0 0.8453125 0.048828125 0.015625 0.01953125
0 0.8375 0.02734375 0.015625 0.01953125
0 0.946875 0.015625 0.015625 0.01953125
0 0.73125 0.017578125 0.015625 0.01953125
0 0.7109375 0.02734375 0.015625 0.01953125
0 0.7 0.0625 0.015625 0.01953125
0 0.5140625 0.294921875 0.015625 0.01953125
0 0.4140625 0.33203125 0.015625 0.01953125
0 0.2109375 0.380859375 0.015625 0.01953125
0 0.15 0.365234375 0.015625 0.01953125
0 0.2296875 0.341796875 0.015625 0.01953125
0 0.2734375 0.609375 0.015625 0.01953125
0 0.2671875 0.6640625 0.015625 0.01953125
0 0.2109375 0.625 0.015625 0.01953125
0 0.34375 0.638671875 0.015625 0.01953125
0 0.19375 0.708984375 0.015625 0.01953125
0 0.1046875 0.74609375 0.015625 0.01953125
0 0.0546875 0.69140625 0.015625 0.01953125
0 0.15625 0.54296875 0.015625 0.01953125
0 0.040625 0.953125 0.015625 0.01953125
0 0.090625 0.765625 0.015625 0.01953125
0 0.1734375 0.513671875 0.015625 0.01953125
0 0.3109375 0.1171875 0.015625 0.01953125
0 0.3359375 0.072265625 0.015625 0.01953125
0 0.290625 0.078125 0.015625 0.01953125
0 0.415625 0.091796875 0.015625 0.01953125
0 0.5625 0.091796875 0.015625 0.01953125
0 0.5328125 0.06640625 0.015625 0.01953125
0 0.6453125 0.068359375 0.015625 0.01953125
0 0.74375 0.12109375 0.015625 0.01953125
0 0.6328125 0.751953125 0.015625 0.01953125
0 0.9859375 0.841796875 0.015625 0.01953125
0 0.9703125 0.705078125 0.015625 0.01953125
0 0.7265625 0.556640625 0.015625 0.01953125
0 0.75625 0.73828125 0.015625 0.01953125
