0 0.5265625 0.294921875 0.015625 0.01953125
0 0.471875 0.34765625 0.015625 0.01953125
0 0.46875 0.396484375 0.015625 0.01953125
0 0.43125 0.529296875 0.015625 0.01953125
0 0.4359375 0.5625 0.015625 0.01953125
0 0.3140625 0.544921875 0.015625 0.01953125
0 0.2640625 0.54296875 0.015625 0.01953125
0 0.321875 0.76953125 0.015625 0.01953125
0 0.253125 0.787109375 0.015625 0.01953125
0 0.2609375 0.8125 0.015625 0.01953125
0 0.390625 0.9453125 0.015625 0.01953125
0 0.69375 0.75390625 0.015625 0.01953125
0 0.721875 0.810546875 0.015625 0.01953125
0 0.646875 0.6875 0.015625 0.01953125
0 0.8921875 0.267578125 0.015625 0.01953125
0 0.9203125 0.107421875 0.015625 0.01953125
0 0.759375 0.1171875 0.015625 0.01953125
0 0.6578125 0.1015625 0.015625 0.01953125
0 0.4796875 0.11328125 0.015625 0.01953125
0 0.4953125 0.0703125 0.015625 0.01953125
0 0.3796875 0.005859375 0.015625 0.01953125
0 0.2828125 0.01171875 0.015625 0.01953125
0 0.1671875 0.021484375 0.015625 0.01953125
0 0.1078125 0.138671875 0.015625 0.01953125
0 0.2296875 0.138671875 0.015625 0.01953125
0 0.25625 0.220703125 0.015625 0.01953125
0 0.21875 0.28125 0.015625 0.01953125
0 0.015625 0.625 0.015625 0.01953125
0 0.1078125 0.611328125 0.015625 0.01953125
0 0.0421875 0.181640625 0.015625 0.01953125
0 0.0125 0.1640625 0.015625 0.01953125
0 0.1484375 0.083984375 0.015625 0.01953125
0 0.1125 0.181640625 0.015625 0.01953125
0 0.2328125 0.2265625 0.015625 0.01953125
0 0.2890625 0.232421875 0.015625 0.01953125
0 0.0578125 0.396484375 0.015625 0.01953125
0 0.646875 0.744140625 0.015625 0.01953125
0 0.2765625 0.763671875 0.015625 0.01953125
0 0.2296875 0.736328125 0.015625 0.01953125
0 0.3609375 0.787109375 0.015625 0.01953125
0 0.34375 0.775390625 0.015625 0.01953125
0 0.075 0.01953125 0.015625 0.01953125
0 0.38125 0.03515625 0.015625 0.01953125
