0 0.5328125 0.201171875 0.015625 0.01953125
0 0.5546875 0.203125 0.015625 0.01953125
0 0.5203125 0.1796875 0.015625 0.01953125
0 0.56875 0.248046875 0.015625 0.01953125
0 0.571875 0.349609375 0.015625 0.01953125
0 0.6109375 0.29296875 0.015625 0.01953125
0 0.625 0.296875 0.015625 0.01953125
0 0.6640625 0.34765625 0.015625 0.01953125
0 0.66875 0.416015625 0.015625 0.01953125
0 0.6859375 0.3046875 0.015625 0.01953125
0 0.6921875 0.26171875 0.015625 0.01953125
0 0.6734375 0.248046875 0.015625 0.01953125
0 0.6765625 0.205078125 0.015625 0.01953125
0 0.796875 0.267578125 0.015625 0.01953125
0 0.8109375 0.28515625 0.015625 0.01953125
0 0.7703125 0.30859375 0.015625 0.01953125
0 0.8 0.30078125 0.015625 0.01953125
0 0.7875 0.314453125 0.015625 0.01953125
0 0.775 0.32421875 0.015625 0.01953125
0 0.7703125 0.3359375 0.015625 0.01953125
0 0.78125 0.33984375 0.015625 0.01953125
0 0.78125 0.3515625 0.015625 0.01953125
0 0.796875 0.345703125 0.015625 0.01953125
0 0.796875 0.328125 0.015625 0.01953125
0 0.8078125 0.32421875 0.015625 0.01953125
0 0.8125 0.341796875 0.015625 0.01953125
0 0.8 0.361328125 0.015625 0.01953125
0 0.78125 0.36328125 0.015625 0.01953125
0 0.7640625 0.39453125 0.015625 0.01953125
0 0.7765625 0.40234375 0.015625 0.01953125
0 0.7640625 0.423828125 0.015625 0.01953125
0 0.78125 0.431640625 0.015625 0.01953125
0 0.715625 0.419921875 0.015625 0.01953125
0 0.88125 0.3359375 0.015625 0.01953125
0 0.790625 0.578125 0.015625 0.01953125
0 0.8140625 0.55078125 0.015625 0.01953125
0 0.8203125 0.595703125 0.015625 0.01953125
0 0.796875 0.59765625 0.015625 0.01953125
0 0.8 0.62109375 0.015625 0.01953125
0 0.8171875 0.64453125 0.015625 0.01953125
0 0.834375 0.60546875 0.015625 0.01953125
0 0.8796875 0.373046875 0.015625 0.01953125
0 0.34375 0.724609375 0.015625 0.01953125
0 0.4703125 0.611328125 0.015625 0.01953125
0 0.16875 0.60546875 0.015625 0.01953125
0 0.2265625 0.046875 0.015625 0.01953125
0 0.1234375 0.896484375 0.015625 0.01953125
0 0.1828125 0.951171875 0.015625 0.01953125
0 0.225 0.884765625 0.015625 0.01953125
0 0.2359375 0.8984375 0.015625 0.01953125
0 0.1 0.94140625 0.015625 0.01953125
0 0.1109375 0.955078125 0.015625 0.01953125
0 0.015625 0.90625 0.015625 0.01953125
0 0.6953125 0.31640625 0.015625 0.01953125
0 0.884375 0.30078125 0.015625 0.01953125
0 0.85 0.310546875 0.015625 0.01953125
0 0.7921875 0.642578125 0.015625 0.01953125
0 0.378125 0.162109375 0.015625 0.01953125
0 0.3609375 0.146484375 0.015625 0.01953125
0 0.371875 0.111328125 0.015625 0.01953125
0 0.3875 0.146484375 0.015625 0.01953125
