0 0.415625 0.123046875 0.015625 0.01953125
0 0.290625 0.244140625 0.015625 0.01953125
0 0.128125 0.279296875 0.015625 0.01953125
0 0.521875 0.46484375 0.015625 0.01953125
0 0.5546875 0.6171875 0.015625 0.01953125
0 0.5484375 0.58984375 0.015625 0.01953125
0 0.7703125 0.626953125 0.015625 0.01953125
0 0.7875 0.58984375 0.015625 0.01953125
0 0.7265625 0.50390625 0.015625 0.01953125
0 0.7296875 0.4765625 0.015625 0.01953125
0 0.734375 0.443359375 0.015625 0.01953125
0 0.8875 0.330078125 0.015625 0.01953125
0 0.91875 0.140625 0.015625 0.01953125
0 0.8875 0.109375 0.015625 0.01953125
0 0.6625 0.140625 0.015625 0.01953125
0 0.9328125 0.55859375 0.015625 0.01953125
0 0.796875 0.65234375 0.015625 0.01953125
0 0.2390625 0.59765625 0.015625 0.01953125
0 0.2984375 0.900390625 0.015625 0.01953125
0 0.1046875 0.798828125 0.015625 0.01953125
0 0.6828125 0.728515625 0.015625 0.01953125
0 0.646875 0.712890625 0.015625 0.01953125
0 0.6390625 0.681640625 0.015625 0.01953125
0 0.609375 0.720703125 0.015625 0.01953125
0 0.80625 0.69140625 0.015625 0.01953125
0 0.0703125 0.88671875 0.015625 0.01953125
0 0.1296875 0.939453125 0.015625 0.01953125
0 0.1890625 0.919921875 0.015625 0.01953125
0 0.371875 0.986328125 0.015625 0.01953125
0 0.3265625 0.9921875 0.015625 0.01953125
