0 0.675 0.97265625 0.015625 0.01953125
0 0.6296875 0.986328125 0.015625 0.01953125
0 0.6953125 0.9921875 0.015625 0.01953125
0 0.584375 0.880859375 0.015625 0.01953125
0 0.8703125 0.880859375 0.015625 0.01953125
0 0.853125 0.849609375 0.015625 0.01953125
0 0.796875 0.79296875 0.015625 0.01953125
0 0.7890625 0.7734375 0.015625 0.01953125
0 0.7734375 0.759765625 0.015625 0.01953125
0 0.665625 0.759765625 0.015625 0.01953125
0 0.6296875 0.751953125 0.015625 0.01953125
0 0.6484375 0.7265625 0.015625 0.01953125
0 0.4640625 0.96875 0.015625 0.01953125
0 0.4390625 0.91796875 0.015625 0.01953125
0 0.384375 0.966796875 0.015625 0.01953125
0 0.2546875 0.96875 0.015625 0.01953125
0 0.26875 0.9453125 0.015625 0.01953125
0 0.275 0.896484375 0.015625 0.01953125
0 0.2796875 0.87109375 0.015625 0.01953125
0 0.178125 0.87890625 0.015625 0.01953125
0 0.1734375 0.853515625 0.015625 0.01953125
0 0.0171875 0.982421875 0.015625 0.01953125
0 0.025 0.955078125 0.015625 0.01953125
0 0.0015625 0.92578125 0.015625 0.01953125
0 0.040625 0.89453125 0.015625 0.01953125
0 0.0765625 0.828125 0.015625 0.01953125
0 0.0625 0.86328125 0.015625 0.01953125
0 0.1015625 0.787109375 0.015625 0.01953125
0 0.0890625 0.765625 0.015625 0.01953125
0 0.0171875 0.822265625 0.015625 0.01953125
0 0.0109375 0.759765625 0.015625 0.01953125
0 0.0359375 0.671875 0.015625 0.01953125
0 0.0015625 0.630859375 0.015625 0.01953125
0 0.090625 0.6875 0.015625 0.01953125
0 0.1453125 0.736328125 0.015625 0.01953125
0 0.1234375 0.74609375 0.015625 0.01953125
0 0.2640625 0.681640625 0.015625 0.01953125
0 0.3015625 0.685546875 0.015625 0.01953125
0 0.296875 0.6484375 0.015625 0.01953125
0 0.296875 0.666015625 0.015625 0.01953125
0 0.1671875 0.59765625 0.015625 0.01953125
0 0.1671875 0.56640625 0.015625 0.01953125
0 0.1328125 0.587890625 0.015625 0.01953125
0 0.103125 0.611328125 0.015625 0.01953125
0 0.1015625 0.583984375 0.015625 0.01953125
0 0.1 0.576171875 0.015625 0.01953125
0 0.0859375 0.583984375 0.015625 0.01953125
0 0.134375 0.560546875 0.015625 0.01953125
0 0.1453125 0.52734375 0.015625 0.01953125
0 0.1609375 0.50390625 0.015625 0.01953125
0 0.2734375 0.53125 0.015625 0.01953125
0 0.265625 0.49609375 0.015625 0.01953125
0 0.253125 0.46875 0.015625 0.01953125
0 0.3984375 0.53515625 0.015625 0.01953125
0 0.40625 0.517578125 0.015625 0.01953125
0 0.4953125 0.44921875 0.015625 0.01953125
0 0.35625 0.357421875 0.015625 0.01953125
0 0.34375 0.341796875 0.015625 0.01953125
0 0.3078125 0.326171875 0.015625 0.01953125
0 0.2625 0.302734375 0.015625 0.01953125
0 0.3125 0.2578125 0.015625 0.01953125
0 0.178125 0.2890625 0.015625 0.01953125
0 0.1171875 0.4765625 0.015625 0.01953125
0 0.075 0.51953125 0.015625 0.01953125
0 0.059375 0.552734375 0.015625 0.01953125
0 0.05625 0.54296875 0.015625 0.01953125
0 0.03125 0.509765625 0.015625 0.01953125
0 0.015625 0.5078125 0.015625 0.01953125
0 0.053125 0.462890625 0.015625 0.01953125
0 0.0640625 0.451171875 0.015625 0.01953125
0 0.1484375 0.408203125 0.015625 0.01953125
0 0.08125 0.396484375 0.015625 0.01953125
0 0.0671875 0.3984375 0.015625 0.01953125
0 0.0265625 0.396484375 0.015625 0.01953125
0 0.015625 0.373046875 0.015625 0.01953125
0 0.034375 0.32421875 0.015625 0.01953125
0 0.0703125 0.333984375 0.015625 0.01953125
0 0.1140625 0.357421875 0.015625 0.01953125
0 0.1140625 0.388671875 0.015625 0.01953125
0 0.1140625 0.4453125 0.015625 0.01953125
0 0.1078125 0.326171875 0.015625 0.01953125
0 0.109375 0.287109375 0.015625 0.01953125
0 0.0734375 0.298828125 0.015625 0.01953125
0 0.08125 0.310546875 0.015625 0.01953125
0 0.0859375 0.267578125 0.015625 0.01953125
0 0.1078125 0.25 0.015625 0.01953125
0 0.084375 0.234375 0.015625 0.01953125
0 0.1046875 0.220703125 0.015625 0.01953125
0 0.1171875 0.189453125 0.015625 0.01953125
0 0.0703125 0.1953125 0.015625 0.01953125
0 0.08125 0.173828125 0.015625 0.01953125
0 0.0421875 0.208984375 0.015625 0.01953125
0 0.04375 0.1796875 0.015625 0.01953125
0 0.05 0.166015625 0.015625 0.01953125
0 0.025 0.17578125 0.015625 0.01953125
0 0.025 0.146484375 0.015625 0.01953125
0 0.0140625 0.125 0.015625 0.01953125
0 0.0265625 0.109375 0.015625 0.01953125
0 0.0484375 0.091796875 0.015625 0.01953125
0 0.06875 0.099609375 0.015625 0.01953125
0 0.134375 0.138671875 0.015625 0.01953125
0 0.1203125 0.12890625 0.015625 0.01953125
0 0.1828125 0.17578125 0.015625 0.01953125
0 0.1828125 0.15625 0.015625 0.01953125
0 0.2265625 0.162109375 0.015625 0.01953125
0 0.225 0.146484375 0.015625 0.01953125
0 0.2859375 0.18359375 0.015625 0.01953125
0 0.303125 0.162109375 0.015625 0.01953125
0 0.30625 0.18359375 0.015625 0.01953125
0 0.3375 0.173828125 0.015625 0.01953125
0 0.3484375 0.1875 0.015625 0.01953125
0 0.371875 0.162109375 0.015625 0.01953125
0 0.396875 0.173828125 0.015625 0.01953125
0 0.446875 0.171875 0.015625 0.01953125
0 0.440625 0.12109375 0.015625 0.01953125
0 0.490625 0.1796875 0.015625 0.01953125
0 0.5359375 0.1875 0.015625 0.01953125
0 0.5796875 0.177734375 0.015625 0.01953125
0 0.7359375 0.244140625 0.015625 0.01953125
0 0.75 0.234375 0.015625 0.01953125
0 0.7640625 0.220703125 0.015625 0.01953125
0 0.4515625 0.146484375 0.015625 0.01953125
0 0.7421875 0.197265625 0.015625 0.01953125
0 0.6625 0.12890625 0.015625 0.01953125
0 0.609375 0.080078125 0.015625 0.01953125
0 0.396875 0.080078125 0.015625 0.01953125
0 0.19375 0.091796875 0.015625 0.01953125
0 0.35 0.078125 0.015625 0.01953125
0 0.0546875 0.134765625 0.015625 0.01953125
0 0.809375 0.099609375 0.015625 0.01953125
0 0.85625 0.193359375 0.015625 0.01953125
0 0.875 0.212890625 0.015625 0.01953125
