0 0.8953125 0.66796875 0.015625 0.01953125
0 0.8453125 0.578125 0.015625 0.01953125
0 0.8390625 0.59375 0.015625 0.01953125
0 0.8609375 0.52734375 0.015625 0.01953125
0 0.953125 0.513671875 0.015625 0.01953125
0 0.74375 0.708984375 0.015625 0.01953125
0 0.7421875 0.74609375 0.015625 0.01953125
0 0.725 0.751953125 0.015625 0.01953125
0 0.7140625 0.7578125 0.015625 0.01953125
0 0.975 0.96484375 0.015625 0.01953125
0 0.625 0.947265625 0.015625 0.01953125
0 0.7125 0.962890625 0.015625 0.01953125
0 0.7328125 0.955078125 0.015625 0.01953125
0 0.6140625 0.921875 0.015625 0.01953125
0 0.5765625 0.90234375 0.015625 0.01953125
0 0.575 0.88671875 0.015625 0.01953125
0 0.5625 0.779296875 0.015625 0.01953125
0 0.5484375 0.798828125 0.015625 0.01953125
0 0.534375 0.83984375 0.015625 0.01953125
0 0.5390625 0.8671875 0.015625 0.01953125
0 0.484375 0.978515625 0.015625 0.01953125
0 0.5109375 0.892578125 0.015625 0.01953125
0 0.4640625 0.88671875 0.015625 0.01953125
0 0.4546875 0.953125 0.015625 0.01953125
0 0.4265625 0.95703125 0.015625 0.01953125
0 0.4453125 0.828125 0.015625 0.01953125
0 0.4140625 0.83984375 0.015625 0.01953125
0 0.396875 0.841796875 0.015625 0.01953125
0 0.35 0.93359375 0.015625 0.01953125
0 0.315625 0.93359375 0.015625 0.01953125
0 0.2796875 0.921875 0.015625 0.01953125
0 0.228125 0.95703125 0.015625 0.01953125
0 0.1875 0.92578125 0.015625 0.01953125
0 0.146875 0.927734375 0.015625 0.01953125
0 0.1671875 0.890625 0.015625 0.01953125
0 0.234375 0.841796875 0.015625 0.01953125
0 0.2734375 0.830078125 0.015625 0.01953125
0 0.30625 0.875 0.015625 0.01953125
0 0.3125 0.765625 0.015625 0.01953125
0 0.2859375 0.779296875 0.015625 0.01953125
0 0.384375 0.744140625 0.015625 0.01953125
0 0.471875 0.73828125 0.015625 0.01953125
0 0.503125 0.72265625 0.015625 0.01953125
0 0.4515625 0.70703125 0.015625 0.01953125
0 0.3546875 0.724609375 0.015625 0.01953125
0 0.371875 0.67578125 0.015625 0.01953125
0 0.328125 0.677734375 0.015625 0.01953125
0 0.3125 0.712890625 0.015625 0.01953125
0 0.2703125 0.703125 0.015625 0.01953125
0 0.3015625 0.658203125 0.015625 0.01953125
0 0.24375 0.65625 0.015625 0.01953125
0 0.2453125 0.70703125 0.015625 0.01953125
0 0.221875 0.751953125 0.015625 0.01953125
0 0.1953125 0.771484375 0.015625 0.01953125
0 0.125 0.8515625 0.015625 0.01953125
0 0.0828125 0.875 0.015625 0.01953125
0 0.2015625 0.71484375 0.015625 0.01953125
0 0.190625 0.66015625 0.015625 0.01953125
0 0.1296875 0.814453125 0.015625 0.01953125
0 0.0921875 0.806640625 0.015625 0.01953125
0 0.0421875 0.943359375 0.015625 0.01953125
0 0.025 0.970703125 0.015625 0.01953125
0 0.0390625 0.7734375 0.015625 0.01953125
0 0.0703125 0.751953125 0.015625 0.01953125
0 0.075 0.705078125 0.015625 0.01953125
0 0.165625 0.73828125 0.015625 0.01953125
0 0.14375 0.7734375 0.015625 0.01953125
0 0.1421875 0.68359375 0.015625 0.01953125
0 0.1203125 0.642578125 0.015625 0.01953125
0 0.075 0.576171875 0.015625 0.01953125
0 0.15 0.603515625 0.015625 0.01953125
0 0.184375 0.591796875 0.015625 0.01953125
0 0.190625 0.560546875 0.015625 0.01953125
0 0.2234375 0.56640625 0.015625 0.01953125
0 0.2578125 0.578125 0.015625 0.01953125
0 0.296875 0.552734375 0.015625 0.01953125
0 0.3015625 0.591796875 0.015625 0.01953125
0 0.325 0.623046875 0.015625 0.01953125
0 0.3734375 0.623046875 0.015625 0.01953125
0 0.4046875 0.64453125 0.015625 0.01953125
0 0.43125 0.630859375 0.015625 0.01953125
0 0.4953125 0.64453125 0.015625 0.01953125
0 0.5109375 0.634765625 0.015625 0.01953125
0 0.5265625 0.59765625 0.015625 0.01953125
0 0.5625 0.62890625 0.015625 0.01953125
0 0.5765625 0.650390625 0.015625 0.01953125
0 0.60625 0.6640625 0.015625 0.01953125
0 0.603125 0.6328125 0.015625 0.01953125
0 0.58125 0.595703125 0.015625 0.01953125
0 0.5984375 0.5625 0.015625 0.01953125
0 0.7 0.537109375 0.015625 0.01953125
0 0.7046875 0.560546875 0.015625 0.01953125
0 0.6765625 0.587890625 0.015625 0.01953125
0 0.796875 0.421875 0.015625 0.01953125
0 0.78125 0.408203125 0.015625 0.01953125
0 0.671875 0.408203125 0.015625 0.01953125
0 0.6921875 0.37109375 0.015625 0.01953125
0 0.7328125 0.322265625 0.015625 0.01953125
0 0.7015625 0.296875 0.015625 0.01953125
0 0.46875 0.59765625 0.015625 0.01953125
0 0.5546875 0.55078125 0.015625 0.01953125
0 0.490625 0.5703125 0.015625 0.01953125
0 0.396875 0.59765625 0.015625 0.01953125
0 0.3984375 0.5234375 0.015625 0.01953125
0 0.359375 0.55078125 0.015625 0.01953125
0 0.3265625 0.55078125 0.015625 0.01953125
0 0.578125 0.4765625 0.015625 0.01953125
0 0.4953125 0.525390625 0.015625 0.01953125
0 0.4953125 0.501953125 0.015625 0.01953125
0 0.5171875 0.462890625 0.015625 0.01953125
0 0.45625 0.470703125 0.015625 0.01953125
0 0.4234375 0.486328125 0.015625 0.01953125
0 0.384375 0.49609375 0.015625 0.01953125
0 0.35 0.490234375 0.015625 0.01953125
0 0.546875 0.451171875 0.015625 0.01953125
0 0.5453125 0.421875 0.015625 0.01953125
0 0.546875 0.39453125 0.015625 0.01953125
0 0.5484375 0.353515625 0.015625 0.01953125
0 0.5546875 0.328125 0.015625 0.01953125
0 0.54375 0.28515625 0.015625 0.01953125
0 0.534375 0.322265625 0.015625 0.01953125
0 0.553125 0.263671875 0.015625 0.01953125
0 0.5421875 0.212890625 0.015625 0.01953125
0 0.5546875 0.185546875 0.015625 0.01953125
0 0.6125 0.220703125 0.015625 0.01953125
0 0.6625 0.212890625 0.015625 0.01953125
0 0.7265625 0.2265625 0.015625 0.01953125
0 0.7765625 0.228515625 0.015625 0.01953125
0 0.78125 0.2578125 0.015625 0.01953125
0 0.89375 0.201171875 0.015625 0.01953125
0 0.884375 0.173828125 0.015625 0.01953125
0 0.9296875 0.234375 0.015625 0.01953125
0 0.9796875 0.228515625 0.015625 0.01953125
0 0.5171875 0.240234375 0.015625 0.01953125
0 0.5109375 0.26171875 0.015625 0.01953125
0 0.521875 0.28125 0.015625 0.01953125
0 0.515625 0.302734375 0.015625 0.01953125
0 0.5125 0.349609375 0.015625 0.01953125
0 0.50625 0.396484375 0.015625 0.01953125
0 0.4796875 0.4140625 0.015625 0.01953125
0 0.45625 0.392578125 0.015625 0.01953125
0 0.4484375 0.4296875 0.015625 0.01953125
0 0.415625 0.419921875 0.015625 0.01953125
0 0.3875 0.419921875 0.015625 0.01953125
0 0.3609375 0.423828125 0.015625 0.01953125
0 0.3609375 0.451171875 0.015625 0.01953125
0 0.3375 0.45703125 0.015625 0.01953125
0 0.3390625 0.419921875 0.015625 0.01953125
0 0.328125 0.400390625 0.015625 0.01953125
0 0.3171875 0.44921875 0.015625 0.01953125
0 0.303125 0.4296875 0.015625 0.01953125
0 0.3109375 0.4140625 0.015625 0.01953125
0 0.2953125 0.396484375 0.015625 0.01953125
0 0.275 0.44921875 0.015625 0.01953125
0 0.26875 0.416015625 0.015625 0.01953125
0 0.23125 0.462890625 0.015625 0.01953125
0 0.2140625 0.490234375 0.015625 0.01953125
0 0.2 0.505859375 0.015625 0.01953125
0 0.1859375 0.525390625 0.015625 0.01953125
0 0.165625 0.478515625 0.015625 0.01953125
0 0.178125 0.451171875 0.015625 0.01953125
0 0.1984375 0.443359375 0.015625 0.01953125
0 0.2109375 0.4296875 0.015625 0.01953125
0 0.1578125 0.443359375 0.015625 0.01953125
0 0.15 0.41796875 0.015625 0.01953125
0 0.1296875 0.421875 0.015625 0.01953125
0 0.2046875 0.40234375 0.015625 0.01953125
0 0.165625 0.388671875 0.015625 0.01953125
0 0.140625 0.388671875 0.015625 0.01953125
0 0.090625 0.361328125 0.015625 0.01953125
0 0.1359375 0.3359375 0.015625 0.01953125
0 0.4375 0.166015625 0.015625 0.01953125
0 0.484375 0.1640625 0.015625 0.01953125
0 0.4625 0.17578125 0.015625 0.01953125
0 0.446875 0.197265625 0.015625 0.01953125
0 0.46875 0.208984375 0.015625 0.01953125
0 0.4609375 0.240234375 0.015625 0.01953125
0 0.478125 0.255859375 0.015625 0.01953125
0 0.4734375 0.279296875 0.015625 0.01953125
0 0.4859375 0.27734375 0.015625 0.01953125
0 0.4859375 0.30078125 0.015625 0.01953125
0 0.4796875 0.314453125 0.015625 0.01953125
0 0.3984375 0.380859375 0.015625 0.01953125
0 0.371875 0.376953125 0.015625 0.01953125
0 0.3390625 0.375 0.015625 0.01953125
0 0.4140625 0.3515625 0.015625 0.01953125
0 0.39375 0.33203125 0.015625 0.01953125
0 0.3609375 0.341796875 0.015625 0.01953125
0 0.3421875 0.33203125 0.015625 0.01953125
0 0.3234375 0.3359375 0.015625 0.01953125
0 0.434375 0.322265625 0.015625 0.01953125
0 0.43125 0.287109375 0.015625 0.01953125
0 0.4078125 0.283203125 0.015625 0.01953125
0 0.409375 0.302734375 0.015625 0.01953125
0 0.3578125 0.30078125 0.015625 0.01953125
0 0.340625 0.30859375 0.015625 0.01953125
0 0.321875 0.30859375 0.015625 0.01953125
0 0.425 0.220703125 0.015625 0.01953125
0 0.384375 0.25 0.015625 0.01953125
0 0.365625 0.263671875 0.015625 0.01953125
0 0.35 0.265625 0.015625 0.01953125
0 0.3375 0.265625 0.015625 0.01953125
0 0.321875 0.265625 0.015625 0.01953125
0 0.246875 0.369140625 0.015625 0.01953125
0 0.1734375 0.34765625 0.015625 0.01953125
0 0.215625 0.384765625 0.015625 0.01953125
0 0.2171875 0.34375 0.015625 0.01953125
0 0.2234375 0.3203125 0.015625 0.01953125
0 0.19375 0.31640625 0.015625 0.01953125
0 0.1859375 0.29296875 0.015625 0.01953125
0 0.290625 0.314453125 0.015625 0.01953125
0 0.2640625 0.302734375 0.015625 0.01953125
0 0.2703125 0.275390625 0.015625 0.01953125
0 0.20625 0.302734375 0.015625 0.01953125
0 0.2328125 0.287109375 0.015625 0.01953125
0 0.246875 0.267578125 0.015625 0.01953125
0 0.23125 0.25390625 0.015625 0.01953125
0 0.2421875 0.240234375 0.015625 0.01953125
0 0.253125 0.2265625 0.015625 0.01953125
0 0.2421875 0.208984375 0.015625 0.01953125
0 0.2078125 0.193359375 0.015625 0.01953125
0 0.1859375 0.1953125 0.015625 0.01953125
0 0.1625 0.205078125 0.015625 0.01953125
0 0.121875 0.1796875 0.015625 0.01953125
0 0.0921875 0.1875 0.015625 0.01953125
0 0.059375 0.19140625 0.015625 0.01953125
0 0.0015625 0.197265625 0.015625 0.01953125
0 0.275 0.3359375 0.015625 0.01953125
0 0.290625 0.34375 0.015625 0.01953125
0 0.059375 0.251953125 0.015625 0.01953125
0 0.2265625 0.142578125 0.015625 0.01953125
0 0.26875 0.177734375 0.015625 0.01953125
0 0.246875 0.1796875 0.015625 0.01953125
0 0.3046875 0.154296875 0.015625 0.01953125
0 0.3140625 0.1015625 0.015625 0.01953125
0 0.2609375 0.115234375 0.015625 0.01953125
0 0.2203125 0.111328125 0.015625 0.01953125
0 0.825 0.123046875 0.015625 0.01953125
0 0.55 0.046875 0.015625 0.01953125
