0 0.978125 0.94140625 0.015625 0.01953125
0 0.990625 0.958984375 0.015625 0.01953125
0 0.9046875 0.87890625 0.015625 0.01953125
0 0.9015625 0.8515625 0.015625 0.01953125
0 0.9015625 0.8046875 0.015625 0.01953125
0 0.9125 0.76953125 0.015625 0.01953125
0 0.828125 0.74609375 0.015625 0.01953125
0 0.846875 0.697265625 0.015625 0.01953125
0 0.809375 0.6875 0.015625 0.01953125
0 0.7453125 0.759765625 0.015625 0.01953125
0 0.8734375 0.91015625 0.015625 0.01953125
0 0.81875 0.904296875 0.015625 0.01953125
0 0.790625 0.96875 0.015625 0.01953125
0 0.8515625 0.9921875 0.015625 0.01953125
0 0.7046875 0.939453125 0.015625 0.01953125
0 0.6671875 0.939453125 0.015625 0.01953125
0 0.6296875 0.923828125 0.015625 0.01953125
0 0.58125 0.96875 0.015625 0.01953125
0 0.54375 0.923828125 0.015625 0.01953125
0 0.4921875 0.9296875 0.015625 0.01953125
0 0.3828125 0.9609375 0.015625 0.01953125
0 0.528125 0.8671875 0.015625 0.01953125
0 0.478125 0.85546875 0.015625 0.01953125
0 0.4421875 0.873046875 0.015625 0.01953125
0 0.3875 0.828125 0.015625 0.01953125
0 0.4140625 0.802734375 0.015625 0.01953125
0 0.3921875 0.783203125 0.015625 0.01953125
0 0.2875 0.873046875 0.015625 0.01953125
0 0.1671875 0.697265625 0.015625 0.01953125
0 0.2421875 0.58203125 0.015625 0.01953125
0 0.171875 0.49609375 0.015625 0.01953125
0 0.1125 0.57421875 0.015625 0.01953125
0 0.2953125 0.48046875 0.015625 0.01953125
0 0.421875 0.58203125 0.015625 0.01953125
0 0.4140625 0.61328125 0.015625 0.01953125
0 0.4625 0.64453125 0.015625 0.01953125
0 0.4890625 0.685546875 0.015625 0.01953125
0 0.5015625 0.751953125 0.015625 0.01953125
0 0.4953125 0.779296875 0.015625 0.01953125
0 0.5375 0.78125 0.015625 0.01953125
0 0.596875 0.822265625 0.015625 0.01953125
0 0.625 0.8359375 0.015625 0.01953125
0 0.659375 0.87109375 0.015625 0.01953125
0 0.7546875 0.841796875 0.015625 0.01953125
0 0.775 0.84765625 0.015625 0.01953125
0 0.796875 0.8359375 0.015625 0.01953125
0 0.7015625 0.7265625 0.015625 0.01953125
0 0.6578125 0.759765625 0.015625 0.01953125
0 0.6359375 0.77734375 0.015625 0.01953125
0 0.575 0.748046875 0.015625 0.01953125
0 0.5515625 0.72265625 0.015625 0.01953125
0 0.540625 0.66796875 0.015625 0.01953125
0 0.5125 0.642578125 0.015625 0.01953125
0 0.59375 0.705078125 0.015625 0.01953125
0 0.625 0.708984375 0.015625 0.01953125
0 0.665625 0.71875 0.015625 0.01953125
0 0.690625 0.673828125 0.015625 0.01953125
0 0.646875 0.658203125 0.015625 0.01953125
0 0.5875 0.658203125 0.015625 0.01953125
0 0.559375 0.603515625 0.015625 0.01953125
0 0.5390625 0.59765625 0.015625 0.01953125
0 0.5328125 0.56640625 0.015625 0.01953125
0 0.596875 0.576171875 0.015625 0.01953125
0 0.6390625 0.560546875 0.015625 0.01953125
0 0.65625 0.591796875 0.015625 0.01953125
0 0.6734375 0.634765625 0.015625 0.01953125
0 0.715625 0.625 0.015625 0.01953125
0 0.75625 0.599609375 0.015625 0.01953125
0 0.7640625 0.642578125 0.015625 0.01953125
0 0.7859375 0.642578125 0.015625 0.01953125
0 0.8234375 0.6171875 0.015625 0.01953125
0 0.8328125 0.583984375 0.015625 0.01953125
0 0.85 0.595703125 0.015625 0.01953125
0 0.875 0.603515625 0.015625 0.01953125
0 0.8609375 0.638671875 0.015625 0.01953125
0 0.940625 0.66015625 0.015625 0.01953125
0 0.9171875 0.63671875 0.015625 0.01953125
0 0.9390625 0.603515625 0.015625 0.01953125
0 0.9515625 0.5703125 0.015625 0.01953125
0 0.965625 0.6484375 0.015625 0.01953125
0 0.9640625 0.666015625 0.015625 0.01953125
0 0.909375 0.5546875 0.015625 0.01953125
0 0.8453125 0.537109375 0.015625 0.01953125
0 0.7921875 0.51953125 0.015625 0.01953125
0 0.753125 0.5234375 0.015625 0.01953125
0 0.7109375 0.556640625 0.015625 0.01953125
0 0.6828125 0.55859375 0.015625 0.01953125
0 0.865625 0.5078125 0.015625 0.01953125
0 0.9375 0.482421875 0.015625 0.01953125
0 0.86875 0.470703125 0.015625 0.01953125
0 0.8328125 0.5 0.015625 0.01953125
0 0.803125 0.4765625 0.015625 0.01953125
0 0.7734375 0.484375 0.015625 0.01953125
0 0.7375 0.48828125 0.015625 0.01953125
0 0.6984375 0.48828125 0.015625 0.01953125
0 0.6578125 0.498046875 0.015625 0.01953125
0 0.7171875 0.458984375 0.015625 0.01953125
0 0.6875 0.45703125 0.015625 0.01953125
0 0.6625 0.45703125 0.015625 0.01953125
0 0.565625 0.498046875 0.015625 0.01953125
0 0.546875 0.482421875 0.015625 0.01953125
0 0.50625 0.48828125 0.015625 0.01953125
0 0.5390625 0.513671875 0.015625 0.01953125
0 0.5203125 0.453125 0.015625 0.01953125
0 0.5375 0.443359375 0.015625 0.01953125
0 0.559375 0.4296875 0.015625 0.01953125
0 0.5671875 0.4453125 0.015625 0.01953125
0 0.58125 0.435546875 0.015625 0.01953125
0 0.60625 0.421875 0.015625 0.01953125
0 0.6625 0.416015625 0.015625 0.01953125
0 0.6515625 0.435546875 0.015625 0.01953125
0 0.6359375 0.40234375 0.015625 0.01953125
0 0.6890625 0.404296875 0.015625 0.01953125
0 0.6859375 0.4296875 0.015625 0.01953125
0 0.709375 0.4296875 0.015625 0.01953125
0 0.7375 0.41796875 0.015625 0.01953125
0 0.7703125 0.421875 0.015625 0.01953125
0 0.7984375 0.39453125 0.015625 0.01953125
0 0.821875 0.41015625 0.015625 0.01953125
0 0.859375 0.443359375 0.015625 0.01953125
0 0.903125 0.435546875 0.015625 0.01953125
0 0.903125 0.40234375 0.015625 0.01953125
0 0.8609375 0.404296875 0.015625 0.01953125
0 0.8625 0.369140625 0.015625 0.01953125
0 0.8984375 0.359375 0.015625 0.01953125
0 0.8765625 0.333984375 0.015625 0.01953125
0 0.8625 0.345703125 0.015625 0.01953125
0 0.9140625 0.33203125 0.015625 0.01953125
0 0.8890625 0.318359375 0.015625 0.01953125
0 0.89375 0.294921875 0.015625 0.01953125
0 0.8640625 0.310546875 0.015625 0.01953125
0 0.878125 0.28125 0.015625 0.01953125
0 0.90625 0.265625 0.015625 0.01953125
0 0.9640625 0.224609375 0.015625 0.01953125
0 0.9046875 0.193359375 0.015625 0.01953125
0 0.8671875 0.240234375 0.015625 0.01953125
0 0.8578125 0.265625 0.015625 0.01953125
0 0.8328125 0.166015625 0.015625 0.01953125
0 0.3265625 0.361328125 0.015625 0.01953125
0 0.7484375 0.37890625 0.015625 0.01953125
0 0.7171875 0.3828125 0.015625 0.01953125
0 0.69375 0.380859375 0.015625 0.01953125
0 0.61875 0.376953125 0.015625 0.01953125
0 0.5921875 0.373046875 0.015625 0.01953125
0 0.59375 0.37890625 0.015625 0.01953125
0 0.559375 0.38671875 0.015625 0.01953125
0 0.55625 0.408203125 0.015625 0.01953125
0 0.5109375 0.396484375 0.015625 0.01953125
0 0.490625 0.3984375 0.015625 0.01953125
0 0.490625 0.416015625 0.015625 0.01953125
0 0.4890625 0.43359375 0.015625 0.01953125
0 0.5 0.443359375 0.015625 0.01953125
0 0.5203125 0.349609375 0.015625 0.01953125
0 0.521875 0.330078125 0.015625 0.01953125
0 0.4796875 0.345703125 0.015625 0.01953125
0 0.43125 0.40234375 0.015625 0.01953125
0 0.346875 0.3046875 0.015625 0.01953125
0 0.340625 0.287109375 0.015625 0.01953125
0 0.26875 0.275390625 0.015625 0.01953125
0 0.209375 0.22265625 0.015625 0.01953125
0 0.2625 0.201171875 0.015625 0.01953125
0 0.290625 0.205078125 0.015625 0.01953125
0 0.3515625 0.20703125 0.015625 0.01953125
0 0.3984375 0.1796875 0.015625 0.01953125
0 0.39375 0.212890625 0.015625 0.01953125
0 0.409375 0.193359375 0.015625 0.01953125
0 0.4359375 0.197265625 0.015625 0.01953125
0 0.4640625 0.20703125 0.015625 0.01953125
0 0.5109375 0.212890625 0.015625 0.01953125
0 0.5328125 0.203125 0.015625 0.01953125
0 0.2203125 0.13671875 0.015625 0.01953125
0 0.5390625 0.236328125 0.015625 0.01953125
0 0.5546875 0.212890625 0.015625 0.01953125
0 0.5328125 0.267578125 0.015625 0.01953125
0 0.525 0.28515625 0.015625 0.01953125
0 0.54375 0.30859375 0.015625 0.01953125
0 0.5546875 0.30859375 0.015625 0.01953125
0 0.565625 0.345703125 0.015625 0.01953125
0 0.575 0.328125 0.015625 0.01953125
0 0.575 0.2890625 0.015625 0.01953125
0 0.5859375 0.275390625 0.015625 0.01953125
0 0.609375 0.25390625 0.015625 0.01953125
0 0.6140625 0.28125 0.015625 0.01953125
0 0.609375 0.30859375 0.015625 0.01953125
0 0.6 0.330078125 0.015625 0.01953125
0 0.6203125 0.3359375 0.015625 0.01953125
0 0.640625 0.310546875 0.015625 0.01953125
0 0.6703125 0.33203125 0.015625 0.01953125
0 0.6625 0.3125 0.015625 0.01953125
0 0.6890625 0.341796875 0.015625 0.01953125
0 0.7015625 0.341796875 0.015625 0.01953125
0 0.7359375 0.3359375 0.015625 0.01953125
0 0.7640625 0.35546875 0.015625 0.01953125
0 0.778125 0.322265625 0.015625 0.01953125
0 0.75 0.28515625 0.015625 0.01953125
0 0.6921875 0.306640625 0.015625 0.01953125
0 0.740625 0.259765625 0.015625 0.01953125
0 0.715625 0.2734375 0.015625 0.01953125
0 0.6984375 0.271484375 0.015625 0.01953125
0 0.678125 0.26953125 0.015625 0.01953125
0 0.65625 0.279296875 0.015625 0.01953125
0 0.8328125 0.306640625 0.015625 0.01953125
0 0.825 0.275390625 0.015625 0.01953125
0 0.8296875 0.25390625 0.015625 0.01953125
0 0.8140625 0.2421875 0.015625 0.01953125
0 0.81875 0.21484375 0.015625 0.01953125
0 0.8359375 0.224609375 0.015625 0.01953125
0 0.8375 0.20703125 0.015625 0.01953125
0 0.8140625 0.16796875 0.015625 0.01953125
0 0.796875 0.19140625 0.015625 0.01953125
0 0.7875 0.166015625 0.015625 0.01953125
0 0.7671875 0.224609375 0.015625 0.01953125
0 0.7328125 0.140625 0.015625 0.01953125
0 0.7109375 0.091796875 0.015625 0.01953125
0 0.6515625 0.087890625 0.015625 0.01953125
0 0.640625 0.14453125 0.015625 0.01953125
0 0.5765625 0.259765625 0.015625 0.01953125
0 0.5859375 0.2421875 0.015625 0.01953125
0 0.5953125 0.23046875 0.015625 0.01953125
0 0.60625 0.21875 0.015625 0.01953125
0 0.5921875 0.212890625 0.015625 0.01953125
0 0.6015625 0.1796875 0.015625 0.01953125
0 0.6140625 0.177734375 0.015625 0.01953125
0 0.5859375 0.181640625 0.015625 0.01953125
0 0.5703125 0.1484375 0.015625 0.01953125
0 0.584375 0.119140625 0.015625 0.01953125
0 0.9421875 0.08984375 0.015625 0.01953125
0 0.9015625 0.044921875 0.015625 0.01953125
