0 0.2953125 0.146484375 0.015625 0.01953125
0 0.3703125 0.15625 0.015625 0.01953125
0 0.51875 0.169921875 0.015625 0.01953125
0 0.5421875 0.18359375 0.015625 0.01953125
0 0.5546875 0.201171875 0.015625 0.01953125
0 0.5359375 0.228515625 0.015625 0.01953125
0 0.434375 0.228515625 0.015625 0.01953125
0 0.4859375 0.2265625 0.015625 0.01953125
0 0.6078125 0.224609375 0.015625 0.01953125
0 0.621875 0.234375 0.015625 0.01953125
0 0.4890625 0.34375 0.015625 0.01953125
0 0.446875 0.365234375 0.015625 0.01953125
0 0.253125 0.599609375 0.015625 0.01953125
0 0.0359375 0.75390625 0.015625 0.01953125
0 0.134375 0.927734375 0.015625 0.01953125
0 0.1875 0.91796875 0.015625 0.01953125
0 0.3609375 0.69921875 0.015625 0.01953125
0 0.484375 0.525390625 0.015625 0.01953125
0 0.4421875 0.498046875 0.015625 0.01953125
0 0.50625 0.443359375 0.015625 0.01953125
0 0.4171875 0.939453125 0.015625 0.01953125
0 0.44375 0.89453125 0.015625 0.01953125
0 0.4796875 0.890625 0.015625 0.01953125
0 0.5171875 0.837890625 0.015625 0.01953125
0 0.528125 0.837890625 0.015625 0.01953125
0 0.634375 0.9453125 0.015625 0.01953125
0 0.5828125 0.953125 0.015625 0.01953125
0 0.5921875 0.876953125 0.015625 0.01953125
0 0.68125 0.9609375 0.015625 0.01953125
0 0.8328125 0.974609375 0.015625 0.01953125
0 0.7875 0.935546875 0.015625 0.01953125
0 0.803125 0.91796875 0.015625 0.01953125
0 0.7984375 0.86328125 0.015625 0.01953125
0 0.83125 0.859375 0.015625 0.01953125
0 0.9125 0.8671875 0.015625 0.01953125
0 0.925 0.951171875 0.015625 0.01953125
0 0.953125 0.9609375 0.015625 0.01953125
0 0.975 0.947265625 0.015625 0.01953125
0 0.9921875 0.8125 0.015625 0.01953125
0 0.975 0.73828125 0.015625 0.01953125
0 0.940625 0.75 0.015625 0.01953125
0 0.8734375 0.822265625 0.015625 0.01953125
0 0.9 0.78515625 0.015625 0.01953125
0 0.859375 0.7734375 0.015625 0.01953125
0 0.8296875 0.806640625 0.015625 0.01953125
0 0.79375 0.796875 0.015625 0.01953125
0 0.7640625 0.79296875 0.015625 0.01953125
0 0.7359375 0.841796875 0.015625 0.01953125
0 0.7078125 0.853515625 0.015625 0.01953125
0 0.7125 0.798828125 0.015625 0.01953125
0 0.6734375 0.84375 0.015625 0.01953125
0 0.659375 0.826171875 0.015625 0.01953125
0 0.646875 0.837890625 0.015625 0.01953125
0 0.6421875 0.865234375 0.015625 0.01953125
0 0.659375 0.861328125 0.015625 0.01953125
0 0.646875 0.7578125 0.015625 0.01953125
0 0.628125 0.708984375 0.015625 0.01953125
0 0.5875 0.642578125 0.015625 0.01953125
0 0.5921875 0.490234375 0.015625 0.01953125
0 0.646875 0.251953125 0.015625 0.01953125
0 0.659375 0.240234375 0.015625 0.01953125
0 0.715625 0.166015625 0.015625 0.01953125
0 0.7296875 0.150390625 0.015625 0.01953125
0 0.7640625 0.19921875 0.015625 0.01953125
0 0.8 0.22265625 0.015625 0.01953125
0 0.7796875 0.234375 0.015625 0.01953125
0 0.8171875 0.23828125 0.015625 0.01953125
0 0.8359375 0.220703125 0.015625 0.01953125
0 0.8296875 0.294921875 0.015625 0.01953125
0 0.796875 0.275390625 0.015625 0.01953125
0 0.78125 0.271484375 0.015625 0.01953125
0 0.74375 0.25390625 0.015625 0.01953125
0 0.725 0.24609375 0.015625 0.01953125
0 0.6953125 0.25390625 0.015625 0.01953125
0 0.728125 0.28515625 0.015625 0.01953125
0 0.7265625 0.294921875 0.015625 0.01953125
0 0.6625 0.322265625 0.015625 0.01953125
0 0.653125 0.390625 0.015625 0.01953125
0 0.6671875 0.44140625 0.015625 0.01953125
0 0.66875 0.470703125 0.015625 0.01953125
0 0.684375 0.451171875 0.015625 0.01953125
0 0.6984375 0.3984375 0.015625 0.01953125
0 0.7375 0.361328125 0.015625 0.01953125
0 0.746875 0.3046875 0.015625 0.01953125
0 0.765625 0.30859375 0.015625 0.01953125
0 0.78125 0.302734375 0.015625 0.01953125
0 0.796875 0.30078125 0.015625 0.01953125
0 0.78125 0.328125 0.015625 0.01953125
0 0.7640625 0.341796875 0.015625 0.01953125
0 0.7546875 0.35546875 0.015625 0.01953125
0 0.7640625 0.369140625 0.015625 0.01953125
0 0.7515625 0.384765625 0.015625 0.01953125
0 0.7515625 0.404296875 0.015625 0.01953125
0 0.7296875 0.4296875 0.015625 0.01953125
0 0.7421875 0.44921875 0.015625 0.01953125
0 0.7375 0.470703125 0.015625 0.01953125
0 0.7375 0.486328125 0.015625 0.01953125
0 0.71875 0.501953125 0.015625 0.01953125
0 0.7015625 0.509765625 0.015625 0.01953125
0 0.678125 0.54296875 0.015625 0.01953125
0 0.7140625 0.5703125 0.015625 0.01953125
0 0.7109375 0.59375 0.015625 0.01953125
0 0.70625 0.634765625 0.015625 0.01953125
0 0.7015625 0.666015625 0.015625 0.01953125
0 0.675 0.70703125 0.015625 0.01953125
0 0.7046875 0.74609375 0.015625 0.01953125
0 0.753125 0.73828125 0.015625 0.01953125
0 0.8234375 0.75390625 0.015625 0.01953125
0 0.8453125 0.71875 0.015625 0.01953125
0 0.8921875 0.71484375 0.015625 0.01953125
0 0.93125 0.6875 0.015625 0.01953125
0 0.9921875 0.607421875 0.015625 0.01953125
0 0.99375 0.560546875 0.015625 0.01953125
0 0.9953125 0.4921875 0.015625 0.01953125
0 0.9734375 0.298828125 0.015625 0.01953125
0 0.9328125 0.328125 0.015625 0.01953125
0 0.9171875 0.326171875 0.015625 0.01953125
0 0.9 0.33203125 0.015625 0.01953125
0 0.8734375 0.3359375 0.015625 0.01953125
0 0.8734375 0.3359375 0.015625 0.01953125
0 0.8515625 0.333984375 0.015625 0.01953125
0 0.803125 0.341796875 0.015625 0.01953125
0 0.8015625 0.357421875 0.015625 0.01953125
0 0.8234375 0.376953125 0.015625 0.01953125
0 0.79375 0.396484375 0.015625 0.01953125
0 0.7828125 0.43359375 0.015625 0.01953125
0 0.746875 0.5 0.015625 0.01953125
0 0.765625 0.51953125 0.015625 0.01953125
0 0.7203125 0.5390625 0.015625 0.01953125
0 0.74375 0.5703125 0.015625 0.01953125
0 0.934375 0.611328125 0.015625 0.01953125
0 0.89375 0.625 0.015625 0.01953125
0 0.853125 0.6328125 0.015625 0.01953125
0 0.8375 0.677734375 0.015625 0.01953125
0 0.775 0.646484375 0.015625 0.01953125
0 0.734375 0.677734375 0.015625 0.01953125
0 0.95625 0.56640625 0.015625 0.01953125
0 0.9234375 0.572265625 0.015625 0.01953125
0 0.8765625 0.572265625 0.015625 0.01953125
0 0.8375 0.5703125 0.015625 0.01953125
0 0.8015625 0.53125 0.015625 0.01953125
0 0.7875 0.49609375 0.015625 0.01953125
0 0.821875 0.423828125 0.015625 0.01953125
0 0.8203125 0.388671875 0.015625 0.01953125
0 0.8546875 0.408203125 0.015625 0.01953125
0 0.8828125 0.41015625 0.015625 0.01953125
0 0.940625 0.421875 0.015625 0.01953125
0 0.9234375 0.41015625 0.015625 0.01953125
0 0.953125 0.36328125 0.015625 0.01953125
0 0.9453125 0.380859375 0.015625 0.01953125
0 0.9 0.369140625 0.015625 0.01953125
0 0.8921875 0.376953125 0.015625 0.01953125
0 0.871875 0.365234375 0.015625 0.01953125
0 0.8546875 0.37890625 0.015625 0.01953125
0 0.815625 0.462890625 0.015625 0.01953125
0 0.95625 0.509765625 0.015625 0.01953125
0 0.9640625 0.435546875 0.015625 0.01953125
0 0.9484375 0.443359375 0.015625 0.01953125
0 0.934375 0.4609375 0.015625 0.01953125
0 0.903125 0.416015625 0.015625 0.01953125
0 0.925 0.494140625 0.015625 0.01953125
0 0.90625 0.537109375 0.015625 0.01953125
0 0.8953125 0.49609375 0.015625 0.01953125
0 0.9140625 0.45703125 0.015625 0.01953125
0 0.8859375 0.447265625 0.015625 0.01953125
0 0.8796875 0.501953125 0.015625 0.01953125
0 0.8625 0.482421875 0.015625 0.01953125
0 0.8359375 0.490234375 0.015625 0.01953125
0 0.8484375 0.505859375 0.015625 0.01953125
0 0.8484375 0.53125 0.015625 0.01953125
0 0.8796875 0.53125 0.015625 0.01953125
0 0.9515625 0.1875 0.015625 0.01953125
0 0.9515625 0.146484375 0.015625 0.01953125
0 0.9390625 0.20703125 0.015625 0.01953125
