0 0.2578125 0.13671875 0.015625 0.01953125
0 0.2875 0.130859375 0.015625 0.01953125
0 0.3421875 0.12109375 0.015625 0.01953125
0 0.3578125 0.11328125 0.015625 0.01953125
0 0.4125 0.103515625 0.015625 0.01953125
0 0.4484375 0.103515625 0.015625 0.01953125
0 0.4734375 0.099609375 0.015625 0.01953125
0 0.515625 0.09375 0.015625 0.01953125
0 0.5421875 0.087890625 0.015625 0.01953125
0 0.5703125 0.087890625 0.015625 0.01953125
0 0.596875 0.0859375 0.015625 0.01953125
0 0.6140625 0.095703125 0.015625 0.01953125
0 0.628125 0.044921875 0.015625 0.01953125
0 0.603125 0.0546875 0.015625 0.01953125
0 0.6484375 0.06640625 0.015625 0.01953125
0 0.575 0.029296875 0.015625 0.01953125
0 0.471875 0.212890625 0.015625 0.01953125
0 0.38125 0.244140625 0.015625 0.01953125
0 0.3890625 0.263671875 0.015625 0.01953125
0 0.296875 0.267578125 0.015625 0.01953125
0 0.171875 0.482421875 0.015625 0.01953125
0 0.128125 0.55078125 0.015625 0.01953125
0 0.1984375 0.478515625 0.015625 0.01953125
0 0.3015625 0.404296875 0.015625 0.01953125
0 0.3578125 0.46484375 0.015625 0.01953125
0 0.2859375 0.556640625 0.015625 0.01953125
0 0.2234375 0.7890625 0.015625 0.01953125
0 0.1546875 0.861328125 0.015625 0.01953125
0 0.1140625 0.9453125 0.015625 0.01953125
0 0.278125 0.833984375 0.015625 0.01953125
0 0.2984375 0.787109375 0.015625 0.01953125
0 0.3390625 0.7890625 0.015625 0.01953125
0 0.365625 0.828125 0.015625 0.01953125
0 0.378125 0.86328125 0.015625 0.01953125
0 0.446875 0.705078125 0.015625 0.01953125
0 0.4359375 0.73046875 0.015625 0.01953125
0 0.515625 0.990234375 0.015625 0.01953125
0 0.6078125 0.994140625 0.015625 0.01953125
0 0.675 0.9921875 0.015625 0.01953125
0 0.659375 0.95703125 0.015625 0.01953125
0 0.6984375 0.94140625 0.015625 0.01953125
0 0.6890625 0.87890625 0.015625 0.01953125
0 0.6359375 0.833984375 0.015625 0.01953125
0 0.60625 0.79296875 0.015625 0.01953125
0 0.59375 0.84765625 0.015625 0.01953125
0 0.5265625 0.880859375 0.015625 0.01953125
0 0.5703125 0.787109375 0.015625 0.01953125
0 0.53125 0.787109375 0.015625 0.01953125
0 0.5234375 0.734375 0.015625 0.01953125
0 0.5671875 0.73828125 0.015625 0.01953125
0 0.628125 0.68359375 0.015625 0.01953125
0 0.5796875 0.6640625 0.015625 0.01953125
0 0.5625 0.6484375 0.015625 0.01953125
0 0.5484375 0.587890625 0.015625 0.01953125
0 0.528125 0.560546875 0.015625 0.01953125
0 0.4734375 0.49609375 0.015625 0.01953125
0 0.8140625 0.9296875 0.015625 0.01953125
0 0.7734375 0.91015625 0.015625 0.01953125
0 0.8109375 0.826171875 0.015625 0.01953125
0 0.775 0.826171875 0.015625 0.01953125
0 0.8078125 0.775390625 0.015625 0.01953125
0 0.7484375 0.755859375 0.015625 0.01953125
0 0.709375 0.7265625 0.015625 0.01953125
0 0.740625 0.6953125 0.015625 0.01953125
0 0.715625 0.658203125 0.015625 0.01953125
0 0.746875 0.640625 0.015625 0.01953125
0 0.7328125 0.591796875 0.015625 0.01953125
0 0.778125 0.591796875 0.015625 0.01953125
0 0.8234375 0.6171875 0.015625 0.01953125
0 0.84375 0.71875 0.015625 0.01953125
0 0.8734375 0.705078125 0.015625 0.01953125
0 0.9015625 0.6875 0.015625 0.01953125
0 0.8640625 0.890625 0.015625 0.01953125
0 0.8984375 0.830078125 0.015625 0.01953125
0 0.921875 0.75390625 0.015625 0.01953125
0 0.9703125 0.841796875 0.015625 0.01953125
0 0.9453125 0.8984375 0.015625 0.01953125
0 0.96875 0.923828125 0.015625 0.01953125
0 0.99375 0.685546875 0.015625 0.01953125
0 0.9828125 0.755859375 0.015625 0.01953125
0 0.9890625 0.630859375 0.015625 0.01953125
0 0.9203125 0.59765625 0.015625 0.01953125
0 0.8859375 0.548828125 0.015625 0.01953125
0 0.79375 0.556640625 0.015625 0.01953125
0 0.7578125 0.55078125 0.015625 0.01953125
0 0.7140625 0.541015625 0.015625 0.01953125
0 0.8296875 0.01171875 0.015625 0.01953125
0 0.859375 0.013671875 0.015625 0.01953125
0 0.9125 0.0078125 0.015625 0.01953125
0 0.928125 0.025390625 0.015625 0.01953125
0 0.921875 0.048828125 0.015625 0.01953125
0 0.9046875 0.05859375 0.015625 0.01953125
0 0.8921875 0.091796875 0.015625 0.01953125
0 0.915625 0.10546875 0.015625 0.01953125
0 0.9375 0.080078125 0.015625 0.01953125
0 0.934375 0.14453125 0.015625 0.01953125
0 0.90625 0.140625 0.015625 0.01953125
0 0.90625 0.171875 0.015625 0.01953125
0 0.9046875 0.208984375 0.015625 0.01953125
0 0.903125 0.234375 0.015625 0.01953125
0 0.9875 0.296875 0.015625 0.01953125
0 0.9109375 0.2734375 0.015625 0.01953125
0 0.9828125 0.37109375 0.015625 0.01953125
0 0.921875 0.3046875 0.015625 0.01953125
0 0.953125 0.23046875 0.015625 0.01953125
0 0.928125 0.33984375 0.015625 0.01953125
0 0.953125 0.154296875 0.015625 0.01953125
0 0.921875 0.392578125 0.015625 0.01953125
0 0.9046875 0.369140625 0.015625 0.01953125
0 0.8609375 0.470703125 0.015625 0.01953125
0 0.834375 0.498046875 0.015625 0.01953125
0 0.8140625 0.453125 0.015625 0.01953125
0 0.80625 0.46875 0.015625 0.01953125
0 0.7765625 0.498046875 0.015625 0.01953125
0 0.64375 0.6484375 0.015625 0.01953125
0 0.61875 0.6171875 0.015625 0.01953125
0 0.6625 0.59375 0.015625 0.01953125
0 0.703125 0.58984375 0.015625 0.01953125
0 0.6515625 0.55078125 0.015625 0.01953125
0 0.603125 0.564453125 0.015625 0.01953125
0 0.5734375 0.544921875 0.015625 0.01953125
0 0.4453125 0.396484375 0.015625 0.01953125
0 0.4203125 0.314453125 0.015625 0.01953125
0 0.825 0.341796875 0.015625 0.01953125
0 0.7859375 0.35546875 0.015625 0.01953125
0 0.8078125 0.37890625 0.015625 0.01953125
0 0.8 0.38671875 0.015625 0.01953125
0 0.759375 0.416015625 0.015625 0.01953125
0 0.725 0.431640625 0.015625 0.01953125
0 0.715625 0.470703125 0.015625 0.01953125
0 0.7328125 0.50390625 0.015625 0.01953125
0 0.6890625 0.4296875 0.015625 0.01953125
0 0.646875 0.44140625 0.015625 0.01953125
0 0.6515625 0.48828125 0.015625 0.01953125
0 0.5859375 0.498046875 0.015625 0.01953125
0 0.59375 0.462890625 0.015625 0.01953125
0 0.58125 0.419921875 0.015625 0.01953125
0 0.559375 0.3828125 0.015625 0.01953125
0 0.5953125 0.431640625 0.015625 0.01953125
0 0.575 0.1875 0.015625 0.01953125
0 0.575 0.201171875 0.015625 0.01953125
0 0.5484375 0.234375 0.015625 0.01953125
0 0.5015625 0.244140625 0.015625 0.01953125
0 0.509375 0.294921875 0.015625 0.01953125
0 0.503125 0.314453125 0.015625 0.01953125
0 0.540625 0.314453125 0.015625 0.01953125
0 0.5359375 0.275390625 0.015625 0.01953125
0 0.5796875 0.3125 0.015625 0.01953125
0 0.5625 0.34765625 0.015625 0.01953125
0 0.59375 0.373046875 0.015625 0.01953125
0 0.609375 0.390625 0.015625 0.01953125
0 0.5796875 0.33203125 0.015625 0.01953125
0 0.596875 0.279296875 0.015625 0.01953125
0 0.5828125 0.26171875 0.015625 0.01953125
0 0.5921875 0.234375 0.015625 0.01953125
0 0.590625 0.1953125 0.015625 0.01953125
0 0.5984375 0.166015625 0.015625 0.01953125
0 0.60625 0.201171875 0.015625 0.01953125
0 0.60625 0.142578125 0.015625 0.01953125
0 0.5515625 0.1328125 0.015625 0.01953125
0 0.5890625 0.109375 0.015625 0.01953125
0 0.6078125 0.115234375 0.015625 0.01953125
0 0.6296875 0.123046875 0.015625 0.01953125
0 0.65 0.115234375 0.015625 0.01953125
0 0.6828125 0.09375 0.015625 0.01953125
0 0.790625 0.080078125 0.015625 0.01953125
0 0.825 0.0390625 0.015625 0.01953125
0 0.84375 0.044921875 0.015625 0.01953125
0 0.8609375 0.041015625 0.015625 0.01953125
0 0.8640625 0.05859375 0.015625 0.01953125
0 0.8390625 0.080078125 0.015625 0.01953125
0 0.8328125 0.095703125 0.015625 0.01953125
0 0.83125 0.12109375 0.015625 0.01953125
0 0.8390625 0.16015625 0.015625 0.01953125
0 0.85 0.25 0.015625 0.01953125
0 0.7984375 0.2734375 0.015625 0.01953125
0 0.7859375 0.275390625 0.015625 0.01953125
0 0.7765625 0.287109375 0.015625 0.01953125
0 0.75625 0.287109375 0.015625 0.01953125
0 0.7203125 0.283203125 0.015625 0.01953125
0 0.7 0.294921875 0.015625 0.01953125
0 0.6515625 0.322265625 0.015625 0.01953125
0 0.6546875 0.34765625 0.015625 0.01953125
0 0.6109375 0.31640625 0.015625 0.01953125
0 0.609375 0.330078125 0.015625 0.01953125
0 0.66875 0.2734375 0.015625 0.01953125
0 0.70625 0.361328125 0.015625 0.01953125
0 0.7125 0.322265625 0.015625 0.01953125
0 0.6203125 0.25390625 0.015625 0.01953125
0 0.640625 0.201171875 0.015625 0.01953125
0 0.6359375 0.16015625 0.015625 0.01953125
0 0.6625 0.1796875 0.015625 0.01953125
0 0.678125 0.146484375 0.015625 0.01953125
0 0.6734375 0.24609375 0.015625 0.01953125
0 0.678125 0.216796875 0.015625 0.01953125
0 0.7859375 0.228515625 0.015625 0.01953125
0 0.8015625 0.197265625 0.015625 0.01953125
0 0.775 0.19140625 0.015625 0.01953125
0 0.721875 0.201171875 0.015625 0.01953125
0 0.7015625 0.220703125 0.015625 0.01953125
0 0.6890625 0.1796875 0.015625 0.01953125
0 0.728125 0.15625 0.015625 0.01953125
0 0.6953125 0.1328125 0.015625 0.01953125
0 0.715625 0.123046875 0.015625 0.01953125
0 0.7328125 0.123046875 0.015625 0.01953125
0 0.759375 0.125 0.015625 0.01953125
0 0.759375 0.109375 0.015625 0.01953125
0 0.7796875 0.1328125 0.015625 0.01953125
0 0.803125 0.130859375 0.015625 0.01953125
0 0.7796875 0.1640625 0.015625 0.01953125
