0 0.4046875 0.970703125 0.015625 0.01953125
0 0.425 0.923828125 0.015625 0.01953125
0 0.4140625 0.859375 0.015625 0.01953125
0 0.43125 0.84765625 0.015625 0.01953125
0 0.3078125 0.900390625 0.015625 0.01953125
0 0.2859375 0.875 0.015625 0.01953125
0 0.2625 0.83984375 0.015625 0.01953125
0 0.246875 0.81640625 0.015625 0.01953125
0 0.1859375 0.787109375 0.015625 0.01953125
0 0.19375 0.880859375 0.015625 0.01953125
0 0.103125 0.927734375 0.015625 0.01953125
0 0.0296875 0.798828125 0.015625 0.01953125
0 0.00625 0.78515625 0.015625 0.01953125
0 0.075 0.658203125 0.015625 0.01953125
0 0.0671875 0.62890625 0.015625 0.01953125
0 0.1609375 0.689453125 0.015625 0.01953125
0 0.203125 0.666015625 0.015625 0.01953125
0 0.2421875 0.716796875 0.015625 0.01953125
0 0.2453125 0.67578125 0.015625 0.01953125
0 0.2796875 0.69140625 0.015625 0.01953125
0 0.334375 0.716796875 0.015625 0.01953125
0 0.434375 0.724609375 0.015625 0.01953125
0 0.471875 0.71875 0.015625 0.01953125
0 0.553125 0.83984375 0.015625 0.01953125
0 0.5109375 0.80859375 0.015625 0.01953125
0 0.565625 0.92578125 0.015625 0.01953125
0 0.6765625 0.927734375 0.015625 0.01953125
0 0.903125 0.953125 0.015625 0.01953125
0 0.9671875 0.900390625 0.015625 0.01953125
0 0.909375 0.8203125 0.015625 0.01953125
0 0.846875 0.7890625 0.015625 0.01953125
0 0.7953125 0.791015625 0.015625 0.01953125
0 0.88125 0.7734375 0.015625 0.01953125
0 0.884375 0.74609375 0.015625 0.01953125
0 0.8765625 0.697265625 0.015625 0.01953125
0 0.89375 0.685546875 0.015625 0.01953125
0 0.9015625 0.658203125 0.015625 0.01953125
0 0.915625 0.62890625 0.015625 0.01953125
0 0.8671875 0.6640625 0.015625 0.01953125
0 0.7765625 0.64453125 0.015625 0.01953125
0 0.7296875 0.7265625 0.015625 0.01953125
0 0.6234375 0.74609375 0.015625 0.01953125
0 0.5953125 0.791015625 0.015625 0.01953125
0 0.69375 0.626953125 0.015625 0.01953125
0 0.715625 0.49609375 0.015625 0.01953125
0 0.6953125 0.482421875 0.015625 0.01953125
0 0.8109375 0.462890625 0.015625 0.01953125
0 0.8125 0.439453125 0.015625 0.01953125
0 0.940625 0.4765625 0.015625 0.01953125
0 0.9765625 0.396484375 0.015625 0.01953125
0 0.9171875 0.26171875 0.015625 0.01953125
0 0.509375 0.68359375 0.015625 0.01953125
0 0.5625 0.646484375 0.015625 0.01953125
0 0.5921875 0.599609375 0.015625 0.01953125
0 0.53125 0.607421875 0.015625 0.01953125
0 0.590625 0.533203125 0.015625 0.01953125
0 0.596875 0.482421875 0.015625 0.01953125
0 0.59375 0.509765625 0.015625 0.01953125
0 0.6046875 0.46875 0.015625 0.01953125
0 0.5921875 0.439453125 0.015625 0.01953125
0 0.7328125 0.2734375 0.015625 0.01953125
0 0.7484375 0.25390625 0.015625 0.01953125
0 0.8796875 0.1171875 0.015625 0.01953125
0 0.803125 0.05078125 0.015625 0.01953125
0 0.6359375 0.08984375 0.015625 0.01953125
0 0.646875 0.06640625 0.015625 0.01953125
0 0.5734375 0.240234375 0.015625 0.01953125
0 0.559375 0.2265625 0.015625 0.01953125
0 0.5078125 0.369140625 0.015625 0.01953125
0 0.50625 0.482421875 0.015625 0.01953125
0 0.4796875 0.50390625 0.015625 0.01953125
0 0.4625 0.509765625 0.015625 0.01953125
0 0.4859375 0.556640625 0.015625 0.01953125
0 0.4171875 0.638671875 0.015625 0.01953125
0 0.3890625 0.58203125 0.015625 0.01953125
0 0.33125 0.568359375 0.015625 0.01953125
0 0.3609375 0.52734375 0.015625 0.01953125
0 0.35 0.4765625 0.015625 0.01953125
0 0.328125 0.509765625 0.015625 0.01953125
0 0.2921875 0.4375 0.015625 0.01953125
0 0.2640625 0.45703125 0.015625 0.01953125
0 0.2578125 0.509765625 0.015625 0.01953125
0 0.2359375 0.556640625 0.015625 0.01953125
0 0.1921875 0.62109375 0.015625 0.01953125
0 0.15625 0.638671875 0.015625 0.01953125
0 0.2078125 0.54296875 0.015625 0.01953125
0 0.225 0.49609375 0.015625 0.01953125
0 0.246875 0.42578125 0.015625 0.01953125
0 0.1984375 0.44921875 0.015625 0.01953125
0 0.1921875 0.494140625 0.015625 0.01953125
0 0.16875 0.494140625 0.015625 0.01953125
0 0.18125 0.5546875 0.015625 0.01953125
0 0.15 0.486328125 0.015625 0.01953125
0 0.178125 0.443359375 0.015625 0.01953125
0 0.1203125 0.470703125 0.015625 0.01953125
0 0.053125 0.423828125 0.015625 0.01953125
0 0.003125 0.361328125 0.015625 0.01953125
0 0.0453125 0.27734375 0.015625 0.01953125
0 0.0578125 0.205078125 0.015625 0.01953125
0 0.053125 0.1640625 0.015625 0.01953125
0 0.015625 0.134765625 0.015625 0.01953125
0 0.559375 0.1875 0.015625 0.01953125
0 0.5671875 0.154296875 0.015625 0.01953125
0 0.46875 0.3671875 0.015625 0.01953125
0 0.5765625 0.3671875 0.015625 0.01953125
0 0.5734375 0.388671875 0.015625 0.01953125
0 0.415625 0.443359375 0.015625 0.01953125
0 0.3796875 0.421875 0.015625 0.01953125
0 0.3359375 0.423828125 0.015625 0.01953125
0 0.35 0.37890625 0.015625 0.01953125
0 0.3921875 0.375 0.015625 0.01953125
0 0.3046875 0.390625 0.015625 0.01953125
0 0.2890625 0.361328125 0.015625 0.01953125
0 0.290625 0.318359375 0.015625 0.01953125
0 0.265625 0.294921875 0.015625 0.01953125
0 0.240625 0.34375 0.015625 0.01953125
0 0.1671875 0.3828125 0.015625 0.01953125
0 0.1703125 0.349609375 0.015625 0.01953125
0 0.1984375 0.318359375 0.015625 0.01953125
0 0.1703125 0.310546875 0.015625 0.01953125
0 0.1546875 0.29296875 0.015625 0.01953125
0 0.1390625 0.322265625 0.015625 0.01953125
0 0.1109375 0.283203125 0.015625 0.01953125
0 0.1109375 0.25 0.015625 0.01953125
0 0.084375 0.234375 0.015625 0.01953125
0 0.090625 0.21875 0.015625 0.01953125
0 0.0921875 0.1953125 0.015625 0.01953125
0 0.4140625 0.31640625 0.015625 0.01953125
0 0.44375 0.30859375 0.015625 0.01953125
0 0.35625 0.322265625 0.015625 0.01953125
0 0.3875 0.28125 0.015625 0.01953125
0 0.428125 0.26171875 0.015625 0.01953125
0 0.4578125 0.248046875 0.015625 0.01953125
0 0.5015625 0.216796875 0.015625 0.01953125
0 0.5171875 0.1484375 0.015625 0.01953125
0 0.5125 0.17578125 0.015625 0.01953125
0 0.4625 0.2265625 0.015625 0.01953125
0 0.459375 0.201171875 0.015625 0.01953125
0 0.4515625 0.166015625 0.015625 0.01953125
0 0.440625 0.150390625 0.015625 0.01953125
0 0.453125 0.1015625 0.015625 0.01953125
0 0.428125 0.126953125 0.015625 0.01953125
0 0.5140625 0.072265625 0.015625 0.01953125
0 0.4796875 0.052734375 0.015625 0.01953125
0 0.478125 0.076171875 0.015625 0.01953125
0 0.46875 0.015625 0.015625 0.01953125
0 0.4203125 0.005859375 0.015625 0.01953125
0 0.4265625 0.037109375 0.015625 0.01953125
0 0.428125 0.05859375 0.015625 0.01953125
0 0.4390625 0.076171875 0.015625 0.01953125
0 0.328125 0.244140625 0.015625 0.01953125
0 0.2921875 0.275390625 0.015625 0.01953125
0 0.365625 0.20703125 0.015625 0.01953125
0 0.371875 0.16015625 0.015625 0.01953125
0 0.4 0.125 0.015625 0.01953125
0 0.3296875 0.173828125 0.015625 0.01953125
0 0.2984375 0.201171875 0.015625 0.01953125
0 0.2546875 0.224609375 0.015625 0.01953125
0 0.2125 0.216796875 0.015625 0.01953125
0 0.1671875 0.271484375 0.015625 0.01953125
0 0.15625 0.26171875 0.015625 0.01953125
0 0.1421875 0.2578125 0.015625 0.01953125
0 0.134375 0.224609375 0.015625 0.01953125
0 0.1234375 0.203125 0.015625 0.01953125
0 0.128125 0.1875 0.015625 0.01953125
0 0.25 0.181640625 0.015625 0.01953125
0 0.2453125 0.15234375 0.015625 0.01953125
0 0.275 0.162109375 0.015625 0.01953125
0 0.3015625 0.15234375 0.015625 0.01953125
0 0.2921875 0.130859375 0.015625 0.01953125
0 0.2578125 0.125 0.015625 0.01953125
0 0.3125 0.1171875 0.015625 0.01953125
0 0.340625 0.10546875 0.015625 0.01953125
0 0.371875 0.0546875 0.015625 0.01953125
0 0.321875 0.0390625 0.015625 0.01953125
0 0.3140625 0.064453125 0.015625 0.01953125
0 0.2875 0.09375 0.015625 0.01953125
0 0.321875 0.005859375 0.015625 0.01953125
0 0.34375 0.00390625 0.015625 0.01953125
0 0.290625 0.00390625 0.015625 0.01953125
0 0.2921875 0.021484375 0.015625 0.01953125
0 0.265625 0.060546875 0.015625 0.01953125
0 0.2546875 0.021484375 0.015625 0.01953125
0 0.2265625 0.03515625 0.015625 0.01953125
0 0.2421875 0.060546875 0.015625 0.01953125
0 0.25625 0.09765625 0.015625 0.01953125
0 0.2234375 0.080078125 0.015625 0.01953125
0 0.209375 0.041015625 0.015625 0.01953125
0 0.171875 0.01171875 0.015625 0.01953125
0 0.20625 0.14453125 0.015625 0.01953125
0 0.1875 0.18359375 0.015625 0.01953125
0 0.1609375 0.142578125 0.015625 0.01953125
0 0.13125 0.162109375 0.015625 0.01953125
0 0.0875 0.005859375 0.015625 0.01953125
0 0.11875 0.140625 0.015625 0.01953125
0 0.1234375 0.115234375 0.015625 0.01953125
0 0.11875 0.09375 0.015625 0.01953125
0 0.0890625 0.111328125 0.015625 0.01953125
0 0.0953125 0.08984375 0.015625 0.01953125
0 0.1140625 0.06640625 0.015625 0.01953125
0 0.15 0.072265625 0.015625 0.01953125
0 0.1703125 0.09765625 0.015625 0.01953125
0 0.209375 0.119140625 0.015625 0.01953125
0 0.2015625 0.08984375 0.015625 0.01953125
0 0.1796875 0.0625 0.015625 0.01953125
0 0.153125 0.048828125 0.015625 0.01953125
0 0.1453125 0.01953125 0.015625 0.01953125
0 0.125 0.025390625 0.015625 0.01953125
0 0.1171875 0.04296875 0.015625 0.01953125
0 0.1015625 0.033203125 0.015625 0.01953125
0 0.1296875 0.005859375 0.015625 0.01953125
0 0.00625 0.005859375 0.015625 0.01953125
0 0.0375 0.0078125 0.015625 0.01953125
0 0.0140625 0.01953125 0.015625 0.01953125
0 0.1078125 0.005859375 0.015625 0.01953125
0 0.075 0.138671875 0.015625 0.01953125
0 0.0375 0.03125 0.015625 0.01953125
0 0.059375 0.0390625 0.015625 0.01953125
0 0.0859375 0.16015625 0.015625 0.01953125
