0 0.1015625 0.017578125 0.015625 0.01953125
0 0.0546875 0.0078125 0.015625 0.01953125
0 0.059375 0.033203125 0.015625 0.01953125
0 0.0640625 0.05859375 0.015625 0.01953125
0 0.0734375 0.0859375 0.015625 0.01953125
0 0.084375 0.107421875 0.015625 0.01953125
0 0.1140625 0.068359375 0.015625 0.01953125
0 0.1140625 0.044921875 0.015625 0.01953125
0 0.1265625 0.08984375 0.015625 0.01953125
0 0.15625 0.0859375 0.015625 0.01953125
0 0.2078125 0.15234375 0.015625 0.01953125
0 0.2125 0.173828125 0.015625 0.01953125
0 0.15625 0.16796875 0.015625 0.01953125
0 0.0796875 0.15234375 0.015625 0.01953125
0 0.0671875 0.1328125 0.015625 0.01953125
0 0.0296875 0.126953125 0.015625 0.01953125
0 0.00625 0.16796875 0.015625 0.01953125
0 0.10625 0.201171875 0.015625 0.01953125
0 0.1 0.22265625 0.015625 0.01953125
0 0.1015625 0.26171875 0.015625 0.01953125
0 0.0640625 0.27734375 0.015625 0.01953125
0 0.0015625 0.3359375 0.015625 0.01953125
0 0.0875 0.328125 0.015625 0.01953125
0 0.05625 0.337890625 0.015625 0.01953125
0 0.103125 0.392578125 0.015625 0.01953125
0 0.0140625 0.443359375 0.015625 0.01953125
0 0.046875 0.46875 0.015625 0.01953125
0 0.15 0.380859375 0.015625 0.01953125
0 0.1453125 0.49609375 0.015625 0.01953125
0 0.109375 0.515625 0.015625 0.01953125
0 0.0265625 0.607421875 0.015625 0.01953125
0 0.0359375 0.658203125 0.015625 0.01953125
0 0.10625 0.734375 0.015625 0.01953125
0 0.059375 0.7421875 0.015625 0.01953125
0 0.059375 0.853515625 0.015625 0.01953125
0 0.0328125 0.875 0.015625 0.01953125
0 0.134375 0.861328125 0.015625 0.01953125
0 0.096875 0.94921875 0.015625 0.01953125
0 0.128125 0.81640625 0.015625 0.01953125
0 0.1375 0.693359375 0.015625 0.01953125
0 0.1640625 0.619140625 0.015625 0.01953125
0 0.1875 0.6171875 0.015625 0.01953125
0 0.1828125 0.556640625 0.015625 0.01953125
0 0.15625 0.53125 0.015625 0.01953125
0 0.2265625 0.525390625 0.015625 0.01953125
0 0.240625 0.478515625 0.015625 0.01953125
0 0.209375 0.388671875 0.015625 0.01953125
0 0.25 0.26171875 0.015625 0.01953125
0 0.21875 0.244140625 0.015625 0.01953125
0 0.2 0.224609375 0.015625 0.01953125
0 0.196875 0.263671875 0.015625 0.01953125
0 0.15625 0.2265625 0.015625 0.01953125
0 0.209375 0.1953125 0.015625 0.01953125
0 0.284375 0.0859375 0.015625 0.01953125
0 0.3828125 0.279296875 0.015625 0.01953125
0 0.3296875 0.490234375 0.015625 0.01953125
0 0.3546875 0.509765625 0.015625 0.01953125
0 0.2671875 0.611328125 0.015625 0.01953125
0 0.2234375 0.615234375 0.015625 0.01953125
0 0.253125 0.65234375 0.015625 0.01953125
0 0.2609375 0.76171875 0.015625 0.01953125
0 0.3046875 0.943359375 0.015625 0.01953125
0 0.4 0.98046875 0.015625 0.01953125
0 0.3765625 0.9921875 0.015625 0.01953125
0 0.5109375 0.962890625 0.015625 0.01953125
0 0.521875 0.88671875 0.015625 0.01953125
0 0.4359375 0.8046875 0.015625 0.01953125
0 0.35625 0.74609375 0.015625 0.01953125
0 0.40625 0.65234375 0.015625 0.01953125
0 0.4515625 0.482421875 0.015625 0.01953125
0 0.4578125 0.453125 0.015625 0.01953125
0 0.50625 0.677734375 0.015625 0.01953125
0 0.725 0.6171875 0.015625 0.01953125
0 0.7 0.65234375 0.015625 0.01953125
0 0.6625 0.5703125 0.015625 0.01953125
0 0.6625 0.53125 0.015625 0.01953125
0 0.565625 0.49609375 0.015625 0.01953125
0 0.525 0.724609375 0.015625 0.01953125
0 0.8671875 0.939453125 0.015625 0.01953125
0 0.840625 0.71484375 0.015625 0.01953125
0 0.8828125 0.71875 0.015625 0.01953125
0 0.8890625 0.6640625 0.015625 0.01953125
0 0.8921875 0.630859375 0.015625 0.01953125
0 0.8578125 0.638671875 0.015625 0.01953125
0 0.8484375 0.58984375 0.015625 0.01953125
0 0.8609375 0.474609375 0.015625 0.01953125
0 0.58125 0.40234375 0.015625 0.01953125
0 0.6375 0.25390625 0.015625 0.01953125
0 0.615625 0.283203125 0.015625 0.01953125
0 0.521875 0.119140625 0.015625 0.01953125
0 0.45625 0.0625 0.015625 0.01953125
0 0.784375 0.16796875 0.015625 0.01953125
0 0.746875 0.16796875 0.015625 0.01953125
0 0.75625 0.1328125 0.015625 0.01953125
0 0.940625 0.052734375 0.015625 0.01953125
0 0.984375 0.052734375 0.015625 0.01953125
0 0.3984375 0.234375 0.015625 0.01953125
0 0.45 0.08203125 0.015625 0.01953125
0 0.30625 0.10546875 0.015625 0.01953125
0 0.2953125 0.1328125 0.015625 0.01953125
