0 0.05625 0.94140625 0.015625 0.01953125
0 0.040625 0.865234375 0.015625 0.01953125
0 0.08125 0.8359375 0.015625 0.01953125
0 0.0953125 0.796875 0.015625 0.01953125
0 0.109375 0.728515625 0.015625 0.01953125
0 0.1 0.701171875 0.015625 0.01953125
0 0.11875 0.701171875 0.015625 0.01953125
0 0.134375 0.66796875 0.015625 0.01953125
0 0.2359375 0.68359375 0.015625 0.01953125
0 0.21875 0.64453125 0.015625 0.01953125
0 0.2 0.642578125 0.015625 0.01953125
0 0.0046875 0.677734375 0.015625 0.01953125
0 0.03125 0.509765625 0.015625 0.01953125
0 0.0296875 0.482421875 0.015625 0.01953125
0 0.1234375 0.458984375 0.015625 0.01953125
0 0.1609375 0.509765625 0.015625 0.01953125
0 0.06875 0.412109375 0.015625 0.01953125
0 0.1390625 0.240234375 0.015625 0.01953125
0 0.090625 0.146484375 0.015625 0.01953125
0 0.015625 0.091796875 0.015625 0.01953125
0 0.0375 0.095703125 0.015625 0.01953125
0 0.35 0.59375 0.015625 0.01953125
0 0.3609375 0.5390625 0.015625 0.01953125
0 0.34375 0.537109375 0.015625 0.01953125
0 0.4125 0.71875 0.015625 0.01953125
0 0.43125 0.76953125 0.015625 0.01953125
0 0.4453125 0.708984375 0.015625 0.01953125
0 0.4734375 0.712890625 0.015625 0.01953125
0 0.459375 0.6796875 0.015625 0.01953125
0 0.4453125 0.6640625 0.015625 0.01953125
0 0.4265625 0.662109375 0.015625 0.01953125
0 0.4515625 0.583984375 0.015625 0.01953125
0 0.453125 0.611328125 0.015625 0.01953125
0 0.509375 0.517578125 0.015625 0.01953125
0 0.465625 0.41796875 0.015625 0.01953125
0 0.2953125 0.240234375 0.015625 0.01953125
0 0.3640625 0.169921875 0.015625 0.01953125
0 0.34375 0.173828125 0.015625 0.01953125
0 0.3359375 0.140625 0.015625 0.01953125
0 0.696875 0.908203125 0.015625 0.01953125
0 0.5609375 0.9140625 0.015625 0.01953125
0 0.728125 0.580078125 0.015625 0.01953125
0 0.7546875 0.330078125 0.015625 0.01953125
0 0.75625 0.2734375 0.015625 0.01953125
0 0.66875 0.3203125 0.015625 0.01953125
0 0.65625 0.240234375 0.015625 0.01953125
0 0.79375 0.341796875 0.015625 0.01953125
0 0.8515625 0.314453125 0.015625 0.01953125
0 0.8734375 0.36328125 0.015625 0.01953125
0 0.90625 0.408203125 0.015625 0.01953125
0 0.95625 0.35546875 0.015625 0.01953125
0 0.9125 0.26953125 0.015625 0.01953125
