0 0.3171875 0.99609375 0.015625 0.01953125
0 0.1984375 0.97265625 0.015625 0.01953125
0 0.5046875 0.8203125 0.015625 0.01953125
0 0.5328125 0.810546875 0.015625 0.01953125
0 0.140625 0.607421875 0.015625 0.01953125
0 0.6609375 0.806640625 0.015625 0.01953125
0 0.6578125 0.763671875 0.015625 0.01953125
0 0.646875 0.740234375 0.015625 0.01953125
0 0.6609375 0.71875 0.015625 0.01953125
0 0.678125 0.712890625 0.015625 0.01953125
0 0.6984375 0.7265625 0.015625 0.01953125
0 0.40625 0.447265625 0.015625 0.01953125
0 0.4515625 0.369140625 0.015625 0.01953125
0 0.4203125 0.345703125 0.015625 0.01953125
0 0.340625 0.34375 0.015625 0.01953125
0 0.33125 0.283203125 0.015625 0.01953125
0 0.2875 0.3984375 0.015625 0.01953125
0 0.2390625 0.38671875 0.015625 0.01953125
0 0.2265625 0.369140625 0.015625 0.01953125
0 0.1734375 0.353515625 0.015625 0.01953125
0 0.1828125 0.30859375 0.015625 0.01953125
0 0.178125 0.271484375 0.015625 0.01953125
0 0.1453125 0.318359375 0.015625 0.01953125
0 0.4625 0.19921875 0.015625 0.01953125
0 0.5921875 0.111328125 0.015625 0.01953125
0 0.59375 0.1328125 0.015625 0.01953125
0 0.61875 0.1796875 0.015625 0.01953125
0 0.8140625 0.548828125 0.015625 0.01953125
0 0.8171875 0.51953125 0.015625 0.01953125
0 0.9625 0.3046875 0.015625 0.01953125
0 0.7484375 0.287109375 0.015625 0.01953125
0 0.7703125 0.267578125 0.015625 0.01953125
0 0.7203125 0.193359375 0.015625 0.01953125
0 0.753125 0.16015625 0.015625 0.01953125
0 0.7734375 0.126953125 0.015625 0.01953125
0 0.5828125 0.697265625 0.015625 0.01953125
0 0.5875 0.66796875 0.015625 0.01953125
0 0.53125 0.625 0.015625 0.01953125
0 0.803125 0.134765625 0.015625 0.01953125
0 0.8421875 0.16015625 0.015625 0.01953125
0 0.8671875 0.1875 0.015625 0.01953125
0 0.878125 0.15234375 0.015625 0.01953125
0 0.925 0.095703125 0.015625 0.01953125
0 0.9 0.083984375 0.015625 0.01953125
0 0.8453125 0.009765625 0.015625 0.01953125
