0 0.50625 0.736328125 0.015625 0.01953125
0 0.5234375 0.712890625 0.015625 0.01953125
0 0.5109375 0.689453125 0.015625 0.01953125
0 0.4875 0.6640625 0.015625 0.01953125
0 0.128125 0.916015625 0.015625 0.01953125
0 0.096875 0.859375 0.015625 0.01953125
0 0.053125 0.861328125 0.015625 0.01953125
0 0.0609375 0.841796875 0.015625 0.01953125
0 0.06875 0.892578125 0.015625 0.01953125
0 0.11875 0.5859375 0.015625 0.01953125
0 0.2046875 0.345703125 0.015625 0.01953125
0 0.21875 0.337890625 0.015625 0.01953125
0 0.215625 0.310546875 0.015625 0.01953125
0 0.1671875 0.287109375 0.015625 0.01953125
0 0.15625 0.244140625 0.015625 0.01953125
0 0.1390625 0.220703125 0.015625 0.01953125
0 0.134375 0.259765625 0.015625 0.01953125
0 0.1828125 0.228515625 0.015625 0.01953125
0 0.065625 0.0625 0.015625 0.01953125
0 0.0671875 0.03125 0.015625 0.01953125
0 0.2484375 0.14453125 0.015625 0.01953125
0 0.409375 0.091796875 0.015625 0.01953125
0 0.35625 0.041015625 0.015625 0.01953125
0 0.334375 0.337890625 0.015625 0.01953125
0 0.4453125 0.337890625 0.015625 0.01953125
0 0.565625 0.265625 0.015625 0.01953125
0 0.571875 0.25 0.015625 0.01953125
0 0.5765625 0.236328125 0.015625 0.01953125
0 0.5921875 0.26171875 0.015625 0.01953125
0 0.8015625 0.654296875 0.015625 0.01953125
0 0.8609375 0.71875 0.015625 0.01953125
0 0.7125 0.80078125 0.015625 0.01953125
0 0.61875 0.96875 0.015625 0.01953125
0 0.6125 0.935546875 0.015625 0.01953125
0 0.5765625 0.955078125 0.015625 0.01953125
0 0.6078125 0.98828125 0.015625 0.01953125
0 0.775 0.8671875 0.015625 0.01953125
0 0.7484375 0.873046875 0.015625 0.01953125
0 0.759375 0.93359375 0.015625 0.01953125
0 0.8328125 0.990234375 0.015625 0.01953125
0 0.8578125 0.923828125 0.015625 0.01953125
0 0.865625 0.88671875 0.015625 0.01953125
0 0.8703125 0.86328125 0.015625 0.01953125
0 0.8671875 0.826171875 0.015625 0.01953125
0 0.6046875 0.57421875 0.015625 0.01953125
0 0.6078125 0.53125 0.015625 0.01953125
0 0.5859375 0.44140625 0.015625 0.01953125
0 0.58125 0.41015625 0.015625 0.01953125
0 0.5546875 0.38671875 0.015625 0.01953125
0 0.4921875 0.466796875 0.015625 0.01953125
0 0.4734375 0.322265625 0.015625 0.01953125
0 0.4859375 0.216796875 0.015625 0.01953125
0 0.46875 0.236328125 0.015625 0.01953125
0 0.45 0.205078125 0.015625 0.01953125
0 0.515625 0.248046875 0.015625 0.01953125
0 0.534375 0.2265625 0.015625 0.01953125
0 0.546875 0.240234375 0.015625 0.01953125
0 0.7 0.365234375 0.015625 0.01953125
0 0.7328125 0.388671875 0.015625 0.01953125
0 0.7171875 0.41015625 0.015625 0.01953125
0 0.759375 0.412109375 0.015625 0.01953125
0 0.759375 0.44921875 0.015625 0.01953125
0 0.8078125 0.716796875 0.015625 0.01953125
0 0.8078125 0.6875 0.015625 0.01953125
0 0.8078125 0.630859375 0.015625 0.01953125
0 0.7609375 0.54296875 0.015625 0.01953125
0 0.740625 0.55859375 0.015625 0.01953125
0 0.721875 0.556640625 0.015625 0.01953125
0 0.70625 0.533203125 0.015625 0.01953125
0 0.678125 0.521484375 0.015625 0.01953125
0 0.984375 0.6484375 0.015625 0.01953125
0 0.9484375 0.6484375 0.015625 0.01953125
0 0.9703125 0.630859375 0.015625 0.01953125
0 0.9765625 0.60546875 0.015625 0.01953125
0 0.9640625 0.587890625 0.015625 0.01953125
0 0.9234375 0.4765625 0.015625 0.01953125
0 0.9421875 0.48828125 0.015625 0.01953125
0 0.9203125 0.45703125 0.015625 0.01953125
0 0.934375 0.38671875 0.015625 0.01953125
0 0.95 0.373046875 0.015625 0.01953125
0 0.8078125 0.34765625 0.015625 0.01953125
0 0.796875 0.328125 0.015625 0.01953125
0 0.75625 0.255859375 0.015625 0.01953125
0 0.78125 0.240234375 0.015625 0.01953125
0 0.790625 0.224609375 0.015625 0.01953125
0 0.884375 0.12890625 0.015625 0.01953125
0 0.896875 0.10546875 0.015625 0.01953125
0 0.88125 0.099609375 0.015625 0.01953125
0 0.8671875 0.126953125 0.015625 0.01953125
0 0.85625 0.109375 0.015625 0.01953125
0 0.84375 0.126953125 0.015625 0.01953125
0 0.8171875 0.125 0.015625 0.01953125
0 0.8 0.146484375 0.015625 0.01953125
0 0.7984375 0.169921875 0.015625 0.01953125
0 0.7640625 0.109375 0.015625 0.01953125
0 0.7484375 0.138671875 0.015625 0.01953125
0 0.7109375 0.171875 0.015625 0.01953125
0 0.734375 0.1484375 0.015625 0.01953125
0 0.7375 0.193359375 0.015625 0.01953125
0 0.7328125 0.220703125 0.015625 0.01953125
0 0.7265625 0.240234375 0.015625 0.01953125
0 0.6140625 0.234375 0.015625 0.01953125
0 0.6234375 0.2109375 0.015625 0.01953125
0 0.6671875 0.173828125 0.015625 0.01953125
0 0.640625 0.166015625 0.015625 0.01953125
0 0.6296875 0.154296875 0.015625 0.01953125
0 0.63125 0.12890625 0.015625 0.01953125
0 0.6078125 0.140625 0.015625 0.01953125
0 0.5921875 0.14453125 0.015625 0.01953125
0 0.565625 0.103515625 0.015625 0.01953125
0 0.5765625 0.095703125 0.015625 0.01953125
0 0.5296875 0.119140625 0.015625 0.01953125
0 0.8078125 0.041015625 0.015625 0.01953125
0 0.8203125 0.017578125 0.015625 0.01953125
0 0.753125 0.015625 0.015625 0.01953125
0 0.6859375 0.005859375 0.015625 0.01953125
