0 0.9359375 0.654296875 0.015625 0.01953125
0 0.90625 0.666015625 0.015625 0.01953125
0 0.796875 0.69921875 0.015625 0.01953125
0 0.7875 0.7109375 0.015625 0.01953125
0 0.7265625 0.69921875 0.015625 0.01953125
0 0.715625 0.705078125 0.015625 0.01953125
0 0.70625 0.720703125 0.015625 0.01953125
0 0.68125 0.677734375 0.015625 0.01953125
0 0.68125 0.654296875 0.015625 0.01953125
0 0.6234375 0.60546875 0.015625 0.01953125
0 0.640625 0.5859375 0.015625 0.01953125
0 0.6140625 0.537109375 0.015625 0.01953125
0 0.603125 0.505859375 0.015625 0.01953125
0 0.5953125 0.48828125 0.015625 0.01953125
0 0.603125 0.47265625 0.015625 0.01953125
0 0.5484375 0.4453125 0.015625 0.01953125
0 0.5546875 0.4296875 0.015625 0.01953125
0 0.5671875 0.408203125 0.015625 0.01953125
0 0.528125 0.349609375 0.015625 0.01953125
0 0.53125 0.328125 0.015625 0.01953125
0 0.5921875 0.34375 0.015625 0.01953125
0 0.6015625 0.326171875 0.015625 0.01953125
0 0.603125 0.30859375 0.015625 0.01953125
0 0.684375 0.33984375 0.015625 0.01953125
0 0.6953125 0.318359375 0.015625 0.01953125
0 0.6359375 0.275390625 0.015625 0.01953125
0 0.646875 0.2421875 0.015625 0.01953125
0 0.696875 0.18359375 0.015625 0.01953125
0 0.7046875 0.15234375 0.015625 0.01953125
0 0.73125 0.1796875 0.015625 0.01953125
0 0.7375 0.16015625 0.015625 0.01953125
0 0.8 0.837890625 0.015625 0.01953125
0 0.796875 0.810546875 0.015625 0.01953125
0 0.678125 0.779296875 0.015625 0.01953125
0 0.6453125 0.76953125 0.015625 0.01953125
0 0.646875 0.79296875 0.015625 0.01953125
0 0.66875 0.83203125 0.015625 0.01953125
0 0.7125 0.84375 0.015625 0.01953125
0 0.6953125 0.86328125 0.015625 0.01953125
0 0.6453125 0.90234375 0.015625 0.01953125
0 0.70625 0.87890625 0.015625 0.01953125
0 0.7390625 0.876953125 0.015625 0.01953125
0 0.7265625 0.89453125 0.015625 0.01953125
0 0.7 0.9140625 0.015625 0.01953125
0 0.684375 0.9140625 0.015625 0.01953125
0 0.6671875 0.94140625 0.015625 0.01953125
0 0.7203125 0.927734375 0.015625 0.01953125
0 0.7 0.93359375 0.015625 0.01953125
0 0.75625 0.91015625 0.015625 0.01953125
0 0.78125 0.947265625 0.015625 0.01953125
0 0.7625 0.94921875 0.015625 0.01953125
0 0.7390625 0.947265625 0.015625 0.01953125
0 0.725 0.947265625 0.015625 0.01953125
0 0.7203125 0.974609375 0.015625 0.01953125
0 0.7328125 0.994140625 0.015625 0.01953125
0 0.8125 0.984375 0.015625 0.01953125
0 0.796875 0.96875 0.015625 0.01953125
0 0.7859375 0.96875 0.015625 0.01953125
0 0.975 0.94921875 0.015625 0.01953125
0 0.990625 0.92578125 0.015625 0.01953125
0 0.934375 0.826171875 0.015625 0.01953125
0 0.9578125 0.802734375 0.015625 0.01953125
0 0.99375 0.7734375 0.015625 0.01953125
0 0.9890625 0.673828125 0.015625 0.01953125
0 0.9640625 0.451171875 0.015625 0.01953125
0 0.9796875 0.412109375 0.015625 0.01953125
0 0.8875 0.3046875 0.015625 0.01953125
0 0.975 0.287109375 0.015625 0.01953125
0 0.959375 0.263671875 0.015625 0.01953125
0 0.9453125 0.24609375 0.015625 0.01953125
0 0.8390625 0.166015625 0.015625 0.01953125
0 0.8421875 0.08984375 0.015625 0.01953125
0 0.7140625 0.046875 0.015625 0.01953125
0 0.6171875 0.041015625 0.015625 0.01953125
0 0.4390625 0.388671875 0.015625 0.01953125
0 0.446875 0.4609375 0.015625 0.01953125
0 0.4546875 0.482421875 0.015625 0.01953125
0 0.478125 0.49609375 0.015625 0.01953125
0 0.525 0.560546875 0.015625 0.01953125
0 0.565625 0.6171875 0.015625 0.01953125
0 0.54375 0.611328125 0.015625 0.01953125
0 0.5078125 0.603515625 0.015625 0.01953125
0 0.375 0.85546875 0.015625 0.01953125
0 0.309375 0.9921875 0.015625 0.01953125
0 0.1390625 0.873046875 0.015625 0.01953125
0 0.134375 0.900390625 0.015625 0.01953125
0 0.1171875 0.88671875 0.015625 0.01953125
0 0.0921875 0.861328125 0.015625 0.01953125
0 0.0625 0.43359375 0.015625 0.01953125
0 0.0625 0.416015625 0.015625 0.01953125
0 0.084375 0.419921875 0.015625 0.01953125
0 0.0953125 0.384765625 0.015625 0.01953125
0 0.09375 0.35546875 0.015625 0.01953125
0 0.1140625 0.3671875 0.015625 0.01953125
0 0.1078125 0.341796875 0.015625 0.01953125
0 0.11875 0.322265625 0.015625 0.01953125
0 0.1328125 0.30859375 0.015625 0.01953125
0 0.1546875 0.32421875 0.015625 0.01953125
0 0.1625 0.30859375 0.015625 0.01953125
0 0.184375 0.3359375 0.015625 0.01953125
0 0.1796875 0.32421875 0.015625 0.01953125
0 0.209375 0.333984375 0.015625 0.01953125
0 0.253125 0.35546875 0.015625 0.01953125
0 0.3171875 0.408203125 0.015625 0.01953125
0 0.321875 0.384765625 0.015625 0.01953125
0 0.29375 0.37890625 0.015625 0.01953125
0 0.2578125 0.314453125 0.015625 0.01953125
0 0.2546875 0.2890625 0.015625 0.01953125
0 0.2140625 0.30859375 0.015625 0.01953125
0 0.1984375 0.287109375 0.015625 0.01953125
0 0.15625 0.279296875 0.015625 0.01953125
0 0.175 0.255859375 0.015625 0.01953125
0 0.190625 0.236328125 0.015625 0.01953125
0 0.2484375 0.25 0.015625 0.01953125
0 0.234375 0.23046875 0.015625 0.01953125
0 0.2546875 0.19921875 0.015625 0.01953125
0 0.284375 0.166015625 0.015625 0.01953125
0 0.2875 0.185546875 0.015625 0.01953125
0 0.3109375 0.185546875 0.015625 0.01953125
0 0.30625 0.15234375 0.015625 0.01953125
0 0.45 0.18359375 0.015625 0.01953125
0 0.465625 0.1171875 0.015625 0.01953125
0 0.290625 0.09765625 0.015625 0.01953125
0 0.3234375 0.041015625 0.015625 0.01953125
0 0.315625 0.111328125 0.015625 0.01953125
0 0.2359375 0.095703125 0.015625 0.01953125
0 0.15 0.234375 0.015625 0.01953125
0 0.1109375 0.21875 0.015625 0.01953125
0 0.0875 0.298828125 0.015625 0.01953125
0 0.053125 0.296875 0.015625 0.01953125
0 0.0078125 0.2734375 0.015625 0.01953125
0 0.0140625 0.296875 0.015625 0.01953125
0 0.15625 0.12890625 0.015625 0.01953125
0 0.171875 0.107421875 0.015625 0.01953125
0 0.1515625 0.10546875 0.015625 0.01953125
0 0.24375 0.0390625 0.015625 0.01953125
0 0.1796875 0.1328125 0.015625 0.01953125
0 0.1578125 0.046875 0.015625 0.01953125
0 0.1375 0.052734375 0.015625 0.01953125
0 0.1375 0.03125 0.015625 0.01953125
0 0.15625 0.025390625 0.015625 0.01953125
0 0.23125 0.033203125 0.015625 0.01953125
0 0.08125 0.134765625 0.015625 0.01953125
0 0.2453125 0.01171875 0.015625 0.01953125
0 0.5328125 0.779296875 0.015625 0.01953125
0 0.3859375 0.685546875 0.015625 0.01953125
0 0.39375 0.716796875 0.015625 0.01953125
0 0.4578125 0.640625 0.015625 0.01953125
0 0.39375 0.64453125 0.015625 0.01953125
0 0.2625 0.482421875 0.015625 0.01953125
0 0.38125 0.59765625 0.015625 0.01953125
0 0.315625 0.515625 0.015625 0.01953125
0 0.0875 0.546875 0.015625 0.01953125
0 0.2328125 0.462890625 0.015625 0.01953125
0 0.140625 0.57421875 0.015625 0.01953125
0 0.11875 0.55859375 0.015625 0.01953125
0 0.0453125 0.66015625 0.015625 0.01953125
0 0.0859375 0.59375 0.015625 0.01953125
0 0.1875 0.68359375 0.015625 0.01953125
0 0.246875 0.61328125 0.015625 0.01953125
0 0.30625 0.564453125 0.015625 0.01953125
0 0.2890625 0.6484375 0.015625 0.01953125
0 0.3234375 0.625 0.015625 0.01953125
0 0.29375 0.6171875 0.015625 0.01953125
0 0.3046875 0.564453125 0.015625 0.01953125
0 0.465625 0.73828125 0.015625 0.01953125
0 0.51875 0.75 0.015625 0.01953125
0 0.5078125 0.94140625 0.015625 0.01953125
0 0.5015625 0.859375 0.015625 0.01953125
0 0.5046875 0.89453125 0.015625 0.01953125
0 0.421875 0.71484375 0.015625 0.01953125
0 0.409375 0.73828125 0.015625 0.01953125
0 0.409375 0.69140625 0.015625 0.01953125
