0 0.5421875 0.552734375 0.015625 0.01953125
0 0.55 0.52734375 0.015625 0.01953125
0 0.6421875 0.5078125 0.015625 0.01953125
0 0.6828125 0.470703125 0.015625 0.01953125
0 0.565625 0.353515625 0.015625 0.01953125
0 0.603125 0.341796875 0.015625 0.01953125
0 0.5578125 0.296875 0.015625 0.01953125
0 0.56875 0.265625 0.015625 0.01953125
0 0.575 0.24609375 0.015625 0.01953125
0 0.50625 0.22265625 0.015625 0.01953125
0 0.6984375 0.533203125 0.015625 0.01953125
0 0.69375 0.5 0.015625 0.01953125
0 0.7171875 0.5546875 0.015625 0.01953125
0 0.721875 0.572265625 0.015625 0.01953125
0 0.6921875 0.638671875 0.015625 0.01953125
0 0.6390625 0.689453125 0.015625 0.01953125
0 0.621875 0.69140625 0.015625 0.01953125
0 0.621875 0.71484375 0.015625 0.01953125
0 0.6515625 0.82421875 0.015625 0.01953125
0 0.659375 0.84375 0.015625 0.01953125
0 0.7453125 0.828125 0.015625 0.01953125
0 0.78125 0.7734375 0.015625 0.01953125
0 0.784375 0.74609375 0.015625 0.01953125
0 0.796875 0.73046875 0.015625 0.01953125
0 0.8125 0.71484375 0.015625 0.01953125
0 0.8109375 0.779296875 0.015625 0.01953125
0 0.815625 0.763671875 0.015625 0.01953125
0 0.825 0.751953125 0.015625 0.01953125
0 0.840625 0.69921875 0.015625 0.01953125
0 0.8375 0.671875 0.015625 0.01953125
0 0.84375 0.65234375 0.015625 0.01953125
0 0.8421875 0.630859375 0.015625 0.01953125
0 0.790625 0.625 0.015625 0.01953125
0 0.7640625 0.59375 0.015625 0.01953125
0 0.73125 0.525390625 0.015625 0.01953125
0 0.7625 0.5390625 0.015625 0.01953125
0 0.73125 0.482421875 0.015625 0.01953125
0 0.74375 0.470703125 0.015625 0.01953125
0 0.7515625 0.451171875 0.015625 0.01953125
0 0.7265625 0.4375 0.015625 0.01953125
0 0.7046875 0.4375 0.015625 0.01953125
0 0.7109375 0.41796875 0.015625 0.01953125
0 0.684375 0.40234375 0.015625 0.01953125
0 0.68125 0.376953125 0.015625 0.01953125
0 0.8515625 0.806640625 0.015625 0.01953125
0 0.8328125 0.8828125 0.015625 0.01953125
0 0.8328125 0.90625 0.015625 0.01953125
0 0.825 0.935546875 0.015625 0.01953125
0 0.8078125 0.90625 0.015625 0.01953125
0 0.80625 0.873046875 0.015625 0.01953125
0 0.75625 0.962890625 0.015625 0.01953125
0 0.753125 0.94140625 0.015625 0.01953125
0 0.7375 0.9921875 0.015625 0.01953125
0 0.5328125 0.994140625 0.015625 0.01953125
0 0.5859375 0.974609375 0.015625 0.01953125
0 0.5671875 0.98046875 0.015625 0.01953125
0 0.55625 0.931640625 0.015625 0.01953125
0 0.4890625 0.94921875 0.015625 0.01953125
0 0.4703125 0.982421875 0.015625 0.01953125
0 0.4671875 0.943359375 0.015625 0.01953125
0 0.4359375 0.95703125 0.015625 0.01953125
0 0.353125 0.943359375 0.015625 0.01953125
0 0.4203125 0.89453125 0.015625 0.01953125
0 0.4359375 0.88671875 0.015625 0.01953125
0 0.484375 0.880859375 0.015625 0.01953125
0 0.5171875 0.890625 0.015625 0.01953125
0 0.5296875 0.904296875 0.015625 0.01953125
0 0.446875 0.84765625 0.015625 0.01953125
0 0.415625 0.859375 0.015625 0.01953125
0 0.39375 0.86328125 0.015625 0.01953125
0 0.3734375 0.828125 0.015625 0.01953125
0 0.3734375 0.8046875 0.015625 0.01953125
0 0.4359375 0.7890625 0.015625 0.01953125
0 0.4015625 0.8125 0.015625 0.01953125
0 0.340625 0.798828125 0.015625 0.01953125
0 0.3203125 0.779296875 0.015625 0.01953125
0 0.3109375 0.755859375 0.015625 0.01953125
0 0.340625 0.755859375 0.015625 0.01953125
0 0.3765625 0.75 0.015625 0.01953125
0 0.365625 0.685546875 0.015625 0.01953125
0 0.440625 0.66796875 0.015625 0.01953125
0 0.440625 0.6484375 0.015625 0.01953125
0 0.3015625 0.716796875 0.015625 0.01953125
0 0.278125 0.681640625 0.015625 0.01953125
0 0.3171875 0.64453125 0.015625 0.01953125
0 0.3171875 0.6171875 0.015625 0.01953125
0 0.259375 0.61328125 0.015625 0.01953125
0 0.253125 0.59375 0.015625 0.01953125
0 0.275 0.57421875 0.015625 0.01953125
0 0.2359375 0.564453125 0.015625 0.01953125
0 0.23125 0.54296875 0.015625 0.01953125
0 0.2171875 0.529296875 0.015625 0.01953125
0 0.215625 0.509765625 0.015625 0.01953125
0 0.21875 0.48046875 0.015625 0.01953125
0 0.215625 0.458984375 0.015625 0.01953125
0 0.15 0.44921875 0.015625 0.01953125
0 0.15 0.47265625 0.015625 0.01953125
0 0.1078125 0.392578125 0.015625 0.01953125
0 0.0953125 0.37109375 0.015625 0.01953125
0 0.1640625 0.361328125 0.015625 0.01953125
0 0.1515625 0.3359375 0.015625 0.01953125
0 0.253125 0.3359375 0.015625 0.01953125
0 0.265625 0.3125 0.015625 0.01953125
0 0.1875 0.25390625 0.015625 0.01953125
0 0.2 0.23828125 0.015625 0.01953125
0 0.259375 0.1796875 0.015625 0.01953125
0 0.2578125 0.158203125 0.015625 0.01953125
0 0.365625 0.12890625 0.015625 0.01953125
0 0.334375 0.109375 0.015625 0.01953125
0 0.3609375 0.044921875 0.015625 0.01953125
0 0.3359375 0.03125 0.015625 0.01953125
0 0.1609375 0.0546875 0.015625 0.01953125
0 0.15 0.033203125 0.015625 0.01953125
0 0.1078125 0.0703125 0.015625 0.01953125
0 0.021875 0.478515625 0.015625 0.01953125
0 0.021875 0.4609375 0.015625 0.01953125
0 0.0765625 0.568359375 0.015625 0.01953125
0 0.053125 0.5625 0.015625 0.01953125
0 0.1875 0.65234375 0.015625 0.01953125
0 0.171875 0.638671875 0.015625 0.01953125
0 0.1484375 0.615234375 0.015625 0.01953125
0 0.134375 0.658203125 0.015625 0.01953125
0 0.1921875 0.91015625 0.015625 0.01953125
0 0.21875 0.953125 0.015625 0.01953125
0 0.2140625 0.927734375 0.015625 0.01953125
0 0.16875 0.912109375 0.015625 0.01953125
0 0.18125 0.88671875 0.015625 0.01953125
0 0.0265625 0.818359375 0.015625 0.01953125
0 0.128125 0.8125 0.015625 0.01953125
0 0.059375 0.818359375 0.015625 0.01953125
0 0.0515625 0.806640625 0.015625 0.01953125
0 0.0609375 0.951171875 0.015625 0.01953125
0 0.43125 0.919921875 0.015625 0.01953125
0 0.34375 0.86328125 0.015625 0.01953125
0 0.346875 0.923828125 0.015625 0.01953125
0 0.3609375 0.904296875 0.015625 0.01953125
0 0.3421875 0.87890625 0.015625 0.01953125
0 0.178125 0.798828125 0.015625 0.01953125
0 0.2015625 0.806640625 0.015625 0.01953125
0 0.1765625 0.763671875 0.015625 0.01953125
0 0.0984375 0.712890625 0.015625 0.01953125
0 0.2203125 0.15234375 0.015625 0.01953125
0 0.2390625 0.037109375 0.015625 0.01953125
