0 0.971875 0.984375 0.015625 0.01953125
0 0.946875 0.900390625 0.015625 0.01953125
0 0.9296875 0.78125 0.015625 0.01953125
0 0.953125 0.685546875 0.015625 0.01953125
0 0.9890625 0.6953125 0.015625 0.01953125
0 0.9921875 0.576171875 0.015625 0.01953125
0 0.9890625 0.529296875 0.015625 0.01953125
0 0.953125 0.48046875 0.015625 0.01953125
0 0.78125 0.92578125 0.015625 0.01953125
0 0.55 0.982421875 0.015625 0.01953125
0 0.5203125 0.9765625 0.015625 0.01953125
0 0.509375 0.96484375 0.015625 0.01953125
0 0.5359375 0.94921875 0.015625 0.01953125
0 0.5515625 0.953125 0.015625 0.01953125
0 0.58125 0.845703125 0.015625 0.01953125
0 0.6359375 0.71875 0.015625 0.01953125
0 0.5703125 0.68359375 0.015625 0.01953125
0 0.5515625 0.666015625 0.015625 0.01953125
0 0.584375 0.564453125 0.015625 0.01953125
0 0.503125 0.60546875 0.015625 0.01953125
0 0.4859375 0.6328125 0.015625 0.01953125
0 0.684375 0.798828125 0.015625 0.01953125
0 0.7015625 0.76953125 0.015625 0.01953125
0 0.7328125 0.8203125 0.015625 0.01953125
0 0.7109375 0.810546875 0.015625 0.01953125
0 0.6859375 0.841796875 0.015625 0.01953125
0 0.659375 0.861328125 0.015625 0.01953125
0 0.65625 0.921875 0.015625 0.01953125
0 0.6890625 0.9375 0.015625 0.01953125
0 0.7484375 0.69140625 0.015625 0.01953125
0 0.715625 0.681640625 0.015625 0.01953125
0 0.6703125 0.626953125 0.015625 0.01953125
0 0.6953125 0.66015625 0.015625 0.01953125
0 0.696875 0.619140625 0.015625 0.01953125
0 0.7171875 0.623046875 0.015625 0.01953125
0 0.7328125 0.595703125 0.015625 0.01953125
0 0.7234375 0.578125 0.015625 0.01953125
0 0.7265625 0.541015625 0.015625 0.01953125
0 0.71875 0.52734375 0.015625 0.01953125
0 0.66875 0.517578125 0.015625 0.01953125
0 0.7046875 0.4921875 0.015625 0.01953125
0 0.7015625 0.4765625 0.015625 0.01953125
0 0.7 0.45703125 0.015625 0.01953125
0 0.721875 0.470703125 0.015625 0.01953125
0 0.7375 0.478515625 0.015625 0.01953125
0 0.61875 0.482421875 0.015625 0.01953125
0 0.5765625 0.4765625 0.015625 0.01953125
0 0.5890625 0.447265625 0.015625 0.01953125
0 0.5953125 0.4140625 0.015625 0.01953125
0 0.60625 0.388671875 0.015625 0.01953125
0 0.5265625 0.41796875 0.015625 0.01953125
0 0.5546875 0.435546875 0.015625 0.01953125
0 0.5484375 0.39453125 0.015625 0.01953125
0 0.4265625 0.451171875 0.015625 0.01953125
0 0.41875 0.47265625 0.015625 0.01953125
0 0.328125 0.62109375 0.015625 0.01953125
0 0.2796875 0.60546875 0.015625 0.01953125
0 0.259375 0.646484375 0.015625 0.01953125
0 0.425 0.8359375 0.015625 0.01953125
0 0.4625 0.86328125 0.015625 0.01953125
0 0.490625 0.9140625 0.015625 0.01953125
0 0.48125 0.908203125 0.015625 0.01953125
0 0.4484375 0.931640625 0.015625 0.01953125
0 0.446875 0.9140625 0.015625 0.01953125
0 0.39375 0.880859375 0.015625 0.01953125
0 0.375 0.89453125 0.015625 0.01953125
0 0.375 0.876953125 0.015625 0.01953125
0 0.3375 0.8828125 0.015625 0.01953125
0 0.33125 0.853515625 0.015625 0.01953125
0 0.3421875 0.8359375 0.015625 0.01953125
0 0.35 0.798828125 0.015625 0.01953125
0 0.3171875 0.806640625 0.015625 0.01953125
0 0.2953125 0.802734375 0.015625 0.01953125
0 0.325 0.763671875 0.015625 0.01953125
0 0.290625 0.759765625 0.015625 0.01953125
0 0.275 0.765625 0.015625 0.01953125
0 0.228125 0.76171875 0.015625 0.01953125
0 0.23125 0.7265625 0.015625 0.01953125
0 0.209375 0.740234375 0.015625 0.01953125
0 0.2015625 0.72265625 0.015625 0.01953125
0 0.2203125 0.673828125 0.015625 0.01953125
0 0.271875 0.798828125 0.015625 0.01953125
0 0.2453125 0.822265625 0.015625 0.01953125
0 0.1890625 0.9296875 0.015625 0.01953125
0 0.3125 0.974609375 0.015625 0.01953125
0 0.30625 0.98828125 0.015625 0.01953125
0 0.1671875 0.662109375 0.015625 0.01953125
0 0.1875 0.681640625 0.015625 0.01953125
0 0.2015625 0.689453125 0.015625 0.01953125
0 0.1984375 0.6171875 0.015625 0.01953125
0 0.19375 0.630859375 0.015625 0.01953125
0 0.1375 0.59375 0.015625 0.01953125
0 0.1375 0.5625 0.015625 0.01953125
0 0.13125 0.64453125 0.015625 0.01953125
0 0.1171875 0.626953125 0.015625 0.01953125
0 0.1171875 0.662109375 0.015625 0.01953125
0 0.0640625 0.638671875 0.015625 0.01953125
0 0.0515625 0.638671875 0.015625 0.01953125
0 0.0421875 0.666015625 0.015625 0.01953125
0 0.0640625 0.68359375 0.015625 0.01953125
0 0.028125 0.615234375 0.015625 0.01953125
0 0.015625 0.6015625 0.015625 0.01953125
0 0.1140625 0.55078125 0.015625 0.01953125
0 0.1015625 0.53125 0.015625 0.01953125
0 0.090625 0.517578125 0.015625 0.01953125
0 0.0796875 0.50390625 0.015625 0.01953125
0 0.0953125 0.46875 0.015625 0.01953125
0 0.0859375 0.455078125 0.015625 0.01953125
0 0.0265625 0.494140625 0.015625 0.01953125
0 0.00625 0.484375 0.015625 0.01953125
0 0.0265625 0.466796875 0.015625 0.01953125
0 0.0125 0.451171875 0.015625 0.01953125
0 0.1078125 0.322265625 0.015625 0.01953125
0 0.1046875 0.296875 0.015625 0.01953125
0 0.0109375 0.349609375 0.015625 0.01953125
0 0.0 0.3203125 0.015625 0.01953125
0 0.0328125 0.283203125 0.015625 0.01953125
0 0.0171875 0.25390625 0.015625 0.01953125
0 0.078125 0.138671875 0.015625 0.01953125
0 0.0703125 0.166015625 0.015625 0.01953125
0 0.0640625 0.140625 0.015625 0.01953125
0 0.1875 0.099609375 0.015625 0.01953125
0 0.175 0.0859375 0.015625 0.01953125
0 0.0640625 0.091796875 0.015625 0.01953125
0 0.15 0.017578125 0.015625 0.01953125
0 0.0546875 0.072265625 0.015625 0.01953125
0 0.0484375 0.0546875 0.015625 0.01953125
0 0.3203125 0.111328125 0.015625 0.01953125
0 0.1765625 0.02734375 0.015625 0.01953125
0 0.375 0.126953125 0.015625 0.01953125
0 0.334375 0.119140625 0.015625 0.01953125
0 0.35 0.126953125 0.015625 0.01953125
0 0.36875 0.16015625 0.015625 0.01953125
0 0.3390625 0.171875 0.015625 0.01953125
0 0.296875 0.1796875 0.015625 0.01953125
0 0.3875 0.275390625 0.015625 0.01953125
0 0.2828125 0.17578125 0.015625 0.01953125
0 0.390625 0.298828125 0.015625 0.01953125
0 0.45625 0.275390625 0.015625 0.01953125
0 0.434375 0.2578125 0.015625 0.01953125
0 0.409375 0.23828125 0.015625 0.01953125
0 0.3921875 0.234375 0.015625 0.01953125
0 0.415625 0.1953125 0.015625 0.01953125
0 0.2390625 0.83984375 0.015625 0.01953125
0 0.19375 0.951171875 0.015625 0.01953125
0 0.128125 0.939453125 0.015625 0.01953125
0 0.025 0.798828125 0.015625 0.01953125
0 0.1078125 0.900390625 0.015625 0.01953125
0 0.084375 0.88671875 0.015625 0.01953125
0 0.0828125 0.845703125 0.015625 0.01953125
0 0.1671875 0.845703125 0.015625 0.01953125
0 0.1453125 0.837890625 0.015625 0.01953125
0 0.53125 0.306640625 0.015625 0.01953125
0 0.5671875 0.34375 0.015625 0.01953125
0 0.5890625 0.345703125 0.015625 0.01953125
0 0.55 0.3359375 0.015625 0.01953125
