0 0.3890625 0.94140625 0.015625 0.01953125
0 0.4703125 0.84765625 0.015625 0.01953125
0 0.640625 0.818359375 0.015625 0.01953125
0 0.7109375 0.81640625 0.015625 0.01953125
0 0.7234375 0.845703125 0.015625 0.01953125
0 0.3203125 0.798828125 0.015625 0.01953125
0 0.31875 0.845703125 0.015625 0.01953125
0 0.3109375 0.875 0.015625 0.01953125
0 0.2953125 0.873046875 0.015625 0.01953125
0 0.34375 0.908203125 0.015625 0.01953125
0 0.090625 0.88671875 0.015625 0.01953125
0 0.1109375 0.9140625 0.015625 0.01953125
0 0.134375 0.9296875 0.015625 0.01953125
0 0.1515625 0.9765625 0.015625 0.01953125
0 0.38125 0.658203125 0.015625 0.01953125
0 0.315625 0.69140625 0.015625 0.01953125
0 0.271875 0.701171875 0.015625 0.01953125
0 0.3265625 0.65234375 0.015625 0.01953125
0 0.3203125 0.626953125 0.015625 0.01953125
0 0.2296875 0.66015625 0.015625 0.01953125
0 0.1671875 0.611328125 0.015625 0.01953125
0 0.2203125 0.53125 0.015625 0.01953125
0 0.209375 0.509765625 0.015625 0.01953125
0 0.66875 0.677734375 0.015625 0.01953125
0 0.6625 0.6484375 0.015625 0.01953125
0 0.9765625 0.71875 0.015625 0.01953125
0 0.4359375 0.537109375 0.015625 0.01953125
0 0.48125 0.55078125 0.015625 0.01953125
0 0.515625 0.5234375 0.015625 0.01953125
0 0.5140625 0.490234375 0.015625 0.01953125
0 0.584375 0.203125 0.015625 0.01953125
0 0.6671875 0.154296875 0.015625 0.01953125
0 0.53125 0.435546875 0.015625 0.01953125
0 0.0390625 0.375 0.015625 0.01953125
0 0.9703125 0.310546875 0.015625 0.01953125
0 0.9703125 0.36328125 0.015625 0.01953125
0 0.9671875 0.392578125 0.015625 0.01953125
0 0.33125 0.44140625 0.015625 0.01953125
0 0.3921875 0.419921875 0.015625 0.01953125
0 0.46875 0.3828125 0.015625 0.01953125
0 0.4828125 0.333984375 0.015625 0.01953125
0 0.4953125 0.271484375 0.015625 0.01953125
0 0.5234375 0.314453125 0.015625 0.01953125
0 0.5421875 0.341796875 0.015625 0.01953125
0 0.578125 0.36328125 0.015625 0.01953125
0 0.621875 0.345703125 0.015625 0.01953125
0 0.775 0.12109375 0.015625 0.01953125
0 0.63125 0.06640625 0.015625 0.01953125
0 0.6171875 0.0390625 0.015625 0.01953125
0 0.65625 0.01171875 0.015625 0.01953125
0 0.6953125 0.033203125 0.015625 0.01953125
0 0.7171875 0.06640625 0.015625 0.01953125
0 0.7265625 0.08984375 0.015625 0.01953125
0 0.7453125 0.08984375 0.015625 0.01953125
0 0.371875 0.06640625 0.015625 0.01953125
0 0.446875 0.259765625 0.015625 0.01953125
0 0.4203125 0.189453125 0.015625 0.01953125
0 0.3546875 0.40234375 0.015625 0.01953125
0 0.3828125 0.462890625 0.015625 0.01953125
0 0.1265625 0.080078125 0.015625 0.01953125
0 0.028125 0.0234375 0.015625 0.01953125
0 0.184375 0.03125 0.015625 0.01953125
0 0.196875 0.064453125 0.015625 0.01953125
0 0.3609375 0.02734375 0.015625 0.01953125
0 0.7390625 0.11328125 0.015625 0.01953125
0 0.8421875 0.4609375 0.015625 0.01953125
0 0.390625 0.322265625 0.015625 0.01953125
0 0.375 0.291015625 0.015625 0.01953125
0 0.3796875 0.26171875 0.015625 0.01953125
0 0.409375 0.25390625 0.015625 0.01953125
0 0.425 0.267578125 0.015625 0.01953125
0 0.421875 0.24609375 0.015625 0.01953125
0 0.4296875 0.30859375 0.015625 0.01953125
0 0.4109375 0.306640625 0.015625 0.01953125
0 0.3921875 0.220703125 0.015625 0.01953125
0 0.3359375 0.2265625 0.015625 0.01953125
0 0.359375 0.173828125 0.015625 0.01953125
0 0.3375 0.140625 0.015625 0.01953125
0 0.278125 0.154296875 0.015625 0.01953125
0 0.246875 0.1640625 0.015625 0.01953125
0 0.2578125 0.173828125 0.015625 0.01953125
0 0.278125 0.1875 0.015625 0.01953125
0 0.328125 0.1875 0.015625 0.01953125
0 0.3125 0.212890625 0.015625 0.01953125
0 0.1671875 0.103515625 0.015625 0.01953125
0 0.0828125 0.052734375 0.015625 0.01953125
0 0.2515625 0.05078125 0.015625 0.01953125
0 0.2359375 0.03515625 0.015625 0.01953125
0 0.53125 0.0390625 0.015625 0.01953125
0 0.5453125 0.033203125 0.015625 0.01953125
0 0.4359375 0.3515625 0.015625 0.01953125
0 0.578125 0.400390625 0.015625 0.01953125
0 0.5578125 0.392578125 0.015625 0.01953125
0 0.7578125 0.234375 0.015625 0.01953125
0 0.7265625 0.2421875 0.015625 0.01953125
0 0.7171875 0.220703125 0.015625 0.01953125
0 0.2984375 0.0859375 0.015625 0.01953125
0 0.2125 0.095703125 0.015625 0.01953125
0 0.234375 0.125 0.015625 0.01953125
0 0.7578125 0.1875 0.015625 0.01953125
0 0.2921875 0.24609375 0.015625 0.01953125
0 0.5390625 0.576171875 0.015625 0.01953125
0 0.6140625 0.4765625 0.015625 0.01953125
0 0.5875 0.521484375 0.015625 0.01953125
0 0.60625 0.513671875 0.015625 0.01953125
0 0.721875 0.556640625 0.015625 0.01953125
0 0.7609375 0.578125 0.015625 0.01953125
