0 0.55 0.861328125 0.015625 0.01953125
0 0.43125 0.8125 0.015625 0.01953125
0 0.20625 0.677734375 0.015625 0.01953125
0 0.6375 0.453125 0.015625 0.01953125
0 0.134375 0.603515625 0.015625 0.01953125
0 0.93125 0.1796875 0.015625 0.01953125
0 0.734375 0.30078125 0.015625 0.01953125
0 0.721875 0.275390625 0.015625 0.01953125
0 0.65 0.28125 0.015625 0.01953125
0 0.484375 0.30859375 0.015625 0.01953125
0 0.4296875 0.365234375 0.015625 0.01953125
0 0.43125 0.31640625 0.015625 0.01953125
0 0.365625 0.361328125 0.015625 0.01953125
0 0.3421875 0.423828125 0.015625 0.01953125
0 0.34375 0.318359375 0.015625 0.01953125
0 0.3171875 0.369140625 0.015625 0.01953125
0 0.1234375 0.345703125 0.015625 0.01953125
0 0.165625 0.396484375 0.015625 0.01953125
0 0.1421875 0.380859375 0.015625 0.01953125
0 0.1609375 0.369140625 0.015625 0.01953125
0 0.371875 0.1953125 0.015625 0.01953125
0 0.3609375 0.173828125 0.015625 0.01953125
0 0.403125 0.126953125 0.015625 0.01953125
0 0.2953125 0.119140625 0.015625 0.01953125
0 0.26875 0.16015625 0.015625 0.01953125
0 0.2375 0.16796875 0.015625 0.01953125
0 0.2453125 0.140625 0.015625 0.01953125
0 0.196875 0.080078125 0.015625 0.01953125
0 0.759375 0.134765625 0.015625 0.01953125
0 0.7515625 0.103515625 0.015625 0.01953125
0 0.4578125 0.015625 0.015625 0.01953125
0 0.484375 0.025390625 0.015625 0.01953125
0 0.553125 0.048828125 0.015625 0.01953125
0 0.5703125 0.04296875 0.015625 0.01953125
0 0.6171875 0.037109375 0.015625 0.01953125
0 0.246875 0.0078125 0.015625 0.01953125
