0 0.6265625 0.62890625 0.015625 0.01953125
0 0.7265625 0.80859375 0.015625 0.01953125
0 0.74375 0.583984375 0.015625 0.01953125
0 0.878125 0.576171875 0.015625 0.01953125
0 0.596875 0.443359375 0.015625 0.01953125
0 0.5421875 0.4140625 0.015625 0.01953125
0 0.528125 0.4140625 0.015625 0.01953125
0 0.34375 0.3359375 0.015625 0.01953125
0 0.2046875 0.212890625 0.015625 0.01953125
0 0.20625 0.17578125 0.015625 0.01953125
0 0.5984375 0.03125 0.015625 0.01953125
0 0.309375 0.03125 0.015625 0.01953125
0 0.9625 0.927734375 0.015625 0.01953125
0 0.140625 0.0078125 0.015625 0.01953125
0 0.1109375 0.005859375 0.015625 0.01953125
0 0.3484375 0.00390625 0.015625 0.01953125
