0 0.015625 0.103515625 0.015625 0.01953125
0 0.1828125 0.166015625 0.015625 0.01953125
0 0.1640625 0.26953125 0.015625 0.01953125
0 0.3546875 0.275390625 0.015625 0.01953125
0 0.2984375 0.025390625 0.015625 0.01953125
0 0.2953125 0.880859375 0.015625 0.01953125
0 0.2921875 0.98046875 0.015625 0.01953125
0 0.3625 0.880859375 0.015625 0.01953125
0 0.384375 0.83203125 0.015625 0.01953125
0 0.490625 0.861328125 0.015625 0.01953125
0 0.4984375 0.9140625 0.015625 0.01953125
0 0.8703125 0.84765625 0.015625 0.01953125
0 0.8515625 0.873046875 0.015625 0.01953125
0 0.5875 0.611328125 0.015625 0.01953125
0 0.74375 0.40625 0.015625 0.01953125
0 0.5078125 0.111328125 0.015625 0.01953125
0 0.675 0.201171875 0.015625 0.01953125
