0 0.409375 0.90625 0.015625 0.01953125
0 0.409375 0.880859375 0.015625 0.01953125
0 0.0859375 0.677734375 0.015625 0.01953125
0 0.125 0.572265625 0.015625 0.01953125
0 0.1671875 0.59765625 0.015625 0.01953125
0 0.2703125 0.587890625 0.015625 0.01953125
0 0.24375 0.513671875 0.015625 0.01953125
0 0.3109375 0.55078125 0.015625 0.01953125
0 0.646875 0.357421875 0.015625 0.01953125
0 0.675 0.3203125 0.015625 0.01953125
0 0.6734375 0.294921875 0.015625 0.01953125
0 0.71875 0.26953125 0.015625 0.01953125
0 0.740625 0.25390625 0.015625 0.01953125
0 0.7984375 0.232421875 0.015625 0.01953125
0 0.7859375 0.19921875 0.015625 0.01953125
0 0.7140625 0.123046875 0.015625 0.01953125
0 0.503125 0.220703125 0.015625 0.01953125
0 0.4953125 0.1796875 0.015625 0.01953125
0 0.46875 0.033203125 0.015625 0.01953125
0 0.1171875 0.119140625 0.015625 0.01953125
0 0.5703125 0.544921875 0.015625 0.01953125
