0 0.253125 0.90625 0.015625 0.01953125
0 0.2578125 0.923828125 0.015625 0.01953125
0 0.896875 0.9609375 0.015625 0.01953125
0 0.81875 0.810546875 0.015625 0.01953125
0 0.8984375 0.6796875 0.015625 0.01953125
0 0.76875 0.51953125 0.015625 0.01953125
0 0.9671875 0.466796875 0.015625 0.01953125
0 0.9859375 0.515625 0.015625 0.01953125
0 0.8828125 0.01171875 0.015625 0.01953125
0 0.3171875 0.615234375 0.015625 0.01953125
0 0.4140625 0.228515625 0.015625 0.01953125
0 0.3921875 0.20703125 0.015625 0.01953125
0 0.3515625 0.1875 0.015625 0.01953125
0 0.3203125 0.263671875 0.015625 0.01953125
0 0.259375 0.37109375 0.015625 0.01953125
0 0.253125 0.326171875 0.015625 0.01953125
0 0.2515625 0.298828125 0.015625 0.01953125
0 0.16875 0.291015625 0.015625 0.01953125
0 0.1390625 0.259765625 0.015625 0.01953125
0 0.265625 0.115234375 0.015625 0.01953125
