0 0.490625 0.8046875 0.015625 0.01953125
0 0.5390625 0.814453125 0.015625 0.01953125
0 0.5484375 0.798828125 0.015625 0.01953125
0 0.59375 0.83203125 0.015625 0.01953125
0 0.6640625 0.8984375 0.015625 0.01953125
0 0.665625 0.869140625 0.015625 0.01953125
0 0.59375 0.779296875 0.015625 0.01953125
0 0.6734375 0.703125 0.015625 0.01953125
0 0.1078125 0.73046875 0.015625 0.01953125
0 0.121875 0.69140625 0.015625 0.01953125
0 0.1125 0.580078125 0.015625 0.01953125
0 0.1515625 0.572265625 0.015625 0.01953125
0 0.1328125 0.5078125 0.015625 0.01953125
0 0.403125 0.275390625 0.015625 0.01953125
0 0.534375 0.267578125 0.015625 0.01953125
0 0.425 0.078125 0.015625 0.01953125
0 0.7421875 0.5234375 0.015625 0.01953125
0 0.75 0.5390625 0.015625 0.01953125
0 0.7765625 0.583984375 0.015625 0.01953125
0 0.7984375 0.611328125 0.015625 0.01953125
0 0.8625 0.732421875 0.015625 0.01953125
0 0.0515625 0.30859375 0.015625 0.01953125
