0 0.8890625 0.10546875 0.015625 0.01953125
0 0.575 0.03125 0.015625 0.01953125
0 0.478125 0.005859375 0.015625 0.01953125
0 0.446875 0.03125 0.015625 0.01953125
0 0.4203125 0.03125 0.015625 0.01953125
0 0.275 0.05859375 0.015625 0.01953125
0 0.4765625 0.298828125 0.015625 0.01953125
0 0.378125 0.546875 0.015625 0.01953125
0 0.490625 0.615234375 0.015625 0.01953125
0 0.753125 0.826171875 0.015625 0.01953125
0 0.71875 0.865234375 0.015625 0.01953125
0 0.365625 0.26953125 0.015625 0.01953125
0 0.3234375 0.279296875 0.015625 0.01953125
0 0.278125 0.310546875 0.015625 0.01953125
0 0.271875 0.326171875 0.015625 0.01953125
0 0.23125 0.373046875 0.015625 0.01953125
0 0.20625 0.373046875 0.015625 0.01953125
0 0.1515625 0.234375 0.015625 0.01953125
0 0.178125 0.212890625 0.015625 0.01953125
