0 0.953125 0.08984375 0.015625 0.01953125
0 0.9375 0.123046875 0.015625 0.01953125
0 0.9203125 0.091796875 0.015625 0.01953125
0 0.93125 0.080078125 0.015625 0.01953125
0 0.8515625 0.080078125 0.015625 0.01953125
0 0.8515625 0.048828125 0.015625 0.01953125
0 0.81875 0.03515625 0.015625 0.01953125
0 0.7375 0.06640625 0.015625 0.01953125
0 0.740625 0.283203125 0.015625 0.01953125
0 0.740625 0.322265625 0.015625 0.01953125
0 0.8453125 0.384765625 0.015625 0.01953125
0 0.796875 0.486328125 0.015625 0.01953125
0 0.8234375 0.638671875 0.015625 0.01953125
0 0.7765625 0.6328125 0.015625 0.01953125
0 0.7421875 0.603515625 0.015625 0.01953125
0 0.64375 0.671875 0.015625 0.01953125
0 0.609375 0.71875 0.015625 0.01953125
0 0.5890625 0.69921875 0.015625 0.01953125
0 0.5671875 0.787109375 0.015625 0.01953125
0 0.734375 0.955078125 0.015625 0.01953125
0 0.6375 0.271484375 0.015625 0.01953125
0 0.6046875 0.123046875 0.015625 0.01953125
0 0.66875 0.123046875 0.015625 0.01953125
0 0.69375 0.16796875 0.015625 0.01953125
0 0.428125 0.1640625 0.015625 0.01953125
0 0.6078125 0.42578125 0.015625 0.01953125
0 0.4625 0.501953125 0.015625 0.01953125
0 0.55625 0.603515625 0.015625 0.01953125
0 0.553125 0.58203125 0.015625 0.01953125
0 0.5109375 0.640625 0.015625 0.01953125
0 0.365625 0.634765625 0.015625 0.01953125
0 0.5109375 0.279296875 0.015625 0.01953125
0 0.484375 0.287109375 0.015625 0.01953125
0 0.4765625 0.259765625 0.015625 0.01953125
0 0.5703125 0.2890625 0.015625 0.01953125
0 0.55 0.26171875 0.015625 0.01953125
0 0.6 0.251953125 0.015625 0.01953125
0 0.59375 0.212890625 0.015625 0.01953125
0 0.5671875 0.203125 0.015625 0.01953125
0 0.5515625 0.109375 0.015625 0.01953125
0 0.3296875 0.375 0.015625 0.01953125
0 0.3015625 0.3671875 0.015625 0.01953125
0 0.225 0.6953125 0.015625 0.01953125
0 0.24375 0.779296875 0.015625 0.01953125
0 0.4734375 0.734375 0.015625 0.01953125
0 0.4609375 0.74609375 0.015625 0.01953125
0 0.45 0.783203125 0.015625 0.01953125
0 0.7890625 0.65625 0.015625 0.01953125
0 0.2296875 0.439453125 0.015625 0.01953125
0 0.2046875 0.46484375 0.015625 0.01953125
0 0.1734375 0.47265625 0.015625 0.01953125
0 0.1203125 0.337890625 0.015625 0.01953125
0 0.3 0.154296875 0.015625 0.01953125
0 0.3375 0.125 0.015625 0.01953125
0 0.4015625 0.0390625 0.015625 0.01953125
0 0.309375 0.029296875 0.015625 0.01953125
0 0.253125 0.03515625 0.015625 0.01953125
0 0.2078125 0.04296875 0.015625 0.01953125
0 0.175 0.046875 0.015625 0.01953125
0 0.1453125 0.158203125 0.015625 0.01953125
0 0.1609375 0.185546875 0.015625 0.01953125
0 0.1453125 0.28125 0.015625 0.01953125
0 0.0703125 0.283203125 0.015625 0.01953125
0 0.1125 0.427734375 0.015625 0.01953125
0 0.090625 0.65625 0.015625 0.01953125
0 0.2890625 0.984375 0.015625 0.01953125
0 0.1125 0.521484375 0.015625 0.01953125
0 0.071875 0.630859375 0.015625 0.01953125
0 0.021875 0.869140625 0.015625 0.01953125
0 0.115625 0.123046875 0.015625 0.01953125
0 0.1515625 0.025390625 0.015625 0.01953125
0 0.0953125 0.193359375 0.015625 0.01953125
0 0.0671875 0.173828125 0.015625 0.01953125
0 0.0625 0.1328125 0.015625 0.01953125
0 0.1046875 0.04296875 0.015625 0.01953125
0 0.459375 0.912109375 0.015625 0.01953125
0 0.4625 0.87890625 0.015625 0.01953125
0 0.4296875 0.8671875 0.015625 0.01953125
0 0.090625 0.0859375 0.015625 0.01953125
0 0.01875 0.83984375 0.015625 0.01953125
0 0.3453125 0.921875 0.015625 0.01953125
0 0.0046875 0.15234375 0.015625 0.01953125
0 0.9203125 0.1328125 0.015625 0.01953125
0 0.6078125 0.822265625 0.015625 0.01953125
0 0.334375 0.34375 0.015625 0.01953125
0 0.3609375 0.345703125 0.015625 0.01953125
0 0.1984375 0.50390625 0.015625 0.01953125
0 0.559375 0.82421875 0.015625 0.01953125
