0 0.4375 0.44921875 0.015625 0.01953125
0 0.4953125 0.431640625 0.015625 0.01953125
0 0.596875 0.3984375 0.015625 0.01953125
0 0.6765625 0.83984375 0.015625 0.01953125
0 0.7234375 0.83984375 0.015625 0.01953125
0 0.709375 0.673828125 0.015625 0.01953125
0 0.8296875 0.59375 0.015625 0.01953125
0 0.0546875 0.7578125 0.015625 0.01953125
0 0.2671875 0.35546875 0.015625 0.01953125
0 0.5421875 0.078125 0.015625 0.01953125
0 0.6609375 0.220703125 0.015625 0.01953125
0 0.659375 0.287109375 0.015625 0.01953125
0 0.3984375 0.27734375 0.015625 0.01953125
0 0.4234375 0.271484375 0.015625 0.01953125
0 0.328125 0.19921875 0.015625 0.01953125
0 0.075 0.16015625 0.015625 0.01953125
0 0.275 0.11328125 0.015625 0.01953125
0 0.2453125 0.103515625 0.015625 0.01953125
0 0.15625 0.921875 0.015625 0.01953125
0 0.1296875 0.955078125 0.015625 0.01953125
0 0.4375 0.8359375 0.015625 0.01953125
0 0.4625 0.826171875 0.015625 0.01953125
0 0.4515625 0.8046875 0.015625 0.01953125
0 0.4953125 0.8046875 0.015625 0.01953125
0 0.640625 0.712890625 0.015625 0.01953125
0 0.6296875 0.677734375 0.015625 0.01953125
0 0.2703125 0.630859375 0.015625 0.01953125
0 0.1765625 0.3515625 0.015625 0.01953125
0 0.0484375 0.03515625 0.015625 0.01953125
0 0.8890625 0.08203125 0.015625 0.01953125
0 0.81875 0.0390625 0.015625 0.01953125
0 0.78125 0.021484375 0.015625 0.01953125
0 0.9515625 0.107421875 0.015625 0.01953125
0 0.94375 0.048828125 0.015625 0.01953125
0 0.784375 0.26171875 0.015625 0.01953125
0 0.7 0.287109375 0.015625 0.01953125
0 0.2234375 0.484375 0.015625 0.01953125
0 0.2234375 0.455078125 0.015625 0.01953125
0 0.7296875 0.20703125 0.015625 0.01953125
0 0.765625 0.1796875 0.015625 0.01953125
0 0.9640625 0.482421875 0.015625 0.01953125
0 0.6671875 0.50390625 0.015625 0.01953125
0 0.434375 0.6328125 0.015625 0.01953125
0 0.4375 0.603515625 0.015625 0.01953125
0 0.565625 0.708984375 0.015625 0.01953125
0 0.253125 0.587890625 0.015625 0.01953125
0 0.2578125 0.607421875 0.015625 0.01953125
0 0.0609375 0.251953125 0.015625 0.01953125
0 0.7828125 0.095703125 0.015625 0.01953125
0 0.7671875 0.087890625 0.015625 0.01953125
0 0.71875 0.1484375 0.015625 0.01953125
0 0.678125 0.041015625 0.015625 0.01953125
0 0.7109375 0.0390625 0.015625 0.01953125
0 0.9796875 0.02734375 0.015625 0.01953125
0 0.534375 0.62109375 0.015625 0.01953125
0 0.6203125 0.6015625 0.015625 0.01953125
0 0.8671875 0.583984375 0.015625 0.01953125
0 0.8484375 0.568359375 0.015625 0.01953125
0 0.809375 0.572265625 0.015625 0.01953125
0 0.19375 0.044921875 0.015625 0.01953125
0 0.6859375 0.10546875 0.015625 0.01953125
0 0.6703125 0.013671875 0.015625 0.01953125
0 0.7515625 0.0078125 0.015625 0.01953125
