0 0.075 0.05078125 0.015625 0.01953125
0 0.0375 0.140625 0.015625 0.01953125
0 0.25625 0.060546875 0.015625 0.01953125
0 0.01875 0.236328125 0.015625 0.01953125
0 0.221875 0.220703125 0.015625 0.01953125
0 0.15625 0.35546875 0.015625 0.01953125
0 0.0046875 0.4765625 0.015625 0.01953125
0 0.215625 0.552734375 0.015625 0.01953125
0 0.190625 0.71484375 0.015625 0.01953125
0 0.171875 0.876953125 0.015625 0.01953125
0 0.246875 0.916015625 0.015625 0.01953125
0 0.3453125 0.80078125 0.015625 0.01953125
0 0.3234375 0.6484375 0.015625 0.01953125
0 0.3640625 0.671875 0.015625 0.01953125
0 0.371875 0.544921875 0.015625 0.01953125
0 0.39375 0.025390625 0.015625 0.01953125
0 0.4 0.0703125 0.015625 0.01953125
0 0.5 0.05859375 0.015625 0.01953125
0 0.6078125 0.060546875 0.015625 0.01953125
0 0.7921875 0.275390625 0.015625 0.01953125
0 0.7109375 0.869140625 0.015625 0.01953125
0 0.628125 0.833984375 0.015625 0.01953125
0 0.734375 0.701171875 0.015625 0.01953125
0 0.8015625 0.642578125 0.015625 0.01953125
0 0.8609375 0.50390625 0.015625 0.01953125
0 0.86875 0.48828125 0.015625 0.01953125
0 0.8375 0.716796875 0.015625 0.01953125
0 0.8609375 0.7265625 0.015625 0.01953125
0 0.8734375 0.685546875 0.015625 0.01953125
0 0.89375 0.765625 0.015625 0.01953125
0 0.9484375 0.541015625 0.015625 0.01953125
0 0.978125 0.494140625 0.015625 0.01953125
0 0.915625 0.76171875 0.015625 0.01953125
0 0.8234375 0.033203125 0.015625 0.01953125
0 0.7703125 0.017578125 0.015625 0.01953125
0 0.9796875 0.357421875 0.015625 0.01953125
0 0.878125 0.630859375 0.015625 0.01953125
0 0.9296875 0.638671875 0.015625 0.01953125
