0 0.7921875 0.275390625 0.015625 0.01953125
0 0.6703125 0.32421875 0.015625 0.01953125
0 0.8734375 0.484375 0.015625 0.01953125
0 0.771875 0.59375 0.015625 0.01953125
0 0.6890625 0.71875 0.015625 0.01953125
0 0.853125 0.7265625 0.015625 0.01953125
0 0.590625 0.841796875 0.015625 0.01953125
0 0.4 0.9609375 0.015625 0.01953125
0 0.5109375 0.591796875 0.015625 0.01953125
0 0.453125 0.552734375 0.015625 0.01953125
0 0.478125 0.494140625 0.015625 0.01953125
0 0.6015625 0.46484375 0.015625 0.01953125
0 0.50625 0.302734375 0.015625 0.01953125
0 0.4859375 0.32421875 0.015625 0.01953125
0 0.478125 0.3515625 0.015625 0.01953125
0 0.4625 0.388671875 0.015625 0.01953125
0 0.553125 0.361328125 0.015625 0.01953125
0 0.521875 0.23046875 0.015625 0.01953125
0 0.49375 0.220703125 0.015625 0.01953125
0 0.4828125 0.25 0.015625 0.01953125
0 0.4703125 0.263671875 0.015625 0.01953125
0 0.45625 0.27734375 0.015625 0.01953125
0 0.303125 0.552734375 0.015625 0.01953125
0 0.3265625 0.56640625 0.015625 0.01953125
0 0.3015625 0.494140625 0.015625 0.01953125
0 0.3171875 0.48046875 0.015625 0.01953125
0 0.6078125 0.078125 0.015625 0.01953125
0 0.63125 0.0390625 0.015625 0.01953125
0 0.6515625 0.005859375 0.015625 0.01953125
0 0.3328125 0.591796875 0.015625 0.01953125
0 0.2859375 0.642578125 0.015625 0.01953125
0 0.134375 0.900390625 0.015625 0.01953125
