0 0.8390625 0.681640625 0.015625 0.01953125
0 0.909375 0.556640625 0.015625 0.01953125
0 0.9125 0.361328125 0.015625 0.01953125
0 0.8015625 0.4375 0.015625 0.01953125
0 0.6609375 0.578125 0.015625 0.01953125
0 0.5734375 0.6484375 0.015625 0.01953125
0 0.6515625 0.8984375 0.015625 0.01953125
0 0.78125 0.814453125 0.015625 0.01953125
0 0.38125 0.66796875 0.015625 0.01953125
0 0.375 0.630859375 0.015625 0.01953125
0 0.35 0.623046875 0.015625 0.01953125
0 0.5328125 0.51171875 0.015625 0.01953125
0 0.5734375 0.453125 0.015625 0.01953125
0 0.4859375 0.484375 0.015625 0.01953125
0 0.509375 0.45703125 0.015625 0.01953125
0 0.528125 0.42578125 0.015625 0.01953125
0 0.546875 0.40234375 0.015625 0.01953125
0 0.565625 0.361328125 0.015625 0.01953125
0 0.5484375 0.2890625 0.015625 0.01953125
0 0.5328125 0.3125 0.015625 0.01953125
0 0.5171875 0.328125 0.015625 0.01953125
0 0.50625 0.341796875 0.015625 0.01953125
0 0.490625 0.361328125 0.015625 0.01953125
0 0.66875 0.328125 0.015625 0.01953125
0 0.66875 0.140625 0.015625 0.01953125
0 0.6921875 0.11328125 0.015625 0.01953125
0 0.70625 0.07421875 0.015625 0.01953125
0 0.7203125 0.06640625 0.015625 0.01953125
0 0.3328125 0.6953125 0.015625 0.01953125
0 0.35625 0.537109375 0.015625 0.01953125
0 0.840625 0.8671875 0.015625 0.01953125
0 0.8375 0.908203125 0.015625 0.01953125
0 0.178125 0.958984375 0.015625 0.01953125
