0 0.453125 0.7421875 0.015625 0.01953125
0 0.4734375 0.787109375 0.015625 0.01953125
0 0.2796875 0.79296875 0.015625 0.01953125
0 0.3046875 0.74609375 0.015625 0.01953125
0 0.315625 0.716796875 0.015625 0.01953125
0 0.365625 0.4765625 0.015625 0.01953125
0 0.775 0.841796875 0.015625 0.01953125
0 0.76875 0.78125 0.015625 0.01953125
0 0.8296875 0.8125 0.015625 0.01953125
0 0.5796875 0.517578125 0.015625 0.01953125
0 0.484375 0.453125 0.015625 0.01953125
0 0.4578125 0.443359375 0.015625 0.01953125
0 0.41875 0.416015625 0.015625 0.01953125
0 0.4 0.40234375 0.015625 0.01953125
