0 0.178125 0.1796875 0.015625 0.01953125
0 0.25 0.421875 0.015625 0.01953125
0 0.284375 0.595703125 0.015625 0.01953125
0 0.3703125 0.5703125 0.015625 0.01953125
0 0.1296875 0.708984375 0.015625 0.01953125
0 0.70625 0.779296875 0.015625 0.01953125
0 0.7453125 0.759765625 0.015625 0.01953125
0 0.7703125 0.740234375 0.015625 0.01953125
0 0.8875 0.787109375 0.015625 0.01953125
0 0.9109375 0.81640625 0.015625 0.01953125
0 0.8390625 0.619140625 0.015625 0.01953125
0 0.8421875 0.529296875 0.015625 0.01953125
0 0.9484375 0.48046875 0.015625 0.01953125
0 0.921875 0.462890625 0.015625 0.01953125
0 0.884375 0.435546875 0.015625 0.01953125
0 0.8734375 0.421875 0.015625 0.01953125
