0 0.36875 0.666015625 0.015625 0.01953125
0 0.4015625 0.81640625 0.015625 0.01953125
0 0.46875 0.5 0.015625 0.01953125
0 0.5265625 0.466796875 0.015625 0.01953125
0 0.6859375 0.6328125 0.015625 0.01953125
0 0.76875 0.533203125 0.015625 0.01953125
0 0.8171875 0.607421875 0.015625 0.01953125
0 0.934375 0.40234375 0.015625 0.01953125
0 0.7703125 0.212890625 0.015625 0.01953125
0 0.5234375 0.16015625 0.015625 0.01953125
0 0.4796875 0.1328125 0.015625 0.01953125
0 0.403125 0.16015625 0.015625 0.01953125
0 0.3640625 0.22265625 0.015625 0.01953125
0 0.3578125 0.072265625 0.015625 0.01953125
0 0.2953125 0.10546875 0.015625 0.01953125
0 0.2546875 0.2265625 0.015625 0.01953125
0 0.2359375 0.298828125 0.015625 0.01953125
0 0.178125 0.353515625 0.015625 0.01953125
0 0.1984375 0.330078125 0.015625 0.01953125
0 0.109375 0.21484375 0.015625 0.01953125
0 0.1171875 0.05859375 0.015625 0.01953125
0 0.0578125 0.015625 0.015625 0.01953125
0 0.03125 0.126953125 0.015625 0.01953125
0 0.0640625 0.248046875 0.015625 0.01953125
0 0.0453125 0.267578125 0.015625 0.01953125
0 0.0234375 0.296875 0.015625 0.01953125
0 0.975 0.1328125 0.015625 0.01953125
