0 0.909375 0.7734375 0.015625 0.01953125
0 0.8234375 0.740234375 0.015625 0.01953125
0 0.6 0.658203125 0.015625 0.01953125
0 0.646875 0.541015625 0.015625 0.01953125
0 0.6140625 0.572265625 0.015625 0.01953125
0 0.7328125 0.578125 0.015625 0.01953125
0 0.759375 0.572265625 0.015625 0.01953125
0 0.7375 0.490234375 0.015625 0.01953125
0 0.753125 0.2578125 0.015625 0.01953125
0 0.8453125 0.37109375 0.015625 0.01953125
0 0.5453125 0.54296875 0.015625 0.01953125
0 0.5609375 0.4765625 0.015625 0.01953125
0 0.4796875 0.5546875 0.015625 0.01953125
0 0.403125 0.515625 0.015625 0.01953125
0 0.3875 0.55078125 0.015625 0.01953125
0 0.5 0.357421875 0.015625 0.01953125
0 0.4671875 0.318359375 0.015625 0.01953125
0 0.4484375 0.314453125 0.015625 0.01953125
0 0.378125 0.396484375 0.015625 0.01953125
0 0.35625 0.40234375 0.015625 0.01953125
0 0.25 0.48046875 0.015625 0.01953125
0 0.253125 0.55078125 0.015625 0.01953125
0 0.1984375 0.455078125 0.015625 0.01953125
0 0.1609375 0.365234375 0.015625 0.01953125
0 0.0609375 0.796875 0.015625 0.01953125
0 0.0953125 0.68359375 0.015625 0.01953125
0 0.071875 0.671875 0.015625 0.01953125
0 0.9046875 0.201171875 0.015625 0.01953125
0 0.0875 0.640625 0.015625 0.01953125
0 0.1078125 0.630859375 0.015625 0.01953125
0 0.096875 0.470703125 0.015625 0.01953125
0 0.1140625 0.486328125 0.015625 0.01953125
0 0.0203125 0.408203125 0.015625 0.01953125
0 0.0578125 0.23828125 0.015625 0.01953125
0 0.0671875 0.1875 0.015625 0.01953125
0 0.0953125 0.1640625 0.015625 0.01953125
0 0.178125 0.171875 0.015625 0.01953125
0 0.19375 0.1640625 0.015625 0.01953125
0 0.5765625 0.16796875 0.015625 0.01953125
0 0.840625 0.0859375 0.015625 0.01953125
0 0.8734375 0.078125 0.015625 0.01953125
0 0.896875 0.05859375 0.015625 0.01953125
0 0.8828125 0.03515625 0.015625 0.01953125
0 0.440625 0.146484375 0.015625 0.01953125
0 0.1859375 0.046875 0.015625 0.01953125
0 0.315625 0.173828125 0.015625 0.01953125
0 0.0484375 0.0859375 0.015625 0.01953125
0 0.2953125 0.029296875 0.015625 0.01953125
0 0.3140625 0.044921875 0.015625 0.01953125
0 0.1640625 0.009765625 0.015625 0.01953125
0 0.1328125 0.044921875 0.015625 0.01953125
0 0.134375 0.009765625 0.015625 0.01953125
0 0.4125 0.26171875 0.015625 0.01953125
0 0.3921875 0.26171875 0.015625 0.01953125
0 0.346875 0.2578125 0.015625 0.01953125
0 0.0125 0.029296875 0.015625 0.01953125
0 0.040625 0.001953125 0.015625 0.01953125
0 0.059375 0.005859375 0.015625 0.01953125
0 0.1015625 0.0 0.015625 0.01953125
0 0.01875 0.2265625 0.015625 0.01953125
0 0.8625 0.46875 0.015625 0.01953125
0 0.634375 0.041015625 0.015625 0.01953125
0 0.646875 0.017578125 0.015625 0.01953125
0 0.575 0.001953125 0.015625 0.01953125
0 0.465625 0.072265625 0.015625 0.01953125
