0 0.01875 0.869140625 0.015625 0.01953125
0 0.1328125 0.7890625 0.015625 0.01953125
0 0.3359375 0.8203125 0.015625 0.01953125
0 0.4140625 0.755859375 0.015625 0.01953125
0 0.365625 0.73828125 0.015625 0.01953125
0 0.3515625 0.716796875 0.015625 0.01953125
0 0.3875 0.7109375 0.015625 0.01953125
0 0.3765625 0.681640625 0.015625 0.01953125
0 0.6890625 0.826171875 0.015625 0.01953125
0 0.7484375 0.880859375 0.015625 0.01953125
0 0.7109375 0.732421875 0.015625 0.01953125
0 0.7203125 0.697265625 0.015625 0.01953125
0 0.7171875 0.650390625 0.015625 0.01953125
0 0.7359375 0.625 0.015625 0.01953125
0 0.5953125 0.62109375 0.015625 0.01953125
0 0.4859375 0.560546875 0.015625 0.01953125
0 0.46875 0.537109375 0.015625 0.01953125
0 0.896875 0.7734375 0.015625 0.01953125
0 0.90625 0.677734375 0.015625 0.01953125
0 0.89375 0.638671875 0.015625 0.01953125
0 0.8890625 0.611328125 0.015625 0.01953125
0 0.5515625 0.083984375 0.015625 0.01953125
0 0.6015625 0.0703125 0.015625 0.01953125
0 0.6140625 0.091796875 0.015625 0.01953125
0 0.6640625 0.080078125 0.015625 0.01953125
0 0.6515625 0.107421875 0.015625 0.01953125
0 0.703125 0.119140625 0.015625 0.01953125
0 0.7921875 0.0390625 0.015625 0.01953125
0 0.1828125 0.5703125 0.015625 0.01953125
0 0.1546875 0.580078125 0.015625 0.01953125
0 0.3296875 0.087890625 0.015625 0.01953125
0 0.3484375 0.041015625 0.015625 0.01953125
0 0.4609375 0.052734375 0.015625 0.01953125
0 0.4515625 0.138671875 0.015625 0.01953125
0 0.46875 0.140625 0.015625 0.01953125
0 0.5 0.125 0.015625 0.01953125
0 0.5125 0.146484375 0.015625 0.01953125
0 0.5625 0.146484375 0.015625 0.01953125
0 0.7296875 0.138671875 0.015625 0.01953125
0 0.8359375 0.203125 0.015625 0.01953125
0 0.8578125 0.20703125 0.015625 0.01953125
0 0.8765625 0.212890625 0.015625 0.01953125
0 0.896875 0.22265625 0.015625 0.01953125
0 0.2359375 0.06640625 0.015625 0.01953125
0 0.228125 0.099609375 0.015625 0.01953125
0 0.1328125 0.080078125 0.015625 0.01953125
0 0.19375 0.09765625 0.015625 0.01953125
0 0.2796875 0.177734375 0.015625 0.01953125
0 0.234375 0.20703125 0.015625 0.01953125
0 0.1640625 0.201171875 0.015625 0.01953125
0 0.040625 0.26953125 0.015625 0.01953125
0 0.55 0.724609375 0.015625 0.01953125
0 0.975 0.724609375 0.015625 0.01953125
0 0.209375 0.220703125 0.015625 0.01953125
0 0.2015625 0.1328125 0.015625 0.01953125
0 0.125 0.16796875 0.015625 0.01953125
0 0.203125 0.244140625 0.015625 0.01953125
0 0.175 0.25 0.015625 0.01953125
0 0.16875 0.22265625 0.015625 0.01953125
0 0.1609375 0.263671875 0.015625 0.01953125
0 0.1390625 0.275390625 0.015625 0.01953125
0 0.125 0.2890625 0.015625 0.01953125
0 0.1671875 0.3359375 0.015625 0.01953125
0 0.0359375 0.32421875 0.015625 0.01953125
0 0.03125 0.34375 0.015625 0.01953125
0 0.059375 0.341796875 0.015625 0.01953125
0 0.071875 0.322265625 0.015625 0.01953125
0 0.1078125 0.341796875 0.015625 0.01953125
0 0.1015625 0.298828125 0.015625 0.01953125
0 0.065625 0.384765625 0.015625 0.01953125
0 0.034375 0.384765625 0.015625 0.01953125
0 0.0109375 0.3984375 0.015625 0.01953125
0 0.703125 0.220703125 0.015625 0.01953125
0 0.759375 0.205078125 0.015625 0.01953125
0 0.775 0.208984375 0.015625 0.01953125
0 0.8015625 0.220703125 0.015625 0.01953125
0 0.803125 0.126953125 0.015625 0.01953125
0 0.83125 0.1484375 0.015625 0.01953125
0 0.865625 0.15625 0.015625 0.01953125
0 0.8796875 0.166015625 0.015625 0.01953125
0 0.478125 0.015625 0.015625 0.01953125
0 0.35 0.017578125 0.015625 0.01953125
0 0.3609375 0.64453125 0.015625 0.01953125
0 0.4796875 0.435546875 0.015625 0.01953125
0 0.534375 0.42578125 0.015625 0.01953125
0 0.1078125 0.146484375 0.015625 0.01953125
0 0.1984375 0.1640625 0.015625 0.01953125
0 0.2046875 0.029296875 0.015625 0.01953125
0 0.2125 0.064453125 0.015625 0.01953125
0 0.78125 0.34375 0.015625 0.01953125
0 0.8671875 0.43359375 0.015625 0.01953125
0 0.9 0.455078125 0.015625 0.01953125
0 0.675 0.71875 0.015625 0.01953125
0 0.8125 0.029296875 0.015625 0.01953125
0 0.35625 0.236328125 0.015625 0.01953125
0 0.371875 0.23046875 0.015625 0.01953125
0 0.365625 0.1953125 0.015625 0.01953125
0 0.5640625 0.171875 0.015625 0.01953125
0 0.734375 0.173828125 0.015625 0.01953125
0 0.6625 0.166015625 0.015625 0.01953125
0 0.8140625 0.265625 0.015625 0.01953125
0 0.8203125 0.28515625 0.015625 0.01953125
0 0.1703125 0.03125 0.015625 0.01953125
0 0.8765625 0.974609375 0.015625 0.01953125
0 0.9015625 0.98828125 0.015625 0.01953125
0 0.3234375 0.2109375 0.015625 0.01953125
0 0.30625 0.203125 0.015625 0.01953125
0 0.23125 0.041015625 0.015625 0.01953125
