0 0.3203125 0.740234375 0.015625 0.01953125
0 0.1984375 0.724609375 0.015625 0.01953125
0 0.5015625 0.943359375 0.015625 0.01953125
0 0.509375 0.970703125 0.015625 0.01953125
0 0.540625 0.931640625 0.015625 0.01953125
0 0.553125 0.953125 0.015625 0.01953125
0 0.5703125 0.95703125 0.015625 0.01953125
0 0.6203125 0.970703125 0.015625 0.01953125
0 0.734375 0.916015625 0.015625 0.01953125
0 0.746875 0.908203125 0.015625 0.01953125
0 0.8 0.90234375 0.015625 0.01953125
0 0.83125 0.89453125 0.015625 0.01953125
0 0.0296875 0.86328125 0.015625 0.01953125
0 0.053125 0.83984375 0.015625 0.01953125
0 0.178125 0.583984375 0.015625 0.01953125
0 0.19375 0.578125 0.015625 0.01953125
0 0.4359375 0.3203125 0.015625 0.01953125
0 0.3859375 0.345703125 0.015625 0.01953125
0 0.7265625 0.337890625 0.015625 0.01953125
0 0.834375 0.41015625 0.015625 0.01953125
0 0.9484375 0.8125 0.015625 0.01953125
0 0.859375 0.712890625 0.015625 0.01953125
0 0.865625 0.814453125 0.015625 0.01953125
0 0.8984375 0.701171875 0.015625 0.01953125
0 0.9109375 0.7734375 0.015625 0.01953125
0 0.7703125 0.55859375 0.015625 0.01953125
0 0.7484375 0.498046875 0.015625 0.01953125
0 0.5296875 0.53125 0.015625 0.01953125
0 0.3828125 0.416015625 0.015625 0.01953125
0 0.4609375 0.388671875 0.015625 0.01953125
0 0.578125 0.4140625 0.015625 0.01953125
0 0.6125 0.412109375 0.015625 0.01953125
0 0.6546875 0.431640625 0.015625 0.01953125
0 0.6765625 0.4296875 0.015625 0.01953125
0 0.7328125 0.44921875 0.015625 0.01953125
0 0.834375 0.44140625 0.015625 0.01953125
0 0.6578125 0.384765625 0.015625 0.01953125
0 0.68125 0.365234375 0.015625 0.01953125
0 0.6984375 0.33203125 0.015625 0.01953125
0 0.7078125 0.302734375 0.015625 0.01953125
0 0.7390625 0.291015625 0.015625 0.01953125
0 0.671875 0.248046875 0.015625 0.01953125
0 0.5984375 0.287109375 0.015625 0.01953125
0 0.2875 0.423828125 0.015625 0.01953125
0 0.109375 0.490234375 0.015625 0.01953125
0 0.4328125 0.666015625 0.015625 0.01953125
0 0.4578125 0.685546875 0.015625 0.01953125
0 0.159375 0.1328125 0.015625 0.01953125
0 0.146875 0.099609375 0.015625 0.01953125
0 0.05625 0.099609375 0.015625 0.01953125
0 0.06875 0.06640625 0.015625 0.01953125
0 0.1703125 0.025390625 0.015625 0.01953125
0 0.2375 0.107421875 0.015625 0.01953125
0 0.25 0.08203125 0.015625 0.01953125
0 0.6265625 0.150390625 0.015625 0.01953125
0 0.5359375 0.267578125 0.015625 0.01953125
0 0.6625 0.091796875 0.015625 0.01953125
0 0.721875 0.234375 0.015625 0.01953125
0 0.0421875 0.328125 0.015625 0.01953125
