0 0.1984375 0.5 0.015625 0.01953125
0 0.1390625 0.544921875 0.015625 0.01953125
0 0.11875 0.66796875 0.015625 0.01953125
0 0.0796875 0.767578125 0.015625 0.01953125
0 0.05 0.77734375 0.015625 0.01953125
0 0.2375 0.826171875 0.015625 0.01953125
0 0.375 0.712890625 0.015625 0.01953125
0 0.409375 0.685546875 0.015625 0.01953125
0 0.3921875 0.564453125 0.015625 0.01953125
0 0.2375 0.666015625 0.015625 0.01953125
0 0.2796875 0.609375 0.015625 0.01953125
0 0.68125 0.74609375 0.015625 0.01953125
0 0.6015625 0.66796875 0.015625 0.01953125
0 0.584375 0.31640625 0.015625 0.01953125
0 0.603125 0.26171875 0.015625 0.01953125
0 0.7140625 0.095703125 0.015625 0.01953125
0 0.7484375 0.05859375 0.015625 0.01953125
0 0.7671875 0.158203125 0.015625 0.01953125
0 0.8453125 0.10546875 0.015625 0.01953125
0 0.8578125 0.212890625 0.015625 0.01953125
0 0.9421875 0.234375 0.015625 0.01953125
0 0.9234375 0.087890625 0.015625 0.01953125
0 0.91875 0.474609375 0.015625 0.01953125
0 0.9046875 0.494140625 0.015625 0.01953125
0 0.88125 0.470703125 0.015625 0.01953125
0 0.8640625 0.490234375 0.015625 0.01953125
0 0.128125 0.630859375 0.015625 0.01953125
0 0.2625 0.654296875 0.015625 0.01953125
0 0.23125 0.052734375 0.015625 0.01953125
0 0.7890625 0.5546875 0.015625 0.01953125
0 0.815625 0.560546875 0.015625 0.01953125
0 0.840625 0.5703125 0.015625 0.01953125
0 0.7671875 0.517578125 0.015625 0.01953125
0 0.753125 0.5078125 0.015625 0.01953125
0 0.6265625 0.46875 0.015625 0.01953125
0 0.5875 0.44921875 0.015625 0.01953125
0 0.43125 0.208984375 0.015625 0.01953125
0 0.4328125 0.158203125 0.015625 0.01953125
0 0.9265625 0.2734375 0.015625 0.01953125
0 0.4390625 0.357421875 0.015625 0.01953125
0 0.7828125 0.810546875 0.015625 0.01953125
0 0.8109375 0.84765625 0.015625 0.01953125
