0 0.346875 0.05859375 0.015625 0.01953125
0 0.1078125 0.03515625 0.015625 0.01953125
0 0.3015625 0.189453125 0.015625 0.01953125
0 0.1328125 0.4296875 0.015625 0.01953125
0 0.1625 0.435546875 0.015625 0.01953125
0 0.1390625 0.4609375 0.015625 0.01953125
0 0.0484375 0.515625 0.015625 0.01953125
0 0.1140625 0.611328125 0.015625 0.01953125
0 0.0109375 0.654296875 0.015625 0.01953125
0 0.090625 0.716796875 0.015625 0.01953125
0 0.2234375 0.580078125 0.015625 0.01953125
0 0.2421875 0.58984375 0.015625 0.01953125
0 0.3375 0.580078125 0.015625 0.01953125
0 0.3390625 0.703125 0.015625 0.01953125
0 0.4359375 0.767578125 0.015625 0.01953125
0 0.3984375 0.912109375 0.015625 0.01953125
0 0.565625 0.888671875 0.015625 0.01953125
0 0.6515625 0.53125 0.015625 0.01953125
0 0.503125 0.44921875 0.015625 0.01953125
0 0.503125 0.423828125 0.015625 0.01953125
0 0.4765625 0.41015625 0.015625 0.01953125
0 0.675 0.236328125 0.015625 0.01953125
0 0.7328125 0.115234375 0.015625 0.01953125
0 0.8078125 0.04296875 0.015625 0.01953125
0 0.5375 0.169921875 0.015625 0.01953125
0 0.5203125 0.140625 0.015625 0.01953125
0 0.64375 0.71484375 0.015625 0.01953125
0 0.6703125 0.71875 0.015625 0.01953125
0 0.7390625 0.7890625 0.015625 0.01953125
0 0.759375 0.705078125 0.015625 0.01953125
0 0.871875 0.716796875 0.015625 0.01953125
0 0.9 0.638671875 0.015625 0.01953125
0 0.8375 0.560546875 0.015625 0.01953125
0 0.815625 0.61328125 0.015625 0.01953125
0 0.91875 0.7734375 0.015625 0.01953125
0 0.9171875 0.853515625 0.015625 0.01953125
0 0.9390625 0.853515625 0.015625 0.01953125
0 0.9703125 0.8515625 0.015625 0.01953125
0 0.9453125 0.109375 0.015625 0.01953125
0 0.965625 0.08203125 0.015625 0.01953125
0 0.990625 0.06640625 0.015625 0.01953125
0 0.2171875 0.6171875 0.015625 0.01953125
