0 0.7375 0.1796875 0.015625 0.01953125
0 0.70625 0.16796875 0.015625 0.01953125
0 0.7796875 0.17578125 0.015625 0.01953125
0 0.8296875 0.1796875 0.015625 0.01953125
0 0.878125 0.1796875 0.015625 0.01953125
0 0.9109375 0.171875 0.015625 0.01953125
0 0.675 0.21875 0.015625 0.01953125
0 0.1734375 0.982421875 0.015625 0.01953125
0 0.5734375 0.974609375 0.015625 0.01953125
0 0.753125 0.890625 0.015625 0.01953125
0 0.7328125 0.890625 0.015625 0.01953125
0 0.7375 0.853515625 0.015625 0.01953125
0 0.8140625 0.90234375 0.015625 0.01953125
0 0.56875 0.61328125 0.015625 0.01953125
0 0.6390625 0.505859375 0.015625 0.01953125
0 0.68125 0.466796875 0.015625 0.01953125
0 0.646875 0.53125 0.015625 0.01953125
0 0.8921875 0.37109375 0.015625 0.01953125
0 0.8875 0.392578125 0.015625 0.01953125
0 0.8875 0.41796875 0.015625 0.01953125
0 0.9265625 0.447265625 0.015625 0.01953125
0 0.93125 0.4765625 0.015625 0.01953125
0 0.8984375 0.509765625 0.015625 0.01953125
0 0.9265625 0.740234375 0.015625 0.01953125
0 0.3875 0.666015625 0.015625 0.01953125
0 0.38125 0.634765625 0.015625 0.01953125
0 0.40625 0.583984375 0.015625 0.01953125
0 0.4453125 0.544921875 0.015625 0.01953125
0 0.4390625 0.49609375 0.015625 0.01953125
0 0.496875 0.419921875 0.015625 0.01953125
0 0.2828125 0.681640625 0.015625 0.01953125
0 0.2109375 0.5859375 0.015625 0.01953125
0 0.1234375 0.55859375 0.015625 0.01953125
0 0.04375 0.630859375 0.015625 0.01953125
0 0.1671875 0.435546875 0.015625 0.01953125
0 0.259375 0.419921875 0.015625 0.01953125
0 0.2796875 0.470703125 0.015625 0.01953125
0 0.2546875 0.474609375 0.015625 0.01953125
0 0.425 0.275390625 0.015625 0.01953125
0 0.3390625 0.421875 0.015625 0.01953125
0 0.11875 0.798828125 0.015625 0.01953125
0 0.76875 0.73828125 0.015625 0.01953125
0 0.8734375 0.833984375 0.015625 0.01953125
0 0.8609375 0.84765625 0.015625 0.01953125
0 0.5921875 0.908203125 0.015625 0.01953125
0 0.56875 0.927734375 0.015625 0.01953125
0 0.603125 0.333984375 0.015625 0.01953125
0 0.5234375 0.212890625 0.015625 0.01953125
0 0.509375 0.25 0.015625 0.01953125
0 0.4640625 0.212890625 0.015625 0.01953125
0 0.3890625 0.296875 0.015625 0.01953125
0 0.309375 0.357421875 0.015625 0.01953125
0 0.1671875 0.3515625 0.015625 0.01953125
0 0.2328125 0.439453125 0.015625 0.01953125
0 0.2953125 0.220703125 0.015625 0.01953125
0 0.2921875 0.181640625 0.015625 0.01953125
0 0.3390625 0.283203125 0.015625 0.01953125
0 0.3015625 0.150390625 0.015625 0.01953125
0 0.35 0.119140625 0.015625 0.01953125
0 0.7390625 0.12109375 0.015625 0.01953125
0 0.5875 0.0859375 0.015625 0.01953125
0 0.3125 0.07421875 0.015625 0.01953125
0 0.2671875 0.095703125 0.015625 0.01953125
0 0.390625 0.1875 0.015625 0.01953125
0 0.35625 0.173828125 0.015625 0.01953125
0 0.3953125 0.212890625 0.015625 0.01953125
0 0.371875 0.212890625 0.015625 0.01953125
0 0.3609375 0.234375 0.015625 0.01953125
0 0.36875 0.0703125 0.015625 0.01953125
0 0.3484375 0.068359375 0.015625 0.01953125
0 0.8484375 0.865234375 0.015625 0.01953125
0 0.840625 0.8984375 0.015625 0.01953125
0 0.8421875 0.6640625 0.015625 0.01953125
0 0.840625 0.693359375 0.015625 0.01953125
0 0.4828125 0.185546875 0.015625 0.01953125
0 0.2453125 0.126953125 0.015625 0.01953125
0 0.0984375 0.125 0.015625 0.01953125
