0 0.6875 0.56640625 0.015625 0.01953125
0 0.74375 0.462890625 0.015625 0.01953125
0 0.7875 0.421875 0.015625 0.01953125
0 0.615625 0.431640625 0.015625 0.01953125
0 0.540625 0.494140625 0.015625 0.01953125
0 0.4953125 0.44921875 0.015625 0.01953125
0 0.5125 0.537109375 0.015625 0.01953125
0 0.5625 0.646484375 0.015625 0.01953125
0 0.66875 0.861328125 0.015625 0.01953125
0 0.7015625 0.853515625 0.015625 0.01953125
0 0.6890625 0.88671875 0.015625 0.01953125
0 0.7296875 0.8984375 0.015625 0.01953125
0 0.603125 0.87890625 0.015625 0.01953125
0 0.403125 0.640625 0.015625 0.01953125
0 0.2421875 0.759765625 0.015625 0.01953125
0 0.296875 0.94140625 0.015625 0.01953125
0 0.346875 0.96875 0.015625 0.01953125
0 0.0484375 0.990234375 0.015625 0.01953125
0 0.0140625 0.904296875 0.015625 0.01953125
0 0.1 0.6640625 0.015625 0.01953125
0 0.165625 0.615234375 0.015625 0.01953125
0 0.0921875 0.416015625 0.015625 0.01953125
0 0.23125 0.28515625 0.015625 0.01953125
0 0.2609375 0.40625 0.015625 0.01953125
0 0.446875 0.32421875 0.015625 0.01953125
0 0.6453125 0.3515625 0.015625 0.01953125
0 0.709375 0.298828125 0.015625 0.01953125
0 0.775 0.1796875 0.015625 0.01953125
0 0.9609375 0.337890625 0.015625 0.01953125
0 0.9640625 0.30859375 0.015625 0.01953125
0 0.359375 0.181640625 0.015625 0.01953125
0 0.4 0.1796875 0.015625 0.01953125
0 0.5265625 0.236328125 0.015625 0.01953125
0 0.4734375 0.279296875 0.015625 0.01953125
0 0.4953125 0.26953125 0.015625 0.01953125
0 0.44375 0.240234375 0.015625 0.01953125
0 0.475 0.201171875 0.015625 0.01953125
0 0.4953125 0.166015625 0.015625 0.01953125
0 0.796875 0.123046875 0.015625 0.01953125
0 0.8234375 0.1328125 0.015625 0.01953125
0 0.8765625 0.1328125 0.015625 0.01953125
0 0.9265625 0.1328125 0.015625 0.01953125
0 0.96875 0.140625 0.015625 0.01953125
0 0.671875 0.193359375 0.015625 0.01953125
0 0.5578125 0.17578125 0.015625 0.01953125
0 0.459375 0.1796875 0.015625 0.01953125
0 0.340625 0.099609375 0.015625 0.01953125
0 0.403125 0.04296875 0.015625 0.01953125
0 0.3609375 0.05859375 0.015625 0.01953125
0 0.3984375 0.107421875 0.015625 0.01953125
0 0.6859375 0.056640625 0.015625 0.01953125
0 0.65625 0.0859375 0.015625 0.01953125
0 0.6578125 0.037109375 0.015625 0.01953125
0 0.640625 0.0703125 0.015625 0.01953125
0 0.54375 0.611328125 0.015625 0.01953125
0 0.365625 0.4453125 0.015625 0.01953125
0 0.3828125 0.427734375 0.015625 0.01953125
0 0.3609375 0.390625 0.015625 0.01953125
0 0.346875 0.478515625 0.015625 0.01953125
0 0.3390625 0.42578125 0.015625 0.01953125
0 0.334375 0.3984375 0.015625 0.01953125
0 0.6109375 0.076171875 0.015625 0.01953125
0 0.89375 0.083984375 0.015625 0.01953125
0 0.28125 0.556640625 0.015625 0.01953125
0 0.8671875 0.84375 0.015625 0.01953125
0 0.85625 0.83203125 0.015625 0.01953125
0 0.8609375 0.796875 0.015625 0.01953125
0 0.9296875 0.845703125 0.015625 0.01953125
0 0.7484375 0.484375 0.015625 0.01953125
0 0.0375 0.232421875 0.015625 0.01953125
0 0.4828125 0.0078125 0.015625 0.01953125
0 0.4546875 0.029296875 0.015625 0.01953125
0 0.2921875 0.6015625 0.015625 0.01953125
0 0.978125 0.80078125 0.015625 0.01953125
0 0.4796875 0.140625 0.015625 0.01953125
0 0.4625 0.12890625 0.015625 0.01953125
0 0.440625 0.130859375 0.015625 0.01953125
0 0.371875 0.138671875 0.015625 0.01953125
0 0.596875 0.125 0.015625 0.01953125
0 0.6203125 0.16015625 0.015625 0.01953125
0 0.6078125 0.19921875 0.015625 0.01953125
0 0.9796875 0.1328125 0.015625 0.01953125
0 0.6390625 0.30078125 0.015625 0.01953125
