0 0.4375 0.580078125 0.015625 0.01953125
0 0.503125 0.755859375 0.015625 0.01953125
0 0.565625 0.8046875 0.015625 0.01953125
0 0.5265625 0.828125 0.015625 0.01953125
0 0.3625 0.892578125 0.015625 0.01953125
0 0.509375 0.947265625 0.015625 0.01953125
0 0.9203125 0.728515625 0.015625 0.01953125
0 0.8921875 0.69921875 0.015625 0.01953125
0 0.9046875 0.68359375 0.015625 0.01953125
0 0.8828125 0.67578125 0.015625 0.01953125
0 0.8640625 0.671875 0.015625 0.01953125
0 0.871875 0.400390625 0.015625 0.01953125
0 0.8453125 0.26953125 0.015625 0.01953125
0 0.78125 0.08203125 0.015625 0.01953125
0 0.6296875 0.322265625 0.015625 0.01953125
0 0.7328125 0.33203125 0.015625 0.01953125
0 0.7046875 0.375 0.015625 0.01953125
0 0.60625 0.279296875 0.015625 0.01953125
0 0.571875 0.275390625 0.015625 0.01953125
0 0.559375 0.275390625 0.015625 0.01953125
0 0.525 0.279296875 0.015625 0.01953125
0 0.4671875 0.328125 0.015625 0.01953125
0 0.4171875 0.26953125 0.015625 0.01953125
0 0.4421875 0.384765625 0.015625 0.01953125
0 0.53125 0.3984375 0.015625 0.01953125
0 0.603125 0.466796875 0.015625 0.01953125
0 0.26875 0.197265625 0.015625 0.01953125
0 0.1015625 0.318359375 0.015625 0.01953125
0 0.053125 0.267578125 0.015625 0.01953125
0 0.05625 0.431640625 0.015625 0.01953125
0 0.1640625 0.546875 0.015625 0.01953125
0 0.240625 0.5234375 0.015625 0.01953125
0 0.234375 0.693359375 0.015625 0.01953125
0 0.2203125 0.71875 0.015625 0.01953125
0 0.2015625 0.72265625 0.015625 0.01953125
0 0.3109375 0.74609375 0.015625 0.01953125
0 0.2625 0.798828125 0.015625 0.01953125
0 0.246875 0.826171875 0.015625 0.01953125
0 0.015625 0.626953125 0.015625 0.01953125
0 0.4140625 0.05859375 0.015625 0.01953125
0 0.54375 0.0234375 0.015625 0.01953125
0 0.5875 0.017578125 0.015625 0.01953125
0 0.65625 0.16015625 0.015625 0.01953125
0 0.678125 0.1015625 0.015625 0.01953125
0 0.7921875 0.2109375 0.015625 0.01953125
0 0.9046875 0.125 0.015625 0.01953125
0 0.4734375 0.509765625 0.015625 0.01953125
0 0.79375 0.48828125 0.015625 0.01953125
0 0.8375 0.185546875 0.015625 0.01953125
0 0.7140625 0.0703125 0.015625 0.01953125
0 0.628125 0.080078125 0.015625 0.01953125
0 0.5265625 0.244140625 0.015625 0.01953125
0 0.65 0.0234375 0.015625 0.01953125
0 0.6765625 0.017578125 0.015625 0.01953125
0 0.7359375 0.0234375 0.015625 0.01953125
0 0.8109375 0.009765625 0.015625 0.01953125
0 0.8578125 0.03515625 0.015625 0.01953125
0 0.790625 0.0390625 0.015625 0.01953125
0 0.975 0.251953125 0.015625 0.01953125
0 0.9421875 0.302734375 0.015625 0.01953125
0 0.8609375 0.6171875 0.015625 0.01953125
0 0.8125 0.873046875 0.015625 0.01953125
0 0.8515625 0.943359375 0.015625 0.01953125
0 0.846875 0.974609375 0.015625 0.01953125
0 0.86875 0.986328125 0.015625 0.01953125
0 0.875 0.955078125 0.015625 0.01953125
0 0.2328125 0.072265625 0.015625 0.01953125
