0 0.575 0.85546875 0.015625 0.01953125
0 0.7328125 0.791015625 0.015625 0.01953125
0 0.815625 0.900390625 0.015625 0.01953125
0 0.0640625 0.982421875 0.015625 0.01953125
0 0.1015625 0.900390625 0.015625 0.01953125
0 0.178125 0.84765625 0.015625 0.01953125
0 0.2453125 0.783203125 0.015625 0.01953125
0 0.090625 0.857421875 0.015625 0.01953125
0 0.0234375 0.857421875 0.015625 0.01953125
0 0.0109375 0.84765625 0.015625 0.01953125
0 0.0265625 0.8359375 0.015625 0.01953125
0 0.071875 0.7890625 0.015625 0.01953125
0 0.096875 0.7265625 0.015625 0.01953125
0 0.1234375 0.79296875 0.015625 0.01953125
0 0.0984375 0.8359375 0.015625 0.01953125
0 0.3015625 0.595703125 0.015625 0.01953125
0 0.3625 0.609375 0.015625 0.01953125
0 0.4140625 0.603515625 0.015625 0.01953125
0 0.33125 0.4765625 0.015625 0.01953125
0 0.4578125 0.544921875 0.015625 0.01953125
0 0.4515625 0.505859375 0.015625 0.01953125
0 0.253125 0.443359375 0.015625 0.01953125
0 0.265625 0.431640625 0.015625 0.01953125
0 0.2953125 0.357421875 0.015625 0.01953125
0 0.340625 0.34765625 0.015625 0.01953125
0 0.3828125 0.390625 0.015625 0.01953125
0 0.3515625 0.435546875 0.015625 0.01953125
0 0.3828125 0.45703125 0.015625 0.01953125
0 0.4046875 0.486328125 0.015625 0.01953125
0 0.4265625 0.439453125 0.015625 0.01953125
0 0.4140625 0.421875 0.015625 0.01953125
0 0.5484375 0.49609375 0.015625 0.01953125
0 0.515625 0.49609375 0.015625 0.01953125
0 0.503125 0.490234375 0.015625 0.01953125
0 0.7453125 0.173828125 0.015625 0.01953125
0 0.71875 0.208984375 0.015625 0.01953125
0 0.6953125 0.22265625 0.015625 0.01953125
0 0.6890625 0.259765625 0.015625 0.01953125
0 0.65625 0.2890625 0.015625 0.01953125
0 0.646875 0.310546875 0.015625 0.01953125
0 0.775 0.224609375 0.015625 0.01953125
0 0.771875 0.189453125 0.015625 0.01953125
0 0.753125 0.212890625 0.015625 0.01953125
0 0.65 0.208984375 0.015625 0.01953125
0 0.6640625 0.171875 0.015625 0.01953125
0 0.6609375 0.1484375 0.015625 0.01953125
0 0.65625 0.119140625 0.015625 0.01953125
0 0.7140625 0.109375 0.015625 0.01953125
0 0.6515625 0.025390625 0.015625 0.01953125
0 0.6640625 0.328125 0.015625 0.01953125
0 0.659375 0.365234375 0.015625 0.01953125
0 0.6890625 0.369140625 0.015625 0.01953125
0 0.6328125 0.408203125 0.015625 0.01953125
0 0.6078125 0.4609375 0.015625 0.01953125
0 0.6015625 0.4296875 0.015625 0.01953125
0 0.5875 0.419921875 0.015625 0.01953125
0 0.5984375 0.37109375 0.015625 0.01953125
0 0.6125 0.3828125 0.015625 0.01953125
0 0.615625 0.333984375 0.015625 0.01953125
0 0.51875 0.6484375 0.015625 0.01953125
0 0.6265625 0.626953125 0.015625 0.01953125
0 0.6390625 0.59765625 0.015625 0.01953125
0 0.3109375 0.20703125 0.015625 0.01953125
0 0.471875 0.1328125 0.015625 0.01953125
0 0.4140625 0.009765625 0.015625 0.01953125
0 0.2765625 0.099609375 0.015625 0.01953125
0 0.115625 0.1875 0.015625 0.01953125
0 0.553125 0.240234375 0.015625 0.01953125
0 0.3359375 0.146484375 0.015625 0.01953125
0 0.3609375 0.162109375 0.015625 0.01953125
0 0.3546875 0.19921875 0.015625 0.01953125
0 0.3765625 0.197265625 0.015625 0.01953125
0 0.4078125 0.193359375 0.015625 0.01953125
0 0.44375 0.236328125 0.015625 0.01953125
0 0.4359375 0.265625 0.015625 0.01953125
0 0.425 0.30859375 0.015625 0.01953125
0 0.3671875 0.28515625 0.015625 0.01953125
0 0.3921875 0.28125 0.015625 0.01953125
0 0.3703125 0.2578125 0.015625 0.01953125
0 0.61875 0.12890625 0.015625 0.01953125
0 0.584375 0.119140625 0.015625 0.01953125
0 0.0734375 0.091796875 0.015625 0.01953125
0 0.0390625 0.015625 0.015625 0.01953125
0 0.403125 0.36328125 0.015625 0.01953125
0 0.4203125 0.36328125 0.015625 0.01953125
0 0.559375 0.43359375 0.015625 0.01953125
0 0.5609375 0.416015625 0.015625 0.01953125
0 0.54375 0.388671875 0.015625 0.01953125
0 0.5328125 0.37109375 0.015625 0.01953125
0 0.5015625 0.431640625 0.015625 0.01953125
0 0.5171875 0.4296875 0.015625 0.01953125
0 0.5140625 0.40234375 0.015625 0.01953125
0 0.4578125 0.390625 0.015625 0.01953125
0 0.59375 0.228515625 0.015625 0.01953125
0 0.4875 0.328125 0.015625 0.01953125
0 0.3765625 0.328125 0.015625 0.01953125
0 0.6375 0.330078125 0.015625 0.01953125
0 0.403125 0.267578125 0.015625 0.01953125
0 0.4015625 0.228515625 0.015625 0.01953125
0 0.371875 0.220703125 0.015625 0.01953125
0 0.565625 0.369140625 0.015625 0.01953125
0 0.5765625 0.39453125 0.015625 0.01953125
0 0.4875 0.447265625 0.015625 0.01953125
0 0.384375 0.1796875 0.015625 0.01953125
0 0.5734375 0.1953125 0.015625 0.01953125
0 0.5859375 0.181640625 0.015625 0.01953125
0 0.5921875 0.201171875 0.015625 0.01953125
0 0.921875 0.9453125 0.015625 0.01953125
0 0.7671875 0.65234375 0.015625 0.01953125
0 0.8171875 0.634765625 0.015625 0.01953125
0 0.8421875 0.638671875 0.015625 0.01953125
0 0.9796875 0.65625 0.015625 0.01953125
0 0.7265625 0.6171875 0.015625 0.01953125
0 0.51875 0.552734375 0.015625 0.01953125
0 0.8875 0.59375 0.015625 0.01953125
0 0.5546875 0.048828125 0.015625 0.01953125
0 0.5625 0.060546875 0.015625 0.01953125
