0 0.4734375 0.939453125 0.015625 0.01953125
0 0.5375 0.904296875 0.015625 0.01953125
0 0.6234375 0.87109375 0.015625 0.01953125
0 0.64375 0.90234375 0.015625 0.01953125
0 0.6890625 0.927734375 0.015625 0.01953125
0 0.890625 0.880859375 0.015625 0.01953125
0 0.9015625 0.94140625 0.015625 0.01953125
0 0.759375 0.91015625 0.015625 0.01953125
0 0.98125 0.80078125 0.015625 0.01953125
0 0.221875 0.982421875 0.015625 0.01953125
0 0.2671875 0.837890625 0.015625 0.01953125
0 0.2734375 0.787109375 0.015625 0.01953125
0 0.325 0.787109375 0.015625 0.01953125
0 0.3546875 0.806640625 0.015625 0.01953125
0 0.3859375 0.80078125 0.015625 0.01953125
0 0.4328125 0.7890625 0.015625 0.01953125
0 0.3828125 0.763671875 0.015625 0.01953125
0 0.484375 0.767578125 0.015625 0.01953125
0 0.259375 0.724609375 0.015625 0.01953125
0 0.2578125 0.611328125 0.015625 0.01953125
0 0.165625 0.623046875 0.015625 0.01953125
0 0.290625 0.52734375 0.015625 0.01953125
0 0.328125 0.53125 0.015625 0.01953125
0 0.328125 0.576171875 0.015625 0.01953125
0 0.3375 0.66015625 0.015625 0.01953125
0 0.38125 0.658203125 0.015625 0.01953125
0 0.3578125 0.623046875 0.015625 0.01953125
0 0.378125 0.623046875 0.015625 0.01953125
0 0.5921875 0.71875 0.015625 0.01953125
0 0.578125 0.69140625 0.015625 0.01953125
0 0.559375 0.681640625 0.015625 0.01953125
0 0.5296875 0.68359375 0.015625 0.01953125
0 0.5109375 0.66015625 0.015625 0.01953125
0 0.5015625 0.6328125 0.015625 0.01953125
0 0.5296875 0.642578125 0.015625 0.01953125
0 0.5453125 0.625 0.015625 0.01953125
0 0.5546875 0.65625 0.015625 0.01953125
0 0.571875 0.634765625 0.015625 0.01953125
0 0.5875 0.642578125 0.015625 0.01953125
0 0.596875 0.66796875 0.015625 0.01953125
0 0.6359375 0.658203125 0.015625 0.01953125
0 0.621875 0.623046875 0.015625 0.01953125
0 0.59375 0.59375 0.015625 0.01953125
0 0.6125 0.591796875 0.015625 0.01953125
0 0.640625 0.580078125 0.015625 0.01953125
0 0.7 0.60546875 0.015625 0.01953125
0 0.7109375 0.541015625 0.015625 0.01953125
0 0.690625 0.537109375 0.015625 0.01953125
0 0.6359375 0.5390625 0.015625 0.01953125
0 0.6734375 0.49609375 0.015625 0.01953125
0 0.6796875 0.453125 0.015625 0.01953125
0 0.709375 0.453125 0.015625 0.01953125
0 0.73125 0.408203125 0.015625 0.01953125
0 0.775 0.37890625 0.015625 0.01953125
0 0.7953125 0.349609375 0.015625 0.01953125
0 0.43125 0.677734375 0.015625 0.01953125
0 0.45 0.666015625 0.015625 0.01953125
0 0.4703125 0.6796875 0.015625 0.01953125
0 0.4703125 0.572265625 0.015625 0.01953125
0 0.446875 0.615234375 0.015625 0.01953125
0 0.43125 0.63671875 0.015625 0.01953125
0 0.425 0.654296875 0.015625 0.01953125
0 0.4125 0.6328125 0.015625 0.01953125
0 0.3984375 0.626953125 0.015625 0.01953125
0 0.4125 0.609375 0.015625 0.01953125
0 0.39375 0.609375 0.015625 0.01953125
0 0.4078125 0.583984375 0.015625 0.01953125
0 0.3828125 0.560546875 0.015625 0.01953125
0 0.4078125 0.521484375 0.015625 0.01953125
0 0.3890625 0.51171875 0.015625 0.01953125
0 0.5234375 0.482421875 0.015625 0.01953125
0 0.225 0.328125 0.015625 0.01953125
0 0.4453125 0.287109375 0.015625 0.01953125
0 0.3390625 0.171875 0.015625 0.01953125
0 0.25625 0.44140625 0.015625 0.01953125
0 0.2890625 0.376953125 0.015625 0.01953125
0 0.3140625 0.3984375 0.015625 0.01953125
0 0.3125 0.427734375 0.015625 0.01953125
0 0.3296875 0.443359375 0.015625 0.01953125
0 0.3390625 0.41796875 0.015625 0.01953125
0 0.35 0.451171875 0.015625 0.01953125
0 0.3671875 0.439453125 0.015625 0.01953125
0 0.6328125 0.44921875 0.015625 0.01953125
0 0.634375 0.34765625 0.015625 0.01953125
0 0.7 0.341796875 0.015625 0.01953125
0 0.6421875 0.388671875 0.015625 0.01953125
0 0.646875 0.416015625 0.015625 0.01953125
0 0.6 0.166015625 0.015625 0.01953125
0 0.528125 0.28515625 0.015625 0.01953125
0 0.5078125 0.26953125 0.015625 0.01953125
0 0.6296875 0.25 0.015625 0.01953125
0 0.7140625 0.15234375 0.015625 0.01953125
0 0.7 0.099609375 0.015625 0.01953125
0 0.6765625 0.11328125 0.015625 0.01953125
0 0.40625 0.470703125 0.015625 0.01953125
0 0.365625 0.482421875 0.015625 0.01953125
0 0.3546875 0.515625 0.015625 0.01953125
0 0.24375 0.5078125 0.015625 0.01953125
0 0.1046875 0.37109375 0.015625 0.01953125
0 0.05625 0.12109375 0.015625 0.01953125
0 0.559375 0.345703125 0.015625 0.01953125
0 0.5859375 0.3515625 0.015625 0.01953125
0 0.5671875 0.443359375 0.015625 0.01953125
0 0.5453125 0.4296875 0.015625 0.01953125
0 0.565625 0.412109375 0.015625 0.01953125
0 0.5171875 0.765625 0.015625 0.01953125
