0 0.0796875 0.42578125 0.015625 0.01953125
0 0.3515625 0.82421875 0.015625 0.01953125
0 0.3875 0.853515625 0.015625 0.01953125
0 0.3875 0.96875 0.015625 0.01953125
0 0.45 0.94140625 0.015625 0.01953125
0 0.50625 0.900390625 0.015625 0.01953125
0 0.45 0.787109375 0.015625 0.01953125
0 0.6296875 0.98046875 0.015625 0.01953125
0 0.6609375 0.916015625 0.015625 0.01953125
0 0.634375 0.888671875 0.015625 0.01953125
0 0.74375 0.85546875 0.015625 0.01953125
0 0.828125 0.765625 0.015625 0.01953125
0 0.8578125 0.732421875 0.015625 0.01953125
0 0.8609375 0.703125 0.015625 0.01953125
0 0.821875 0.716796875 0.015625 0.01953125
0 0.8078125 0.736328125 0.015625 0.01953125
0 0.7671875 0.80859375 0.015625 0.01953125
0 0.7484375 0.814453125 0.015625 0.01953125
0 0.7265625 0.8125 0.015625 0.01953125
0 0.6984375 0.806640625 0.015625 0.01953125
0 0.6984375 0.775390625 0.015625 0.01953125
0 0.7203125 0.775390625 0.015625 0.01953125
0 0.74375 0.767578125 0.015625 0.01953125
0 0.7578125 0.7734375 0.015625 0.01953125
0 0.7203125 0.751953125 0.015625 0.01953125
0 0.684375 0.75390625 0.015625 0.01953125
0 0.6484375 0.759765625 0.015625 0.01953125
0 0.6484375 0.787109375 0.015625 0.01953125
0 0.6515625 0.806640625 0.015625 0.01953125
0 0.63125 0.7890625 0.015625 0.01953125
0 0.6140625 0.77734375 0.015625 0.01953125
0 0.5921875 0.7890625 0.015625 0.01953125
0 0.5921875 0.763671875 0.015625 0.01953125
0 0.559375 0.828125 0.015625 0.01953125
0 0.5171875 0.8203125 0.015625 0.01953125
0 0.5390625 0.765625 0.015625 0.01953125
0 0.5296875 0.724609375 0.015625 0.01953125
0 0.546875 0.7265625 0.015625 0.01953125
0 0.565625 0.71875 0.015625 0.01953125
0 0.6578125 0.705078125 0.015625 0.01953125
0 0.553125 0.66015625 0.015625 0.01953125
0 0.5875 0.625 0.015625 0.01953125
0 0.5703125 0.6171875 0.015625 0.01953125
0 0.5375 0.6171875 0.015625 0.01953125
0 0.5 0.625 0.015625 0.01953125
0 0.5046875 0.595703125 0.015625 0.01953125
0 0.7078125 0.59765625 0.015625 0.01953125
0 0.81875 0.580078125 0.015625 0.01953125
0 0.8109375 0.673828125 0.015625 0.01953125
0 0.85625 0.630859375 0.015625 0.01953125
0 0.865625 0.59765625 0.015625 0.01953125
0 0.8984375 0.587890625 0.015625 0.01953125
0 0.9421875 0.599609375 0.015625 0.01953125
0 0.928125 0.546875 0.015625 0.01953125
0 0.8953125 0.47265625 0.015625 0.01953125
0 0.484375 0.220703125 0.015625 0.01953125
0 0.65625 0.3125 0.015625 0.01953125
0 0.6859375 0.388671875 0.015625 0.01953125
0 0.7046875 0.40234375 0.015625 0.01953125
0 0.609375 0.708984375 0.015625 0.01953125
0 0.6359375 0.70703125 0.015625 0.01953125
0 0.5859375 0.583984375 0.015625 0.01953125
0 0.553125 0.54296875 0.015625 0.01953125
0 0.53125 0.51953125 0.015625 0.01953125
0 0.5109375 0.509765625 0.015625 0.01953125
0 0.4953125 0.49609375 0.015625 0.01953125
0 0.478125 0.46484375 0.015625 0.01953125
0 0.415625 0.40625 0.015625 0.01953125
0 0.35 0.416015625 0.015625 0.01953125
0 0.4140625 0.490234375 0.015625 0.01953125
0 0.440625 0.517578125 0.015625 0.01953125
0 0.425 0.564453125 0.015625 0.01953125
0 0.275 0.623046875 0.015625 0.01953125
0 0.7625 0.3046875 0.015625 0.01953125
0 0.946875 0.330078125 0.015625 0.01953125
0 0.9765625 0.322265625 0.015625 0.01953125
0 0.8375 0.330078125 0.015625 0.01953125
0 0.8328125 0.375 0.015625 0.01953125
0 0.8234375 0.4765625 0.015625 0.01953125
0 0.78125 0.4921875 0.015625 0.01953125
0 0.753125 0.46484375 0.015625 0.01953125
0 0.3625 0.041015625 0.015625 0.01953125
0 0.3875 0.01171875 0.015625 0.01953125
0 0.3515625 0.009765625 0.015625 0.01953125
0 0.325 0.01171875 0.015625 0.01953125
0 0.1171875 0.11328125 0.015625 0.01953125
0 0.090625 0.091796875 0.015625 0.01953125
0 0.1078125 0.072265625 0.015625 0.01953125
0 0.503125 0.75 0.015625 0.01953125
0 0.5 0.66796875 0.015625 0.01953125
0 0.753125 0.5703125 0.015625 0.01953125
0 0.578125 0.69140625 0.015625 0.01953125
0 0.4734375 0.54296875 0.015625 0.01953125
0 0.4921875 0.56640625 0.015625 0.01953125
0 0.3015625 0.04296875 0.015625 0.01953125
0 0.8328125 0.529296875 0.015625 0.01953125
0 0.834375 0.556640625 0.015625 0.01953125
0 0.728125 0.552734375 0.015625 0.01953125
