0 0.053125 0.06640625 0.015625 0.01953125
0 0.0234375 0.080078125 0.015625 0.01953125
0 0.0640625 0.125 0.015625 0.01953125
0 0.1453125 0.1171875 0.015625 0.01953125
0 0.1609375 0.134765625 0.015625 0.01953125
0 0.19375 0.08203125 0.015625 0.01953125
0 0.2640625 0.291015625 0.015625 0.01953125
0 0.3015625 0.333984375 0.015625 0.01953125
0 0.2859375 0.375 0.015625 0.01953125
0 0.2265625 0.400390625 0.015625 0.01953125
0 0.0 0.427734375 0.015625 0.01953125
0 0.2 0.525390625 0.015625 0.01953125
0 0.39375 0.73828125 0.015625 0.01953125
0 0.425 0.724609375 0.015625 0.01953125
0 0.4203125 0.798828125 0.015625 0.01953125
0 0.478125 0.79296875 0.015625 0.01953125
0 0.4953125 0.8125 0.015625 0.01953125
0 0.50625 0.8203125 0.015625 0.01953125
0 0.2203125 0.9296875 0.015625 0.01953125
0 0.640625 0.509765625 0.015625 0.01953125
0 0.8140625 0.6171875 0.015625 0.01953125
0 0.878125 0.203125 0.015625 0.01953125
0 0.89375 0.1640625 0.015625 0.01953125
0 0.8625 0.095703125 0.015625 0.01953125
0 0.81875 0.046875 0.015625 0.01953125
0 0.7265625 0.55859375 0.015625 0.01953125
0 0.7484375 0.71875 0.015625 0.01953125
0 0.778125 0.740234375 0.015625 0.01953125
0 0.8296875 0.72265625 0.015625 0.01953125
0 0.7171875 0.873046875 0.015625 0.01953125
0 0.5515625 0.93359375 0.015625 0.01953125
0 0.5171875 0.849609375 0.015625 0.01953125
0 0.534375 0.853515625 0.015625 0.01953125
0 0.553125 0.841796875 0.015625 0.01953125
0 0.5234375 0.8203125 0.015625 0.01953125
0 0.6375 0.662109375 0.015625 0.01953125
0 0.6359375 0.689453125 0.015625 0.01953125
0 0.6578125 0.671875 0.015625 0.01953125
0 0.9046875 0.935546875 0.015625 0.01953125
0 0.93125 0.865234375 0.015625 0.01953125
0 0.5953125 0.87109375 0.015625 0.01953125
0 0.5546875 0.888671875 0.015625 0.01953125
0 0.584375 0.9765625 0.015625 0.01953125
0 0.259375 0.33984375 0.015625 0.01953125
0 0.4296875 0.53125 0.015625 0.01953125
0 0.2953125 0.4140625 0.015625 0.01953125
0 0.78125 0.802734375 0.015625 0.01953125
0 0.7640625 0.837890625 0.015625 0.01953125
0 0.1859375 0.798828125 0.015625 0.01953125
0 0.371875 0.759765625 0.015625 0.01953125
0 0.4390625 0.85546875 0.015625 0.01953125
0 0.9375 0.771484375 0.015625 0.01953125
0 0.9140625 0.8125 0.015625 0.01953125
0 0.9046875 0.8203125 0.015625 0.01953125
0 0.8890625 0.833984375 0.015625 0.01953125
0 0.88125 0.873046875 0.015625 0.01953125
0 0.8703125 0.919921875 0.015625 0.01953125
0 0.8828125 0.9296875 0.015625 0.01953125
0 0.840625 0.927734375 0.015625 0.01953125
0 0.85625 0.974609375 0.015625 0.01953125
0 0.921875 0.947265625 0.015625 0.01953125
0 0.9421875 0.880859375 0.015625 0.01953125
0 0.8421875 0.470703125 0.015625 0.01953125
0 0.89375 0.6953125 0.015625 0.01953125
0 0.7578125 0.791015625 0.015625 0.01953125
0 0.8421875 0.76953125 0.015625 0.01953125
0 0.8359375 0.82421875 0.015625 0.01953125
0 0.5171875 0.947265625 0.015625 0.01953125
0 0.59375 0.92578125 0.015625 0.01953125
0 0.60625 0.9296875 0.015625 0.01953125
0 0.1375 0.25 0.015625 0.01953125
0 0.9703125 0.734375 0.015625 0.01953125
