0 0.265625 0.16796875 0.015625 0.01953125
0 0.3015625 0.361328125 0.015625 0.01953125
0 0.25 0.38671875 0.015625 0.01953125
0 0.165625 0.30078125 0.015625 0.01953125
0 0.1390625 0.314453125 0.015625 0.01953125
0 0.134375 0.341796875 0.015625 0.01953125
0 0.221875 0.509765625 0.015625 0.01953125
0 0.3 0.716796875 0.015625 0.01953125
0 0.440625 0.806640625 0.015625 0.01953125
0 0.484375 0.98828125 0.015625 0.01953125
0 0.7078125 0.80859375 0.015625 0.01953125
0 0.646875 0.212890625 0.015625 0.01953125
0 0.6203125 0.140625 0.015625 0.01953125
0 0.3234375 0.638671875 0.015625 0.01953125
0 0.3703125 0.634765625 0.015625 0.01953125
0 0.340625 0.591796875 0.015625 0.01953125
0 0.46875 0.880859375 0.015625 0.01953125
0 0.91875 0.4375 0.015625 0.01953125
0 0.9578125 0.62109375 0.015625 0.01953125
0 0.9828125 0.634765625 0.015625 0.01953125
0 0.24375 0.8203125 0.015625 0.01953125
0 0.796875 0.271484375 0.015625 0.01953125
0 0.834375 0.3125 0.015625 0.01953125
0 0.746875 0.19921875 0.015625 0.01953125
0 0.7265625 0.169921875 0.015625 0.01953125
0 0.7109375 0.140625 0.015625 0.01953125
0 0.696875 0.123046875 0.015625 0.01953125
0 0.678125 0.126953125 0.015625 0.01953125
0 0.6578125 0.078125 0.015625 0.01953125
0 0.640625 0.05859375 0.015625 0.01953125
0 0.853125 0.142578125 0.015625 0.01953125
0 0.8703125 0.154296875 0.015625 0.01953125
0 0.7125 0.044921875 0.015625 0.01953125
0 0.884375 0.197265625 0.015625 0.01953125
0 0.7671875 0.97265625 0.015625 0.01953125
0 0.00625 0.556640625 0.015625 0.01953125
0 0.021875 0.58984375 0.015625 0.01953125
0 0.0140625 0.607421875 0.015625 0.01953125
0 0.840625 0.19140625 0.015625 0.01953125
0 0.884375 0.220703125 0.015625 0.01953125
0 0.78125 0.029296875 0.015625 0.01953125
