0 0.5734375 0.099609375 0.015625 0.01953125
0 0.4484375 0.10546875 0.015625 0.01953125
0 0.153125 0.025390625 0.015625 0.01953125
0 0.0609375 0.294921875 0.015625 0.01953125
0 0.0375 0.314453125 0.015625 0.01953125
0 0.3421875 0.337890625 0.015625 0.01953125
0 0.2734375 0.546875 0.015625 0.01953125
0 0.3890625 0.64453125 0.015625 0.01953125
0 0.328125 0.6484375 0.015625 0.01953125
0 0.3234375 0.689453125 0.015625 0.01953125
0 0.2265625 0.591796875 0.015625 0.01953125
0 0.2328125 0.55078125 0.015625 0.01953125
0 0.0 0.587890625 0.015625 0.01953125
0 0.3765625 0.900390625 0.015625 0.01953125
0 0.3546875 0.943359375 0.015625 0.01953125
0 0.3796875 0.974609375 0.015625 0.01953125
0 0.409375 0.94921875 0.015625 0.01953125
0 0.021875 0.69921875 0.015625 0.01953125
0 0.8109375 0.65234375 0.015625 0.01953125
0 0.753125 0.51171875 0.015625 0.01953125
0 0.803125 0.455078125 0.015625 0.01953125
0 0.7921875 0.42578125 0.015625 0.01953125
0 0.85625 0.564453125 0.015625 0.01953125
0 0.86875 0.599609375 0.015625 0.01953125
0 0.9125 0.685546875 0.015625 0.01953125
0 0.7328125 0.34765625 0.015625 0.01953125
0 0.7078125 0.154296875 0.015625 0.01953125
0 0.6640625 0.130859375 0.015625 0.01953125
0 0.64375 0.103515625 0.015625 0.01953125
0 0.6046875 0.037109375 0.015625 0.01953125
0 0.834375 0.30078125 0.015625 0.01953125
0 0.7484375 0.193359375 0.015625 0.01953125
0 0.771875 0.150390625 0.015625 0.01953125
0 0.990625 0.666015625 0.015625 0.01953125
0 0.7140625 0.2421875 0.015625 0.01953125
0 0.684375 0.173828125 0.015625 0.01953125
0 0.6984375 0.0546875 0.015625 0.01953125
0 0.2796875 0.78515625 0.015625 0.01953125
