0 0.4171875 0.73046875 0.015625 0.01953125
0 0.2125 0.79296875 0.015625 0.01953125
0 0.15 0.474609375 0.015625 0.01953125
0 0.05625 0.443359375 0.015625 0.01953125
0 0.1484375 0.388671875 0.015625 0.01953125
0 0.2046875 0.359375 0.015625 0.01953125
0 0.2234375 0.146484375 0.015625 0.01953125
0 0.615625 0.7421875 0.015625 0.01953125
0 0.6 0.697265625 0.015625 0.01953125
0 0.578125 0.65234375 0.015625 0.01953125
0 0.5484375 0.58984375 0.015625 0.01953125
0 0.546875 0.564453125 0.015625 0.01953125
0 0.6359375 0.787109375 0.015625 0.01953125
0 0.6578125 0.810546875 0.015625 0.01953125
0 0.69375 0.810546875 0.015625 0.01953125
0 0.6671875 0.935546875 0.015625 0.01953125
0 0.5234375 0.5 0.015625 0.01953125
0 0.6015625 0.509765625 0.015625 0.01953125
0 0.521875 0.47265625 0.015625 0.01953125
0 0.5015625 0.443359375 0.015625 0.01953125
0 0.48125 0.390625 0.015625 0.01953125
0 0.4671875 0.328125 0.015625 0.01953125
0 0.4484375 0.32421875 0.015625 0.01953125
0 0.43125 0.248046875 0.015625 0.01953125
0 0.4 0.205078125 0.015625 0.01953125
0 0.3765625 0.140625 0.015625 0.01953125
0 0.6671875 0.671875 0.015625 0.01953125
0 0.6640625 0.693359375 0.015625 0.01953125
0 0.71875 0.71875 0.015625 0.01953125
0 0.6375 0.3125 0.015625 0.01953125
0 0.4765625 0.69140625 0.015625 0.01953125
0 0.7984375 0.8828125 0.015625 0.01953125
