0 0.4265625 0.12109375 0.015625 0.01953125
0 0.7953125 0.171875 0.015625 0.01953125
0 0.8171875 0.18359375 0.015625 0.01953125
0 0.7265625 0.3984375 0.015625 0.01953125
0 0.88125 0.509765625 0.015625 0.01953125
0 0.978125 0.466796875 0.015625 0.01953125
0 0.7609375 0.541015625 0.015625 0.01953125
0 0.7375 0.5703125 0.015625 0.01953125
0 0.415625 0.48828125 0.015625 0.01953125
0 0.3984375 0.484375 0.015625 0.01953125
0 0.375 0.470703125 0.015625 0.01953125
0 0.125 0.720703125 0.015625 0.01953125
0 0.125 0.65234375 0.015625 0.01953125
0 0.1015625 0.65234375 0.015625 0.01953125
0 0.0828125 0.634765625 0.015625 0.01953125
0 0.596875 0.732421875 0.015625 0.01953125
0 0.925 0.984375 0.015625 0.01953125
0 0.94375 0.962890625 0.015625 0.01953125
0 0.9359375 0.931640625 0.015625 0.01953125
0 0.9640625 0.892578125 0.015625 0.01953125
0 0.9734375 0.861328125 0.015625 0.01953125
0 0.99375 0.833984375 0.015625 0.01953125
0 0.975 0.98828125 0.015625 0.01953125
0 0.6765625 0.392578125 0.015625 0.01953125
0 0.684375 0.421875 0.015625 0.01953125
0 0.2453125 0.984375 0.015625 0.01953125
