0 0.575 0.201171875 0.015625 0.01953125
0 0.275 0.201171875 0.015625 0.01953125
0 0.896875 0.080078125 0.015625 0.01953125
0 0.753125 0.556640625 0.015625 0.01953125
0 0.7375 0.556640625 0.015625 0.01953125
0 0.75 0.625 0.015625 0.01953125
0 0.946875 0.79296875 0.015625 0.01953125
0 0.8359375 0.89453125 0.015625 0.01953125
0 0.7421875 0.8515625 0.015625 0.01953125
0 0.7359375 0.921875 0.015625 0.01953125
0 0.6515625 0.955078125 0.015625 0.01953125
0 0.625 0.796875 0.015625 0.01953125
0 0.6171875 0.771484375 0.015625 0.01953125
0 0.4203125 0.73828125 0.015625 0.01953125
0 0.3953125 0.732421875 0.015625 0.01953125
0 0.3828125 0.712890625 0.015625 0.01953125
0 0.1421875 0.900390625 0.015625 0.01953125
0 0.125 0.892578125 0.015625 0.01953125
0 0.1046875 0.876953125 0.015625 0.01953125
0 0.4484375 0.509765625 0.015625 0.01953125
