0 0.528125 0.3984375 0.015625 0.01953125
0 0.8234375 0.1875 0.015625 0.01953125
0 0.6390625 0.107421875 0.015625 0.01953125
0 0.61875 0.083984375 0.015625 0.01953125
0 0.45 0.01953125 0.015625 0.01953125
0 0.35 0.072265625 0.015625 0.01953125
0 0.3359375 0.09375 0.015625 0.01953125
0 0.4046875 0.005859375 0.015625 0.01953125
0 0.1546875 0.146484375 0.015625 0.01953125
0 0.26875 0.36328125 0.015625 0.01953125
0 0.0375 0.591796875 0.015625 0.01953125
0 0.025 0.5703125 0.015625 0.01953125
0 0.3921875 0.833984375 0.015625 0.01953125
0 0.40625 0.84375 0.015625 0.01953125
0 0.43125 0.84765625 0.015625 0.01953125
0 0.4546875 0.810546875 0.015625 0.01953125
0 0.6828125 0.80078125 0.015625 0.01953125
0 0.7421875 0.703125 0.015625 0.01953125
0 0.7453125 0.9609375 0.015625 0.01953125
0 0.8890625 0.9453125 0.015625 0.01953125
