0 0.35 0.775390625 0.015625 0.01953125
0 0.33125 0.81640625 0.015625 0.01953125
0 0.271875 0.857421875 0.015625 0.01953125
0 0.2546875 0.890625 0.015625 0.01953125
0 0.1953125 0.787109375 0.015625 0.01953125
0 0.14375 0.85546875 0.015625 0.01953125
0 0.328125 0.9765625 0.015625 0.01953125
0 0.64375 0.62890625 0.015625 0.01953125
0 0.803125 0.71875 0.015625 0.01953125
0 0.96875 0.28125 0.015625 0.01953125
0 0.8890625 0.21484375 0.015625 0.01953125
0 0.7671875 0.146484375 0.015625 0.01953125
0 0.3234375 0.123046875 0.015625 0.01953125
0 0.128125 0.109375 0.015625 0.01953125
0 0.0828125 0.09375 0.015625 0.01953125
0 0.103125 0.0703125 0.015625 0.01953125
0 0.14375 0.0078125 0.015625 0.01953125
0 0.184375 0.001953125 0.015625 0.01953125
0 0.4984375 0.00390625 0.015625 0.01953125
0 0.5140625 0.00390625 0.015625 0.01953125
0 0.7484375 0.130859375 0.015625 0.01953125
