0 0.759375 0.4296875 0.015625 0.01953125
0 0.58125 0.396484375 0.015625 0.01953125
0 0.4609375 0.267578125 0.015625 0.01953125
0 0.396875 0.302734375 0.015625 0.01953125
0 0.3390625 0.328125 0.015625 0.01953125
0 0.3421875 0.400390625 0.015625 0.01953125
0 0.3984375 0.095703125 0.015625 0.01953125
0 0.25 0.24609375 0.015625 0.01953125
0 0.221875 0.279296875 0.015625 0.01953125
0 0.209375 0.291015625 0.015625 0.01953125
0 0.809375 0.1796875 0.015625 0.01953125
0 0.83125 0.146484375 0.015625 0.01953125
0 0.9828125 0.197265625 0.015625 0.01953125
0 0.8921875 0.005859375 0.015625 0.01953125
0 0.6609375 0.01171875 0.015625 0.01953125
0 0.7 0.017578125 0.015625 0.01953125
0 0.0890625 0.302734375 0.015625 0.01953125
0 0.0640625 0.234375 0.015625 0.01953125
0 0.0140625 0.228515625 0.015625 0.01953125
0 0.1671875 0.158203125 0.015625 0.01953125
0 0.1671875 0.158203125 0.015625 0.01953125
0 0.1515625 0.142578125 0.015625 0.01953125
0 0.025 0.048828125 0.015625 0.01953125
0 0.115625 0.373046875 0.015625 0.01953125
0 0.1390625 0.365234375 0.015625 0.01953125
