0 0.734375 0.91796875 0.015625 0.01953125
0 0.5546875 0.853515625 0.015625 0.01953125
0 0.4359375 0.71484375 0.015625 0.01953125
0 0.328125 0.78515625 0.015625 0.01953125
0 0.30625 0.78125 0.015625 0.01953125
0 0.2875 0.876953125 0.015625 0.01953125
0 0.3046875 0.82421875 0.015625 0.01953125
0 0.740625 0.69921875 0.015625 0.01953125
0 0.7625 0.66015625 0.015625 0.01953125
0 0.6390625 0.51953125 0.015625 0.01953125
0 0.9734375 0.421875 0.015625 0.01953125
0 0.4 0.50390625 0.015625 0.01953125
0 0.1234375 0.55859375 0.015625 0.01953125
0 0.034375 0.578125 0.015625 0.01953125
0 0.3359375 0.3515625 0.015625 0.01953125
0 0.503125 0.302734375 0.015625 0.01953125
0 0.5515625 0.265625 0.015625 0.01953125
0 0.5671875 0.201171875 0.015625 0.01953125
0 0.4515625 0.287109375 0.015625 0.01953125
0 0.4359375 0.25390625 0.015625 0.01953125
0 0.3890625 0.125 0.015625 0.01953125
0 0.021875 0.396484375 0.015625 0.01953125
0 0.2171875 0.673828125 0.015625 0.01953125
0 0.1796875 0.7265625 0.015625 0.01953125
0 0.040625 0.7265625 0.015625 0.01953125
0 0.453125 0.046875 0.015625 0.01953125
0 0.609375 0.05078125 0.015625 0.01953125
0 0.553125 0.056640625 0.015625 0.01953125
0 0.4921875 0.009765625 0.015625 0.01953125
0 0.4703125 0.005859375 0.015625 0.01953125
0 0.5859375 0.0078125 0.015625 0.01953125
0 0.721875 0.13671875 0.015625 0.01953125
0 0.7296875 0.1796875 0.015625 0.01953125
0 0.959375 0.169921875 0.015625 0.01953125
0 0.8078125 0.119140625 0.015625 0.01953125
0 0.78125 0.123046875 0.015625 0.01953125
0 0.5875 0.501953125 0.015625 0.01953125
0 0.1859375 0.04296875 0.015625 0.01953125
0 0.171875 0.025390625 0.015625 0.01953125
0 0.209375 0.017578125 0.015625 0.01953125
0 0.2328125 0.025390625 0.015625 0.01953125
0 0.0625 0.806640625 0.015625 0.01953125
0 0.096875 0.794921875 0.015625 0.01953125
0 0.0671875 0.109375 0.015625 0.01953125
0 0.08125 0.09375 0.015625 0.01953125
0 0.059375 0.083984375 0.015625 0.01953125
