0 0.090625 0.580078125 0.015625 0.01953125
0 0.1203125 0.734375 0.015625 0.01953125
0 0.1453125 0.798828125 0.015625 0.01953125
0 0.15625 0.81640625 0.015625 0.01953125
0 0.4125 0.751953125 0.015625 0.01953125
0 0.575 0.826171875 0.015625 0.01953125
0 0.6046875 0.833984375 0.015625 0.01953125
0 0.4421875 0.98828125 0.015625 0.01953125
0 0.43125 0.607421875 0.015625 0.01953125
0 0.5390625 0.5703125 0.015625 0.01953125
0 0.609375 0.537109375 0.015625 0.01953125
0 0.4734375 0.486328125 0.015625 0.01953125
0 0.54375 0.416015625 0.015625 0.01953125
0 0.5859375 0.427734375 0.015625 0.01953125
0 0.6625 0.275390625 0.015625 0.01953125
0 0.6921875 0.21484375 0.015625 0.01953125
0 0.7265625 0.267578125 0.015625 0.01953125
0 0.515625 0.314453125 0.015625 0.01953125
0 0.5328125 0.267578125 0.015625 0.01953125
0 0.525 0.234375 0.015625 0.01953125
0 0.5484375 0.24609375 0.015625 0.01953125
0 0.23125 0.26171875 0.015625 0.01953125
0 0.21875 0.25 0.015625 0.01953125
0 0.253125 0.234375 0.015625 0.01953125
0 0.7234375 0.126953125 0.015625 0.01953125
0 0.71875 0.1015625 0.015625 0.01953125
0 0.6859375 0.03515625 0.015625 0.01953125
0 0.7703125 0.4140625 0.015625 0.01953125
0 0.803125 0.408203125 0.015625 0.01953125
0 0.8203125 0.40234375 0.015625 0.01953125
0 0.8609375 0.38671875 0.015625 0.01953125
0 0.1890625 0.9765625 0.015625 0.01953125
0 0.1234375 0.30859375 0.015625 0.01953125
0 0.09375 0.296875 0.015625 0.01953125
0 0.096875 0.328125 0.015625 0.01953125
0 0.0578125 0.9765625 0.015625 0.01953125
