0 0.340625 0.94921875 0.015625 0.01953125
0 0.3921875 0.8125 0.015625 0.01953125
0 0.3390625 0.828125 0.015625 0.01953125
0 0.2984375 0.787109375 0.015625 0.01953125
0 0.3296875 0.69140625 0.015625 0.01953125
0 0.4328125 0.732421875 0.015625 0.01953125
0 0.3734375 0.64453125 0.015625 0.01953125
0 0.309375 0.541015625 0.015625 0.01953125
0 0.26875 0.513671875 0.015625 0.01953125
0 0.2484375 0.49609375 0.015625 0.01953125
0 0.371875 0.3359375 0.015625 0.01953125
0 0.190625 0.443359375 0.015625 0.01953125
0 0.2953125 0.35546875 0.015625 0.01953125
0 0.365625 0.408203125 0.015625 0.01953125
0 0.4109375 0.396484375 0.015625 0.01953125
0 0.53125 0.509765625 0.015625 0.01953125
0 0.534375 0.4765625 0.015625 0.01953125
0 0.540625 0.443359375 0.015625 0.01953125
0 0.2453125 0.2578125 0.015625 0.01953125
0 0.840625 0.45703125 0.015625 0.01953125
0 0.9140625 0.400390625 0.015625 0.01953125
0 0.8765625 0.34375 0.015625 0.01953125
0 0.803125 0.255859375 0.015625 0.01953125
0 0.85625 0.333984375 0.015625 0.01953125
0 0.9421875 0.412109375 0.015625 0.01953125
0 0.7203125 0.33203125 0.015625 0.01953125
0 0.840625 0.359375 0.015625 0.01953125
0 0.0203125 0.74609375 0.015625 0.01953125
