0 0.315625 0.3828125 0.015625 0.01953125
0 0.2640625 0.83984375 0.015625 0.01953125
0 0.3296875 0.89453125 0.015625 0.01953125
0 0.29375 0.953125 0.015625 0.01953125
0 0.5640625 0.64453125 0.015625 0.01953125
0 0.546875 0.615234375 0.015625 0.01953125
0 0.5765625 0.677734375 0.015625 0.01953125
0 0.596875 0.697265625 0.015625 0.01953125
0 0.7328125 0.63671875 0.015625 0.01953125
0 0.8125 0.529296875 0.015625 0.01953125
0 0.7234375 0.693359375 0.015625 0.01953125
0 0.7484375 0.71875 0.015625 0.01953125
0 0.05 0.08984375 0.015625 0.01953125
0 0.0640625 0.244140625 0.015625 0.01953125
0 0.1546875 0.294921875 0.015625 0.01953125
0 0.178125 0.306640625 0.015625 0.01953125
0 0.171875 0.275390625 0.015625 0.01953125
0 0.196875 0.279296875 0.015625 0.01953125
0 0.209375 0.2734375 0.015625 0.01953125
0 0.15 0.26171875 0.015625 0.01953125
0 0.1609375 0.255859375 0.015625 0.01953125
0 0.2796875 0.287109375 0.015625 0.01953125
0 0.3578125 0.2265625 0.015625 0.01953125
0 0.2203125 0.076171875 0.015625 0.01953125
0 0.6890625 0.126953125 0.015625 0.01953125
0 0.703125 0.119140625 0.015625 0.01953125
0 0.8078125 0.158203125 0.015625 0.01953125
0 0.915625 0.54296875 0.015625 0.01953125
0 0.953125 0.556640625 0.015625 0.01953125
0 0.778125 0.072265625 0.015625 0.01953125
0 0.8234375 0.171875 0.015625 0.01953125
0 0.734375 0.04296875 0.015625 0.01953125
0 0.7953125 0.017578125 0.015625 0.01953125
0 0.471875 0.88671875 0.015625 0.01953125
0 0.4671875 0.916015625 0.015625 0.01953125
0 0.4765625 0.939453125 0.015625 0.01953125
0 0.4953125 0.986328125 0.015625 0.01953125
0 0.484375 0.958984375 0.015625 0.01953125
0 0.11875 0.931640625 0.015625 0.01953125
0 0.8140625 0.09765625 0.015625 0.01953125
0 0.990625 0.341796875 0.015625 0.01953125
