0 0.315625 0.66015625 0.015625 0.01953125
0 0.1890625 0.59765625 0.015625 0.01953125
0 0.209375 0.5703125 0.015625 0.01953125
0 0.1875 0.564453125 0.015625 0.01953125
0 0.1625 0.572265625 0.015625 0.01953125
0 0.1578125 0.54296875 0.015625 0.01953125
0 0.178125 0.5390625 0.015625 0.01953125
0 0.221875 0.552734375 0.015625 0.01953125
0 0.24375 0.4453125 0.015625 0.01953125
0 0.2578125 0.447265625 0.015625 0.01953125
0 0.3390625 0.48828125 0.015625 0.01953125
0 0.3546875 0.50390625 0.015625 0.01953125
0 0.0484375 0.26171875 0.015625 0.01953125
0 0.165625 0.080078125 0.015625 0.01953125
0 0.9 0.779296875 0.015625 0.01953125
0 0.7328125 0.412109375 0.015625 0.01953125
0 0.840625 0.5 0.015625 0.01953125
0 0.8609375 0.474609375 0.015625 0.01953125
0 0.8359375 0.45703125 0.015625 0.01953125
0 0.8453125 0.451171875 0.015625 0.01953125
0 0.81875 0.373046875 0.015625 0.01953125
0 0.3625 0.0390625 0.015625 0.01953125
0 0.1 0.111328125 0.015625 0.01953125
0 0.09375 0.052734375 0.015625 0.01953125
0 0.140625 0.025390625 0.015625 0.01953125
0 0.0484375 0.427734375 0.015625 0.01953125
0 0.490625 0.07421875 0.015625 0.01953125
0 0.503125 0.099609375 0.015625 0.01953125
0 0.13125 0.12890625 0.015625 0.01953125
0 0.9734375 0.787109375 0.015625 0.01953125
