0 0.4359375 0.42578125 0.015625 0.01953125
0 0.471875 0.408203125 0.015625 0.01953125
0 0.3703125 0.189453125 0.015625 0.01953125
0 0.215625 0.5234375 0.015625 0.01953125
0 0.253125 0.583984375 0.015625 0.01953125
0 0.2015625 0.62109375 0.015625 0.01953125
0 0.1609375 0.58984375 0.015625 0.01953125
0 0.1859375 0.5390625 0.015625 0.01953125
0 0.09375 0.5390625 0.015625 0.01953125
0 0.446875 0.59765625 0.015625 0.01953125
0 0.56875 0.671875 0.015625 0.01953125
0 0.5875 0.69921875 0.015625 0.01953125
0 0.5734375 0.779296875 0.015625 0.01953125
0 0.64375 0.599609375 0.015625 0.01953125
0 0.834375 0.498046875 0.015625 0.01953125
0 0.5 0.138671875 0.015625 0.01953125
0 0.5125 0.1484375 0.015625 0.01953125
0 0.5484375 0.14453125 0.015625 0.01953125
0 0.5703125 0.146484375 0.015625 0.01953125
0 0.09375 0.171875 0.015625 0.01953125
0 0.1078125 0.12890625 0.015625 0.01953125
0 0.0734375 0.091796875 0.015625 0.01953125
0 0.415625 0.927734375 0.015625 0.01953125
0 0.428125 0.939453125 0.015625 0.01953125
0 0.253125 0.07421875 0.015625 0.01953125
0 0.453125 0.15625 0.015625 0.01953125
