0 0.3671875 0.28125 0.015625 0.01953125
0 0.41875 0.48046875 0.015625 0.01953125
0 0.45 0.55078125 0.015625 0.01953125
0 0.446875 0.697265625 0.015625 0.01953125
0 0.23125 0.609375 0.015625 0.01953125
0 0.2203125 0.677734375 0.015625 0.01953125
0 0.1984375 0.7265625 0.015625 0.01953125
0 0.15 0.69140625 0.015625 0.01953125
0 0.1734375 0.6328125 0.015625 0.01953125
0 0.0875 0.54296875 0.015625 0.01953125
0 0.5109375 0.244140625 0.015625 0.01953125
0 0.7828125 0.65234375 0.015625 0.01953125
0 0.646875 0.69921875 0.015625 0.01953125
0 0.5828125 0.806640625 0.015625 0.01953125
0 0.5703125 0.888671875 0.015625 0.01953125
0 0.5734375 0.91796875 0.015625 0.01953125
0 0.571875 0.77734375 0.015625 0.01953125
0 0.434375 0.94921875 0.015625 0.01953125
0 0.83125 0.599609375 0.015625 0.01953125
0 0.13125 0.259765625 0.015625 0.01953125
0 0.0703125 0.1796875 0.015625 0.01953125
0 0.496875 0.2265625 0.015625 0.01953125
0 0.5453125 0.24609375 0.015625 0.01953125
0 0.56875 0.244140625 0.015625 0.01953125
0 0.4484375 0.25390625 0.015625 0.01953125
0 0.978125 0.27734375 0.015625 0.01953125
0 0.99375 0.3046875 0.015625 0.01953125
0 0.96875 0.220703125 0.015625 0.01953125
0 0.065625 0.234375 0.015625 0.01953125
