0 0.35 0.14453125 0.015625 0.01953125
0 0.43125 0.123046875 0.015625 0.01953125
0 0.48125 0.08984375 0.015625 0.01953125
0 0.1375 0.181640625 0.015625 0.01953125
0 0.115625 0.193359375 0.015625 0.01953125
0 0.0578125 0.3203125 0.015625 0.01953125
0 0.1375 0.513671875 0.015625 0.01953125
0 0.1125 0.5703125 0.015625 0.01953125
0 0.1609375 0.615234375 0.015625 0.01953125
0 0.1984375 0.5703125 0.015625 0.01953125
0 0.1875 0.494140625 0.015625 0.01953125
0 0.43125 0.58203125 0.015625 0.01953125
0 0.4421875 0.416015625 0.015625 0.01953125
0 0.41875 0.349609375 0.015625 0.01953125
0 0.640625 0.5859375 0.015625 0.01953125
0 0.565625 0.6640625 0.015625 0.01953125
0 0.5609375 0.109375 0.015625 0.01953125
0 0.45 0.75390625 0.015625 0.01953125
0 0.4609375 0.7734375 0.015625 0.01953125
0 0.565625 0.779296875 0.015625 0.01953125
0 0.565625 0.810546875 0.015625 0.01953125
0 0.503125 0.11328125 0.015625 0.01953125
0 0.5359375 0.115234375 0.015625 0.01953125
0 0.98125 0.11328125 0.015625 0.01953125
0 0.990625 0.126953125 0.015625 0.01953125
