0 0.5171875 0.1640625 0.015625 0.01953125
0 0.521875 0.1875 0.015625 0.01953125
0 0.446875 0.06640625 0.015625 0.01953125
0 0.590625 0.140625 0.015625 0.01953125
0 0.921875 0.49609375 0.015625 0.01953125
0 0.590625 0.26171875 0.015625 0.01953125
0 0.59375 0.294921875 0.015625 0.01953125
0 0.1671875 0.08203125 0.015625 0.01953125
0 0.11875 0.046875 0.015625 0.01953125
0 0.25625 0.69140625 0.015625 0.01953125
0 0.1234375 0.833984375 0.015625 0.01953125
0 0.0359375 0.783203125 0.015625 0.01953125
0 0.1125 0.666015625 0.015625 0.01953125
0 0.1015625 0.6171875 0.015625 0.01953125
0 0.1015625 0.6171875 0.015625 0.01953125
0 0.090625 0.62890625 0.015625 0.01953125
0 0.11875 0.625 0.015625 0.01953125
0 0.8 0.6328125 0.015625 0.01953125
0 0.9234375 0.736328125 0.015625 0.01953125
0 0.9171875 0.71875 0.015625 0.01953125
0 0.5953125 0.173828125 0.015625 0.01953125
0 0.671875 0.06640625 0.015625 0.01953125
0 0.1453125 0.630859375 0.015625 0.01953125
0 0.9421875 0.744140625 0.015625 0.01953125
0 0.2046875 0.044921875 0.015625 0.01953125
0 0.3546875 0.626953125 0.015625 0.01953125
0 0.7859375 0.63671875 0.015625 0.01953125
0 0.7078125 0.697265625 0.015625 0.01953125
0 0.928125 0.6484375 0.015625 0.01953125
0 0.95625 0.666015625 0.015625 0.01953125
