0 0.390625 0.0390625 0.015625 0.01953125
0 0.40625 0.06640625 0.015625 0.01953125
0 0.2578125 0.125 0.015625 0.01953125
0 0.24375 0.10546875 0.015625 0.01953125
0 0.225 0.111328125 0.015625 0.01953125
0 0.2765625 0.435546875 0.015625 0.01953125
0 0.2953125 0.4453125 0.015625 0.01953125
0 0.665625 0.640625 0.015625 0.01953125
0 0.6828125 0.654296875 0.015625 0.01953125
0 0.684375 0.673828125 0.015625 0.01953125
0 0.3234375 0.83984375 0.015625 0.01953125
0 0.3578125 0.83984375 0.015625 0.01953125
0 0.13125 0.802734375 0.015625 0.01953125
0 0.3875 0.748046875 0.015625 0.01953125
0 0.3765625 0.787109375 0.015625 0.01953125
0 0.9828125 0.109375 0.015625 0.01953125
0 0.003125 0.953125 0.015625 0.01953125
0 0.0 0.93359375 0.015625 0.01953125
0 0.0203125 0.416015625 0.015625 0.01953125
0 0.965625 0.8046875 0.015625 0.01953125
