0 0.5921875 0.6875 0.015625 0.01953125
0 0.2125 0.84765625 0.015625 0.01953125
0 0.0125 0.720703125 0.015625 0.01953125
0 0.1296875 0.654296875 0.015625 0.01953125
0 0.09375 0.64453125 0.015625 0.01953125
0 0.078125 0.638671875 0.015625 0.01953125
0 0.13125 0.583984375 0.015625 0.01953125
0 0.2203125 0.626953125 0.015625 0.01953125
0 0.2390625 0.5 0.015625 0.01953125
0 0.2609375 0.482421875 0.015625 0.01953125
0 0.11875 0.40234375 0.015625 0.01953125
0 0.10625 0.41796875 0.015625 0.01953125
0 0.09375 0.396484375 0.015625 0.01953125
0 0.334375 0.328125 0.015625 0.01953125
0 0.4546875 0.259765625 0.015625 0.01953125
0 0.5 0.23828125 0.015625 0.01953125
0 0.1421875 0.384765625 0.015625 0.01953125
0 0.8171875 0.1796875 0.015625 0.01953125
0 0.99375 0.396484375 0.015625 0.01953125
0 0.9734375 0.474609375 0.015625 0.01953125
0 0.990625 0.474609375 0.015625 0.01953125
0 0.978125 0.509765625 0.015625 0.01953125
0 0.29375 0.25390625 0.015625 0.01953125
0 0.3453125 0.2265625 0.015625 0.01953125
0 0.1875 0.15625 0.015625 0.01953125
0 0.228125 0.166015625 0.015625 0.01953125
0 0.2390625 0.134765625 0.015625 0.01953125
0 0.1453125 0.109375 0.015625 0.01953125
0 0.1765625 0.119140625 0.015625 0.01953125
0 0.19375 0.06640625 0.015625 0.01953125
0 0.253125 0.080078125 0.015625 0.01953125
0 0.528125 0.224609375 0.015625 0.01953125
0 0.5703125 0.19140625 0.015625 0.01953125
0 0.5515625 0.15234375 0.015625 0.01953125
0 0.590625 0.1328125 0.015625 0.01953125
0 0.5546875 0.09765625 0.015625 0.01953125
0 0.565625 0.072265625 0.015625 0.01953125
0 0.5640625 0.05078125 0.015625 0.01953125
0 0.59375 0.056640625 0.015625 0.01953125
0 0.290625 0.197265625 0.015625 0.01953125
0 0.2875 0.162109375 0.015625 0.01953125
0 0.3109375 0.15625 0.015625 0.01953125
0 0.325 0.046875 0.015625 0.01953125
0 0.340625 0.021484375 0.015625 0.01953125
0 0.3453125 0.064453125 0.015625 0.01953125
0 0.36875 0.052734375 0.015625 0.01953125
0 0.3609375 0.021484375 0.015625 0.01953125
0 0.375 0.0234375 0.015625 0.01953125
0 0.38125 0.044921875 0.015625 0.01953125
0 0.396875 0.044921875 0.015625 0.01953125
0 0.409375 0.03125 0.015625 0.01953125
0 0.3859375 0.01953125 0.015625 0.01953125
0 0.43125 0.048828125 0.015625 0.01953125
0 0.4546875 0.046875 0.015625 0.01953125
0 0.4890625 0.03515625 0.015625 0.01953125
0 0.50625 0.05859375 0.015625 0.01953125
0 0.4953125 0.080078125 0.015625 0.01953125
0 0.51875 0.087890625 0.015625 0.01953125
0 0.521875 0.109375 0.015625 0.01953125
0 0.525 0.1328125 0.015625 0.01953125
0 0.5265625 0.154296875 0.015625 0.01953125
0 0.515625 0.16015625 0.015625 0.01953125
0 0.484375 0.177734375 0.015625 0.01953125
0 0.48125 0.15625 0.015625 0.01953125
0 0.46875 0.142578125 0.015625 0.01953125
0 0.4546875 0.15234375 0.015625 0.01953125
0 0.4609375 0.18359375 0.015625 0.01953125
0 0.446875 0.197265625 0.015625 0.01953125
0 0.4375 0.173828125 0.015625 0.01953125
0 0.425 0.17578125 0.015625 0.01953125
0 0.43125 0.19921875 0.015625 0.01953125
0 0.409375 0.173828125 0.015625 0.01953125
0 0.265625 0.138671875 0.015625 0.01953125
0 0.2203125 0.142578125 0.015625 0.01953125
0 0.9375 0.265625 0.015625 0.01953125
0 0.94375 0.244140625 0.015625 0.01953125
0 0.9625 0.2421875 0.015625 0.01953125
0 0.96875 0.220703125 0.015625 0.01953125
0 0.6890625 0.080078125 0.015625 0.01953125
0 0.6828125 0.060546875 0.015625 0.01953125
0 0.69375 0.033203125 0.015625 0.01953125
0 0.6703125 0.01953125 0.015625 0.01953125
0 0.7046875 0.01171875 0.015625 0.01953125
0 0.68125 0.001953125 0.015625 0.01953125
0 0.9625 0.0703125 0.015625 0.01953125
0 0.9484375 0.060546875 0.015625 0.01953125
0 0.9640625 0.037109375 0.015625 0.01953125
0 0.996875 0.044921875 0.015625 0.01953125
0 0.409375 0.125 0.015625 0.01953125
0 0.425 0.087890625 0.015625 0.01953125
0 0.3703125 0.125 0.015625 0.01953125
0 0.3796875 0.091796875 0.015625 0.01953125
0 0.3640625 0.099609375 0.015625 0.01953125
0 0.3453125 0.119140625 0.015625 0.01953125
0 0.3296875 0.140625 0.015625 0.01953125
0 0.3796875 0.16796875 0.015625 0.01953125
0 0.396875 0.154296875 0.015625 0.01953125
0 0.2890625 0.087890625 0.015625 0.01953125
0 0.271875 0.12109375 0.015625 0.01953125
0 0.340625 0.095703125 0.015625 0.01953125
0 0.3234375 0.083984375 0.015625 0.01953125
0 0.3078125 0.0703125 0.015625 0.01953125
0 0.4046875 0.083984375 0.015625 0.01953125
0 0.453125 0.0703125 0.015625 0.01953125
0 0.4703125 0.0703125 0.015625 0.01953125
0 0.46875 0.11328125 0.015625 0.01953125
0 0.484375 0.10546875 0.015625 0.01953125
0 0.521875 0.181640625 0.015625 0.01953125
0 0.5375 0.185546875 0.015625 0.01953125
0 0.3046875 0.2109375 0.015625 0.01953125
0 0.3375 0.1953125 0.015625 0.01953125
0 0.39375 0.19921875 0.015625 0.01953125
0 0.3734375 0.1953125 0.015625 0.01953125
0 0.5203125 0.052734375 0.015625 0.01953125
0 0.296875 0.125 0.015625 0.01953125
