0 0.5890625 0.68359375 0.015625 0.01953125
0 0.2640625 0.40625 0.015625 0.01953125
0 0.2203125 0.560546875 0.015625 0.01953125
0 0.178125 0.83984375 0.015625 0.01953125
0 0.0109375 0.666015625 0.015625 0.01953125
0 0.0484375 0.611328125 0.015625 0.01953125
0 0.025 0.59765625 0.015625 0.01953125
0 0.075 0.5390625 0.015625 0.01953125
0 0.08125 0.3203125 0.015625 0.01953125
0 0.103125 0.341796875 0.015625 0.01953125
0 0.1109375 0.3203125 0.015625 0.01953125
0 0.33125 0.234375 0.015625 0.01953125
0 0.284375 0.166015625 0.015625 0.01953125
0 0.4484375 0.19140625 0.015625 0.01953125
0 0.515625 0.150390625 0.015625 0.01953125
0 0.446875 0.140625 0.015625 0.01953125
0 0.3375 0.12890625 0.015625 0.01953125
0 0.3046875 0.11328125 0.015625 0.01953125
0 0.2890625 0.099609375 0.015625 0.01953125
0 0.9171875 0.126953125 0.015625 0.01953125
0 0.9328125 0.109375 0.015625 0.01953125
0 0.8515625 0.072265625 0.015625 0.01953125
0 0.9921875 0.27734375 0.015625 0.01953125
0 0.9796875 0.396484375 0.015625 0.01953125
0 0.99375 0.4296875 0.015625 0.01953125
0 0.9859375 0.15234375 0.015625 0.01953125
0 0.61875 0.029296875 0.015625 0.01953125
0 0.5546875 0.052734375 0.015625 0.01953125
0 0.54375 0.091796875 0.015625 0.01953125
0 0.5546875 0.1171875 0.015625 0.01953125
0 0.5265625 0.0859375 0.015625 0.01953125
0 0.51875 0.060546875 0.015625 0.01953125
0 0.5234375 0.0390625 0.015625 0.01953125
0 0.484375 0.0859375 0.015625 0.01953125
0 0.4828125 0.060546875 0.015625 0.01953125
0 0.4796875 0.03515625 0.015625 0.01953125
0 0.503125 0.04296875 0.015625 0.01953125
0 0.5015625 0.068359375 0.015625 0.01953125
0 0.5046875 0.005859375 0.015625 0.01953125
0 0.48125 0.009765625 0.015625 0.01953125
0 0.459375 0.056640625 0.015625 0.01953125
0 0.4625 0.08984375 0.015625 0.01953125
0 0.4453125 0.099609375 0.015625 0.01953125
0 0.4109375 0.076171875 0.015625 0.01953125
0 0.3984375 0.05859375 0.015625 0.01953125
0 0.3859375 0.068359375 0.015625 0.01953125
0 0.365625 0.072265625 0.015625 0.01953125
0 0.365625 0.052734375 0.015625 0.01953125
0 0.4125 0.0234375 0.015625 0.01953125
0 0.2203125 0.048828125 0.015625 0.01953125
0 0.2359375 0.044921875 0.015625 0.01953125
0 0.259375 0.03515625 0.015625 0.01953125
0 0.275 0.015625 0.015625 0.01953125
0 0.275 0.015625 0.015625 0.01953125
0 0.3671875 0.01953125 0.015625 0.01953125
0 0.3 0.041015625 0.015625 0.01953125
0 0.3265625 0.04296875 0.015625 0.01953125
0 0.3578125 0.001953125 0.015625 0.01953125
0 0.4328125 0.07421875 0.015625 0.01953125
0 0.2390625 0.4296875 0.015625 0.01953125
0 0.125 0.01171875 0.015625 0.01953125
0 0.19375 0.564453125 0.015625 0.01953125
