0 0.1953125 0.857421875 0.015625 0.01953125
0 0.0703125 0.859375 0.015625 0.01953125
0 0.215625 0.693359375 0.015625 0.01953125
0 0.23125 0.685546875 0.015625 0.01953125
0 0.2546875 0.671875 0.015625 0.01953125
0 0.0859375 0.583984375 0.015625 0.01953125
0 0.0578125 0.57421875 0.015625 0.01953125
0 0.3125 0.4765625 0.015625 0.01953125
0 0.434375 0.42578125 0.015625 0.01953125
0 0.4734375 0.4296875 0.015625 0.01953125
0 0.496875 0.375 0.015625 0.01953125
0 0.8515625 0.33203125 0.015625 0.01953125
0 0.9 0.30078125 0.015625 0.01953125
0 0.99375 0.466796875 0.015625 0.01953125
0 0.78125 0.087890625 0.015625 0.01953125
0 0.665625 0.240234375 0.015625 0.01953125
0 0.7 0.126953125 0.015625 0.01953125
0 0.6828125 0.103515625 0.015625 0.01953125
0 0.6296875 0.052734375 0.015625 0.01953125
0 0.990625 0.166015625 0.015625 0.01953125
0 0.5328125 0.044921875 0.015625 0.01953125
0 0.5703125 0.029296875 0.015625 0.01953125
0 0.528125 0.078125 0.015625 0.01953125
0 0.45625 0.0546875 0.015625 0.01953125
0 0.640625 0.140625 0.015625 0.01953125
0 0.6234375 0.1328125 0.015625 0.01953125
0 0.628125 0.193359375 0.015625 0.01953125
0 0.5921875 0.16015625 0.015625 0.01953125
0 0.5765625 0.14453125 0.015625 0.01953125
0 0.5671875 0.17578125 0.015625 0.01953125
0 0.565625 0.1953125 0.015625 0.01953125
0 0.5578125 0.23046875 0.015625 0.01953125
0 0.54375 0.26953125 0.015625 0.01953125
0 0.540625 0.314453125 0.015625 0.01953125
0 0.5390625 0.150390625 0.015625 0.01953125
0 0.521875 0.16015625 0.015625 0.01953125
0 0.2703125 0.388671875 0.015625 0.01953125
0 0.290625 0.3515625 0.015625 0.01953125
0 0.3265625 0.341796875 0.015625 0.01953125
0 0.3921875 0.34375 0.015625 0.01953125
0 0.409375 0.326171875 0.015625 0.01953125
0 0.43125 0.328125 0.015625 0.01953125
0 0.4515625 0.322265625 0.015625 0.01953125
0 0.4796875 0.30859375 0.015625 0.01953125
0 0.4953125 0.296875 0.015625 0.01953125
0 0.50625 0.287109375 0.015625 0.01953125
0 0.5125 0.275390625 0.015625 0.01953125
0 0.5171875 0.251953125 0.015625 0.01953125
0 0.5171875 0.220703125 0.015625 0.01953125
0 0.5171875 0.1875 0.015625 0.01953125
0 0.5 0.171875 0.015625 0.01953125
0 0.4984375 0.19921875 0.015625 0.01953125
0 0.5015625 0.2265625 0.015625 0.01953125
0 0.5 0.26171875 0.015625 0.01953125
0 0.471875 0.283203125 0.015625 0.01953125
0 0.4515625 0.302734375 0.015625 0.01953125
0 0.428125 0.3046875 0.015625 0.01953125
0 0.403125 0.3046875 0.015625 0.01953125
0 0.4515625 0.279296875 0.015625 0.01953125
0 0.3609375 0.322265625 0.015625 0.01953125
0 0.3734375 0.322265625 0.015625 0.01953125
0 0.3859375 0.322265625 0.015625 0.01953125
0 0.3859375 0.27734375 0.015625 0.01953125
0 0.396875 0.240234375 0.015625 0.01953125
0 0.359375 0.291015625 0.015625 0.01953125
0 0.35 0.26171875 0.015625 0.01953125
0 0.2828125 0.328125 0.015625 0.01953125
0 0.315625 0.318359375 0.015625 0.01953125
0 0.1578125 0.275390625 0.015625 0.01953125
0 0.2046875 0.2734375 0.015625 0.01953125
0 0.2140625 0.255859375 0.015625 0.01953125
0 0.2390625 0.25390625 0.015625 0.01953125
0 0.246875 0.234375 0.015625 0.01953125
0 0.2625 0.234375 0.015625 0.01953125
0 0.175 0.21484375 0.015625 0.01953125
0 0.1703125 0.17578125 0.015625 0.01953125
0 0.2671875 0.20703125 0.015625 0.01953125
0 0.29375 0.1796875 0.015625 0.01953125
0 0.3109375 0.146484375 0.015625 0.01953125
0 0.3265625 0.125 0.015625 0.01953125
0 0.346875 0.119140625 0.015625 0.01953125
0 0.3625 0.115234375 0.015625 0.01953125
0 0.428125 0.15625 0.015625 0.01953125
0 0.44375 0.16796875 0.015625 0.01953125
0 0.4625 0.18359375 0.015625 0.01953125
0 0.4515625 0.146484375 0.015625 0.01953125
0 0.4171875 0.1953125 0.015625 0.01953125
0 0.340625 0.197265625 0.015625 0.01953125
0 0.3921875 0.1640625 0.015625 0.01953125
0 0.384375 0.13671875 0.015625 0.01953125
0 0.4609375 0.228515625 0.015625 0.01953125
0 0.3046875 0.203125 0.015625 0.01953125
0 0.2453125 0.28125 0.015625 0.01953125
0 0.275 0.283203125 0.015625 0.01953125
0 0.284375 0.2578125 0.015625 0.01953125
0 0.740625 0.021484375 0.015625 0.01953125
0 0.6953125 0.03515625 0.015625 0.01953125
0 0.2875 0.203125 0.015625 0.01953125
0 0.3359375 0.177734375 0.015625 0.01953125
0 0.35 0.162109375 0.015625 0.01953125
0 0.36875 0.146484375 0.015625 0.01953125
0 0.3046875 0.259765625 0.015625 0.01953125
0 0.3609375 0.234375 0.015625 0.01953125
0 0.0484375 0.1328125 0.015625 0.01953125
0 0.053125 0.10546875 0.015625 0.01953125
0 0.0296875 0.140625 0.015625 0.01953125
0 0.0265625 0.212890625 0.015625 0.01953125
0 0.334375 0.2421875 0.015625 0.01953125
0 0.3734375 0.20703125 0.015625 0.01953125
0 0.3484375 0.212890625 0.015625 0.01953125
0 0.2640625 0.708984375 0.015625 0.01953125
0 0.115625 0.056640625 0.015625 0.01953125
0 0.103125 0.064453125 0.015625 0.01953125
