0 0.4578125 0.48828125 0.015625 0.01953125
0 0.5703125 0.431640625 0.015625 0.01953125
0 0.6625 0.533203125 0.015625 0.01953125
0 0.66875 0.544921875 0.015625 0.01953125
0 0.6734375 0.5703125 0.015625 0.01953125
0 0.7328125 0.806640625 0.015625 0.01953125
0 0.7578125 0.806640625 0.015625 0.01953125
0 0.74375 0.845703125 0.015625 0.01953125
0 0.828125 0.966796875 0.015625 0.01953125
0 0.925 0.65234375 0.015625 0.01953125
0 0.9046875 0.63671875 0.015625 0.01953125
0 0.8984375 0.59765625 0.015625 0.01953125
0 0.88125 0.599609375 0.015625 0.01953125
0 0.8828125 0.576171875 0.015625 0.01953125
0 0.8078125 0.537109375 0.015625 0.01953125
0 0.8296875 0.52734375 0.015625 0.01953125
0 0.875 0.513671875 0.015625 0.01953125
0 0.86875 0.490234375 0.015625 0.01953125
0 0.853125 0.470703125 0.015625 0.01953125
0 0.89375 0.462890625 0.015625 0.01953125
0 0.896875 0.443359375 0.015625 0.01953125
0 0.6515625 0.263671875 0.015625 0.01953125
0 0.69375 0.20703125 0.015625 0.01953125
0 0.8578125 0.212890625 0.015625 0.01953125
0 0.928125 0.365234375 0.015625 0.01953125
0 0.3828125 0.298828125 0.015625 0.01953125
0 0.3515625 0.396484375 0.015625 0.01953125
0 0.34375 0.283203125 0.015625 0.01953125
0 0.3171875 0.275390625 0.015625 0.01953125
0 0.34375 0.189453125 0.015625 0.01953125
0 0.359375 0.1875 0.015625 0.01953125
0 0.24375 0.28515625 0.015625 0.01953125
0 0.2359375 0.369140625 0.015625 0.01953125
0 0.203125 0.369140625 0.015625 0.01953125
0 0.2328125 0.33984375 0.015625 0.01953125
0 0.2046875 0.427734375 0.015625 0.01953125
0 0.165625 0.41796875 0.015625 0.01953125
0 0.171875 0.337890625 0.015625 0.01953125
0 0.18125 0.462890625 0.015625 0.01953125
0 0.1328125 0.37109375 0.015625 0.01953125
0 0.0734375 0.353515625 0.015625 0.01953125
0 0.0484375 0.375 0.015625 0.01953125
0 0.1953125 0.52734375 0.015625 0.01953125
0 0.1671875 0.53125 0.015625 0.01953125
0 0.1484375 0.529296875 0.015625 0.01953125
0 0.15625 0.50390625 0.015625 0.01953125
0 0.1625 0.48828125 0.015625 0.01953125
0 0.1453125 0.4765625 0.015625 0.01953125
0 0.1609375 0.443359375 0.015625 0.01953125
0 0.14375 0.44140625 0.015625 0.01953125
0 0.0265625 0.36328125 0.015625 0.01953125
0 0.0046875 0.380859375 0.015625 0.01953125
0 0.0109375 0.40625 0.015625 0.01953125
0 0.0046875 0.435546875 0.015625 0.01953125
0 0.0328125 0.529296875 0.015625 0.01953125
0 0.04375 0.54296875 0.015625 0.01953125
0 0.0890625 0.556640625 0.015625 0.01953125
0 0.10625 0.541015625 0.015625 0.01953125
0 0.109375 0.580078125 0.015625 0.01953125
0 0.096875 0.6640625 0.015625 0.01953125
0 0.15 0.677734375 0.015625 0.01953125
0 0.13125 0.533203125 0.015625 0.01953125
0 0.2578125 0.236328125 0.015625 0.01953125
0 0.3125 0.1796875 0.015625 0.01953125
0 0.0921875 0.390625 0.015625 0.01953125
0 0.11875 0.3984375 0.015625 0.01953125
0 0.04375 0.408203125 0.015625 0.01953125
0 0.1765625 0.25390625 0.015625 0.01953125
0 0.2109375 0.25390625 0.015625 0.01953125
0 0.15 0.21875 0.015625 0.01953125
0 0.7484375 0.0078125 0.015625 0.01953125
0 0.0875 0.517578125 0.015625 0.01953125
