0 0.0375 0.69140625 0.015625 0.01953125
0 0.259375 0.71875 0.015625 0.01953125
0 0.2953125 0.8203125 0.015625 0.01953125
0 0.3234375 0.859375 0.015625 0.01953125
0 0.85625 0.7734375 0.015625 0.01953125
0 0.8828125 0.58984375 0.015625 0.01953125
0 0.8390625 0.54296875 0.015625 0.01953125
0 0.6625 0.5859375 0.015625 0.01953125
0 0.5828125 0.625 0.015625 0.01953125
0 0.603125 0.73046875 0.015625 0.01953125
0 0.621875 0.806640625 0.015625 0.01953125
0 0.6015625 0.798828125 0.015625 0.01953125
0 0.5765625 0.826171875 0.015625 0.01953125
0 0.6484375 0.9140625 0.015625 0.01953125
0 0.6765625 0.9296875 0.015625 0.01953125
0 0.675 0.97265625 0.015625 0.01953125
0 0.6890625 0.990234375 0.015625 0.01953125
0 0.7609375 0.921875 0.015625 0.01953125
0 0.6890625 0.47265625 0.015625 0.01953125
0 0.834375 0.412109375 0.015625 0.01953125
0 0.8390625 0.3359375 0.015625 0.01953125
0 0.68125 0.337890625 0.015625 0.01953125
0 0.521875 0.34375 0.015625 0.01953125
0 0.6609375 0.1953125 0.015625 0.01953125
0 0.4328125 0.115234375 0.015625 0.01953125
0 0.35625 0.1796875 0.015625 0.01953125
0 0.121875 0.041015625 0.015625 0.01953125
0 0.0875 0.07421875 0.015625 0.01953125
0 0.134375 0.09765625 0.015625 0.01953125
0 0.34375 0.455078125 0.015625 0.01953125
0 0.34375 0.421875 0.015625 0.01953125
0 0.30625 0.482421875 0.015625 0.01953125
0 0.84375 0.087890625 0.015625 0.01953125
0 0.8140625 0.189453125 0.015625 0.01953125
0 0.834375 0.20703125 0.015625 0.01953125
0 0.8625 0.2109375 0.015625 0.01953125
0 0.9234375 0.4375 0.015625 0.01953125
0 0.9765625 0.49609375 0.015625 0.01953125
0 0.9515625 0.443359375 0.015625 0.01953125
0 0.0390625 0.869140625 0.015625 0.01953125
0 0.95625 0.30078125 0.015625 0.01953125
0 0.9796875 0.310546875 0.015625 0.01953125
0 0.96875 0.275390625 0.015625 0.01953125
0 0.94375 0.23828125 0.015625 0.01953125
0 0.9640625 0.236328125 0.015625 0.01953125
0 0.990625 0.400390625 0.015625 0.01953125
0 0.9796875 0.35546875 0.015625 0.01953125
0 0.984375 0.521484375 0.015625 0.01953125
0 0.5890625 0.76171875 0.015625 0.01953125
0 0.603125 0.7578125 0.015625 0.01953125
