0 0.5859375 0.103515625 0.015625 0.01953125
0 0.603125 0.099609375 0.015625 0.01953125
0 0.5421875 0.17578125 0.015625 0.01953125
0 0.7921875 0.35546875 0.015625 0.01953125
0 0.8484375 0.3203125 0.015625 0.01953125
0 0.8703125 0.328125 0.015625 0.01953125
0 0.9421875 0.220703125 0.015625 0.01953125
0 0.9609375 0.103515625 0.015625 0.01953125
0 0.953125 0.66015625 0.015625 0.01953125
0 0.940625 0.658203125 0.015625 0.01953125
0 0.9265625 0.625 0.015625 0.01953125
0 0.8953125 0.626953125 0.015625 0.01953125
0 0.8625 0.607421875 0.015625 0.01953125
0 0.840625 0.609375 0.015625 0.01953125
0 0.746875 0.591796875 0.015625 0.01953125
0 0.8984375 0.712890625 0.015625 0.01953125
0 0.9203125 0.75 0.015625 0.01953125
0 0.8234375 0.79296875 0.015625 0.01953125
0 0.7765625 0.759765625 0.015625 0.01953125
0 0.740625 0.78515625 0.015625 0.01953125
0 0.71875 0.84375 0.015625 0.01953125
0 0.734375 0.88671875 0.015625 0.01953125
0 0.734375 0.88671875 0.015625 0.01953125
0 0.78125 0.93359375 0.015625 0.01953125
0 0.7734375 0.9453125 0.015625 0.01953125
0 0.8015625 0.9765625 0.015625 0.01953125
0 0.665625 0.966796875 0.015625 0.01953125
0 0.721875 0.7265625 0.015625 0.01953125
0 0.6890625 0.732421875 0.015625 0.01953125
0 0.6953125 0.802734375 0.015625 0.01953125
0 0.6671875 0.75390625 0.015625 0.01953125
0 0.23125 0.5625 0.015625 0.01953125
0 0.3015625 0.591796875 0.015625 0.01953125
0 0.375 0.603515625 0.015625 0.01953125
0 0.1125 0.677734375 0.015625 0.01953125
0 0.1515625 0.712890625 0.015625 0.01953125
0 0.140625 0.84765625 0.015625 0.01953125
0 0.2359375 0.79296875 0.015625 0.01953125
0 0.284375 0.7890625 0.015625 0.01953125
0 0.3015625 0.7890625 0.015625 0.01953125
0 0.1515625 0.556640625 0.015625 0.01953125
0 0.1640625 0.5390625 0.015625 0.01953125
0 0.184375 0.5234375 0.015625 0.01953125
0 0.2046875 0.537109375 0.015625 0.01953125
0 0.209375 0.509765625 0.015625 0.01953125
0 0.065625 0.572265625 0.015625 0.01953125
0 0.025 0.552734375 0.015625 0.01953125
0 0.325 0.869140625 0.015625 0.01953125
0 0.3359375 0.814453125 0.015625 0.01953125
0 0.3640625 0.82421875 0.015625 0.01953125
0 0.3390625 0.77734375 0.015625 0.01953125
0 0.3609375 0.759765625 0.015625 0.01953125
0 0.3796875 0.79296875 0.015625 0.01953125
0 0.3921875 0.76953125 0.015625 0.01953125
0 0.409375 0.9296875 0.015625 0.01953125
0 0.3609375 0.947265625 0.015625 0.01953125
0 0.4375 0.873046875 0.015625 0.01953125
0 0.4546875 0.853515625 0.015625 0.01953125
0 0.48125 0.626953125 0.015625 0.01953125
0 0.2796875 0.654296875 0.015625 0.01953125
0 0.5703125 0.66015625 0.015625 0.01953125
0 0.603125 0.720703125 0.015625 0.01953125
0 0.615625 0.748046875 0.015625 0.01953125
0 0.596875 0.740234375 0.015625 0.01953125
0 0.59375 0.76953125 0.015625 0.01953125
0 0.6125 0.8046875 0.015625 0.01953125
0 0.6296875 0.810546875 0.015625 0.01953125
0 0.640625 0.779296875 0.015625 0.01953125
0 0.6609375 0.861328125 0.015625 0.01953125
0 0.66875 0.88671875 0.015625 0.01953125
0 0.63125 0.880859375 0.015625 0.01953125
0 0.6296875 0.916015625 0.015625 0.01953125
0 0.646875 0.904296875 0.015625 0.01953125
0 0.6140625 0.939453125 0.015625 0.01953125
0 0.596875 0.939453125 0.015625 0.01953125
0 0.5609375 0.939453125 0.015625 0.01953125
0 0.540625 0.953125 0.015625 0.01953125
0 0.5015625 0.912109375 0.015625 0.01953125
0 0.4953125 0.869140625 0.015625 0.01953125
0 0.5265625 0.904296875 0.015625 0.01953125
0 0.528125 0.810546875 0.015625 0.01953125
0 0.4 0.806640625 0.015625 0.01953125
0 0.3828125 0.716796875 0.015625 0.01953125
0 0.3984375 0.69921875 0.015625 0.01953125
0 0.4171875 0.705078125 0.015625 0.01953125
0 0.421875 0.66015625 0.015625 0.01953125
0 0.4515625 0.65234375 0.015625 0.01953125
0 0.4703125 0.69921875 0.015625 0.01953125
0 0.4859375 0.705078125 0.015625 0.01953125
0 0.4734375 0.6796875 0.015625 0.01953125
0 0.4859375 0.658203125 0.015625 0.01953125
0 0.5171875 0.6796875 0.015625 0.01953125
0 0.434375 0.720703125 0.015625 0.01953125
0 0.4203125 0.73046875 0.015625 0.01953125
0 0.403125 0.740234375 0.015625 0.01953125
0 0.41875 0.759765625 0.015625 0.01953125
0 0.4328125 0.74609375 0.015625 0.01953125
0 0.4203125 0.787109375 0.015625 0.01953125
0 0.440625 0.798828125 0.015625 0.01953125
0 0.4796875 0.810546875 0.015625 0.01953125
0 0.5140625 0.763671875 0.015625 0.01953125
0 0.5546875 0.73828125 0.015625 0.01953125
0 0.490625 0.9453125 0.015625 0.01953125
0 0.596875 0.89453125 0.015625 0.01953125
0 0.6765625 0.8125 0.015625 0.01953125
0 0.5078125 0.703125 0.015625 0.01953125
0 0.578125 0.693359375 0.015625 0.01953125
0 0.540625 0.693359375 0.015625 0.01953125
0 0.4734375 0.75390625 0.015625 0.01953125
0 0.3640625 0.908203125 0.015625 0.01953125
0 0.3546875 0.880859375 0.015625 0.01953125
0 0.4453125 0.921875 0.015625 0.01953125
0 0.46875 0.919921875 0.015625 0.01953125
0 0.565625 0.89453125 0.015625 0.01953125
0 0.534375 0.921875 0.015625 0.01953125
0 0.49375 0.759765625 0.015625 0.01953125
0 0.990625 0.84375 0.015625 0.01953125
