0 0.475 0.96875 0.015625 0.01953125
0 0.384375 0.84765625 0.015625 0.01953125
0 0.5328125 0.779296875 0.015625 0.01953125
0 0.3546875 0.751953125 0.015625 0.01953125
0 0.2953125 0.9453125 0.015625 0.01953125
0 0.1578125 0.759765625 0.015625 0.01953125
0 0.1109375 0.88671875 0.015625 0.01953125
0 0.0859375 0.888671875 0.015625 0.01953125
0 0.271875 0.958984375 0.015625 0.01953125
0 0.66875 0.74609375 0.015625 0.01953125
0 0.7265625 0.685546875 0.015625 0.01953125
0 0.7 0.671875 0.015625 0.01953125
0 0.715625 0.611328125 0.015625 0.01953125
0 0.7640625 0.603515625 0.015625 0.01953125
0 0.7375 0.55078125 0.015625 0.01953125
0 0.7765625 0.53125 0.015625 0.01953125
0 0.9 0.525390625 0.015625 0.01953125
0 0.884375 0.49609375 0.015625 0.01953125
0 0.9375 0.43359375 0.015625 0.01953125
0 0.9109375 0.423828125 0.015625 0.01953125
0 0.8890625 0.36328125 0.015625 0.01953125
0 0.865625 0.359375 0.015625 0.01953125
0 0.7421875 0.380859375 0.015625 0.01953125
0 0.959375 0.34765625 0.015625 0.01953125
0 0.7921875 0.212890625 0.015625 0.01953125
0 0.859375 0.150390625 0.015625 0.01953125
0 0.840625 0.138671875 0.015625 0.01953125
0 0.5546875 0.041015625 0.015625 0.01953125
0 0.7171875 0.50390625 0.015625 0.01953125
0 0.6859375 0.65234375 0.015625 0.01953125
0 0.6640625 0.712890625 0.015625 0.01953125
0 0.025 0.41015625 0.015625 0.01953125
0 0.084375 0.408203125 0.015625 0.01953125
0 0.10625 0.369140625 0.015625 0.01953125
0 0.09375 0.44921875 0.015625 0.01953125
0 0.1109375 0.494140625 0.015625 0.01953125
0 0.184375 0.35546875 0.015625 0.01953125
0 0.196875 0.341796875 0.015625 0.01953125
0 0.2125 0.318359375 0.015625 0.01953125
0 0.240625 0.271484375 0.015625 0.01953125
0 0.25 0.3828125 0.015625 0.01953125
0 0.265625 0.3828125 0.015625 0.01953125
0 0.328125 0.390625 0.015625 0.01953125
0 0.30625 0.44140625 0.015625 0.01953125
0 0.36875 0.443359375 0.015625 0.01953125
0 0.38125 0.41796875 0.015625 0.01953125
0 0.4 0.443359375 0.015625 0.01953125
0 0.3890625 0.69140625 0.015625 0.01953125
0 0.425 0.6796875 0.015625 0.01953125
0 0.390625 0.658203125 0.015625 0.01953125
0 0.3765625 0.638671875 0.015625 0.01953125
0 0.3546875 0.642578125 0.015625 0.01953125
0 0.26875 0.564453125 0.015625 0.01953125
0 0.3140625 0.556640625 0.015625 0.01953125
0 0.3296875 0.56640625 0.015625 0.01953125
0 0.3578125 0.5859375 0.015625 0.01953125
0 0.3828125 0.595703125 0.015625 0.01953125
0 0.409375 0.580078125 0.015625 0.01953125
0 0.4265625 0.576171875 0.015625 0.01953125
0 0.3609375 0.546875 0.015625 0.01953125
0 0.375 0.552734375 0.015625 0.01953125
0 0.3703125 0.533203125 0.015625 0.01953125
0 0.38125 0.5234375 0.015625 0.01953125
0 0.3984375 0.53125 0.015625 0.01953125
0 0.4109375 0.521484375 0.015625 0.01953125
0 0.534375 0.47265625 0.015625 0.01953125
0 0.5515625 0.478515625 0.015625 0.01953125
0 0.56875 0.513671875 0.015625 0.01953125
0 0.58125 0.470703125 0.015625 0.01953125
0 0.5578125 0.44140625 0.015625 0.01953125
0 0.60625 0.501953125 0.015625 0.01953125
0 0.684375 0.50390625 0.015625 0.01953125
0 0.690625 0.529296875 0.015625 0.01953125
0 0.6890625 0.5546875 0.015625 0.01953125
0 0.6890625 0.5859375 0.015625 0.01953125
0 0.6640625 0.515625 0.015625 0.01953125
0 0.671875 0.548828125 0.015625 0.01953125
0 0.65 0.55078125 0.015625 0.01953125
0 0.63125 0.5703125 0.015625 0.01953125
0 0.6390625 0.595703125 0.015625 0.01953125
0 0.6671875 0.62109375 0.015625 0.01953125
0 0.665625 0.638671875 0.015625 0.01953125
0 0.6390625 0.630859375 0.015625 0.01953125
0 0.625 0.521484375 0.015625 0.01953125
0 0.603125 0.544921875 0.015625 0.01953125
0 0.5265625 0.453125 0.015625 0.01953125
0 0.5125 0.447265625 0.015625 0.01953125
0 0.4921875 0.421875 0.015625 0.01953125
0 0.465625 0.4453125 0.015625 0.01953125
0 0.490625 0.470703125 0.015625 0.01953125
0 0.5046875 0.48828125 0.015625 0.01953125
0 0.4765625 0.533203125 0.015625 0.01953125
0 0.5 0.55859375 0.015625 0.01953125
0 0.5125 0.634765625 0.015625 0.01953125
0 0.5140625 0.66796875 0.015625 0.01953125
0 0.5484375 0.705078125 0.015625 0.01953125
0 0.5703125 0.681640625 0.015625 0.01953125
0 0.6 0.693359375 0.015625 0.01953125
0 0.61875 0.689453125 0.015625 0.01953125
0 0.6375 0.669921875 0.015625 0.01953125
0 0.65 0.658203125 0.015625 0.01953125
0 0.4515625 0.630859375 0.015625 0.01953125
0 0.4734375 0.611328125 0.015625 0.01953125
0 0.5328125 0.5859375 0.015625 0.01953125
0 0.56875 0.64453125 0.015625 0.01953125
0 0.5046875 0.685546875 0.015625 0.01953125
0 0.465625 0.671875 0.015625 0.01953125
0 0.484375 0.673828125 0.015625 0.01953125
0 0.425 0.462890625 0.015625 0.01953125
0 0.484375 0.49609375 0.015625 0.01953125
0 0.45 0.49609375 0.015625 0.01953125
0 0.4390625 0.47265625 0.015625 0.01953125
0 0.5921875 0.6640625 0.015625 0.01953125
0 0.959375 0.181640625 0.015625 0.01953125
0 0.6015625 0.6171875 0.015625 0.01953125
0 0.6078125 0.654296875 0.015625 0.01953125
