0 0.5953125 0.529296875 0.015625 0.01953125
0 0.5375 0.4921875 0.015625 0.01953125
0 0.4421875 0.712890625 0.015625 0.01953125
0 0.4171875 0.783203125 0.015625 0.01953125
0 0.39375 0.798828125 0.015625 0.01953125
0 0.18125 0.9140625 0.015625 0.01953125
0 0.2375 0.744140625 0.015625 0.01953125
0 0.2578125 0.748046875 0.015625 0.01953125
0 0.26875 0.73828125 0.015625 0.01953125
0 0.321875 0.611328125 0.015625 0.01953125
0 0.3390625 0.51953125 0.015625 0.01953125
0 0.4078125 0.546875 0.015625 0.01953125
0 0.3015625 0.537109375 0.015625 0.01953125
0 0.1609375 0.591796875 0.015625 0.01953125
0 0.1359375 0.5859375 0.015625 0.01953125
0 0.196875 0.474609375 0.015625 0.01953125
0 0.0484375 0.30078125 0.015625 0.01953125
0 0.1265625 0.255859375 0.015625 0.01953125
0 0.090625 0.201171875 0.015625 0.01953125
0 0.1015625 0.14453125 0.015625 0.01953125
0 0.1234375 0.17578125 0.015625 0.01953125
0 0.1390625 0.134765625 0.015625 0.01953125
0 0.2265625 0.119140625 0.015625 0.01953125
0 0.2265625 0.119140625 0.015625 0.01953125
0 0.2421875 0.09375 0.015625 0.01953125
0 0.2546875 0.166015625 0.015625 0.01953125
0 0.2859375 0.166015625 0.015625 0.01953125
0 0.30625 0.158203125 0.015625 0.01953125
0 0.334375 0.203125 0.015625 0.01953125
0 0.3578125 0.177734375 0.015625 0.01953125
0 0.3375 0.30859375 0.015625 0.01953125
0 0.3578125 0.306640625 0.015625 0.01953125
0 0.3828125 0.3046875 0.015625 0.01953125
0 0.3734375 0.375 0.015625 0.01953125
0 0.403125 0.412109375 0.015625 0.01953125
0 0.446875 0.412109375 0.015625 0.01953125
0 0.7140625 0.416015625 0.015625 0.01953125
0 0.759375 0.29296875 0.015625 0.01953125
0 0.8828125 0.27734375 0.015625 0.01953125
0 0.8671875 0.251953125 0.015625 0.01953125
0 0.915625 0.208984375 0.015625 0.01953125
0 0.871875 0.19921875 0.015625 0.01953125
0 0.7328125 0.158203125 0.015625 0.01953125
0 0.7875 0.060546875 0.015625 0.01953125
0 0.8890625 0.1015625 0.015625 0.01953125
0 0.9015625 0.10546875 0.015625 0.01953125
0 0.9421875 0.134765625 0.015625 0.01953125
0 0.503125 0.181640625 0.015625 0.01953125
0 0.4828125 0.2109375 0.015625 0.01953125
0 0.4546875 0.234375 0.015625 0.01953125
0 0.434375 0.255859375 0.015625 0.01953125
0 0.41875 0.267578125 0.015625 0.01953125
0 0.40625 0.28125 0.015625 0.01953125
0 0.390625 0.287109375 0.015625 0.01953125
0 0.4046875 0.333984375 0.015625 0.01953125
0 0.4234375 0.369140625 0.015625 0.01953125
0 0.3984375 0.380859375 0.015625 0.01953125
0 0.4609375 0.365234375 0.015625 0.01953125
0 0.484375 0.35546875 0.015625 0.01953125
0 0.51875 0.369140625 0.015625 0.01953125
0 0.528125 0.390625 0.015625 0.01953125
0 0.4796875 0.400390625 0.015625 0.01953125
0 0.5984375 0.408203125 0.015625 0.01953125
0 0.6234375 0.41796875 0.015625 0.01953125
0 0.640625 0.416015625 0.015625 0.01953125
0 0.6671875 0.4453125 0.015625 0.01953125
0 0.678125 0.408203125 0.015625 0.01953125
0 0.6890625 0.37890625 0.015625 0.01953125
0 0.7046875 0.35546875 0.015625 0.01953125
0 0.728125 0.294921875 0.015625 0.01953125
0 0.6859375 0.267578125 0.015625 0.01953125
0 0.553125 0.234375 0.015625 0.01953125
0 0.5640625 0.203125 0.015625 0.01953125
0 0.515625 0.21484375 0.015625 0.01953125
0 0.49375 0.248046875 0.015625 0.01953125
0 0.515625 0.24609375 0.015625 0.01953125
0 0.4828125 0.28515625 0.015625 0.01953125
0 0.5 0.287109375 0.015625 0.01953125
0 0.54375 0.3203125 0.015625 0.01953125
0 0.5734375 0.27734375 0.015625 0.01953125
0 0.5921875 0.236328125 0.015625 0.01953125
0 0.6078125 0.2578125 0.015625 0.01953125
0 0.6015625 0.291015625 0.015625 0.01953125
0 0.621875 0.279296875 0.015625 0.01953125
0 0.6171875 0.3203125 0.015625 0.01953125
0 0.640625 0.333984375 0.015625 0.01953125
0 0.56875 0.384765625 0.015625 0.01953125
0 0.575 0.40625 0.015625 0.01953125
0 0.55625 0.419921875 0.015625 0.01953125
0 0.6375 0.39453125 0.015625 0.01953125
0 0.65625 0.392578125 0.015625 0.01953125
0 0.6671875 0.369140625 0.015625 0.01953125
0 0.6828125 0.3203125 0.015625 0.01953125
0 0.671875 0.318359375 0.015625 0.01953125
0 0.6671875 0.275390625 0.015625 0.01953125
0 0.2984375 0.302734375 0.015625 0.01953125
0 0.4984375 0.40625 0.015625 0.01953125
0 0.45625 0.314453125 0.015625 0.01953125
0 0.465625 0.3203125 0.015625 0.01953125
0 0.4375 0.314453125 0.015625 0.01953125
0 0.46875 0.25390625 0.015625 0.01953125
0 0.45625 0.2578125 0.015625 0.01953125
0 0.6765625 0.341796875 0.015625 0.01953125
0 0.5359375 0.337890625 0.015625 0.01953125
0 0.4234375 0.30078125 0.015625 0.01953125
0 0.553125 0.26171875 0.015625 0.01953125
0 0.5125 0.283203125 0.015625 0.01953125
0 0.575 0.4453125 0.015625 0.01953125
0 0.9890625 0.119140625 0.015625 0.01953125
