0 0.3671875 0.60546875 0.015625 0.01953125
0 0.13125 0.6015625 0.015625 0.01953125
0 0.1453125 0.625 0.015625 0.01953125
0 0.028125 0.34765625 0.015625 0.01953125
0 0.05625 0.359375 0.015625 0.01953125
0 0.0671875 0.28125 0.015625 0.01953125
0 0.0984375 0.25390625 0.015625 0.01953125
0 0.0703125 0.2109375 0.015625 0.01953125
0 0.071875 0.228515625 0.015625 0.01953125
0 0.1078125 0.169921875 0.015625 0.01953125
0 0.071875 0.173828125 0.015625 0.01953125
0 0.1671875 0.140625 0.015625 0.01953125
0 0.2015625 0.138671875 0.015625 0.01953125
0 0.1375 0.1171875 0.015625 0.01953125
0 0.1546875 0.078125 0.015625 0.01953125
0 0.1828125 0.087890625 0.015625 0.01953125
0 0.2140625 0.056640625 0.015625 0.01953125
0 0.246875 0.080078125 0.015625 0.01953125
0 0.3109375 0.044921875 0.015625 0.01953125
0 0.25 0.01953125 0.015625 0.01953125
0 0.3625 0.228515625 0.015625 0.01953125
0 0.3859375 0.263671875 0.015625 0.01953125
0 0.3328125 0.33203125 0.015625 0.01953125
0 0.35625 0.322265625 0.015625 0.01953125
0 0.3359375 0.35546875 0.015625 0.01953125
0 0.3609375 0.353515625 0.015625 0.01953125
0 0.440625 0.451171875 0.015625 0.01953125
0 0.5109375 0.578125 0.015625 0.01953125
0 0.5390625 0.556640625 0.015625 0.01953125
0 0.58125 0.537109375 0.015625 0.01953125
0 0.471875 0.361328125 0.015625 0.01953125
0 0.4828125 0.330078125 0.015625 0.01953125
0 0.5703125 0.322265625 0.015625 0.01953125
0 0.6875 0.392578125 0.015625 0.01953125
0 0.928125 0.09765625 0.015625 0.01953125
0 0.8640625 0.025390625 0.015625 0.01953125
0 0.68125 0.00390625 0.015625 0.01953125
0 0.528125 0.115234375 0.015625 0.01953125
0 0.484375 0.1015625 0.015625 0.01953125
0 0.559375 0.095703125 0.015625 0.01953125
0 0.559375 0.111328125 0.015625 0.01953125
0 0.584375 0.072265625 0.015625 0.01953125
0 0.596875 0.091796875 0.015625 0.01953125
0 0.603125 0.060546875 0.015625 0.01953125
0 0.628125 0.046875 0.015625 0.01953125
0 0.6546875 0.025390625 0.015625 0.01953125
0 0.6578125 0.044921875 0.015625 0.01953125
0 0.675 0.04296875 0.015625 0.01953125
0 0.6734375 0.0625 0.015625 0.01953125
0 0.6890625 0.046875 0.015625 0.01953125
0 0.6890625 0.064453125 0.015625 0.01953125
0 0.7078125 0.05078125 0.015625 0.01953125
0 0.71875 0.064453125 0.015625 0.01953125
0 0.7546875 0.0546875 0.015625 0.01953125
0 0.775 0.0703125 0.015625 0.01953125
0 0.8171875 0.0859375 0.015625 0.01953125
0 0.809375 0.109375 0.015625 0.01953125
0 0.7875 0.125 0.015625 0.01953125
0 0.771875 0.12890625 0.015625 0.01953125
0 0.775 0.146484375 0.015625 0.01953125
0 0.7859375 0.1484375 0.015625 0.01953125
0 0.8078125 0.150390625 0.015625 0.01953125
0 0.83125 0.1484375 0.015625 0.01953125
0 0.834375 0.123046875 0.015625 0.01953125
0 0.890625 0.126953125 0.015625 0.01953125
0 0.8703125 0.154296875 0.015625 0.01953125
0 0.865625 0.095703125 0.015625 0.01953125
0 0.840625 0.091796875 0.015625 0.01953125
0 0.8328125 0.1796875 0.015625 0.01953125
0 0.803125 0.1796875 0.015625 0.01953125
0 0.7640625 0.20703125 0.015625 0.01953125
0 0.740625 0.1875 0.015625 0.01953125
0 0.7109375 0.193359375 0.015625 0.01953125
0 0.6875 0.197265625 0.015625 0.01953125
0 0.671875 0.220703125 0.015625 0.01953125
0 0.7 0.2265625 0.015625 0.01953125
0 0.721875 0.22265625 0.015625 0.01953125
0 0.75 0.22265625 0.015625 0.01953125
0 0.821875 0.232421875 0.015625 0.01953125
0 0.81875 0.203125 0.015625 0.01953125
0 0.65 0.212890625 0.015625 0.01953125
0 0.596875 0.212890625 0.015625 0.01953125
0 0.58125 0.234375 0.015625 0.01953125
0 0.5734375 0.193359375 0.015625 0.01953125
0 0.646875 0.166015625 0.015625 0.01953125
0 0.671875 0.1484375 0.015625 0.01953125
0 0.7109375 0.158203125 0.015625 0.01953125
0 0.746875 0.11328125 0.015625 0.01953125
