0 0.128125 0.7265625 0.015625 0.01953125
0 0.1390625 0.7265625 0.015625 0.01953125
0 0.1859375 0.7109375 0.015625 0.01953125
0 0.2171875 0.677734375 0.015625 0.01953125
0 0.2578125 0.68359375 0.015625 0.01953125
0 0.309375 0.677734375 0.015625 0.01953125
0 0.26875 0.716796875 0.015625 0.01953125
0 0.521875 0.732421875 0.015625 0.01953125
0 0.54375 0.712890625 0.015625 0.01953125
0 0.578125 0.818359375 0.015625 0.01953125
0 0.6390625 0.8125 0.015625 0.01953125
0 0.915625 0.69140625 0.015625 0.01953125
0 0.9515625 0.677734375 0.015625 0.01953125
0 0.953125 0.701171875 0.015625 0.01953125
0 0.5109375 0.626953125 0.015625 0.01953125
0 0.5265625 0.619140625 0.015625 0.01953125
0 0.696875 0.578125 0.015625 0.01953125
0 0.865625 0.2578125 0.015625 0.01953125
0 0.8515625 0.2734375 0.015625 0.01953125
0 0.853125 0.30859375 0.015625 0.01953125
0 0.8671875 0.326171875 0.015625 0.01953125
0 0.878125 0.326171875 0.015625 0.01953125
0 0.8890625 0.322265625 0.015625 0.01953125
0 0.890625 0.359375 0.015625 0.01953125
0 0.875 0.35546875 0.015625 0.01953125
0 0.7640625 0.423828125 0.015625 0.01953125
0 0.8296875 0.44921875 0.015625 0.01953125
0 0.8 0.423828125 0.015625 0.01953125
