0 0.1453125 0.55859375 0.015625 0.01953125
0 0.1609375 0.568359375 0.015625 0.01953125
0 0.2203125 0.533203125 0.015625 0.01953125
0 0.2109375 0.421875 0.015625 0.01953125
0 0.14375 0.3359375 0.015625 0.01953125
0 0.1078125 0.37109375 0.015625 0.01953125
0 0.04375 0.466796875 0.015625 0.01953125
0 0.034375 0.451171875 0.015625 0.01953125
0 0.0046875 0.474609375 0.015625 0.01953125
0 0.0109375 0.49609375 0.015625 0.01953125
0 0.1140625 0.294921875 0.015625 0.01953125
0 0.125 0.283203125 0.015625 0.01953125
0 0.15 0.255859375 0.015625 0.01953125
0 0.1609375 0.2578125 0.015625 0.01953125
0 0.1984375 0.203125 0.015625 0.01953125
0 0.2140625 0.189453125 0.015625 0.01953125
0 0.19375 0.173828125 0.015625 0.01953125
0 0.0359375 0.1796875 0.015625 0.01953125
0 0.0359375 0.19921875 0.015625 0.01953125
0 0.096875 0.814453125 0.015625 0.01953125
0 0.0421875 0.95703125 0.015625 0.01953125
0 0.0203125 0.9921875 0.015625 0.01953125
0 0.1046875 0.916015625 0.015625 0.01953125
0 0.1359375 0.900390625 0.015625 0.01953125
0 0.2765625 0.759765625 0.015625 0.01953125
0 0.2953125 0.712890625 0.015625 0.01953125
0 0.3359375 0.671875 0.015625 0.01953125
0 0.3453125 0.68359375 0.015625 0.01953125
0 0.371875 0.669921875 0.015625 0.01953125
0 0.3859375 0.658203125 0.015625 0.01953125
0 0.425 0.64453125 0.015625 0.01953125
0 0.409375 0.638671875 0.015625 0.01953125
0 0.346875 0.572265625 0.015625 0.01953125
0 0.3734375 0.568359375 0.015625 0.01953125
0 0.36875 0.576171875 0.015625 0.01953125
0 0.5375 0.509765625 0.015625 0.01953125
0 0.553125 0.505859375 0.015625 0.01953125
0 0.55625 0.47265625 0.015625 0.01953125
0 0.4875 0.376953125 0.015625 0.01953125
0 0.6078125 0.45703125 0.015625 0.01953125
0 0.6765625 0.4375 0.015625 0.01953125
0 0.7125 0.41796875 0.015625 0.01953125
0 0.7 0.37109375 0.015625 0.01953125
0 0.746875 0.236328125 0.015625 0.01953125
0 0.409375 0.076171875 0.015625 0.01953125
0 0.9453125 0.224609375 0.015625 0.01953125
0 0.984375 0.212890625 0.015625 0.01953125
0 0.978125 0.2578125 0.015625 0.01953125
0 0.9265625 0.22265625 0.015625 0.01953125
0 0.8609375 0.1640625 0.015625 0.01953125
0 0.79375 0.099609375 0.015625 0.01953125
0 0.6953125 0.005859375 0.015625 0.01953125
