0 0.0328125 0.6328125 0.015625 0.01953125
0 0.059375 0.615234375 0.015625 0.01953125
0 0.0421875 0.59765625 0.015625 0.01953125
0 0.06875 0.591796875 0.015625 0.01953125
0 0.071875 0.55859375 0.015625 0.01953125
0 0.084375 0.603515625 0.015625 0.01953125
0 0.0984375 0.611328125 0.015625 0.01953125
0 0.171875 0.583984375 0.015625 0.01953125
0 0.215625 0.591796875 0.015625 0.01953125
0 0.19375 0.59765625 0.015625 0.01953125
0 0.2265625 0.591796875 0.015625 0.01953125
0 0.2296875 0.646484375 0.015625 0.01953125
0 0.209375 0.654296875 0.015625 0.01953125
0 0.209375 0.677734375 0.015625 0.01953125
0 0.2265625 0.66796875 0.015625 0.01953125
0 0.2953125 0.666015625 0.015625 0.01953125
0 0.31875 0.625 0.015625 0.01953125
0 0.33125 0.595703125 0.015625 0.01953125
0 0.290625 0.5390625 0.015625 0.01953125
0 0.3453125 0.5234375 0.015625 0.01953125
0 0.3921875 0.546875 0.015625 0.01953125
0 0.396875 0.56640625 0.015625 0.01953125
0 0.384375 0.591796875 0.015625 0.01953125
0 0.365625 0.578125 0.015625 0.01953125
0 0.425 0.828125 0.015625 0.01953125
0 0.478125 0.744140625 0.015625 0.01953125
0 0.4890625 0.759765625 0.015625 0.01953125
0 0.5171875 0.693359375 0.015625 0.01953125
0 0.5875 0.900390625 0.015625 0.01953125
0 0.6 0.880859375 0.015625 0.01953125
0 0.671875 0.8671875 0.015625 0.01953125
0 0.721875 0.84375 0.015625 0.01953125
0 0.6734375 0.802734375 0.015625 0.01953125
0 0.6609375 0.783203125 0.015625 0.01953125
0 0.6359375 0.744140625 0.015625 0.01953125
0 0.65 0.728515625 0.015625 0.01953125
0 0.61875 0.732421875 0.015625 0.01953125
0 0.7546875 0.61328125 0.015625 0.01953125
0 0.8453125 0.751953125 0.015625 0.01953125
0 0.859375 0.74609375 0.015625 0.01953125
0 0.871875 0.71875 0.015625 0.01953125
0 0.915625 0.71484375 0.015625 0.01953125
0 0.990625 0.701171875 0.015625 0.01953125
0 0.58125 0.537109375 0.015625 0.01953125
0 0.4828125 0.509765625 0.015625 0.01953125
0 0.4890625 0.533203125 0.015625 0.01953125
0 0.5203125 0.490234375 0.015625 0.01953125
0 0.48125 0.4140625 0.015625 0.01953125
0 0.4640625 0.421875 0.015625 0.01953125
0 0.4484375 0.322265625 0.015625 0.01953125
0 0.5859375 0.39453125 0.015625 0.01953125
0 0.575 0.375 0.015625 0.01953125
0 0.58125 0.361328125 0.015625 0.01953125
0 0.5796875 0.33984375 0.015625 0.01953125
0 0.5984375 0.353515625 0.015625 0.01953125
0 0.0890625 0.2890625 0.015625 0.01953125
0 0.025 0.07421875 0.015625 0.01953125
0 0.046875 0.064453125 0.015625 0.01953125
0 0.05625 0.07421875 0.015625 0.01953125
0 0.21875 0.126953125 0.015625 0.01953125
0 0.2328125 0.140625 0.015625 0.01953125
0 0.2171875 0.171875 0.015625 0.01953125
0 0.2328125 0.173828125 0.015625 0.01953125
0 0.2203125 0.193359375 0.015625 0.01953125
0 0.375 0.03515625 0.015625 0.01953125
0 0.353125 0.03125 0.015625 0.01953125
0 0.3203125 0.00390625 0.015625 0.01953125
0 0.9109375 0.150390625 0.015625 0.01953125
0 0.834375 0.12890625 0.015625 0.01953125
0 0.8359375 0.103515625 0.015625 0.01953125
0 0.85 0.03125 0.015625 0.01953125
0 0.734375 0.01171875 0.015625 0.01953125
0 0.715625 0.0078125 0.015625 0.01953125
