0 0.0125 0.8984375 0.015625 0.01953125
0 0.0296875 0.8828125 0.015625 0.01953125
0 0.0484375 0.8359375 0.015625 0.01953125
0 0.0796875 0.79296875 0.015625 0.01953125
0 0.1 0.80078125 0.015625 0.01953125
0 0.1078125 0.8203125 0.015625 0.01953125
0 0.1765625 0.8515625 0.015625 0.01953125
0 0.2109375 0.865234375 0.015625 0.01953125
0 0.26875 0.79296875 0.015625 0.01953125
0 0.284375 0.802734375 0.015625 0.01953125
0 0.31875 0.783203125 0.015625 0.01953125
0 0.3484375 0.7734375 0.015625 0.01953125
0 0.3609375 0.73828125 0.015625 0.01953125
0 0.3703125 0.783203125 0.015625 0.01953125
0 0.384375 0.7421875 0.015625 0.01953125
0 0.4140625 0.7109375 0.015625 0.01953125
0 0.478125 0.701171875 0.015625 0.01953125
0 0.503125 0.685546875 0.015625 0.01953125
0 0.61875 0.609375 0.015625 0.01953125
0 0.6296875 0.583984375 0.015625 0.01953125
0 0.6484375 0.56640625 0.015625 0.01953125
0 0.7125 0.556640625 0.015625 0.01953125
0 0.753125 0.54296875 0.015625 0.01953125
0 0.871875 0.45703125 0.015625 0.01953125
0 0.890625 0.42578125 0.015625 0.01953125
0 0.928125 0.423828125 0.015625 0.01953125
0 0.94375 0.447265625 0.015625 0.01953125
0 0.740625 0.4296875 0.015625 0.01953125
0 0.7234375 0.41796875 0.015625 0.01953125
0 0.73125 0.328125 0.015625 0.01953125
0 0.6515625 0.388671875 0.015625 0.01953125
0 0.63125 0.396484375 0.015625 0.01953125
0 0.5578125 0.484375 0.015625 0.01953125
0 0.540625 0.482421875 0.015625 0.01953125
0 0.5359375 0.435546875 0.015625 0.01953125
0 0.5453125 0.396484375 0.015625 0.01953125
0 0.2875 0.578125 0.015625 0.01953125
0 0.2734375 0.546875 0.015625 0.01953125
0 0.6484375 0.212890625 0.015625 0.01953125
0 0.55625 0.212890625 0.015625 0.01953125
0 0.55 0.24609375 0.015625 0.01953125
0 0.4671875 0.28125 0.015625 0.01953125
0 0.4515625 0.2578125 0.015625 0.01953125
0 0.4265625 0.232421875 0.015625 0.01953125
0 0.3875 0.23828125 0.015625 0.01953125
0 0.3265625 0.33984375 0.015625 0.01953125
0 0.3046875 0.345703125 0.015625 0.01953125
0 0.315625 0.279296875 0.015625 0.01953125
0 0.2125 0.28125 0.015625 0.01953125
0 0.1875 0.28125 0.015625 0.01953125
0 0.1703125 0.298828125 0.015625 0.01953125
0 0.153125 0.30078125 0.015625 0.01953125
0 0.5265625 0.12890625 0.015625 0.01953125
0 0.5484375 0.1328125 0.015625 0.01953125
0 0.640625 0.072265625 0.015625 0.01953125
0 0.65625 0.05859375 0.015625 0.01953125
0 0.640625 0.037109375 0.015625 0.01953125
0 0.6890625 0.07421875 0.015625 0.01953125
0 0.5921875 0.943359375 0.015625 0.01953125
