0 0.2640625 0.890625 0.015625 0.01953125
0 0.4625 0.8671875 0.015625 0.01953125
0 0.4515625 0.890625 0.015625 0.01953125
0 0.4578125 0.94921875 0.015625 0.01953125
0 0.4765625 0.955078125 0.015625 0.01953125
0 0.490625 0.966796875 0.015625 0.01953125
0 0.6078125 0.947265625 0.015625 0.01953125
0 0.628125 0.8203125 0.015625 0.01953125
0 0.5953125 0.787109375 0.015625 0.01953125
0 0.6765625 0.900390625 0.015625 0.01953125
0 0.675 0.935546875 0.015625 0.01953125
0 0.7 0.921875 0.015625 0.01953125
0 0.7328125 0.9140625 0.015625 0.01953125
0 0.765625 0.921875 0.015625 0.01953125
0 0.784375 0.931640625 0.015625 0.01953125
0 0.8203125 0.912109375 0.015625 0.01953125
0 0.8890625 0.919921875 0.015625 0.01953125
0 0.915625 0.923828125 0.015625 0.01953125
0 0.96875 0.609375 0.015625 0.01953125
0 0.9796875 0.623046875 0.015625 0.01953125
0 0.996875 0.498046875 0.015625 0.01953125
0 0.95 0.5078125 0.015625 0.01953125
0 0.9421875 0.43359375 0.015625 0.01953125
0 0.9625 0.447265625 0.015625 0.01953125
0 0.9234375 0.453125 0.015625 0.01953125
0 0.8390625 0.513671875 0.015625 0.01953125
0 0.85625 0.50390625 0.015625 0.01953125
0 0.8515625 0.486328125 0.015625 0.01953125
0 0.834375 0.490234375 0.015625 0.01953125
0 0.815625 0.505859375 0.015625 0.01953125
0 0.853125 0.423828125 0.015625 0.01953125
0 0.828125 0.40625 0.015625 0.01953125
0 0.759375 0.40625 0.015625 0.01953125
0 0.74375 0.396484375 0.015625 0.01953125
0 0.746875 0.365234375 0.015625 0.01953125
0 0.7265625 0.35546875 0.015625 0.01953125
0 0.7203125 0.37890625 0.015625 0.01953125
0 0.7 0.40234375 0.015625 0.01953125
0 0.721875 0.412109375 0.015625 0.01953125
0 0.68125 0.287109375 0.015625 0.01953125
0 0.6796875 0.23828125 0.015625 0.01953125
0 0.6890625 0.216796875 0.015625 0.01953125
0 0.721875 0.1640625 0.015625 0.01953125
0 0.58125 0.509765625 0.015625 0.01953125
0 0.3828125 0.54296875 0.015625 0.01953125
0 0.403125 0.517578125 0.015625 0.01953125
0 0.378125 0.48046875 0.015625 0.01953125
0 0.365625 0.4765625 0.015625 0.01953125
0 0.30625 0.50390625 0.015625 0.01953125
0 0.3875 0.240234375 0.015625 0.01953125
0 0.4140625 0.2421875 0.015625 0.01953125
0 0.428125 0.212890625 0.015625 0.01953125
0 0.4046875 0.166015625 0.015625 0.01953125
0 0.3546875 0.1796875 0.015625 0.01953125
0 0.35 0.19921875 0.015625 0.01953125
0 0.5609375 0.01171875 0.015625 0.01953125
0 0.6578125 0.015625 0.015625 0.01953125
