0 0.3203125 0.615234375 0.015625 0.01953125
0 0.365625 0.611328125 0.015625 0.01953125
0 0.3890625 0.611328125 0.015625 0.01953125
0 0.4125 0.65234375 0.015625 0.01953125
0 0.384375 0.671875 0.015625 0.01953125
0 0.4234375 0.369140625 0.015625 0.01953125
0 0.3875 0.35546875 0.015625 0.01953125
0 0.428125 0.330078125 0.015625 0.01953125
0 0.4109375 0.294921875 0.015625 0.01953125
0 0.3546875 0.302734375 0.015625 0.01953125
0 0.284375 0.373046875 0.015625 0.01953125
0 0.409375 0.119140625 0.015625 0.01953125
0 0.2953125 0.0078125 0.015625 0.01953125
0 0.2703125 0.0 0.015625 0.01953125
0 0.253125 0.015625 0.015625 0.01953125
0 0.2109375 0.00390625 0.015625 0.01953125
0 0.0265625 0.025390625 0.015625 0.01953125
0 0.065625 0.009765625 0.015625 0.01953125
0 0.1578125 0.005859375 0.015625 0.01953125
0 0.140625 0.0078125 0.015625 0.01953125
0 0.640625 0.96875 0.015625 0.01953125
0 0.690625 1.0 0.015625 0.01953125
0 0.5890625 0.63671875 0.015625 0.01953125
0 0.6125 0.638671875 0.015625 0.01953125
0 0.596875 0.1328125 0.015625 0.01953125
0 0.684375 0.12109375 0.015625 0.01953125
0 0.7015625 0.169921875 0.015625 0.01953125
0 0.73125 0.173828125 0.015625 0.01953125
0 0.709375 0.22265625 0.015625 0.01953125
0 0.740625 0.275390625 0.015625 0.01953125
0 0.7375 0.30078125 0.015625 0.01953125
0 0.7015625 0.326171875 0.015625 0.01953125
0 0.7 0.349609375 0.015625 0.01953125
0 0.69375 0.40234375 0.015625 0.01953125
0 0.859375 0.212890625 0.015625 0.01953125
0 0.890625 0.212890625 0.015625 0.01953125
0 0.74375 0.009765625 0.015625 0.01953125
0 0.3859375 0.005859375 0.015625 0.01953125
0 0.3328125 0.0234375 0.015625 0.01953125
0 0.7390625 0.53125 0.015625 0.01953125
0 0.7328125 0.49609375 0.015625 0.01953125
0 0.75 0.470703125 0.015625 0.01953125
0 0.7671875 0.470703125 0.015625 0.01953125
0 0.7796875 0.49609375 0.015625 0.01953125
0 0.7765625 0.521484375 0.015625 0.01953125
0 0.8375 0.533203125 0.015625 0.01953125
0 0.85625 0.5546875 0.015625 0.01953125
0 0.875 0.5703125 0.015625 0.01953125
0 0.85 0.623046875 0.015625 0.01953125
0 0.834375 0.64453125 0.015625 0.01953125
0 0.859375 0.658203125 0.015625 0.01953125
0 0.871875 0.646484375 0.015625 0.01953125
0 0.8703125 0.623046875 0.015625 0.01953125
0 0.96875 0.630859375 0.015625 0.01953125
0 0.9546875 0.69921875 0.015625 0.01953125
0 0.9609375 0.7265625 0.015625 0.01953125
0 0.9359375 0.595703125 0.015625 0.01953125
0 0.94375 0.568359375 0.015625 0.01953125
0 0.965625 0.568359375 0.015625 0.01953125
0 0.978125 0.533203125 0.015625 0.01953125
