0 0.278125 0.57421875 0.015625 0.01953125
0 0.365625 0.54296875 0.015625 0.01953125
0 0.403125 0.55078125 0.015625 0.01953125
0 0.428125 0.5859375 0.015625 0.01953125
0 0.4171875 0.64453125 0.015625 0.01953125
0 0.3875 0.619140625 0.015625 0.01953125
0 0.303125 0.93359375 0.015625 0.01953125
0 0.3515625 0.91015625 0.015625 0.01953125
0 0.36875 0.916015625 0.015625 0.01953125
0 0.3984375 0.943359375 0.015625 0.01953125
0 0.3765625 0.97265625 0.015625 0.01953125
0 0.5875 0.93359375 0.015625 0.01953125
0 0.6015625 0.93359375 0.015625 0.01953125
0 0.4546875 0.40625 0.015625 0.01953125
0 0.40625 0.322265625 0.015625 0.01953125
0 0.35625 0.236328125 0.015625 0.01953125
0 0.3234375 0.248046875 0.015625 0.01953125
0 0.321875 0.21484375 0.015625 0.01953125
0 0.484375 0.201171875 0.015625 0.01953125
0 0.471875 0.2265625 0.015625 0.01953125
0 0.425 0.205078125 0.015625 0.01953125
0 0.3515625 0.19921875 0.015625 0.01953125
0 0.253125 0.2265625 0.015625 0.01953125
0 0.215625 0.2265625 0.015625 0.01953125
0 0.1984375 0.212890625 0.015625 0.01953125
0 0.1984375 0.25 0.015625 0.01953125
0 0.125 0.212890625 0.015625 0.01953125
0 0.0796875 0.22265625 0.015625 0.01953125
0 0.0453125 0.224609375 0.015625 0.01953125
0 0.715625 0.197265625 0.015625 0.01953125
0 0.603125 0.130859375 0.015625 0.01953125
0 0.5921875 0.35546875 0.015625 0.01953125
0 0.7171875 0.3125 0.015625 0.01953125
0 0.678125 0.595703125 0.015625 0.01953125
0 0.646875 0.6328125 0.015625 0.01953125
0 0.6125 0.625 0.015625 0.01953125
0 0.74375 0.53515625 0.015625 0.01953125
0 0.7390625 0.556640625 0.015625 0.01953125
0 0.7140625 0.591796875 0.015625 0.01953125
0 0.7046875 0.6171875 0.015625 0.01953125
0 0.696875 0.671875 0.015625 0.01953125
0 0.740625 0.7734375 0.015625 0.01953125
0 0.7328125 0.798828125 0.015625 0.01953125
0 0.7453125 0.818359375 0.015625 0.01953125
0 0.759375 0.787109375 0.015625 0.01953125
0 0.7703125 0.80078125 0.015625 0.01953125
0 0.7828125 0.810546875 0.015625 0.01953125
0 0.8515625 0.830078125 0.015625 0.01953125
0 0.8734375 0.84375 0.015625 0.01953125
0 0.8890625 0.8515625 0.015625 0.01953125
0 0.8703125 0.9140625 0.015625 0.01953125
0 0.8828125 0.931640625 0.015625 0.01953125
0 0.865625 0.9453125 0.015625 0.01953125
0 0.8515625 0.927734375 0.015625 0.01953125
0 0.9578125 0.861328125 0.015625 0.01953125
0 0.975 0.861328125 0.015625 0.01953125
0 0.953125 0.947265625 0.015625 0.01953125
0 0.871875 0.46484375 0.015625 0.01953125
0 0.8578125 0.49609375 0.015625 0.01953125
0 0.90625 0.470703125 0.015625 0.01953125
0 0.803125 0.486328125 0.015625 0.01953125
