0 0.021875 0.759765625 0.015625 0.01953125
0 0.0140625 0.85546875 0.015625 0.01953125
0 0.0578125 0.845703125 0.015625 0.01953125
0 0.0796875 0.802734375 0.015625 0.01953125
0 0.11875 0.6484375 0.015625 0.01953125
0 0.171875 0.4921875 0.015625 0.01953125
0 0.2828125 0.431640625 0.015625 0.01953125
0 0.30625 0.35546875 0.015625 0.01953125
0 0.2078125 0.330078125 0.015625 0.01953125
0 0.284375 0.2109375 0.015625 0.01953125
0 0.2796875 0.87890625 0.015625 0.01953125
0 0.271875 0.900390625 0.015625 0.01953125
0 0.346875 0.705078125 0.015625 0.01953125
0 0.34375 0.72265625 0.015625 0.01953125
0 0.3546875 0.775390625 0.015625 0.01953125
0 0.4140625 0.861328125 0.015625 0.01953125
0 0.4125 0.890625 0.015625 0.01953125
0 0.4296875 0.900390625 0.015625 0.01953125
0 0.43125 0.865234375 0.015625 0.01953125
0 0.446875 0.873046875 0.015625 0.01953125
0 0.459375 0.8828125 0.015625 0.01953125
0 0.440625 0.833984375 0.015625 0.01953125
0 0.5328125 0.853515625 0.015625 0.01953125
0 0.5390625 0.87890625 0.015625 0.01953125
0 0.5515625 0.888671875 0.015625 0.01953125
0 0.565625 0.88671875 0.015625 0.01953125
0 0.575 0.904296875 0.015625 0.01953125
0 0.603125 0.87109375 0.015625 0.01953125
0 0.5765625 0.951171875 0.015625 0.01953125
0 0.5875 0.96875 0.015625 0.01953125
0 0.5765625 0.984375 0.015625 0.01953125
0 0.5609375 0.96484375 0.015625 0.01953125
0 0.609375 0.947265625 0.015625 0.01953125
0 0.6296875 0.9140625 0.015625 0.01953125
0 0.6515625 0.88671875 0.015625 0.01953125
0 0.6453125 0.857421875 0.015625 0.01953125
0 0.65625 0.85546875 0.015625 0.01953125
0 0.7140625 0.896484375 0.015625 0.01953125
0 0.6859375 0.927734375 0.015625 0.01953125
0 0.73125 0.9140625 0.015625 0.01953125
0 0.7328125 0.947265625 0.015625 0.01953125
0 0.8453125 0.98046875 0.015625 0.01953125
0 0.8375 0.869140625 0.015625 0.01953125
0 0.840625 0.830078125 0.015625 0.01953125
0 0.8671875 0.8203125 0.015625 0.01953125
0 0.8390625 0.650390625 0.015625 0.01953125
0 0.865625 0.650390625 0.015625 0.01953125
0 0.91875 0.62890625 0.015625 0.01953125
0 0.9484375 0.642578125 0.015625 0.01953125
0 0.9421875 0.671875 0.015625 0.01953125
0 0.9625 0.658203125 0.015625 0.01953125
0 0.8125 0.591796875 0.015625 0.01953125
0 0.8046875 0.62109375 0.015625 0.01953125
0 0.4953125 0.5078125 0.015625 0.01953125
0 0.4671875 0.515625 0.015625 0.01953125
0 0.4640625 0.54296875 0.015625 0.01953125
0 0.4078125 0.572265625 0.015625 0.01953125
0 0.365625 0.626953125 0.015625 0.01953125
0 0.3671875 0.666015625 0.015625 0.01953125
0 0.6875 0.181640625 0.015625 0.01953125
0 0.703125 0.166015625 0.015625 0.01953125
0 0.6890625 0.15234375 0.015625 0.01953125
0 0.671875 0.154296875 0.015625 0.01953125
0 0.6890625 0.20703125 0.015625 0.01953125
0 0.6984375 0.232421875 0.015625 0.01953125
0 0.71875 0.193359375 0.015625 0.01953125
0 0.73125 0.21875 0.015625 0.01953125
0 0.775 0.10546875 0.015625 0.01953125
0 0.7859375 0.12890625 0.015625 0.01953125
0 0.7859375 0.140625 0.015625 0.01953125
0 0.7734375 0.150390625 0.015625 0.01953125
0 0.7546875 0.130859375 0.015625 0.01953125
0 0.828125 0.166015625 0.015625 0.01953125
0 0.85625 0.119140625 0.015625 0.01953125
0 0.828125 0.126953125 0.015625 0.01953125
0 0.8453125 0.119140625 0.015625 0.01953125
0 0.84375 0.07421875 0.015625 0.01953125
0 0.853125 0.0859375 0.015625 0.01953125
0 0.8828125 0.087890625 0.015625 0.01953125
0 0.83125 0.09375 0.015625 0.01953125
0 0.95 0.052734375 0.015625 0.01953125
