0 0.0625 0.591796875 0.015625 0.01953125
0 0.1390625 0.509765625 0.015625 0.01953125
0 0.15625 0.51171875 0.015625 0.01953125
0 0.0578125 0.658203125 0.015625 0.01953125
0 0.0359375 0.658203125 0.015625 0.01953125
0 0.034375 0.6875 0.015625 0.01953125
0 0.040625 0.74609375 0.015625 0.01953125
0 0.0859375 0.84375 0.015625 0.01953125
0 0.1140625 0.859375 0.015625 0.01953125
0 0.11875 0.837890625 0.015625 0.01953125
0 0.134375 0.83984375 0.015625 0.01953125
0 0.11875 0.79296875 0.015625 0.01953125
0 0.1328125 0.787109375 0.015625 0.01953125
0 0.228125 0.830078125 0.015625 0.01953125
0 0.2359375 0.84765625 0.015625 0.01953125
0 0.253125 0.85546875 0.015625 0.01953125
0 0.259375 0.8046875 0.015625 0.01953125
0 0.290625 0.85546875 0.015625 0.01953125
0 0.3171875 0.845703125 0.015625 0.01953125
0 0.3328125 0.82421875 0.015625 0.01953125
0 0.3453125 0.8203125 0.015625 0.01953125
0 0.26875 0.931640625 0.015625 0.01953125
0 0.2515625 0.921875 0.015625 0.01953125
0 0.246875 0.9375 0.015625 0.01953125
0 0.2265625 0.9453125 0.015625 0.01953125
0 0.35 0.900390625 0.015625 0.01953125
0 0.365625 0.884765625 0.015625 0.01953125
0 0.3984375 0.927734375 0.015625 0.01953125
0 0.41875 0.876953125 0.015625 0.01953125
0 0.4015625 0.861328125 0.015625 0.01953125
0 0.496875 0.880859375 0.015625 0.01953125
0 0.5265625 0.83203125 0.015625 0.01953125
0 0.5234375 0.796875 0.015625 0.01953125
0 0.5578125 0.78515625 0.015625 0.01953125
0 0.84375 0.69140625 0.015625 0.01953125
0 0.8890625 0.689453125 0.015625 0.01953125
0 0.8953125 0.716796875 0.015625 0.01953125
0 0.8578125 0.591796875 0.015625 0.01953125
0 0.7453125 0.5703125 0.015625 0.01953125
0 0.646875 0.603515625 0.015625 0.01953125
0 0.6640625 0.630859375 0.015625 0.01953125
0 0.6765625 0.533203125 0.015625 0.01953125
0 0.5578125 0.564453125 0.015625 0.01953125
0 0.5421875 0.568359375 0.015625 0.01953125
0 0.5125 0.5625 0.015625 0.01953125
0 0.5078125 0.578125 0.015625 0.01953125
0 0.9046875 0.41015625 0.015625 0.01953125
0 0.8859375 0.41015625 0.015625 0.01953125
0 0.9515625 0.3671875 0.015625 0.01953125
0 0.9453125 0.244140625 0.015625 0.01953125
0 0.9125 0.236328125 0.015625 0.01953125
0 0.9140625 0.25390625 0.015625 0.01953125
0 0.8640625 0.251953125 0.015625 0.01953125
0 0.8875 0.2265625 0.015625 0.01953125
0 0.875 0.2109375 0.015625 0.01953125
0 0.89375 0.1796875 0.015625 0.01953125
0 0.9640625 0.298828125 0.015625 0.01953125
0 0.840625 0.203125 0.015625 0.01953125
0 0.8125 0.169921875 0.015625 0.01953125
0 0.796875 0.16015625 0.015625 0.01953125
0 0.7359375 0.126953125 0.015625 0.01953125
0 0.7203125 0.109375 0.015625 0.01953125
0 0.559375 0.146484375 0.015625 0.01953125
0 0.4859375 0.16015625 0.015625 0.01953125
0 0.4265625 0.171875 0.015625 0.01953125
0 0.4109375 0.1640625 0.015625 0.01953125
0 0.4328125 0.1328125 0.015625 0.01953125
0 0.4203125 0.119140625 0.015625 0.01953125
0 0.4015625 0.1171875 0.015625 0.01953125
0 0.490625 0.0859375 0.015625 0.01953125
0 0.496875 0.0859375 0.015625 0.01953125
0 0.50625 0.076171875 0.015625 0.01953125
0 0.51875 0.0859375 0.015625 0.01953125
0 0.4984375 0.12109375 0.015625 0.01953125
0 0.565625 0.05078125 0.015625 0.01953125
0 0.584375 0.037109375 0.015625 0.01953125
0 0.603125 0.03515625 0.015625 0.01953125
0 0.6125 0.056640625 0.015625 0.01953125
0 0.590625 0.080078125 0.015625 0.01953125
0 0.565625 0.083984375 0.015625 0.01953125
0 0.559375 0.0625 0.015625 0.01953125
0 0.75625 0.04296875 0.015625 0.01953125
0 0.73125 0.052734375 0.015625 0.01953125
0 0.8421875 0.0390625 0.015625 0.01953125
0 0.18125 0.478515625 0.015625 0.01953125
0 0.0203125 0.302734375 0.015625 0.01953125
