0 0.1984375 0.251953125 0.015625 0.01953125
0 0.30625 0.28125 0.015625 0.01953125
0 0.3234375 0.27734375 0.015625 0.01953125
0 0.3265625 0.30859375 0.015625 0.01953125
0 0.35 0.30859375 0.015625 0.01953125
0 0.4171875 0.271484375 0.015625 0.01953125
0 0.4015625 0.271484375 0.015625 0.01953125
0 0.3984375 0.2421875 0.015625 0.01953125
0 0.4140625 0.2265625 0.015625 0.01953125
0 0.43125 0.234375 0.015625 0.01953125
0 0.4328125 0.248046875 0.015625 0.01953125
0 0.446875 0.3203125 0.015625 0.01953125
0 0.3828125 0.361328125 0.015625 0.01953125
0 0.3625 0.357421875 0.015625 0.01953125
0 0.3375 0.349609375 0.015625 0.01953125
0 0.3234375 0.337890625 0.015625 0.01953125
0 0.4921875 0.263671875 0.015625 0.01953125
0 0.496875 0.1875 0.015625 0.01953125
0 0.5171875 0.1875 0.015625 0.01953125
0 0.528125 0.1953125 0.015625 0.01953125
0 0.53125 0.220703125 0.015625 0.01953125
0 0.4796875 0.232421875 0.015625 0.01953125
0 0.4796875 0.20703125 0.015625 0.01953125
0 0.6390625 0.25 0.015625 0.01953125
0 0.6609375 0.265625 0.015625 0.01953125
0 0.5828125 0.21875 0.015625 0.01953125
0 0.678125 0.18359375 0.015625 0.01953125
0 0.721875 0.306640625 0.015625 0.01953125
0 0.746875 0.306640625 0.015625 0.01953125
0 0.7578125 0.33984375 0.015625 0.01953125
0 0.775 0.34765625 0.015625 0.01953125
0 0.81875 0.36328125 0.015625 0.01953125
0 0.8015625 0.392578125 0.015625 0.01953125
0 0.8828125 0.380859375 0.015625 0.01953125
0 0.884375 0.408203125 0.015625 0.01953125
0 0.85625 0.5234375 0.015625 0.01953125
0 0.8890625 0.53515625 0.015625 0.01953125
0 0.9734375 0.583984375 0.015625 0.01953125
0 0.9484375 0.462890625 0.015625 0.01953125
0 0.9734375 0.4609375 0.015625 0.01953125
0 0.9390625 0.435546875 0.015625 0.01953125
0 0.965625 0.4296875 0.015625 0.01953125
0 0.90625 0.345703125 0.015625 0.01953125
0 0.6890625 0.701171875 0.015625 0.01953125
0 0.8203125 0.775390625 0.015625 0.01953125
0 0.8828125 0.83984375 0.015625 0.01953125
0 0.8703125 0.82421875 0.015625 0.01953125
0 0.8359375 0.849609375 0.015625 0.01953125
0 0.6078125 0.822265625 0.015625 0.01953125
0 0.596875 0.806640625 0.015625 0.01953125
0 0.475 0.70703125 0.015625 0.01953125
0 0.453125 0.716796875 0.015625 0.01953125
0 0.08125 0.705078125 0.015625 0.01953125
0 0.059375 0.728515625 0.015625 0.01953125
0 0.0375 0.732421875 0.015625 0.01953125
