0 0.1921875 0.744140625 0.015625 0.01953125
0 0.975 0.470703125 0.015625 0.01953125
0 0.93125 0.72265625 0.015625 0.01953125
0 0.9203125 0.73828125 0.015625 0.01953125
0 0.871875 0.705078125 0.015625 0.01953125
0 0.859375 0.7109375 0.015625 0.01953125
0 0.8828125 0.6875 0.015625 0.01953125
0 0.978125 0.83984375 0.015625 0.01953125
0 0.896875 0.7890625 0.015625 0.01953125
0 0.790625 0.638671875 0.015625 0.01953125
0 0.8125 0.609375 0.015625 0.01953125
0 0.7671875 0.578125 0.015625 0.01953125
0 0.7515625 0.5625 0.015625 0.01953125
0 0.740625 0.537109375 0.015625 0.01953125
0 0.7109375 0.52734375 0.015625 0.01953125
0 0.6265625 0.44921875 0.015625 0.01953125
0 0.4640625 0.53125 0.015625 0.01953125
0 0.4375 0.50390625 0.015625 0.01953125
0 0.3015625 0.537109375 0.015625 0.01953125
0 0.3125 0.51953125 0.015625 0.01953125
0 0.296875 0.509765625 0.015625 0.01953125
0 0.275 0.50390625 0.015625 0.01953125
0 0.28125 0.533203125 0.015625 0.01953125
0 0.3859375 0.498046875 0.015625 0.01953125
0 0.403125 0.49609375 0.015625 0.01953125
0 0.4046875 0.470703125 0.015625 0.01953125
0 0.3984375 0.44921875 0.015625 0.01953125
0 0.3875 0.443359375 0.015625 0.01953125
0 0.3703125 0.46484375 0.015625 0.01953125
0 0.3703125 0.490234375 0.015625 0.01953125
0 0.44375 0.443359375 0.015625 0.01953125
0 0.446875 0.421875 0.015625 0.01953125
0 0.4609375 0.41015625 0.015625 0.01953125
0 0.4734375 0.3984375 0.015625 0.01953125
0 0.49375 0.396484375 0.015625 0.01953125
0 0.50625 0.416015625 0.015625 0.01953125
0 0.5109375 0.435546875 0.015625 0.01953125
0 0.484375 0.462890625 0.015625 0.01953125
0 0.46875 0.439453125 0.015625 0.01953125
0 0.4921875 0.435546875 0.015625 0.01953125
0 0.665625 0.396484375 0.015625 0.01953125
0 0.6765625 0.361328125 0.015625 0.01953125
0 0.565625 0.392578125 0.015625 0.01953125
0 0.75625 0.44921875 0.015625 0.01953125
0 0.81875 0.546875 0.015625 0.01953125
0 0.7796875 0.396484375 0.015625 0.01953125
0 0.7453125 0.3671875 0.015625 0.01953125
0 0.7640625 0.369140625 0.015625 0.01953125
0 0.64375 0.30859375 0.015625 0.01953125
0 0.5359375 0.314453125 0.015625 0.01953125
0 0.2859375 0.40234375 0.015625 0.01953125
0 0.425 0.94921875 0.015625 0.01953125
0 0.4046875 0.955078125 0.015625 0.01953125
0 0.7515625 0.9296875 0.015625 0.01953125
0 0.890625 0.62890625 0.015625 0.01953125
0 0.8828125 0.654296875 0.015625 0.01953125
0 0.9078125 0.654296875 0.015625 0.01953125
0 0.7796875 0.359375 0.015625 0.01953125
