0 0.2140625 0.23828125 0.015625 0.01953125
0 0.221875 0.21875 0.015625 0.01953125
0 0.2015625 0.2109375 0.015625 0.01953125
0 0.1890625 0.20703125 0.015625 0.01953125
0 0.2046875 0.228515625 0.015625 0.01953125
0 0.2984375 0.123046875 0.015625 0.01953125
0 0.3078125 0.138671875 0.015625 0.01953125
0 0.2921875 0.146484375 0.015625 0.01953125
0 0.2734375 0.15234375 0.015625 0.01953125
0 0.284375 0.181640625 0.015625 0.01953125
0 0.2953125 0.189453125 0.015625 0.01953125
0 0.3140625 0.189453125 0.015625 0.01953125
0 0.3140625 0.16015625 0.015625 0.01953125
0 0.3609375 0.1328125 0.015625 0.01953125
0 0.35625 0.115234375 0.015625 0.01953125
0 0.365625 0.1015625 0.015625 0.01953125
0 0.371875 0.076171875 0.015625 0.01953125
0 0.390625 0.076171875 0.015625 0.01953125
0 0.4109375 0.10546875 0.015625 0.01953125
0 0.4015625 0.126953125 0.015625 0.01953125
0 0.3875 0.12890625 0.015625 0.01953125
0 0.3921875 0.15625 0.015625 0.01953125
0 0.38125 0.162109375 0.015625 0.01953125
0 0.3734375 0.138671875 0.015625 0.01953125
0 0.3859375 0.1015625 0.015625 0.01953125
0 0.4796875 0.06640625 0.015625 0.01953125
0 0.56875 0.05859375 0.015625 0.01953125
0 0.5375 0.142578125 0.015625 0.01953125
0 0.5546875 0.15234375 0.015625 0.01953125
0 0.596875 0.138671875 0.015625 0.01953125
0 0.6234375 0.189453125 0.015625 0.01953125
0 0.6625 0.19921875 0.015625 0.01953125
0 0.665625 0.220703125 0.015625 0.01953125
0 0.684375 0.23046875 0.015625 0.01953125
0 0.7140625 0.193359375 0.015625 0.01953125
0 0.7125 0.283203125 0.015625 0.01953125
0 0.7328125 0.23046875 0.015625 0.01953125
0 0.8078125 0.28125 0.015625 0.01953125
0 0.821875 0.30078125 0.015625 0.01953125
0 0.7984375 0.314453125 0.015625 0.01953125
0 0.775 0.30859375 0.015625 0.01953125
0 0.75 0.310546875 0.015625 0.01953125
0 0.81875 0.44140625 0.015625 0.01953125
0 0.89375 0.41015625 0.015625 0.01953125
0 0.8328125 0.20703125 0.015625 0.01953125
0 0.8359375 0.59765625 0.015625 0.01953125
0 0.7984375 0.65234375 0.015625 0.01953125
0 0.759375 0.720703125 0.015625 0.01953125
0 0.74375 0.517578125 0.015625 0.01953125
0 0.5359375 0.76953125 0.015625 0.01953125
0 0.515625 0.759765625 0.015625 0.01953125
0 0.440625 0.98828125 0.015625 0.01953125
0 0.3578125 0.759765625 0.015625 0.01953125
0 0.36875 0.736328125 0.015625 0.01953125
0 0.30625 0.583984375 0.015625 0.01953125
0 0.325 0.583984375 0.015625 0.01953125
0 0.15 0.439453125 0.015625 0.01953125
0 0.134375 0.423828125 0.015625 0.01953125
