0 0.0046875 0.791015625 0.015625 0.01953125
0 0.015625 0.4765625 0.015625 0.01953125
0 0.0765625 0.43359375 0.015625 0.01953125
0 0.0375 0.373046875 0.015625 0.01953125
0 0.0 0.416015625 0.015625 0.01953125
0 0.0421875 0.2265625 0.015625 0.01953125
0 0.171875 0.177734375 0.015625 0.01953125
0 0.3984375 0.091796875 0.015625 0.01953125
0 0.4640625 0.064453125 0.015625 0.01953125
0 0.146875 0.03125 0.015625 0.01953125
0 0.4921875 0.201171875 0.015625 0.01953125
0 0.5390625 0.283203125 0.015625 0.01953125
0 0.528125 0.30078125 0.015625 0.01953125
0 0.4875 0.30078125 0.015625 0.01953125
0 0.4203125 0.294921875 0.015625 0.01953125
0 0.409375 0.35546875 0.015625 0.01953125
0 0.3953125 0.390625 0.015625 0.01953125
0 0.3578125 0.416015625 0.015625 0.01953125
0 0.3546875 0.4296875 0.015625 0.01953125
0 0.3484375 0.455078125 0.015625 0.01953125
0 0.35 0.50390625 0.015625 0.01953125
0 0.409375 0.587890625 0.015625 0.01953125
0 0.3703125 0.609375 0.015625 0.01953125
0 0.4078125 0.630859375 0.015625 0.01953125
0 0.41875 0.64453125 0.015625 0.01953125
0 0.3828125 0.626953125 0.015625 0.01953125
0 0.3796875 0.64453125 0.015625 0.01953125
0 0.3546875 0.64453125 0.015625 0.01953125
0 0.31875 0.80078125 0.015625 0.01953125
0 0.3390625 0.763671875 0.015625 0.01953125
0 0.19375 0.787109375 0.015625 0.01953125
0 0.215625 0.78515625 0.015625 0.01953125
0 0.4671875 0.78515625 0.015625 0.01953125
0 0.490625 0.771484375 0.015625 0.01953125
0 0.5015625 0.77734375 0.015625 0.01953125
0 0.509375 0.6875 0.015625 0.01953125
0 0.528125 0.70703125 0.015625 0.01953125
0 0.5546875 0.705078125 0.015625 0.01953125
0 0.565625 0.705078125 0.015625 0.01953125
0 0.58125 0.693359375 0.015625 0.01953125
0 0.5984375 0.705078125 0.015625 0.01953125
0 0.61875 0.708984375 0.015625 0.01953125
0 0.634375 0.712890625 0.015625 0.01953125
0 0.646875 0.71484375 0.015625 0.01953125
0 0.6078125 0.7421875 0.015625 0.01953125
0 0.584375 0.748046875 0.015625 0.01953125
0 0.603125 0.796875 0.015625 0.01953125
0 0.61875 0.791015625 0.015625 0.01953125
0 0.6640625 0.783203125 0.015625 0.01953125
0 0.671875 0.798828125 0.015625 0.01953125
0 0.7109375 0.759765625 0.015625 0.01953125
0 0.7953125 0.80078125 0.015625 0.01953125
0 0.803125 0.771484375 0.015625 0.01953125
0 0.8484375 0.765625 0.015625 0.01953125
0 0.784375 0.900390625 0.015625 0.01953125
0 0.8515625 0.298828125 0.015625 0.01953125
0 0.8828125 0.296875 0.015625 0.01953125
0 0.8046875 0.130859375 0.015625 0.01953125
0 0.7859375 0.10546875 0.015625 0.01953125
0 0.925 0.0703125 0.015625 0.01953125
0 0.9046875 0.05078125 0.015625 0.01953125
0 0.8890625 0.03125 0.015625 0.01953125
0 0.8671875 0.03515625 0.015625 0.01953125
0 0.9375 0.0859375 0.015625 0.01953125
0 0.971875 0.091796875 0.015625 0.01953125
0 0.99375 0.001953125 0.015625 0.01953125
0 0.9765625 0.001953125 0.015625 0.01953125
0 0.8671875 0.0 0.015625 0.01953125
0 0.9078125 0.001953125 0.015625 0.01953125
0 0.196875 0.578125 0.015625 0.01953125
0 0.85 0.529296875 0.015625 0.01953125
0 0.8625 0.515625 0.015625 0.01953125
