0 0.909375 0.68359375 0.015625 0.01953125
0 0.9125 0.708984375 0.015625 0.01953125
0 0.78125 0.705078125 0.015625 0.01953125
0 0.70625 0.689453125 0.015625 0.01953125
0 0.6734375 0.65234375 0.015625 0.01953125
0 0.6078125 0.93359375 0.015625 0.01953125
0 0.6 0.9140625 0.015625 0.01953125
0 0.4453125 0.91796875 0.015625 0.01953125
0 0.3515625 0.982421875 0.015625 0.01953125
0 0.3265625 0.962890625 0.015625 0.01953125
0 0.5171875 0.552734375 0.015625 0.01953125
0 0.5546875 0.54296875 0.015625 0.01953125
0 0.51875 0.51171875 0.015625 0.01953125
0 0.5421875 0.4921875 0.015625 0.01953125
0 0.7109375 0.314453125 0.015625 0.01953125
0 0.775 0.30859375 0.015625 0.01953125
0 0.76875 0.24609375 0.015625 0.01953125
0 0.7109375 0.22265625 0.015625 0.01953125
0 0.69375 0.28125 0.015625 0.01953125
0 0.6328125 0.181640625 0.015625 0.01953125
0 0.8609375 0.185546875 0.015625 0.01953125
0 0.78125 0.025390625 0.015625 0.01953125
0 0.99375 0.521484375 0.015625 0.01953125
0 0.959375 0.568359375 0.015625 0.01953125
0 0.9203125 0.908203125 0.015625 0.01953125
0 0.934375 0.927734375 0.015625 0.01953125
0 0.959375 0.908203125 0.015625 0.01953125
0 0.778125 0.896484375 0.015625 0.01953125
