0 0.15 0.119140625 0.015625 0.01953125
0 0.1390625 0.154296875 0.015625 0.01953125
0 0.009375 0.26953125 0.015625 0.01953125
0 0.025 0.283203125 0.015625 0.01953125
0 0.23125 0.314453125 0.015625 0.01953125
0 0.2421875 0.298828125 0.015625 0.01953125
0 0.253125 0.283203125 0.015625 0.01953125
0 0.278125 0.40625 0.015625 0.01953125
0 0.2671875 0.4140625 0.015625 0.01953125
0 0.2640625 0.462890625 0.015625 0.01953125
0 0.2578125 0.484375 0.015625 0.01953125
0 0.2203125 0.48046875 0.015625 0.01953125
0 0.328125 0.572265625 0.015625 0.01953125
0 0.33125 0.60546875 0.015625 0.01953125
0 0.3125 0.59375 0.015625 0.01953125
0 0.353125 0.84375 0.015625 0.01953125
0 0.3421875 0.859375 0.015625 0.01953125
0 0.3515625 0.88671875 0.015625 0.01953125
0 0.1109375 0.625 0.015625 0.01953125
0 0.134375 0.98828125 0.015625 0.01953125
0 0.5484375 0.564453125 0.015625 0.01953125
0 0.6625 0.6875 0.015625 0.01953125
0 0.6796875 0.685546875 0.015625 0.01953125
0 0.684375 0.6640625 0.015625 0.01953125
0 0.84375 0.513671875 0.015625 0.01953125
0 0.9625 0.416015625 0.015625 0.01953125
0 0.8828125 0.66796875 0.015625 0.01953125
0 0.8921875 0.6484375 0.015625 0.01953125
0 0.921875 0.7578125 0.015625 0.01953125
0 0.878125 0.859375 0.015625 0.01953125
0 0.9640625 0.84765625 0.015625 0.01953125
0 0.9828125 0.8359375 0.015625 0.01953125
0 0.634375 0.61328125 0.015625 0.01953125
