0 0.175 0.021484375 0.015625 0.01953125
0 0.1984375 0.017578125 0.015625 0.01953125
0 0.4171875 0.201171875 0.015625 0.01953125
0 0.4375 0.212890625 0.015625 0.01953125
0 0.2671875 0.318359375 0.015625 0.01953125
0 0.24375 0.3046875 0.015625 0.01953125
0 0.45625 0.376953125 0.015625 0.01953125
0 0.48125 0.373046875 0.015625 0.01953125
0 0.53125 0.58203125 0.015625 0.01953125
0 0.5109375 0.591796875 0.015625 0.01953125
0 0.4796875 0.62890625 0.015625 0.01953125
0 0.4640625 0.62109375 0.015625 0.01953125
0 0.50625 0.74609375 0.015625 0.01953125
0 0.5296875 0.75 0.015625 0.01953125
0 0.4890625 0.7578125 0.015625 0.01953125
0 0.51875 0.80078125 0.015625 0.01953125
0 0.8078125 0.93359375 0.015625 0.01953125
0 0.8421875 0.927734375 0.015625 0.01953125
0 0.7328125 0.7734375 0.015625 0.01953125
0 0.2421875 0.607421875 0.015625 0.01953125
0 0.8109375 0.84375 0.015625 0.01953125
