0 0.5203125 0.33984375 0.015625 0.01953125
0 0.5375 0.341796875 0.015625 0.01953125
0 0.528125 0.474609375 0.015625 0.01953125
0 0.54375 0.482421875 0.015625 0.01953125
0 0.571875 0.458984375 0.015625 0.01953125
0 0.3546875 0.419921875 0.015625 0.01953125
0 0.3390625 0.39453125 0.015625 0.01953125
0 0.328125 0.173828125 0.015625 0.01953125
0 0.3546875 0.162109375 0.015625 0.01953125
0 0.325 0.0 0.015625 0.01953125
0 0.275 0.634765625 0.015625 0.01953125
0 0.0328125 0.392578125 0.015625 0.01953125
0 0.5515625 0.8203125 0.015625 0.01953125
0 0.58125 0.841796875 0.015625 0.01953125
0 0.6265625 0.787109375 0.015625 0.01953125
0 0.596875 0.94140625 0.015625 0.01953125
0 0.58125 0.97265625 0.015625 0.01953125
0 0.5578125 0.97265625 0.015625 0.01953125
0 0.8046875 0.96484375 0.015625 0.01953125
