0 0.615625 0.541015625 0.015625 0.01953125
0 0.6359375 0.52734375 0.015625 0.01953125
0 0.646875 0.44140625 0.015625 0.01953125
0 0.6296875 0.4375 0.015625 0.01953125
0 0.5953125 0.49609375 0.015625 0.01953125
0 0.4515625 0.513671875 0.015625 0.01953125
0 0.4359375 0.521484375 0.015625 0.01953125
0 0.4421875 0.462890625 0.015625 0.01953125
0 0.4625 0.3046875 0.015625 0.01953125
0 0.48125 0.302734375 0.015625 0.01953125
0 0.5953125 0.02734375 0.015625 0.01953125
0 0.4390625 0.037109375 0.015625 0.01953125
0 0.2203125 0.009765625 0.015625 0.01953125
0 0.121875 0.396484375 0.015625 0.01953125
0 0.3203125 0.60546875 0.015625 0.01953125
