0 0.3765625 0.693359375 0.015625 0.01953125
0 0.19375 0.513671875 0.015625 0.01953125
0 0.50625 0.736328125 0.015625 0.01953125
0 0.5546875 0.6015625 0.015625 0.01953125
0 0.5765625 0.591796875 0.015625 0.01953125
0 0.6296875 0.70703125 0.015625 0.01953125
0 0.6578125 0.740234375 0.015625 0.01953125
0 0.6859375 0.740234375 0.015625 0.01953125
0 0.7078125 0.712890625 0.015625 0.01953125
0 0.725 0.6875 0.015625 0.01953125
0 0.746875 0.244140625 0.015625 0.01953125
0 0.65 0.1640625 0.015625 0.01953125
0 0.5625 0.220703125 0.015625 0.01953125
0 0.5 0.154296875 0.015625 0.01953125
0 0.3359375 0.146484375 0.015625 0.01953125
0 0.290625 0.087890625 0.015625 0.01953125
0 0.2859375 0.052734375 0.015625 0.01953125
0 0.3109375 0.0546875 0.015625 0.01953125
0 0.63125 0.03125 0.015625 0.01953125
0 0.684375 0.044921875 0.015625 0.01953125
0 0.0109375 0.734375 0.015625 0.01953125
