0 0.3609375 0.93359375 0.015625 0.01953125
0 0.1390625 0.826171875 0.015625 0.01953125
0 0.2453125 0.396484375 0.015625 0.01953125
0 0.24375 0.361328125 0.015625 0.01953125
0 0.2609375 0.359375 0.015625 0.01953125
0 0.29375 0.462890625 0.015625 0.01953125
0 0.0859375 0.208984375 0.015625 0.01953125
0 0.06875 0.20703125 0.015625 0.01953125
0 0.0796875 0.021484375 0.015625 0.01953125
0 0.4140625 0.015625 0.015625 0.01953125
0 0.43125 0.01171875 0.015625 0.01953125
0 0.609375 0.16015625 0.015625 0.01953125
0 0.721875 0.146484375 0.015625 0.01953125
0 0.721875 0.24609375 0.015625 0.01953125
0 0.615625 0.337890625 0.015625 0.01953125
0 0.6640625 0.35546875 0.015625 0.01953125
0 0.4984375 0.255859375 0.015625 0.01953125
0 0.4953125 0.275390625 0.015625 0.01953125
0 0.46875 0.53125 0.015625 0.01953125
0 0.5953125 0.49609375 0.015625 0.01953125
0 0.684375 0.50390625 0.015625 0.01953125
0 0.728125 0.572265625 0.015625 0.01953125
0 0.8203125 0.005859375 0.015625 0.01953125
0 0.840625 0.025390625 0.015625 0.01953125
0 0.83125 0.142578125 0.015625 0.01953125
0 0.825 0.16796875 0.015625 0.01953125
0 0.8234375 0.201171875 0.015625 0.01953125
0 0.8203125 0.232421875 0.015625 0.01953125
0 0.8109375 0.275390625 0.015625 0.01953125
0 0.7984375 0.3359375 0.015625 0.01953125
0 0.803125 0.388671875 0.015625 0.01953125
0 0.815625 0.939453125 0.015625 0.01953125
