0 0.490625 0.576171875 0.015625 0.01953125
0 0.490625 0.541015625 0.015625 0.01953125
0 0.596875 0.625 0.015625 0.01953125
0 0.678125 0.64453125 0.015625 0.01953125
0 0.5875 0.8359375 0.015625 0.01953125
0 0.478125 0.91796875 0.015625 0.01953125
0 0.734375 0.88671875 0.015625 0.01953125
0 0.75 0.875 0.015625 0.01953125
0 0.740625 0.53125 0.015625 0.01953125
0 0.4 0.197265625 0.015625 0.01953125
0 0.6046875 0.416015625 0.015625 0.01953125
0 0.73125 0.380859375 0.015625 0.01953125
0 0.6984375 0.220703125 0.015625 0.01953125
0 0.4953125 0.171875 0.015625 0.01953125
0 0.540625 0.115234375 0.015625 0.01953125
0 0.0796875 0.15625 0.015625 0.01953125
0 0.05 0.275390625 0.015625 0.01953125
0 0.0390625 0.44921875 0.015625 0.01953125
0 0.0578125 0.55078125 0.015625 0.01953125
0 0.2296875 0.65234375 0.015625 0.01953125
0 0.2515625 0.65625 0.015625 0.01953125
0 0.2328125 0.693359375 0.015625 0.01953125
0 0.2828125 0.767578125 0.015625 0.01953125
0 0.834375 0.5546875 0.015625 0.01953125
0 0.840625 0.521484375 0.015625 0.01953125
0 0.8484375 0.486328125 0.015625 0.01953125
0 0.7640625 0.1953125 0.015625 0.01953125
0 0.81875 0.173828125 0.015625 0.01953125
0 0.8125 0.1484375 0.015625 0.01953125
0 0.5953125 0.005859375 0.015625 0.01953125
0 0.7 0.041015625 0.015625 0.01953125
0 0.7171875 0.015625 0.015625 0.01953125
0 0.834375 0.205078125 0.015625 0.01953125
0 0.8484375 0.236328125 0.015625 0.01953125
0 0.8578125 0.212890625 0.015625 0.01953125
0 0.8625 0.185546875 0.015625 0.01953125
0 0.85625 0.15625 0.015625 0.01953125
0 0.859375 0.091796875 0.015625 0.01953125
0 0.921875 0.05859375 0.015625 0.01953125
0 0.921875 0.220703125 0.015625 0.01953125
0 0.91875 0.2421875 0.015625 0.01953125
0 0.9015625 0.197265625 0.015625 0.01953125
0 0.8765625 0.10546875 0.015625 0.01953125
