0 0.1328125 0.6953125 0.015625 0.01953125
0 0.50625 0.712890625 0.015625 0.01953125
0 0.5375 0.609375 0.015625 0.01953125
0 0.3328125 0.5546875 0.015625 0.01953125
0 0.3421875 0.54296875 0.015625 0.01953125
0 0.3078125 0.287109375 0.015625 0.01953125
0 0.325 0.291015625 0.015625 0.01953125
0 0.325 0.2734375 0.015625 0.01953125
0 0.5859375 0.435546875 0.015625 0.01953125
0 0.625 0.294921875 0.015625 0.01953125
0 0.646875 0.07421875 0.015625 0.01953125
0 0.4875 0.2578125 0.015625 0.01953125
0 0.48125 0.2265625 0.015625 0.01953125
0 0.775 0.375 0.015625 0.01953125
0 0.59375 0.955078125 0.015625 0.01953125
0 0.678125 0.7265625 0.015625 0.01953125
0 0.7234375 0.76953125 0.015625 0.01953125
0 0.725 0.865234375 0.015625 0.01953125
0 0.740625 0.625 0.015625 0.01953125
0 0.8375 0.66015625 0.015625 0.01953125
0 0.8375 0.638671875 0.015625 0.01953125
0 0.8796875 0.958984375 0.015625 0.01953125
0 0.5203125 0.166015625 0.015625 0.01953125
0 0.271875 0.158203125 0.015625 0.01953125
0 0.3796875 0.052734375 0.015625 0.01953125
0 0.7359375 0.49609375 0.015625 0.01953125
0 0.7515625 0.490234375 0.015625 0.01953125
0 0.834375 0.314453125 0.015625 0.01953125
0 0.8640625 0.302734375 0.015625 0.01953125
0 0.8453125 0.26171875 0.015625 0.01953125
0 0.8796875 0.943359375 0.015625 0.01953125
0 0.909375 0.826171875 0.015625 0.01953125
0 0.921875 0.755859375 0.015625 0.01953125
0 0.878125 0.734375 0.015625 0.01953125
0 0.85625 0.6953125 0.015625 0.01953125
0 0.8875 0.70703125 0.015625 0.01953125
0 0.884375 0.66796875 0.015625 0.01953125
0 0.8828125 0.62890625 0.015625 0.01953125
0 0.909375 0.427734375 0.015625 0.01953125
0 0.959375 0.521484375 0.015625 0.01953125
0 0.975 0.44921875 0.015625 0.01953125
0 0.8140625 0.103515625 0.015625 0.01953125
0 0.9484375 0.138671875 0.015625 0.01953125
0 0.8953125 0.568359375 0.015625 0.01953125
0 0.95625 0.41015625 0.015625 0.01953125
