0 0.1421875 0.88671875 0.015625 0.01953125
0 0.2875 0.7421875 0.015625 0.01953125
0 0.3 0.73046875 0.015625 0.01953125
0 0.5328125 0.869140625 0.015625 0.01953125
0 0.4828125 0.98046875 0.015625 0.01953125
0 0.7484375 0.888671875 0.015625 0.01953125
0 0.578125 0.703125 0.015625 0.01953125
0 0.6265625 0.556640625 0.015625 0.01953125
0 0.30625 0.544921875 0.015625 0.01953125
0 0.2921875 0.541015625 0.015625 0.01953125
0 0.3125 0.53125 0.015625 0.01953125
0 0.4734375 0.509765625 0.015625 0.01953125
0 0.46875 0.478515625 0.015625 0.01953125
0 0.253125 0.44921875 0.015625 0.01953125
0 0.34375 0.240234375 0.015625 0.01953125
0 0.646875 0.31640625 0.015625 0.01953125
0 0.3046875 0.111328125 0.015625 0.01953125
0 0.109375 0.099609375 0.015625 0.01953125
0 0.23125 0.05859375 0.015625 0.01953125
0 0.275 0.044921875 0.015625 0.01953125
0 0.2703125 0.01953125 0.015625 0.01953125
0 0.5 0.193359375 0.015625 0.01953125
0 0.7703125 0.630859375 0.015625 0.01953125
0 0.740625 0.765625 0.015625 0.01953125
0 0.51875 0.408203125 0.015625 0.01953125
0 0.54375 0.05859375 0.015625 0.01953125
0 0.834375 0.927734375 0.015625 0.01953125
0 0.8296875 0.90625 0.015625 0.01953125
0 0.825 0.88671875 0.015625 0.01953125
0 0.83125 0.5703125 0.015625 0.01953125
0 0.85625 0.556640625 0.015625 0.01953125
0 0.8453125 0.521484375 0.015625 0.01953125
0 0.8015625 0.3515625 0.015625 0.01953125
0 0.9484375 0.380859375 0.015625 0.01953125
0 0.9484375 0.05859375 0.015625 0.01953125
0 0.9640625 0.072265625 0.015625 0.01953125
0 0.90625 0.689453125 0.015625 0.01953125
0 0.88125 0.908203125 0.015625 0.01953125
0 0.8828125 0.94140625 0.015625 0.01953125
0 0.8828125 0.9765625 0.015625 0.01953125
0 0.853125 0.96484375 0.015625 0.01953125
0 0.9671875 0.78515625 0.015625 0.01953125
0 0.975 0.705078125 0.015625 0.01953125
0 0.96875 0.654296875 0.015625 0.01953125
0 0.890625 0.830078125 0.015625 0.01953125
0 0.95 0.3203125 0.015625 0.01953125
0 0.9140625 0.34765625 0.015625 0.01953125
