0 0.15 0.408203125 0.015625 0.01953125
0 0.284375 0.30078125 0.015625 0.01953125
0 0.2953125 0.2890625 0.015625 0.01953125
0 0.3203125 0.185546875 0.015625 0.01953125
0 0.3390625 0.1796875 0.015625 0.01953125
0 0.3609375 0.16015625 0.015625 0.01953125
0 0.275 0.138671875 0.015625 0.01953125
0 0.4875 0.126953125 0.015625 0.01953125
0 0.54375 0.021484375 0.015625 0.01953125
0 0.58125 0.328125 0.015625 0.01953125
0 0.6078125 0.25390625 0.015625 0.01953125
0 0.5234375 0.48828125 0.015625 0.01953125
0 0.5234375 0.6015625 0.015625 0.01953125
0 0.6296875 0.751953125 0.015625 0.01953125
0 0.6734375 0.66796875 0.015625 0.01953125
0 0.6671875 0.62109375 0.015625 0.01953125
0 0.725 0.71484375 0.015625 0.01953125
0 0.45625 0.96875 0.015625 0.01953125
0 0.4765625 0.98046875 0.015625 0.01953125
0 0.7515625 0.9296875 0.015625 0.01953125
0 0.85 0.955078125 0.015625 0.01953125
0 0.85625 0.916015625 0.015625 0.01953125
0 0.865625 0.880859375 0.015625 0.01953125
0 0.86875 0.853515625 0.015625 0.01953125
0 0.8734375 0.80859375 0.015625 0.01953125
0 0.871875 0.59765625 0.015625 0.01953125
0 0.878125 0.572265625 0.015625 0.01953125
0 0.85 0.5625 0.015625 0.01953125
0 0.871875 0.541015625 0.015625 0.01953125
0 0.721875 0.4765625 0.015625 0.01953125
0 0.7375 0.384765625 0.015625 0.01953125
0 0.7703125 0.259765625 0.015625 0.01953125
0 0.8234375 0.212890625 0.015625 0.01953125
0 0.8484375 0.203125 0.015625 0.01953125
0 0.840625 0.16796875 0.015625 0.01953125
0 0.8953125 0.314453125 0.015625 0.01953125
0 0.8328125 0.53125 0.015625 0.01953125
0 0.8296875 0.509765625 0.015625 0.01953125
0 0.8234375 0.48828125 0.015625 0.01953125
0 0.8765625 0.5078125 0.015625 0.01953125
0 0.8828125 0.43359375 0.015625 0.01953125
0 0.896875 0.447265625 0.015625 0.01953125
0 0.9640625 0.333984375 0.015625 0.01953125
0 0.9140625 0.62109375 0.015625 0.01953125
0 0.903125 0.689453125 0.015625 0.01953125
0 0.9484375 0.390625 0.015625 0.01953125
0 0.9296875 0.03125 0.015625 0.01953125
