0 0.8546875 0.02734375 0.015625 0.01953125
0 0.9890625 0.076171875 0.015625 0.01953125
0 0.9734375 0.140625 0.015625 0.01953125
0 0.79375 0.162109375 0.015625 0.01953125
0 0.78125 0.25390625 0.015625 0.01953125
0 0.9390625 0.2578125 0.015625 0.01953125
0 0.9421875 0.333984375 0.015625 0.01953125
0 0.9953125 0.369140625 0.015625 0.01953125
0 0.8984375 0.42578125 0.015625 0.01953125
0 0.884375 0.6328125 0.015625 0.01953125
0 0.96875 0.658203125 0.015625 0.01953125
0 0.7703125 0.6171875 0.015625 0.01953125
0 0.74375 0.611328125 0.015625 0.01953125
0 0.6984375 0.609375 0.015625 0.01953125
0 0.83125 0.837890625 0.015625 0.01953125
0 0.5546875 0.826171875 0.015625 0.01953125
0 0.5046875 0.740234375 0.015625 0.01953125
0 0.5234375 0.701171875 0.015625 0.01953125
0 0.5046875 0.69921875 0.015625 0.01953125
0 0.3078125 0.94921875 0.015625 0.01953125
0 0.1328125 0.94140625 0.015625 0.01953125
0 0.11875 0.91015625 0.015625 0.01953125
0 0.134375 0.900390625 0.015625 0.01953125
0 0.10625 0.578125 0.015625 0.01953125
0 0.09375 0.56640625 0.015625 0.01953125
0 0.0796875 0.56640625 0.015625 0.01953125
0 0.2 0.435546875 0.015625 0.01953125
0 0.240625 0.33984375 0.015625 0.01953125
0 0.26875 0.197265625 0.015625 0.01953125
0 0.4015625 0.029296875 0.015625 0.01953125
0 0.1671875 0.05859375 0.015625 0.01953125
0 0.1453125 0.03125 0.015625 0.01953125
0 0.1390625 0.193359375 0.015625 0.01953125
0 0.121875 0.2734375 0.015625 0.01953125
0 0.0859375 0.30078125 0.015625 0.01953125
0 0.078125 0.25390625 0.015625 0.01953125
0 0.04375 0.279296875 0.015625 0.01953125
0 0.0296875 0.28125 0.015625 0.01953125
0 0.03125 0.216796875 0.015625 0.01953125
0 0.015625 0.23046875 0.015625 0.01953125
0 0.0484375 0.18359375 0.015625 0.01953125
0 0.00625 0.408203125 0.015625 0.01953125
0 0.03125 0.33203125 0.015625 0.01953125
0 0.00625 0.341796875 0.015625 0.01953125
0 0.0203125 0.314453125 0.015625 0.01953125
0 0.0046875 0.3046875 0.015625 0.01953125
