0 0.5984375 0.759765625 0.015625 0.01953125
0 0.578125 0.759765625 0.015625 0.01953125
0 0.596875 0.79296875 0.015625 0.01953125
0 0.940625 0.65625 0.015625 0.01953125
0 0.9671875 0.658203125 0.015625 0.01953125
0 0.9484375 0.69921875 0.015625 0.01953125
0 0.99375 0.779296875 0.015625 0.01953125
0 0.428125 0.529296875 0.015625 0.01953125
0 0.6015625 0.478515625 0.015625 0.01953125
0 0.50625 0.591796875 0.015625 0.01953125
0 0.5515625 0.45703125 0.015625 0.01953125
0 0.2671875 0.923828125 0.015625 0.01953125
0 0.021875 0.716796875 0.015625 0.01953125
0 0.0796875 0.556640625 0.015625 0.01953125
0 0.084375 0.5390625 0.015625 0.01953125
0 0.246875 0.556640625 0.015625 0.01953125
0 0.6546875 0.26953125 0.015625 0.01953125
0 0.5671875 0.119140625 0.015625 0.01953125
0 0.6625 0.0390625 0.015625 0.01953125
0 0.5734375 0.025390625 0.015625 0.01953125
0 0.50625 0.26171875 0.015625 0.01953125
0 0.5140625 0.16796875 0.015625 0.01953125
0 0.4859375 0.158203125 0.015625 0.01953125
0 0.4671875 0.0703125 0.015625 0.01953125
0 0.4453125 0.080078125 0.015625 0.01953125
0 0.1828125 0.525390625 0.015625 0.01953125
0 0.2390625 0.435546875 0.015625 0.01953125
0 0.34375 0.40234375 0.015625 0.01953125
0 0.3453125 0.3828125 0.015625 0.01953125
0 0.428125 0.373046875 0.015625 0.01953125
0 0.3671875 0.35546875 0.015625 0.01953125
0 0.3625 0.318359375 0.015625 0.01953125
0 0.3359375 0.328125 0.015625 0.01953125
0 0.1609375 0.388671875 0.015625 0.01953125
0 0.1078125 0.369140625 0.015625 0.01953125
0 0.0609375 0.294921875 0.015625 0.01953125
0 0.471875 0.25 0.015625 0.01953125
0 0.4625 0.1484375 0.015625 0.01953125
0 0.45 0.185546875 0.015625 0.01953125
0 0.4234375 0.1953125 0.015625 0.01953125
0 0.4078125 0.22265625 0.015625 0.01953125
0 0.4234375 0.267578125 0.015625 0.01953125
0 0.3765625 0.080078125 0.015625 0.01953125
0 0.35 0.0703125 0.015625 0.01953125
0 0.3984375 0.279296875 0.015625 0.01953125
0 0.40625 0.255859375 0.015625 0.01953125
0 0.390625 0.20703125 0.015625 0.01953125
0 0.3921875 0.181640625 0.015625 0.01953125
0 0.38125 0.1328125 0.015625 0.01953125
0 0.403125 0.119140625 0.015625 0.01953125
0 0.365625 0.10546875 0.015625 0.01953125
0 0.353125 0.244140625 0.015625 0.01953125
0 0.35 0.294921875 0.015625 0.01953125
0 0.36875 0.279296875 0.015625 0.01953125
0 0.25625 0.115234375 0.015625 0.01953125
0 0.2609375 0.169921875 0.015625 0.01953125
0 0.25625 0.15234375 0.015625 0.01953125
0 0.2859375 0.361328125 0.015625 0.01953125
0 0.3046875 0.341796875 0.015625 0.01953125
0 0.2046875 0.11328125 0.015625 0.01953125
0 0.1265625 0.240234375 0.015625 0.01953125
0 0.1359375 0.2734375 0.015625 0.01953125
0 0.1828125 0.263671875 0.015625 0.01953125
0 0.2125 0.287109375 0.015625 0.01953125
0 0.228125 0.271484375 0.015625 0.01953125
0 0.246875 0.27734375 0.015625 0.01953125
0 0.18125 0.05859375 0.015625 0.01953125
0 0.184375 0.326171875 0.015625 0.01953125
0 0.10625 0.27734375 0.015625 0.01953125
0 0.1421875 0.197265625 0.015625 0.01953125
0 0.1609375 0.203125 0.015625 0.01953125
0 0.1734375 0.193359375 0.015625 0.01953125
0 0.1828125 0.177734375 0.015625 0.01953125
0 0.1875 0.158203125 0.015625 0.01953125
0 0.28125 0.21875 0.015625 0.01953125
0 0.259375 0.263671875 0.015625 0.01953125
0 0.234375 0.212890625 0.015625 0.01953125
0 0.246875 0.2265625 0.015625 0.01953125
0 0.2203125 0.138671875 0.015625 0.01953125
0 0.2421875 0.123046875 0.015625 0.01953125
0 0.315625 0.125 0.015625 0.01953125
0 0.3375 0.1328125 0.015625 0.01953125
0 0.346875 0.173828125 0.015625 0.01953125
0 0.2734375 0.318359375 0.015625 0.01953125
0 0.2984375 0.314453125 0.015625 0.01953125
0 0.1703125 0.318359375 0.015625 0.01953125
0 0.171875 0.119140625 0.015625 0.01953125
0 0.1859375 0.099609375 0.015625 0.01953125
0 0.1984375 0.134765625 0.015625 0.01953125
0 0.778125 0.96875 0.015625 0.01953125
0 0.834375 0.955078125 0.015625 0.01953125
0 0.196875 0.220703125 0.015625 0.01953125
0 0.1546875 0.173828125 0.015625 0.01953125
0 0.45 0.294921875 0.015625 0.01953125
0 0.4546875 0.267578125 0.015625 0.01953125
0 0.453125 0.2421875 0.015625 0.01953125
0 0.2875 0.26171875 0.015625 0.01953125
