0 0.165625 0.818359375 0.015625 0.01953125
0 0.1390625 0.763671875 0.015625 0.01953125
0 0.1234375 0.771484375 0.015625 0.01953125
0 0.1234375 0.654296875 0.015625 0.01953125
0 0.5953125 0.712890625 0.015625 0.01953125
0 0.3484375 0.6015625 0.015625 0.01953125
0 0.35 0.6640625 0.015625 0.01953125
0 0.70625 0.740234375 0.015625 0.01953125
0 0.7109375 0.701171875 0.015625 0.01953125
0 0.69375 0.69921875 0.015625 0.01953125
0 0.6765625 0.603515625 0.015625 0.01953125
0 0.5453125 0.505859375 0.015625 0.01953125
0 0.371875 0.490234375 0.015625 0.01953125
0 0.26875 0.490234375 0.015625 0.01953125
0 0.2109375 0.412109375 0.015625 0.01953125
0 0.259375 0.4296875 0.015625 0.01953125
0 0.2796875 0.423828125 0.015625 0.01953125
0 0.2671875 0.404296875 0.015625 0.01953125
0 0.3125 0.41015625 0.015625 0.01953125
0 0.2890625 0.37109375 0.015625 0.01953125
0 0.26875 0.357421875 0.015625 0.01953125
0 0.10625 0.328125 0.015625 0.01953125
0 0.19375 0.30078125 0.015625 0.01953125
0 0.23125 0.310546875 0.015625 0.01953125
0 0.2203125 0.2734375 0.015625 0.01953125
0 0.225 0.1015625 0.015625 0.01953125
0 0.309375 0.115234375 0.015625 0.01953125
0 0.2765625 0.10546875 0.015625 0.01953125
0 0.6875 0.42578125 0.015625 0.01953125
0 0.6765625 0.412109375 0.015625 0.01953125
0 0.7375 0.283203125 0.015625 0.01953125
0 0.6875 0.10546875 0.015625 0.01953125
0 0.665625 0.046875 0.015625 0.01953125
0 0.5984375 0.142578125 0.015625 0.01953125
0 0.59375 0.23046875 0.015625 0.01953125
0 0.584375 0.263671875 0.015625 0.01953125
0 0.6046875 0.296875 0.015625 0.01953125
0 0.578125 0.064453125 0.015625 0.01953125
0 0.55625 0.087890625 0.015625 0.01953125
0 0.5296875 0.41015625 0.015625 0.01953125
0 0.4734375 0.416015625 0.015625 0.01953125
0 0.446875 0.435546875 0.015625 0.01953125
0 0.4390625 0.416015625 0.015625 0.01953125
0 0.4546875 0.400390625 0.015625 0.01953125
0 0.5484375 0.328125 0.015625 0.01953125
0 0.540625 0.3046875 0.015625 0.01953125
0 0.5484375 0.216796875 0.015625 0.01953125
0 0.559375 0.171875 0.015625 0.01953125
0 0.55 0.154296875 0.015625 0.01953125
0 0.559375 0.13671875 0.015625 0.01953125
0 0.44375 0.033203125 0.015625 0.01953125
0 0.4203125 0.091796875 0.015625 0.01953125
0 0.3953125 0.08984375 0.015625 0.01953125
0 0.5140625 0.34765625 0.015625 0.01953125
0 0.359375 0.3828125 0.015625 0.01953125
0 0.3453125 0.384765625 0.015625 0.01953125
0 0.378125 0.400390625 0.015625 0.01953125
0 0.4609375 0.35546875 0.015625 0.01953125
0 0.4375 0.359375 0.015625 0.01953125
0 0.4 0.353515625 0.015625 0.01953125
0 0.40625 0.380859375 0.015625 0.01953125
0 0.4234375 0.33984375 0.015625 0.01953125
0 0.4453125 0.322265625 0.015625 0.01953125
0 0.46875 0.30859375 0.015625 0.01953125
0 0.4484375 0.275390625 0.015625 0.01953125
0 0.5203125 0.224609375 0.015625 0.01953125
0 0.496875 0.150390625 0.015625 0.01953125
0 0.234375 0.234375 0.015625 0.01953125
0 0.25 0.205078125 0.015625 0.01953125
0 0.25625 0.236328125 0.015625 0.01953125
0 0.265625 0.2265625 0.015625 0.01953125
0 0.275 0.294921875 0.015625 0.01953125
0 0.315625 0.330078125 0.015625 0.01953125
0 0.340625 0.31640625 0.015625 0.01953125
0 0.321875 0.30078125 0.015625 0.01953125
0 0.4765625 0.1640625 0.015625 0.01953125
0 0.465625 0.212890625 0.015625 0.01953125
0 0.4859375 0.22265625 0.015625 0.01953125
0 0.4921875 0.2421875 0.015625 0.01953125
0 0.4671875 0.244140625 0.015625 0.01953125
0 0.4140625 0.16796875 0.015625 0.01953125
0 0.44375 0.220703125 0.015625 0.01953125
0 0.4625 0.181640625 0.015625 0.01953125
0 0.5 0.314453125 0.015625 0.01953125
0 0.50625 0.291015625 0.015625 0.01953125
0 0.35 0.14453125 0.015625 0.01953125
0 0.3578125 0.181640625 0.015625 0.01953125
0 0.3015625 0.16015625 0.015625 0.01953125
0 0.278125 0.19921875 0.015625 0.01953125
0 0.2953125 0.185546875 0.015625 0.01953125
0 0.3140625 0.181640625 0.015625 0.01953125
0 0.3359375 0.162109375 0.015625 0.01953125
0 0.275 0.173828125 0.015625 0.01953125
0 0.3765625 0.271484375 0.015625 0.01953125
0 0.3375 0.263671875 0.015625 0.01953125
0 0.29375 0.26171875 0.015625 0.01953125
0 0.3203125 0.25390625 0.015625 0.01953125
0 0.2953125 0.302734375 0.015625 0.01953125
0 0.3046875 0.279296875 0.015625 0.01953125
0 0.93125 0.97265625 0.015625 0.01953125
