0 0.56875 0.00390625 0.015625 0.01953125
0 0.6640625 0.005859375 0.015625 0.01953125
0 0.565625 0.080078125 0.015625 0.01953125
0 0.6109375 0.08203125 0.015625 0.01953125
0 0.65625 0.150390625 0.015625 0.01953125
0 0.696875 0.162109375 0.015625 0.01953125
0 0.75625 0.35546875 0.015625 0.01953125
0 0.815625 0.677734375 0.015625 0.01953125
0 0.8125 0.7109375 0.015625 0.01953125
0 0.78125 0.79296875 0.015625 0.01953125
0 0.446875 0.78125 0.015625 0.01953125
0 0.615625 0.564453125 0.015625 0.01953125
0 0.7578125 0.443359375 0.015625 0.01953125
0 0.7484375 0.427734375 0.015625 0.01953125
0 0.646875 0.408203125 0.015625 0.01953125
0 0.61875 0.318359375 0.015625 0.01953125
0 0.6234375 0.28125 0.015625 0.01953125
0 0.5921875 0.25 0.015625 0.01953125
0 0.5703125 0.25390625 0.015625 0.01953125
0 0.5546875 0.212890625 0.015625 0.01953125
0 0.5765625 0.166015625 0.015625 0.01953125
0 0.4578125 0.10546875 0.015625 0.01953125
0 0.43125 0.1875 0.015625 0.01953125
0 0.415625 0.130859375 0.015625 0.01953125
0 0.190625 0.359375 0.015625 0.01953125
0 0.5875 0.54296875 0.015625 0.01953125
0 0.5546875 0.515625 0.015625 0.01953125
0 0.5921875 0.455078125 0.015625 0.01953125
0 0.5671875 0.46875 0.015625 0.01953125
0 0.5640625 0.439453125 0.015625 0.01953125
0 0.575 0.35546875 0.015625 0.01953125
0 0.5484375 0.365234375 0.015625 0.01953125
0 0.5453125 0.38671875 0.015625 0.01953125
0 0.5390625 0.404296875 0.015625 0.01953125
0 0.7140625 0.892578125 0.015625 0.01953125
0 0.55 0.603515625 0.015625 0.01953125
0 0.5046875 0.6640625 0.015625 0.01953125
0 0.5453125 0.68359375 0.015625 0.01953125
0 0.38125 0.646484375 0.015625 0.01953125
0 0.325 0.619140625 0.015625 0.01953125
0 0.271875 0.62890625 0.015625 0.01953125
0 0.4171875 0.5625 0.015625 0.01953125
0 0.4390625 0.564453125 0.015625 0.01953125
0 0.5140625 0.587890625 0.015625 0.01953125
0 0.5078125 0.5703125 0.015625 0.01953125
0 0.515625 0.5546875 0.015625 0.01953125
0 0.45625 0.548828125 0.015625 0.01953125
0 0.41875 0.53125 0.015625 0.01953125
0 0.453125 0.525390625 0.015625 0.01953125
0 0.490625 0.525390625 0.015625 0.01953125
0 0.5140625 0.515625 0.015625 0.01953125
0 0.50625 0.25390625 0.015625 0.01953125
0 0.50625 0.29296875 0.015625 0.01953125
0 0.490625 0.28515625 0.015625 0.01953125
0 0.4703125 0.291015625 0.015625 0.01953125
0 0.490625 0.3125 0.015625 0.01953125
0 0.3625 0.271484375 0.015625 0.01953125
0 0.34375 0.267578125 0.015625 0.01953125
0 0.371875 0.359375 0.015625 0.01953125
0 0.3875 0.3828125 0.015625 0.01953125
0 0.409375 0.427734375 0.015625 0.01953125
0 0.278125 0.310546875 0.015625 0.01953125
0 0.3390625 0.30078125 0.015625 0.01953125
0 0.359375 0.322265625 0.015625 0.01953125
0 0.3109375 0.341796875 0.015625 0.01953125
0 0.33125 0.34765625 0.015625 0.01953125
0 0.3140625 0.369140625 0.015625 0.01953125
0 0.3328125 0.3671875 0.015625 0.01953125
0 0.2984375 0.390625 0.015625 0.01953125
0 0.2921875 0.37109375 0.015625 0.01953125
0 0.271875 0.41796875 0.015625 0.01953125
0 0.35625 0.439453125 0.015625 0.01953125
0 0.371875 0.443359375 0.015625 0.01953125
0 0.359375 0.51171875 0.015625 0.01953125
0 0.396875 0.486328125 0.015625 0.01953125
0 0.375 0.462890625 0.015625 0.01953125
0 0.25625 0.48828125 0.015625 0.01953125
0 0.215625 0.521484375 0.015625 0.01953125
0 0.271875 0.5234375 0.015625 0.01953125
0 0.0859375 0.564453125 0.015625 0.01953125
0 0.2609375 0.443359375 0.015625 0.01953125
0 0.2796875 0.34765625 0.015625 0.01953125
0 0.3515625 0.359375 0.015625 0.01953125
0 0.3546875 0.341796875 0.015625 0.01953125
0 0.41875 0.318359375 0.015625 0.01953125
0 0.4515625 0.337890625 0.015625 0.01953125
0 0.446875 0.318359375 0.015625 0.01953125
0 0.3390625 0.548828125 0.015625 0.01953125
0 0.340625 0.568359375 0.015625 0.01953125
0 0.3203125 0.556640625 0.015625 0.01953125
0 0.3140625 0.494140625 0.015625 0.01953125
0 0.4921875 0.486328125 0.015625 0.01953125
0 0.5046875 0.404296875 0.015625 0.01953125
0 0.5234375 0.38671875 0.015625 0.01953125
0 0.5125 0.369140625 0.015625 0.01953125
0 0.4921875 0.37109375 0.015625 0.01953125
0 0.4703125 0.38671875 0.015625 0.01953125
0 0.465625 0.36328125 0.015625 0.01953125
0 0.43125 0.328125 0.015625 0.01953125
0 0.421875 0.46875 0.015625 0.01953125
0 0.3 0.4296875 0.015625 0.01953125
0 0.303125 0.41015625 0.015625 0.01953125
0 0.31875 0.39453125 0.015625 0.01953125
0 0.36875 0.49609375 0.015625 0.01953125
0 0.3390625 0.474609375 0.015625 0.01953125
0 0.3265625 0.4609375 0.015625 0.01953125
0 0.33125 0.447265625 0.015625 0.01953125
0 0.4796875 0.33203125 0.015625 0.01953125
0 0.46875 0.3203125 0.015625 0.01953125
0 0.484375 0.43359375 0.015625 0.01953125
0 0.5125 0.46484375 0.015625 0.01953125
0 0.5390625 0.4609375 0.015625 0.01953125
0 0.4671875 0.509765625 0.015625 0.01953125
0 0.3453125 0.626953125 0.015625 0.01953125
0 0.5328125 0.439453125 0.015625 0.01953125
0 0.0359375 0.669921875 0.015625 0.01953125
