0 0.55625 0.9375 0.015625 0.01953125
0 0.5796875 0.8046875 0.015625 0.01953125
0 0.503125 0.73046875 0.015625 0.01953125
0 0.378125 0.69140625 0.015625 0.01953125
0 0.11875 0.716796875 0.015625 0.01953125
0 0.1421875 0.74609375 0.015625 0.01953125
0 0.1609375 0.751953125 0.015625 0.01953125
0 0.0265625 0.744140625 0.015625 0.01953125
0 0.0828125 0.94140625 0.015625 0.01953125
0 0.940625 0.841796875 0.015625 0.01953125
0 0.8703125 0.921875 0.015625 0.01953125
0 0.66875 0.66015625 0.015625 0.01953125
0 0.6453125 0.64453125 0.015625 0.01953125
0 0.61875 0.609375 0.015625 0.01953125
0 0.6859375 0.5546875 0.015625 0.01953125
0 0.8921875 0.537109375 0.015625 0.01953125
0 0.9 0.5703125 0.015625 0.01953125
0 0.6921875 0.494140625 0.015625 0.01953125
0 0.66875 0.455078125 0.015625 0.01953125
0 0.7140625 0.400390625 0.015625 0.01953125
0 0.8125 0.326171875 0.015625 0.01953125
0 0.8328125 0.326171875 0.015625 0.01953125
0 0.846875 0.33203125 0.015625 0.01953125
0 0.7234375 0.109375 0.015625 0.01953125
0 0.621875 0.087890625 0.015625 0.01953125
0 0.571875 0.05078125 0.015625 0.01953125
0 0.4796875 0.146484375 0.015625 0.01953125
0 0.60625 0.1640625 0.015625 0.01953125
0 0.590625 0.189453125 0.015625 0.01953125
0 0.5921875 0.2265625 0.015625 0.01953125
0 0.59375 0.2734375 0.015625 0.01953125
0 0.659375 0.248046875 0.015625 0.01953125
0 0.65625 0.21875 0.015625 0.01953125
0 0.2421875 0.482421875 0.015625 0.01953125
0 0.3703125 0.59765625 0.015625 0.01953125
0 0.453125 0.673828125 0.015625 0.01953125
0 0.4390625 0.69140625 0.015625 0.01953125
0 0.30625 0.611328125 0.015625 0.01953125
0 0.3390625 0.5625 0.015625 0.01953125
0 0.4359375 0.619140625 0.015625 0.01953125
0 0.4234375 0.603515625 0.015625 0.01953125
0 0.4203125 0.6171875 0.015625 0.01953125
0 0.515625 0.6015625 0.015625 0.01953125
0 0.5078125 0.576171875 0.015625 0.01953125
0 0.484375 0.470703125 0.015625 0.01953125
0 0.334375 0.376953125 0.015625 0.01953125
0 0.3359375 0.349609375 0.015625 0.01953125
0 0.3625 0.341796875 0.015625 0.01953125
0 0.6 0.52734375 0.015625 0.01953125
0 0.578125 0.544921875 0.015625 0.01953125
0 0.6046875 0.58984375 0.015625 0.01953125
0 0.5421875 0.5546875 0.015625 0.01953125
0 0.559375 0.53125 0.015625 0.01953125
0 0.5765625 0.51171875 0.015625 0.01953125
0 0.590625 0.48046875 0.015625 0.01953125
0 0.5546875 0.576171875 0.015625 0.01953125
0 0.5359375 0.599609375 0.015625 0.01953125
0 0.0234375 0.712890625 0.015625 0.01953125
0 0.034375 0.728515625 0.015625 0.01953125
0 0.484375 0.525390625 0.015625 0.01953125
0 0.4171875 0.37890625 0.015625 0.01953125
0 0.4109375 0.41015625 0.015625 0.01953125
0 0.39375 0.404296875 0.015625 0.01953125
0 0.396875 0.427734375 0.015625 0.01953125
0 0.375 0.41015625 0.015625 0.01953125
0 0.3796875 0.431640625 0.015625 0.01953125
0 0.365625 0.455078125 0.015625 0.01953125
0 0.3578125 0.443359375 0.015625 0.01953125
0 0.3453125 0.421875 0.015625 0.01953125
0 0.4015625 0.35546875 0.015625 0.01953125
0 0.5265625 0.39453125 0.015625 0.01953125
0 0.5734375 0.392578125 0.015625 0.01953125
0 0.5890625 0.404296875 0.015625 0.01953125
0 0.609375 0.37890625 0.015625 0.01953125
0 0.5234375 0.318359375 0.015625 0.01953125
0 0.54375 0.30078125 0.015625 0.01953125
0 0.5578125 0.314453125 0.015625 0.01953125
0 0.4265625 0.318359375 0.015625 0.01953125
0 0.4359375 0.40234375 0.015625 0.01953125
0 0.3375 0.51953125 0.015625 0.01953125
0 0.3625 0.509765625 0.015625 0.01953125
0 0.3703125 0.490234375 0.015625 0.01953125
0 0.34375 0.482421875 0.015625 0.01953125
0 0.490625 0.369140625 0.015625 0.01953125
0 0.5046875 0.357421875 0.015625 0.01953125
0 0.5265625 0.357421875 0.015625 0.01953125
0 0.6375 0.359375 0.015625 0.01953125
0 0.6796875 0.14453125 0.015625 0.01953125
0 0.4609375 0.220703125 0.015625 0.01953125
0 0.540625 0.365234375 0.015625 0.01953125
0 0.5484375 0.33984375 0.015625 0.01953125
0 0.475 0.357421875 0.015625 0.01953125
0 0.559375 0.455078125 0.015625 0.01953125
0 0.64375 0.505859375 0.015625 0.01953125
0 0.64375 0.52734375 0.015625 0.01953125
0 0.6484375 0.484375 0.015625 0.01953125
0 0.6390625 0.44921875 0.015625 0.01953125
0 0.63125 0.431640625 0.015625 0.01953125
0 0.6140625 0.3984375 0.015625 0.01953125
0 0.6078125 0.416015625 0.015625 0.01953125
0 0.621875 0.44921875 0.015625 0.01953125
0 0.6203125 0.466796875 0.015625 0.01953125
0 0.45 0.568359375 0.015625 0.01953125
0 0.4609375 0.552734375 0.015625 0.01953125
0 0.4015625 0.552734375 0.015625 0.01953125
0 0.4015625 0.525390625 0.015625 0.01953125
0 0.459375 0.521484375 0.015625 0.01953125
0 0.4234375 0.5 0.015625 0.01953125
0 0.43125 0.560546875 0.015625 0.01953125
0 0.446875 0.49609375 0.015625 0.01953125
0 0.45 0.478515625 0.015625 0.01953125
0 0.4359375 0.486328125 0.015625 0.01953125
0 0.5671875 0.412109375 0.015625 0.01953125
0 0.6 0.44140625 0.015625 0.01953125
0 0.5015625 0.501953125 0.015625 0.01953125
0 0.415625 0.525390625 0.015625 0.01953125
0 0.409375 0.509765625 0.015625 0.01953125
0 0.553125 0.384765625 0.015625 0.01953125
0 0.6046875 0.568359375 0.015625 0.01953125
0 0.975 0.60546875 0.015625 0.01953125
0 0.053125 0.80859375 0.015625 0.01953125
0 0.43125 0.666015625 0.015625 0.01953125
