0 0.2109375 0.861328125 0.015625 0.01953125
0 0.3125 0.7734375 0.015625 0.01953125
0 0.2890625 0.751953125 0.015625 0.01953125
0 0.296875 0.76953125 0.015625 0.01953125
0 0.7203125 0.8203125 0.015625 0.01953125
0 0.6484375 0.7734375 0.015625 0.01953125
0 0.5125 0.7265625 0.015625 0.01953125
0 0.428125 0.6484375 0.015625 0.01953125
0 0.3390625 0.5703125 0.015625 0.01953125
0 0.4578125 0.599609375 0.015625 0.01953125
0 0.4890625 0.630859375 0.015625 0.01953125
0 0.54375 0.6328125 0.015625 0.01953125
0 0.7890625 0.677734375 0.015625 0.01953125
0 0.990625 0.44921875 0.015625 0.01953125
0 0.9859375 0.416015625 0.015625 0.01953125
0 0.9078125 0.322265625 0.015625 0.01953125
0 0.9265625 0.25390625 0.015625 0.01953125
0 0.9140625 0.25390625 0.015625 0.01953125
0 0.6734375 0.2109375 0.015625 0.01953125
0 0.7625 0.1484375 0.015625 0.01953125
0 0.7828125 0.0703125 0.015625 0.01953125
0 0.6375 0.060546875 0.015625 0.01953125
0 0.703125 0.099609375 0.015625 0.01953125
0 0.684375 0.146484375 0.015625 0.01953125
0 0.559375 0.162109375 0.015625 0.01953125
0 0.63125 0.126953125 0.015625 0.01953125
0 0.821875 0.3984375 0.015625 0.01953125
0 0.79375 0.4375 0.015625 0.01953125
0 0.78125 0.45703125 0.015625 0.01953125
0 0.8171875 0.5625 0.015625 0.01953125
0 0.79375 0.609375 0.015625 0.01953125
0 0.7359375 0.365234375 0.015625 0.01953125
0 0.6203125 0.29296875 0.015625 0.01953125
0 0.6578125 0.33203125 0.015625 0.01953125
0 0.621875 0.341796875 0.015625 0.01953125
0 0.6375 0.3203125 0.015625 0.01953125
0 0.759375 0.490234375 0.015625 0.01953125
0 0.759375 0.509765625 0.015625 0.01953125
0 0.7578125 0.533203125 0.015625 0.01953125
0 0.7421875 0.615234375 0.015625 0.01953125
0 0.7296875 0.603515625 0.015625 0.01953125
0 0.7265625 0.57421875 0.015625 0.01953125
0 0.7203125 0.5390625 0.015625 0.01953125
0 0.7 0.556640625 0.015625 0.01953125
0 0.6875 0.5703125 0.015625 0.01953125
0 0.675 0.591796875 0.015625 0.01953125
0 0.6609375 0.61328125 0.015625 0.01953125
0 0.61875 0.53125 0.015625 0.01953125
0 0.6046875 0.548828125 0.015625 0.01953125
0 0.59375 0.56640625 0.015625 0.01953125
0 0.5765625 0.580078125 0.015625 0.01953125
0 0.56875 0.591796875 0.015625 0.01953125
0 0.3890625 0.421875 0.015625 0.01953125
0 0.4109375 0.427734375 0.015625 0.01953125
0 0.4390625 0.41796875 0.015625 0.01953125
0 0.4546875 0.453125 0.015625 0.01953125
0 0.51875 0.408203125 0.015625 0.01953125
0 0.521875 0.423828125 0.015625 0.01953125
0 0.521875 0.443359375 0.015625 0.01953125
0 0.596875 0.494140625 0.015625 0.01953125
0 0.4796875 0.44140625 0.015625 0.01953125
0 0.7109375 0.384765625 0.015625 0.01953125
0 0.71875 0.41015625 0.015625 0.01953125
0 0.6828125 0.40234375 0.015625 0.01953125
0 0.6984375 0.416015625 0.015625 0.01953125
0 0.6453125 0.376953125 0.015625 0.01953125
0 0.6234375 0.375 0.015625 0.01953125
0 0.603125 0.37890625 0.015625 0.01953125
0 0.70625 0.49609375 0.015625 0.01953125
0 0.6921875 0.5234375 0.015625 0.01953125
0 0.6765625 0.54296875 0.015625 0.01953125
0 0.665625 0.568359375 0.015625 0.01953125
0 0.6515625 0.595703125 0.015625 0.01953125
0 0.628125 0.59375 0.015625 0.01953125
0 0.6375 0.626953125 0.015625 0.01953125
0 0.628125 0.416015625 0.015625 0.01953125
0 0.6421875 0.431640625 0.015625 0.01953125
0 0.5765625 0.3828125 0.015625 0.01953125
0 0.5828125 0.701171875 0.015625 0.01953125
0 0.715625 0.18359375 0.015625 0.01953125
0 0.4515625 0.556640625 0.015625 0.01953125
0 0.4765625 0.548828125 0.015625 0.01953125
0 0.525 0.54296875 0.015625 0.01953125
0 0.559375 0.517578125 0.015625 0.01953125
0 0.4578125 0.51953125 0.015625 0.01953125
0 0.503125 0.44921875 0.015625 0.01953125
0 0.546875 0.4609375 0.015625 0.01953125
0 0.5421875 0.435546875 0.015625 0.01953125
0 0.51875 0.583984375 0.015625 0.01953125
0 0.490625 0.3984375 0.015625 0.01953125
0 0.590625 0.396484375 0.015625 0.01953125
0 0.5015625 0.474609375 0.015625 0.01953125
0 0.4828125 0.52734375 0.015625 0.01953125
0 0.478125 0.486328125 0.015625 0.01953125
0 0.4640625 0.48046875 0.015625 0.01953125
0 0.4984375 0.43359375 0.015625 0.01953125
0 0.659375 0.404296875 0.015625 0.01953125
0 0.734375 0.4765625 0.015625 0.01953125
0 0.7484375 0.458984375 0.015625 0.01953125
0 0.7390625 0.4375 0.015625 0.01953125
0 0.6484375 0.35546875 0.015625 0.01953125
0 0.671875 0.439453125 0.015625 0.01953125
0 0.6875 0.4375 0.015625 0.01953125
0 0.715625 0.427734375 0.015625 0.01953125
0 0.5515625 0.5859375 0.015625 0.01953125
0 0.709375 0.443359375 0.015625 0.01953125
0 0.54375 0.55078125 0.015625 0.01953125
0 0.5734375 0.54296875 0.015625 0.01953125
0 0.5359375 0.5234375 0.015625 0.01953125
