0 0.3703125 0.83203125 0.015625 0.01953125
0 0.4046875 0.8984375 0.015625 0.01953125
0 0.5390625 0.751953125 0.015625 0.01953125
0 0.525 0.73828125 0.015625 0.01953125
0 0.5140625 0.72265625 0.015625 0.01953125
0 0.5171875 0.62109375 0.015625 0.01953125
0 0.5484375 0.484375 0.015625 0.01953125
0 0.5296875 0.46484375 0.015625 0.01953125
0 0.6296875 0.65625 0.015625 0.01953125
0 0.38125 0.853515625 0.015625 0.01953125
0 0.7140625 0.73046875 0.015625 0.01953125
0 0.85625 0.783203125 0.015625 0.01953125
0 0.928125 0.806640625 0.015625 0.01953125
0 0.6828125 0.626953125 0.015625 0.01953125
0 0.653125 0.6015625 0.015625 0.01953125
0 0.8109375 0.013671875 0.015625 0.01953125
0 0.825 0.01171875 0.015625 0.01953125
0 0.6625 0.005859375 0.015625 0.01953125
0 0.7265625 0.041015625 0.015625 0.01953125
0 0.790625 0.044921875 0.015625 0.01953125
0 0.90625 0.01171875 0.015625 0.01953125
0 0.834375 0.087890625 0.015625 0.01953125
0 0.871875 0.080078125 0.015625 0.01953125
0 0.925 0.125 0.015625 0.01953125
0 0.8484375 0.130859375 0.015625 0.01953125
0 0.8453125 0.150390625 0.015625 0.01953125
0 0.775 0.150390625 0.015625 0.01953125
0 0.825 0.181640625 0.015625 0.01953125
0 0.7390625 0.314453125 0.015625 0.01953125
0 0.8109375 0.30859375 0.015625 0.01953125
0 0.8296875 0.314453125 0.015625 0.01953125
0 0.9125 0.34765625 0.015625 0.01953125
0 0.9546875 0.353515625 0.015625 0.01953125
0 0.9625 0.44140625 0.015625 0.01953125
0 0.9921875 0.498046875 0.015625 0.01953125
0 0.975 0.54296875 0.015625 0.01953125
0 0.9890625 0.65625 0.015625 0.01953125
0 0.7515625 0.716796875 0.015625 0.01953125
0 0.759375 0.693359375 0.015625 0.01953125
0 0.775 0.712890625 0.015625 0.01953125
0 0.784375 0.69140625 0.015625 0.01953125
0 0.6140625 0.419921875 0.015625 0.01953125
0 0.671875 0.396484375 0.015625 0.01953125
0 0.74375 0.62890625 0.015625 0.01953125
0 0.7609375 0.640625 0.015625 0.01953125
0 0.934375 0.59765625 0.015625 0.01953125
0 0.925 0.578125 0.015625 0.01953125
0 0.9203125 0.556640625 0.015625 0.01953125
0 0.9484375 0.5 0.015625 0.01953125
0 0.646875 0.560546875 0.015625 0.01953125
0 0.6640625 0.546875 0.015625 0.01953125
0 0.646875 0.521484375 0.015625 0.01953125
0 0.6359375 0.45703125 0.015625 0.01953125
0 0.6515625 0.482421875 0.015625 0.01953125
0 0.778125 0.48828125 0.015625 0.01953125
0 0.665625 0.486328125 0.015625 0.01953125
0 0.675 0.509765625 0.015625 0.01953125
0 0.7 0.40234375 0.015625 0.01953125
0 0.79375 0.328125 0.015625 0.01953125
0 0.8265625 0.33984375 0.015625 0.01953125
0 0.7578125 0.373046875 0.015625 0.01953125
0 0.775 0.373046875 0.015625 0.01953125
0 0.821875 0.580078125 0.015625 0.01953125
0 0.8296875 0.611328125 0.015625 0.01953125
0 0.859375 0.615234375 0.015625 0.01953125
0 0.853125 0.591796875 0.015625 0.01953125
0 0.8703125 0.583984375 0.015625 0.01953125
0 0.853125 0.556640625 0.015625 0.01953125
0 0.8859375 0.546875 0.015625 0.01953125
0 0.88125 0.509765625 0.015625 0.01953125
0 0.9328125 0.44921875 0.015625 0.01953125
0 0.915625 0.458984375 0.015625 0.01953125
0 0.9140625 0.4375 0.015625 0.01953125
0 0.8890625 0.369140625 0.015625 0.01953125
0 0.725 0.4375 0.015625 0.01953125
0 0.690625 0.44921875 0.015625 0.01953125
0 0.8078125 0.517578125 0.015625 0.01953125
0 0.7921875 0.54296875 0.015625 0.01953125
0 0.715625 0.580078125 0.015625 0.01953125
0 0.746875 0.583984375 0.015625 0.01953125
0 0.896875 0.412109375 0.015625 0.01953125
0 0.8953125 0.39453125 0.015625 0.01953125
0 0.89375 0.443359375 0.015625 0.01953125
0 0.7171875 0.55078125 0.015625 0.01953125
0 0.7234375 0.51953125 0.015625 0.01953125
0 0.7609375 0.537109375 0.015625 0.01953125
0 0.7484375 0.517578125 0.015625 0.01953125
0 0.6875 0.53125 0.015625 0.01953125
0 0.81875 0.416015625 0.015625 0.01953125
0 0.821875 0.369140625 0.015625 0.01953125
0 0.840625 0.396484375 0.015625 0.01953125
0 0.8671875 0.388671875 0.015625 0.01953125
0 0.8515625 0.42578125 0.015625 0.01953125
0 0.7703125 0.576171875 0.015625 0.01953125
0 0.6640625 0.443359375 0.015625 0.01953125
0 0.703125 0.439453125 0.015625 0.01953125
0 0.86875 0.533203125 0.015625 0.01953125
0 0.790625 0.375 0.015625 0.01953125
0 0.8015625 0.35546875 0.015625 0.01953125
0 0.89375 0.47265625 0.015625 0.01953125
0 0.8765625 0.40234375 0.015625 0.01953125
