0 0.3125 0.21875 0.015625 0.01953125
0 0.16875 0.017578125 0.015625 0.01953125
0 0.153125 0.021484375 0.015625 0.01953125
0 0.140625 0.01171875 0.015625 0.01953125
0 0.4828125 0.0234375 0.015625 0.01953125
0 0.8828125 0.078125 0.015625 0.01953125
0 0.9796875 0.091796875 0.015625 0.01953125
0 0.9796875 0.03125 0.015625 0.01953125
0 0.840625 0.00390625 0.015625 0.01953125
0 0.803125 0.611328125 0.015625 0.01953125
0 0.81875 0.64453125 0.015625 0.01953125
0 0.8390625 0.71875 0.015625 0.01953125
0 0.8578125 0.79296875 0.015625 0.01953125
0 0.8671875 0.810546875 0.015625 0.01953125
0 0.88125 0.818359375 0.015625 0.01953125
0 0.9515625 0.7578125 0.015625 0.01953125
0 0.9921875 0.71484375 0.015625 0.01953125
0 0.975 0.697265625 0.015625 0.01953125
0 0.9578125 0.55078125 0.015625 0.01953125
0 0.971875 0.576171875 0.015625 0.01953125
0 0.984375 0.58984375 0.015625 0.01953125
0 0.9671875 0.6171875 0.015625 0.01953125
0 0.9671875 0.65625 0.015625 0.01953125
0 0.9859375 0.640625 0.015625 0.01953125
0 0.9796875 0.537109375 0.015625 0.01953125
0 0.990625 0.490234375 0.015625 0.01953125
0 0.9375 0.51171875 0.015625 0.01953125
0 0.459375 0.49609375 0.015625 0.01953125
0 0.9890625 0.560546875 0.015625 0.01953125
0 0.8375 0.025390625 0.015625 0.01953125
