0 0.571875 0.091796875 0.015625 0.01953125
0 0.621875 0.021484375 0.015625 0.01953125
0 0.2546875 0.08203125 0.015625 0.01953125
0 0.6953125 0.71875 0.015625 0.01953125
0 0.734375 0.732421875 0.015625 0.01953125
0 0.753125 0.744140625 0.015625 0.01953125
0 0.64375 0.693359375 0.015625 0.01953125
0 0.9109375 0.765625 0.015625 0.01953125
0 0.840625 0.73828125 0.015625 0.01953125
0 0.803125 0.703125 0.015625 0.01953125
0 0.821875 0.662109375 0.015625 0.01953125
0 0.971875 0.72265625 0.015625 0.01953125
0 0.95 0.716796875 0.015625 0.01953125
0 0.8 0.431640625 0.015625 0.01953125
0 0.95 0.052734375 0.015625 0.01953125
0 0.9765625 0.078125 0.015625 0.01953125
0 0.909375 0.05078125 0.015625 0.01953125
0 0.8421875 0.107421875 0.015625 0.01953125
0 0.9484375 0.32421875 0.015625 0.01953125
0 0.9234375 0.3203125 0.015625 0.01953125
0 0.8890625 0.396484375 0.015625 0.01953125
0 0.975 0.361328125 0.015625 0.01953125
0 0.9640625 0.53125 0.015625 0.01953125
0 0.990625 0.587890625 0.015625 0.01953125
0 0.8390625 0.462890625 0.015625 0.01953125
0 0.7484375 0.4765625 0.015625 0.01953125
0 0.7796875 0.517578125 0.015625 0.01953125
0 0.7984375 0.568359375 0.015625 0.01953125
0 0.8234375 0.494140625 0.015625 0.01953125
0 0.9296875 0.50390625 0.015625 0.01953125
0 0.878125 0.615234375 0.015625 0.01953125
0 0.9203125 0.609375 0.015625 0.01953125
0 0.915625 0.654296875 0.015625 0.01953125
0 0.853125 0.412109375 0.015625 0.01953125
0 0.953125 0.556640625 0.015625 0.01953125
