0 0.1390625 0.056640625 0.015625 0.01953125
0 0.1515625 0.03125 0.015625 0.01953125
0 0.3171875 0.0546875 0.015625 0.01953125
0 0.2984375 0.095703125 0.015625 0.01953125
0 0.4015625 0.08984375 0.015625 0.01953125
0 0.2953125 0.01171875 0.015625 0.01953125
0 0.275 0.00390625 0.015625 0.01953125
0 0.3953125 0.044921875 0.015625 0.01953125
0 0.1984375 0.28125 0.015625 0.01953125
0 0.0828125 0.435546875 0.015625 0.01953125
0 0.33125 0.291015625 0.015625 0.01953125
0 0.371875 0.203125 0.015625 0.01953125
0 0.3578125 0.150390625 0.015625 0.01953125
0 0.41875 0.267578125 0.015625 0.01953125
0 0.425 0.197265625 0.015625 0.01953125
0 0.5046875 0.033203125 0.015625 0.01953125
0 0.5125 0.021484375 0.015625 0.01953125
0 0.515625 0.263671875 0.015625 0.01953125
0 0.48125 0.30859375 0.015625 0.01953125
0 0.46875 0.294921875 0.015625 0.01953125
0 0.5328125 0.193359375 0.015625 0.01953125
0 0.553125 0.11328125 0.015625 0.01953125
0 0.7296875 0.1328125 0.015625 0.01953125
0 0.7015625 0.24609375 0.015625 0.01953125
0 0.715625 0.349609375 0.015625 0.01953125
0 0.753125 0.408203125 0.015625 0.01953125
0 0.76875 0.455078125 0.015625 0.01953125
0 0.771875 0.5 0.015625 0.01953125
0 0.7375 0.564453125 0.015625 0.01953125
0 0.7875 0.57421875 0.015625 0.01953125
0 0.8078125 0.583984375 0.015625 0.01953125
0 0.85 0.609375 0.015625 0.01953125
0 0.8625 0.771484375 0.015625 0.01953125
0 0.8640625 0.86328125 0.015625 0.01953125
0 0.7609375 0.822265625 0.015625 0.01953125
0 0.65625 0.853515625 0.015625 0.01953125
0 0.5390625 0.857421875 0.015625 0.01953125
0 0.5765625 0.9609375 0.015625 0.01953125
0 0.4796875 0.955078125 0.015625 0.01953125
0 0.40625 0.97265625 0.015625 0.01953125
0 0.3875 0.96875 0.015625 0.01953125
0 0.4984375 0.87109375 0.015625 0.01953125
0 0.484375 0.873046875 0.015625 0.01953125
0 0.4671875 0.8671875 0.015625 0.01953125
0 0.5734375 0.798828125 0.015625 0.01953125
0 0.5421875 0.787109375 0.015625 0.01953125
0 0.471875 0.79296875 0.015625 0.01953125
0 0.6703125 0.787109375 0.015625 0.01953125
0 0.69375 0.798828125 0.015625 0.01953125
0 0.6984375 0.78515625 0.015625 0.01953125
0 0.696875 0.76953125 0.015625 0.01953125
0 0.7328125 0.49609375 0.015625 0.01953125
0 0.715625 0.474609375 0.015625 0.01953125
0 0.71875 0.431640625 0.015625 0.01953125
0 0.45625 0.56640625 0.015625 0.01953125
0 0.4953125 0.552734375 0.015625 0.01953125
0 0.634375 0.7578125 0.015625 0.01953125
0 0.646875 0.740234375 0.015625 0.01953125
0 0.6203125 0.734375 0.015625 0.01953125
0 0.621875 0.70703125 0.015625 0.01953125
0 0.5921875 0.7265625 0.015625 0.01953125
0 0.675 0.65234375 0.015625 0.01953125
0 0.7109375 0.6484375 0.015625 0.01953125
0 0.684375 0.607421875 0.015625 0.01953125
0 0.70625 0.6171875 0.015625 0.01953125
0 0.528125 0.427734375 0.015625 0.01953125
0 0.5484375 0.416015625 0.015625 0.01953125
0 0.6421875 0.4453125 0.015625 0.01953125
0 0.65 0.458984375 0.015625 0.01953125
0 0.6640625 0.482421875 0.015625 0.01953125
0 0.7109375 0.541015625 0.015625 0.01953125
0 0.7046875 0.564453125 0.015625 0.01953125
0 0.7046875 0.583984375 0.015625 0.01953125
0 0.6828125 0.57421875 0.015625 0.01953125
0 0.684375 0.544921875 0.015625 0.01953125
0 0.6734375 0.51171875 0.015625 0.01953125
0 0.6828125 0.46875 0.015625 0.01953125
0 0.6890625 0.5078125 0.015625 0.01953125
0 0.6296875 0.609375 0.015625 0.01953125
0 0.628125 0.638671875 0.015625 0.01953125
0 0.6234375 0.6796875 0.015625 0.01953125
0 0.4734375 0.642578125 0.015625 0.01953125
0 0.5125 0.755859375 0.015625 0.01953125
0 0.5265625 0.728515625 0.015625 0.01953125
0 0.5765625 0.455078125 0.015625 0.01953125
0 0.5234375 0.708984375 0.015625 0.01953125
0 0.5171875 0.69140625 0.015625 0.01953125
0 0.5125 0.662109375 0.015625 0.01953125
0 0.496875 0.681640625 0.015625 0.01953125
0 0.4984375 0.708984375 0.015625 0.01953125
0 0.5 0.73046875 0.015625 0.01953125
0 0.4828125 0.68359375 0.015625 0.01953125
0 0.484375 0.66015625 0.015625 0.01953125
0 0.453125 0.67578125 0.015625 0.01953125
0 0.421875 0.65234375 0.015625 0.01953125
0 0.44375 0.65625 0.015625 0.01953125
0 0.590625 0.6015625 0.015625 0.01953125
0 0.496875 0.6015625 0.015625 0.01953125
0 0.5 0.638671875 0.015625 0.01953125
0 0.5890625 0.513671875 0.015625 0.01953125
0 0.4953125 0.763671875 0.015625 0.01953125
0 0.590625 0.48046875 0.015625 0.01953125
0 0.484375 0.625 0.015625 0.01953125
0 0.51875 0.521484375 0.015625 0.01953125
0 0.540625 0.513671875 0.015625 0.01953125
0 0.5453125 0.47265625 0.015625 0.01953125
0 0.5296875 0.453125 0.015625 0.01953125
0 0.559375 0.439453125 0.015625 0.01953125
0 0.6078125 0.70703125 0.015625 0.01953125
0 0.49375 0.1953125 0.015625 0.01953125
0 0.4984375 0.169921875 0.015625 0.01953125
0 0.6375 0.388671875 0.015625 0.01953125
0 0.6171875 0.421875 0.015625 0.01953125
0 0.6140625 0.458984375 0.015625 0.01953125
0 0.6234375 0.482421875 0.015625 0.01953125
0 0.5328125 0.349609375 0.015625 0.01953125
0 0.0078125 0.310546875 0.015625 0.01953125
