0 0.76875 0.962890625 0.015625 0.01953125
0 0.775 0.931640625 0.015625 0.01953125
0 0.74375 0.865234375 0.015625 0.01953125
0 0.7421875 0.9375 0.015625 0.01953125
0 0.725 0.951171875 0.015625 0.01953125
0 0.7015625 0.880859375 0.015625 0.01953125
0 0.7046875 0.927734375 0.015625 0.01953125
0 0.703125 0.798828125 0.015625 0.01953125
0 0.6625 0.681640625 0.015625 0.01953125
0 0.7703125 0.625 0.015625 0.01953125
0 0.575 0.552734375 0.015625 0.01953125
0 0.5140625 0.619140625 0.015625 0.01953125
0 0.4953125 0.611328125 0.015625 0.01953125
0 0.4828125 0.6015625 0.015625 0.01953125
0 0.4546875 0.609375 0.015625 0.01953125
0 0.61875 0.8359375 0.015625 0.01953125
0 0.603125 0.87109375 0.015625 0.01953125
0 0.6296875 0.90234375 0.015625 0.01953125
0 0.6625 0.923828125 0.015625 0.01953125
0 0.5515625 0.322265625 0.015625 0.01953125
0 0.871875 0.263671875 0.015625 0.01953125
0 0.925 0.033203125 0.015625 0.01953125
0 0.54375 0.041015625 0.015625 0.01953125
0 0.4796875 0.064453125 0.015625 0.01953125
0 0.29375 0.00390625 0.015625 0.01953125
0 0.225 0.20703125 0.015625 0.01953125
0 0.5265625 0.296875 0.015625 0.01953125
0 0.528125 0.275390625 0.015625 0.01953125
0 0.4375 0.396484375 0.015625 0.01953125
0 0.4265625 0.408203125 0.015625 0.01953125
0 0.2671875 0.41796875 0.015625 0.01953125
0 0.2421875 0.396484375 0.015625 0.01953125
0 0.228125 0.44921875 0.015625 0.01953125
0 0.390625 0.5390625 0.015625 0.01953125
0 0.3921875 0.6171875 0.015625 0.01953125
0 0.3859375 0.640625 0.015625 0.01953125
0 0.3984375 0.650390625 0.015625 0.01953125
0 0.1109375 0.431640625 0.015625 0.01953125
0 0.10625 0.470703125 0.015625 0.01953125
0 0.3171875 0.580078125 0.015625 0.01953125
0 0.215625 0.705078125 0.015625 0.01953125
0 0.5015625 0.900390625 0.015625 0.01953125
0 0.5109375 0.873046875 0.015625 0.01953125
0 0.540625 0.88671875 0.015625 0.01953125
0 0.528125 0.859375 0.015625 0.01953125
0 0.525 0.92578125 0.015625 0.01953125
0 0.5546875 0.91015625 0.015625 0.01953125
0 0.6125 0.9765625 0.015625 0.01953125
0 0.6671875 0.97265625 0.015625 0.01953125
0 0.575 0.93359375 0.015625 0.01953125
0 0.59375 0.9296875 0.015625 0.01953125
0 0.6453125 0.935546875 0.015625 0.01953125
0 0.4796875 0.837890625 0.015625 0.01953125
0 0.5171875 0.953125 0.015625 0.01953125
0 0.56875 0.96484375 0.015625 0.01953125
0 0.5484375 0.958984375 0.015625 0.01953125
0 0.49375 0.9765625 0.015625 0.01953125
0 0.6734375 0.94140625 0.015625 0.01953125
0 0.6578125 0.94140625 0.015625 0.01953125
0 0.4625 0.74609375 0.015625 0.01953125
0 0.4546875 0.72265625 0.015625 0.01953125
0 0.434375 0.6796875 0.015625 0.01953125
0 0.2484375 0.759765625 0.015625 0.01953125
0 0.30625 0.603515625 0.015625 0.01953125
