0 0.11875 0.09765625 0.015625 0.01953125
0 0.0828125 0.1328125 0.015625 0.01953125
0 0.0984375 0.267578125 0.015625 0.01953125
0 0.1296875 0.30078125 0.015625 0.01953125
0 0.0578125 0.453125 0.015625 0.01953125
0 0.0484375 0.470703125 0.015625 0.01953125
0 0.0265625 0.705078125 0.015625 0.01953125
0 0.0421875 0.861328125 0.015625 0.01953125
0 0.1421875 0.791015625 0.015625 0.01953125
0 0.134375 0.74609375 0.015625 0.01953125
0 0.1078125 0.693359375 0.015625 0.01953125
0 0.1234375 0.66796875 0.015625 0.01953125
0 0.11875 0.63671875 0.015625 0.01953125
0 0.1453125 0.65625 0.015625 0.01953125
0 0.34375 0.59765625 0.015625 0.01953125
0 0.39375 0.6796875 0.015625 0.01953125
0 0.58125 0.587890625 0.015625 0.01953125
0 0.8515625 0.45703125 0.015625 0.01953125
0 0.5171875 0.21484375 0.015625 0.01953125
0 0.834375 0.24609375 0.015625 0.01953125
0 0.865625 0.248046875 0.015625 0.01953125
0 0.93125 0.216796875 0.015625 0.01953125
0 0.759375 0.0703125 0.015625 0.01953125
0 0.803125 0.052734375 0.015625 0.01953125
0 0.8046875 0.033203125 0.015625 0.01953125
0 0.8015625 0.015625 0.015625 0.01953125
0 0.1203125 0.728515625 0.015625 0.01953125
0 0.259375 0.65234375 0.015625 0.01953125
0 0.2453125 0.666015625 0.015625 0.01953125
0 0.23125 0.65625 0.015625 0.01953125
0 0.2390625 0.73046875 0.015625 0.01953125
0 0.228125 0.765625 0.015625 0.01953125
0 0.221875 0.7890625 0.015625 0.01953125
0 0.2421875 0.79296875 0.015625 0.01953125
0 0.7640625 0.923828125 0.015625 0.01953125
0 0.959375 0.8046875 0.015625 0.01953125
0 0.7484375 0.896484375 0.015625 0.01953125
0 0.73125 0.88671875 0.015625 0.01953125
0 0.646875 0.8671875 0.015625 0.01953125
0 0.61875 0.884765625 0.015625 0.01953125
0 0.5765625 0.857421875 0.015625 0.01953125
0 0.565625 0.94140625 0.015625 0.01953125
0 0.5421875 0.8671875 0.015625 0.01953125
0 0.55 0.80859375 0.015625 0.01953125
0 0.4875 0.73828125 0.015625 0.01953125
0 0.50625 0.814453125 0.015625 0.01953125
0 0.521875 0.86328125 0.015625 0.01953125
0 0.5375 0.93359375 0.015625 0.01953125
0 0.5453125 0.962890625 0.015625 0.01953125
0 0.546875 0.98828125 0.015625 0.01953125
0 0.415625 0.8125 0.015625 0.01953125
0 0.4171875 0.8515625 0.015625 0.01953125
0 0.2875 0.87109375 0.015625 0.01953125
0 0.3390625 0.875 0.015625 0.01953125
0 0.35625 0.8984375 0.015625 0.01953125
0 0.3234375 0.89453125 0.015625 0.01953125
0 0.328125 0.921875 0.015625 0.01953125
0 0.5125 0.94921875 0.015625 0.01953125
0 0.521875 0.982421875 0.015625 0.01953125
0 0.50625 0.908203125 0.015625 0.01953125
0 0.4515625 0.947265625 0.015625 0.01953125
0 0.4484375 0.9140625 0.015625 0.01953125
0 0.4953125 0.8828125 0.015625 0.01953125
0 0.484375 0.896484375 0.015625 0.01953125
0 0.46875 0.892578125 0.015625 0.01953125
0 0.484375 0.873046875 0.015625 0.01953125
0 0.446875 0.875 0.015625 0.01953125
0 0.4375 0.865234375 0.015625 0.01953125
0 0.4296875 0.884765625 0.015625 0.01953125
0 0.4078125 0.89453125 0.015625 0.01953125
0 0.4140625 0.91796875 0.015625 0.01953125
0 0.4 0.92578125 0.015625 0.01953125
0 0.40625 0.95703125 0.015625 0.01953125
0 0.3875 0.953125 0.015625 0.01953125
0 0.35625 0.943359375 0.015625 0.01953125
0 0.359375 0.96484375 0.015625 0.01953125
0 0.3734375 0.916015625 0.015625 0.01953125
0 0.4921875 0.919921875 0.015625 0.01953125
0 0.4296875 0.9140625 0.015625 0.01953125
0 0.359375 0.982421875 0.015625 0.01953125
