0 0.79375 0.921875 0.015625 0.01953125
0 0.834375 0.625 0.015625 0.01953125
0 0.65625 0.791015625 0.015625 0.01953125
0 0.484375 0.916015625 0.015625 0.01953125
0 0.5484375 0.986328125 0.015625 0.01953125
0 0.3734375 0.8203125 0.015625 0.01953125
0 0.36875 0.8828125 0.015625 0.01953125
0 0.2375 0.837890625 0.015625 0.01953125
0 0.21875 0.830078125 0.015625 0.01953125
0 0.246875 0.828125 0.015625 0.01953125
0 0.9375 0.37109375 0.015625 0.01953125
0 0.871875 0.400390625 0.015625 0.01953125
0 0.840625 0.388671875 0.015625 0.01953125
0 0.521875 0.408203125 0.015625 0.01953125
0 0.775 0.1796875 0.015625 0.01953125
0 0.753125 0.189453125 0.015625 0.01953125
0 0.74375 0.123046875 0.015625 0.01953125
0 0.4484375 0.095703125 0.015625 0.01953125
0 0.3765625 0.044921875 0.015625 0.01953125
0 0.2609375 0.0078125 0.015625 0.01953125
0 0.096875 0.248046875 0.015625 0.01953125
0 0.6859375 0.044921875 0.015625 0.01953125
0 0.70625 0.052734375 0.015625 0.01953125
0 0.7109375 0.017578125 0.015625 0.01953125
0 0.7265625 0.025390625 0.015625 0.01953125
0 0.8421875 0.00390625 0.015625 0.01953125
0 0.9890625 0.046875 0.015625 0.01953125
0 0.059375 0.2890625 0.015625 0.01953125
0 0.04375 0.41015625 0.015625 0.01953125
0 0.125 0.853515625 0.015625 0.01953125
0 0.1453125 0.869140625 0.015625 0.01953125
0 0.1984375 0.921875 0.015625 0.01953125
0 0.190625 0.91015625 0.015625 0.01953125
0 0.2203125 0.953125 0.015625 0.01953125
0 0.2328125 0.986328125 0.015625 0.01953125
0 0.05 0.87890625 0.015625 0.01953125
0 0.021875 0.853515625 0.015625 0.01953125
0 0.0046875 0.837890625 0.015625 0.01953125
0 0.01875 0.806640625 0.015625 0.01953125
0 0.0609375 0.271484375 0.015625 0.01953125
0 0.0171875 0.380859375 0.015625 0.01953125
0 0.021875 0.35546875 0.015625 0.01953125
