0 0.84375 0.955078125 0.015625 0.01953125
0 0.871875 0.97265625 0.015625 0.01953125
0 0.8859375 0.982421875 0.015625 0.01953125
0 0.9515625 0.947265625 0.015625 0.01953125
0 0.3609375 0.55859375 0.015625 0.01953125
0 0.4203125 0.60546875 0.015625 0.01953125
0 0.053125 0.794921875 0.015625 0.01953125
0 0.09375 0.505859375 0.015625 0.01953125
0 0.165625 0.328125 0.015625 0.01953125
0 0.24375 0.359375 0.015625 0.01953125
0 0.0203125 0.841796875 0.015625 0.01953125
0 0.015625 0.826171875 0.015625 0.01953125
0 0.2203125 0.50390625 0.015625 0.01953125
0 0.20625 0.48828125 0.015625 0.01953125
0 0.440625 0.412109375 0.015625 0.01953125
0 0.38125 0.3359375 0.015625 0.01953125
0 0.5375 0.345703125 0.015625 0.01953125
0 0.5765625 0.45703125 0.015625 0.01953125
0 0.7078125 0.7265625 0.015625 0.01953125
0 0.7375 0.732421875 0.015625 0.01953125
0 0.734375 0.705078125 0.015625 0.01953125
0 0.7046875 0.5703125 0.015625 0.01953125
0 0.7359375 0.537109375 0.015625 0.01953125
0 0.759375 0.5390625 0.015625 0.01953125
0 0.065625 0.15625 0.015625 0.01953125
0 0.096875 0.123046875 0.015625 0.01953125
0 0.796875 0.375 0.015625 0.01953125
0 0.76875 0.451171875 0.015625 0.01953125
0 0.7359375 0.38671875 0.015625 0.01953125
0 0.6890625 0.32421875 0.015625 0.01953125
0 0.840625 0.2421875 0.015625 0.01953125
0 0.8296875 0.240234375 0.015625 0.01953125
0 0.79375 0.240234375 0.015625 0.01953125
0 0.734375 0.23046875 0.015625 0.01953125
0 0.7078125 0.21484375 0.015625 0.01953125
0 0.68125 0.205078125 0.015625 0.01953125
0 0.6625 0.193359375 0.015625 0.01953125
0 0.628125 0.189453125 0.015625 0.01953125
0 0.61875 0.193359375 0.015625 0.01953125
0 0.53125 0.15625 0.015625 0.01953125
0 0.4765625 0.138671875 0.015625 0.01953125
0 0.4640625 0.177734375 0.015625 0.01953125
0 0.440625 0.171875 0.015625 0.01953125
0 0.4125 0.1640625 0.015625 0.01953125
0 0.3828125 0.16015625 0.015625 0.01953125
0 0.4328125 0.203125 0.015625 0.01953125
0 0.396875 0.212890625 0.015625 0.01953125
0 0.384375 0.220703125 0.015625 0.01953125
0 0.36875 0.220703125 0.015625 0.01953125
0 0.325 0.15234375 0.015625 0.01953125
0 0.246875 0.16015625 0.015625 0.01953125
0 0.2984375 0.1171875 0.015625 0.01953125
0 0.2421875 0.06640625 0.015625 0.01953125
0 0.209375 0.08984375 0.015625 0.01953125
0 0.7234375 0.369140625 0.015625 0.01953125
0 0.0484375 0.146484375 0.015625 0.01953125
0 0.0828125 0.109375 0.015625 0.01953125
0 0.159375 0.109375 0.015625 0.01953125
0 0.8390625 0.51953125 0.015625 0.01953125
0 0.846875 0.498046875 0.015625 0.01953125
