0 0.175 0.935546875 0.015625 0.01953125
0 0.0765625 0.923828125 0.015625 0.01953125
0 0.5484375 0.896484375 0.015625 0.01953125
0 0.4171875 0.830078125 0.015625 0.01953125
0 0.34375 0.791015625 0.015625 0.01953125
0 0.1140625 0.74609375 0.015625 0.01953125
0 0.2203125 0.779296875 0.015625 0.01953125
0 0.7328125 0.869140625 0.015625 0.01953125
0 0.8390625 0.927734375 0.015625 0.01953125
0 0.8109375 0.955078125 0.015625 0.01953125
0 0.7578125 0.947265625 0.015625 0.01953125
0 0.6875 0.98828125 0.015625 0.01953125
0 0.7703125 0.8046875 0.015625 0.01953125
0 0.6578125 0.740234375 0.015625 0.01953125
0 0.628125 0.775390625 0.015625 0.01953125
0 0.615625 0.755859375 0.015625 0.01953125
0 0.5015625 0.7578125 0.015625 0.01953125
0 0.040625 0.513671875 0.015625 0.01953125
0 0.1140625 0.494140625 0.015625 0.01953125
0 0.1984375 0.55859375 0.015625 0.01953125
0 0.2453125 0.509765625 0.015625 0.01953125
0 0.1578125 0.47265625 0.015625 0.01953125
0 0.1921875 0.44921875 0.015625 0.01953125
0 0.2796875 0.55078125 0.015625 0.01953125
0 0.3265625 0.62890625 0.015625 0.01953125
0 0.3421875 0.623046875 0.015625 0.01953125
0 0.3625 0.611328125 0.015625 0.01953125
0 0.34375 0.564453125 0.015625 0.01953125
0 0.378125 0.556640625 0.015625 0.01953125
0 0.8171875 0.642578125 0.015625 0.01953125
0 0.7109375 0.626953125 0.015625 0.01953125
0 0.68125 0.615234375 0.015625 0.01953125
0 0.65 0.603515625 0.015625 0.01953125
0 0.634375 0.59765625 0.015625 0.01953125
0 0.6 0.591796875 0.015625 0.01953125
0 0.5875 0.58984375 0.015625 0.01953125
0 0.4953125 0.544921875 0.015625 0.01953125
0 0.440625 0.533203125 0.015625 0.01953125
0 0.425 0.5703125 0.015625 0.01953125
0 0.4 0.57421875 0.015625 0.01953125
0 0.3828125 0.51953125 0.015625 0.01953125
