0 0.403125 0.974609375 0.015625 0.01953125
0 0.31875 0.931640625 0.015625 0.01953125
0 0.15 0.890625 0.015625 0.01953125
0 0.096875 0.869140625 0.015625 0.01953125
0 0.1078125 0.671875 0.015625 0.01953125
0 0.203125 0.6953125 0.015625 0.01953125
0 0.3015625 0.677734375 0.015625 0.01953125
0 0.4015625 0.765625 0.015625 0.01953125
0 0.3234375 0.685546875 0.015625 0.01953125
0 0.4875 0.669921875 0.015625 0.01953125
0 0.5140625 0.6328125 0.015625 0.01953125
0 0.54375 0.849609375 0.015625 0.01953125
0 0.66875 0.88671875 0.015625 0.01953125
0 0.69375 0.88671875 0.015625 0.01953125
0 0.765625 0.853515625 0.015625 0.01953125
0 0.8 0.8515625 0.015625 0.01953125
0 0.7265625 0.7578125 0.015625 0.01953125
0 0.7515625 0.689453125 0.015625 0.01953125
0 0.8265625 0.818359375 0.015625 0.01953125
0 0.6578125 0.6328125 0.015625 0.01953125
0 0.9828125 0.837890625 0.015625 0.01953125
0 0.975 0.89453125 0.015625 0.01953125
0 0.9390625 0.98046875 0.015625 0.01953125
0 0.8 0.541015625 0.015625 0.01953125
0 0.7859375 0.537109375 0.015625 0.01953125
0 0.69375 0.53125 0.015625 0.01953125
0 0.659375 0.517578125 0.015625 0.01953125
0 0.6296875 0.513671875 0.015625 0.01953125
0 0.6140625 0.509765625 0.015625 0.01953125
0 0.5796875 0.505859375 0.015625 0.01953125
0 0.5671875 0.501953125 0.015625 0.01953125
0 0.4734375 0.466796875 0.015625 0.01953125
0 0.4171875 0.453125 0.015625 0.01953125
0 0.4046875 0.486328125 0.015625 0.01953125
0 0.3828125 0.494140625 0.015625 0.01953125
0 0.3578125 0.4921875 0.015625 0.01953125
0 0.328125 0.486328125 0.015625 0.01953125
0 0.375 0.525390625 0.015625 0.01953125
0 0.3390625 0.54296875 0.015625 0.01953125
0 0.321875 0.54296875 0.015625 0.01953125
0 0.3125 0.55078125 0.015625 0.01953125
0 0.1828125 0.490234375 0.015625 0.01953125
0 0.25625 0.47265625 0.015625 0.01953125
0 0.2265625 0.435546875 0.015625 0.01953125
0 0.228125 0.400390625 0.015625 0.01953125
0 0.1671875 0.376953125 0.015625 0.01953125
0 0.1 0.439453125 0.015625 0.01953125
0 0.09375 0.421875 0.015625 0.01953125
0 0.0125 0.458984375 0.015625 0.01953125
