0 0.7796875 0.650390625 0.015625 0.01953125
0 0.771875 0.787109375 0.015625 0.01953125
0 0.7484375 0.931640625 0.015625 0.01953125
0 0.5265625 0.732421875 0.015625 0.01953125
0 0.5921875 0.84375 0.015625 0.01953125
0 0.56875 0.884765625 0.015625 0.01953125
0 0.5703125 0.91015625 0.015625 0.01953125
0 0.465625 0.91796875 0.015625 0.01953125
0 0.4296875 0.919921875 0.015625 0.01953125
0 0.3328125 0.857421875 0.015625 0.01953125
0 0.1 0.966796875 0.015625 0.01953125
0 0.19375 0.837890625 0.015625 0.01953125
0 0.0859375 0.728515625 0.015625 0.01953125
0 0.275 0.662109375 0.015625 0.01953125
0 0.2609375 0.677734375 0.015625 0.01953125
0 0.2578125 0.703125 0.015625 0.01953125
0 0.440625 0.666015625 0.015625 0.01953125
0 0.5671875 0.5703125 0.015625 0.01953125
0 0.4671875 0.564453125 0.015625 0.01953125
0 0.4375 0.55078125 0.015625 0.01953125
0 0.4125 0.54296875 0.015625 0.01953125
0 0.3921875 0.546875 0.015625 0.01953125
0 0.3609375 0.53515625 0.015625 0.01953125
0 0.2640625 0.50390625 0.015625 0.01953125
0 0.2578125 0.4921875 0.015625 0.01953125
0 0.2046875 0.482421875 0.015625 0.01953125
0 0.1875 0.513671875 0.015625 0.01953125
0 0.1640625 0.53125 0.015625 0.01953125
0 0.1375 0.525390625 0.015625 0.01953125
0 0.1015625 0.521484375 0.015625 0.01953125
0 0.103125 0.572265625 0.015625 0.01953125
0 0.11875 0.564453125 0.015625 0.01953125
0 0.05 0.51171875 0.015625 0.01953125
0 0.015625 0.47265625 0.015625 0.01953125
