0 0.771875 0.84765625 0.015625 0.01953125
0 0.7859375 0.638671875 0.015625 0.01953125
0 0.796875 0.513671875 0.015625 0.01953125
0 0.7796875 0.515625 0.015625 0.01953125
0 0.915625 0.943359375 0.015625 0.01953125
0 0.946875 0.939453125 0.015625 0.01953125
0 0.48125 0.634765625 0.015625 0.01953125
0 0.4609375 0.859375 0.015625 0.01953125
0 0.284375 0.986328125 0.015625 0.01953125
0 0.2625 0.818359375 0.015625 0.01953125
0 0.3125 0.826171875 0.015625 0.01953125
0 0.1796875 0.84375 0.015625 0.01953125
0 0.15 0.84375 0.015625 0.01953125
0 0.05 0.78515625 0.015625 0.01953125
0 0.2984375 0.5078125 0.015625 0.01953125
0 0.2 0.50390625 0.015625 0.01953125
0 0.1703125 0.4921875 0.015625 0.01953125
0 0.1453125 0.478515625 0.015625 0.01953125
0 0.128125 0.478515625 0.015625 0.01953125
0 0.0921875 0.474609375 0.015625 0.01953125
0 0.0796875 0.46484375 0.015625 0.01953125
0 0.1828125 0.591796875 0.015625 0.01953125
0 0.3109375 0.78515625 0.015625 0.01953125
0 0.234375 0.712890625 0.015625 0.01953125
0 0.2640625 0.64453125 0.015625 0.01953125
0 0.3796875 0.568359375 0.015625 0.01953125
0 0.75 0.509765625 0.015625 0.01953125
