0 0.840625 0.94921875 0.015625 0.01953125
0 0.2046875 0.93359375 0.015625 0.01953125
0 0.021875 0.787109375 0.015625 0.01953125
0 0.4703125 0.537109375 0.015625 0.01953125
0 0.4484375 0.53125 0.015625 0.01953125
0 0.4296875 0.564453125 0.015625 0.01953125
0 0.253125 0.509765625 0.015625 0.01953125
0 0.1953125 0.39453125 0.015625 0.01953125
0 0.4078125 0.3203125 0.015625 0.01953125
0 0.6359375 0.39453125 0.015625 0.01953125
0 0.6140625 0.25 0.015625 0.01953125
0 0.5984375 0.234375 0.015625 0.01953125
0 0.54375 0.220703125 0.015625 0.01953125
0 0.5375 0.193359375 0.015625 0.01953125
0 0.5171875 0.173828125 0.015625 0.01953125
0 0.1703125 0.27734375 0.015625 0.01953125
0 0.1546875 0.287109375 0.015625 0.01953125
0 0.1390625 0.30078125 0.015625 0.01953125
0 0.121875 0.30859375 0.015625 0.01953125
0 0.9796875 0.12109375 0.015625 0.01953125
0 0.953125 0.0859375 0.015625 0.01953125
0 0.93125 0.080078125 0.015625 0.01953125
0 0.9203125 0.052734375 0.015625 0.01953125
0 0.9375 0.017578125 0.015625 0.01953125
0 0.9640625 0.00390625 0.015625 0.01953125
