0 0.03125 0.765625 0.015625 0.01953125
0 0.209375 0.76953125 0.015625 0.01953125
0 0.2296875 0.74609375 0.015625 0.01953125
0 0.25625 0.7421875 0.015625 0.01953125
0 0.43125 0.578125 0.015625 0.01953125
0 0.3546875 0.51171875 0.015625 0.01953125
0 0.3484375 0.498046875 0.015625 0.01953125
0 0.2015625 0.541015625 0.015625 0.01953125
0 0.2875 0.45703125 0.015625 0.01953125
0 0.275 0.4296875 0.015625 0.01953125
0 0.2609375 0.412109375 0.015625 0.01953125
0 0.765625 0.33203125 0.015625 0.01953125
0 0.7453125 0.28125 0.015625 0.01953125
0 0.721875 0.275390625 0.015625 0.01953125
0 0.721875 0.248046875 0.015625 0.01953125
0 0.7015625 0.23046875 0.015625 0.01953125
0 0.6765625 0.26171875 0.015625 0.01953125
0 0.6515625 0.234375 0.015625 0.01953125
0 0.846875 0.26953125 0.015625 0.01953125
0 0.821875 0.271484375 0.015625 0.01953125
0 0.8203125 0.2890625 0.015625 0.01953125
0 0.9328125 0.06640625 0.015625 0.01953125
0 0.946875 0.10546875 0.015625 0.01953125
0 0.9375 0.140625 0.015625 0.01953125
0 0.9765625 0.173828125 0.015625 0.01953125
0 0.559375 0.017578125 0.015625 0.01953125
