0 0.0234375 0.65625 0.015625 0.01953125
0 0.021875 0.638671875 0.015625 0.01953125
0 0.0109375 0.6171875 0.015625 0.01953125
0 0.0890625 0.7265625 0.015625 0.01953125
0 0.075 0.72265625 0.015625 0.01953125
0 0.0421875 0.908203125 0.015625 0.01953125
0 0.021875 0.91015625 0.015625 0.01953125
0 0.2453125 0.69140625 0.015625 0.01953125
0 0.2640625 0.6953125 0.015625 0.01953125
0 0.403125 0.435546875 0.015625 0.01953125
0 0.425 0.46875 0.015625 0.01953125
0 0.4484375 0.443359375 0.015625 0.01953125
0 0.528125 0.408203125 0.015625 0.01953125
0 0.5171875 0.4375 0.015625 0.01953125
0 0.546875 0.4375 0.015625 0.01953125
0 0.571875 0.4921875 0.015625 0.01953125
0 0.6578125 0.427734375 0.015625 0.01953125
0 0.625 0.421875 0.015625 0.01953125
0 0.74375 0.283203125 0.015625 0.01953125
0 0.771875 0.33203125 0.015625 0.01953125
0 0.7875 0.314453125 0.015625 0.01953125
0 0.821875 0.2890625 0.015625 0.01953125
0 0.9046875 0.220703125 0.015625 0.01953125
0 0.8890625 0.20703125 0.015625 0.01953125
0 0.8875 0.171875 0.015625 0.01953125
0 0.8671875 0.080078125 0.015625 0.01953125
0 0.8328125 0.00390625 0.015625 0.01953125
0 0.365625 0.169921875 0.015625 0.01953125
