0 0.3609375 0.306640625 0.015625 0.01953125
0 0.015625 0.931640625 0.015625 0.01953125
0 0.003125 0.919921875 0.015625 0.01953125
0 0.284375 0.798828125 0.015625 0.01953125
0 0.26875 0.79296875 0.015625 0.01953125
0 0.328125 0.62109375 0.015625 0.01953125
0 0.3515625 0.65234375 0.015625 0.01953125
0 0.3875 0.634765625 0.015625 0.01953125
0 0.55 0.642578125 0.015625 0.01953125
0 0.5390625 0.578125 0.015625 0.01953125
0 0.509375 0.572265625 0.015625 0.01953125
0 0.5203125 0.54296875 0.015625 0.01953125
0 0.61875 0.564453125 0.015625 0.01953125
0 0.6515625 0.56640625 0.015625 0.01953125
0 0.6140625 0.587890625 0.015625 0.01953125
0 0.8328125 0.5234375 0.015625 0.01953125
0 0.7640625 0.486328125 0.015625 0.01953125
0 0.790625 0.44921875 0.015625 0.01953125
0 0.821875 0.419921875 0.015625 0.01953125
0 0.846875 0.396484375 0.015625 0.01953125
0 0.8078125 0.24609375 0.015625 0.01953125
0 0.8921875 0.23046875 0.015625 0.01953125
0 0.7328125 0.03515625 0.015625 0.01953125
0 0.365625 0.01171875 0.015625 0.01953125
0 0.3546875 0.03515625 0.015625 0.01953125
0 0.8890625 0.291015625 0.015625 0.01953125
0 0.89375 0.330078125 0.015625 0.01953125
0 0.90625 0.35546875 0.015625 0.01953125
