0 0.5015625 0.123046875 0.015625 0.01953125
0 0.7484375 0.1640625 0.015625 0.01953125
0 0.825 0.1484375 0.015625 0.01953125
0 0.9109375 0.15234375 0.015625 0.01953125
0 0.359375 0.1640625 0.015625 0.01953125
0 0.3328125 0.072265625 0.015625 0.01953125
0 0.54375 0.029296875 0.015625 0.01953125
0 0.3859375 0.16015625 0.015625 0.01953125
0 0.5171875 0.720703125 0.015625 0.01953125
0 0.5515625 0.724609375 0.015625 0.01953125
0 0.546875 0.794921875 0.015625 0.01953125
0 0.753125 0.43359375 0.015625 0.01953125
0 0.63125 0.70703125 0.015625 0.01953125
0 0.2734375 0.833984375 0.015625 0.01953125
0 0.328125 0.861328125 0.015625 0.01953125
0 0.325 0.919921875 0.015625 0.01953125
0 0.309375 0.904296875 0.015625 0.01953125
0 0.896875 0.419921875 0.015625 0.01953125
0 0.2953125 0.86328125 0.015625 0.01953125
0 0.528125 0.6875 0.015625 0.01953125
0 0.284375 0.00390625 0.015625 0.01953125
0 0.95 0.5078125 0.015625 0.01953125
0 0.8953125 0.5546875 0.015625 0.01953125
0 0.8546875 0.55859375 0.015625 0.01953125
0 0.8390625 0.568359375 0.015625 0.01953125
0 0.8046875 0.58984375 0.015625 0.01953125
0 0.8859375 0.732421875 0.015625 0.01953125
0 0.4 0.337890625 0.015625 0.01953125
0 0.3671875 0.4375 0.015625 0.01953125
0 0.8265625 0.6796875 0.015625 0.01953125
0 0.815625 0.681640625 0.015625 0.01953125
0 0.659375 0.708984375 0.015625 0.01953125
0 0.978125 0.46875 0.015625 0.01953125
0 0.959375 0.486328125 0.015625 0.01953125
0 0.9046875 0.55078125 0.015625 0.01953125
