0 0.15625 0.142578125 0.015625 0.01953125
0 0.1234375 0.15234375 0.015625 0.01953125
0 0.3796875 0.203125 0.015625 0.01953125
0 0.3609375 0.20703125 0.015625 0.01953125
0 0.6484375 0.22265625 0.015625 0.01953125
0 0.696875 0.19140625 0.015625 0.01953125
0 0.253125 0.55859375 0.015625 0.01953125
0 0.23125 0.6953125 0.015625 0.01953125
0 0.2453125 0.70703125 0.015625 0.01953125
0 0.290625 0.7578125 0.015625 0.01953125
0 0.3140625 0.76953125 0.015625 0.01953125
0 0.3046875 0.7890625 0.015625 0.01953125
0 0.3046875 0.830078125 0.015625 0.01953125
0 0.3421875 0.82421875 0.015625 0.01953125
0 0.5015625 0.875 0.015625 0.01953125
0 0.5484375 0.943359375 0.015625 0.01953125
0 0.540625 0.89453125 0.015625 0.01953125
0 0.8984375 0.6953125 0.015625 0.01953125
0 0.896875 0.720703125 0.015625 0.01953125
0 0.6046875 0.830078125 0.015625 0.01953125
0 0.6828125 0.80078125 0.015625 0.01953125
0 0.6890625 0.8203125 0.015625 0.01953125
0 0.671875 0.841796875 0.015625 0.01953125
0 0.6421875 0.873046875 0.015625 0.01953125
0 0.003125 0.7890625 0.015625 0.01953125
0 0.9125 0.990234375 0.015625 0.01953125
0 0.253125 0.52734375 0.015625 0.01953125
