0 0.175 0.357421875 0.015625 0.01953125
0 0.2046875 0.34375 0.015625 0.01953125
0 0.4 0.3984375 0.015625 0.01953125
0 0.384375 0.3984375 0.015625 0.01953125
0 0.628125 0.408203125 0.015625 0.01953125
0 0.6453125 0.298828125 0.015625 0.01953125
0 0.2953125 0.697265625 0.015625 0.01953125
0 0.2890625 0.71875 0.015625 0.01953125
0 0.8640625 0.833984375 0.015625 0.01953125
0 0.8609375 0.859375 0.015625 0.01953125
0 0.6078125 0.9609375 0.015625 0.01953125
0 0.2734375 0.837890625 0.015625 0.01953125
0 0.29375 0.83203125 0.015625 0.01953125
0 0.33125 0.853515625 0.015625 0.01953125
0 0.3546875 0.875 0.015625 0.01953125
0 0.325 0.892578125 0.015625 0.01953125
0 0.3375 0.955078125 0.015625 0.01953125
0 0.075 0.9453125 0.015625 0.01953125
