0 0.08125 0.0625 0.015625 0.01953125
0 0.0046875 0.3046875 0.015625 0.01953125
0 0.1390625 0.427734375 0.015625 0.01953125
0 0.1578125 0.4296875 0.015625 0.01953125
0 0.2046875 0.26953125 0.015625 0.01953125
0 0.31875 0.1484375 0.015625 0.01953125
0 0.3625 0.283203125 0.015625 0.01953125
0 0.390625 0.330078125 0.015625 0.01953125
0 0.56875 0.39453125 0.015625 0.01953125
0 0.5625 0.46484375 0.015625 0.01953125
0 0.7484375 0.30859375 0.015625 0.01953125
0 0.81875 0.275390625 0.015625 0.01953125
0 0.7578125 0.52734375 0.015625 0.01953125
0 0.9484375 0.79296875 0.015625 0.01953125
0 0.984375 0.798828125 0.015625 0.01953125
0 0.275 0.791015625 0.015625 0.01953125
0 0.259375 0.806640625 0.015625 0.01953125
0 0.328125 0.8359375 0.015625 0.01953125
0 0.3546875 0.83203125 0.015625 0.01953125
0 0.95 0.287109375 0.015625 0.01953125
0 0.965625 0.294921875 0.015625 0.01953125
0 0.9859375 0.30078125 0.015625 0.01953125
0 0.996875 0.30859375 0.015625 0.01953125
0 0.7921875 0.216796875 0.015625 0.01953125
0 0.1875 0.533203125 0.015625 0.01953125
0 0.4671875 0.0390625 0.015625 0.01953125
0 0.5015625 0.048828125 0.015625 0.01953125
0 0.5171875 0.052734375 0.015625 0.01953125
0 0.4109375 0.005859375 0.015625 0.01953125
