0 0.1796875 0.005859375 0.015625 0.01953125
0 0.2046875 0.01171875 0.015625 0.01953125
0 0.2265625 0.0078125 0.015625 0.01953125
0 0.2796875 0.013671875 0.015625 0.01953125
0 0.3125 0.017578125 0.015625 0.01953125
0 0.090625 0.03125 0.015625 0.01953125
0 0.1453125 0.005859375 0.015625 0.01953125
0 0.1828125 0.033203125 0.015625 0.01953125
0 0.1625 0.041015625 0.015625 0.01953125
0 0.00625 0.0703125 0.015625 0.01953125
0 0.1109375 0.142578125 0.015625 0.01953125
0 0.178125 0.228515625 0.015625 0.01953125
0 0.4 0.28125 0.015625 0.01953125
0 0.4390625 0.126953125 0.015625 0.01953125
0 0.4734375 0.166015625 0.015625 0.01953125
0 0.503125 0.189453125 0.015625 0.01953125
0 0.5578125 0.232421875 0.015625 0.01953125
0 0.596875 0.240234375 0.015625 0.01953125
0 0.609375 0.24609375 0.015625 0.01953125
0 0.8859375 0.40234375 0.015625 0.01953125
0 0.8375 0.421875 0.015625 0.01953125
0 0.846875 0.50390625 0.015625 0.01953125
0 0.6671875 0.583984375 0.015625 0.01953125
0 0.65625 0.6484375 0.015625 0.01953125
0 0.8125 0.71875 0.015625 0.01953125
0 0.4390625 0.48046875 0.015625 0.01953125
0 0.5109375 0.564453125 0.015625 0.01953125
0 0.2828125 0.458984375 0.015625 0.01953125
0 0.253125 0.62890625 0.015625 0.01953125
0 0.2328125 0.626953125 0.015625 0.01953125
0 0.065625 0.404296875 0.015625 0.01953125
0 0.0640625 0.49609375 0.015625 0.01953125
0 0.028125 0.826171875 0.015625 0.01953125
0 0.0109375 0.830078125 0.015625 0.01953125
0 0.3671875 0.9921875 0.015625 0.01953125
0 0.33125 0.744140625 0.015625 0.01953125
