0 0.153125 0.189453125 0.015625 0.01953125
0 0.171875 0.5078125 0.015625 0.01953125
0 0.203125 0.5234375 0.015625 0.01953125
0 0.1828125 0.564453125 0.015625 0.01953125
0 0.1 0.662109375 0.015625 0.01953125
0 0.328125 0.265625 0.015625 0.01953125
0 0.3546875 0.115234375 0.015625 0.01953125
0 0.3875 0.341796875 0.015625 0.01953125
0 0.4046875 0.46484375 0.015625 0.01953125
0 0.3578125 0.703125 0.015625 0.01953125
0 0.271875 0.55859375 0.015625 0.01953125
0 0.2578125 0.580078125 0.015625 0.01953125
0 0.2390625 0.6015625 0.015625 0.01953125
0 0.1328125 0.6953125 0.015625 0.01953125
0 0.3515625 0.734375 0.015625 0.01953125
0 0.371875 0.748046875 0.015625 0.01953125
0 0.5046875 0.900390625 0.015625 0.01953125
0 0.5296875 0.421875 0.015625 0.01953125
0 0.6125 0.509765625 0.015625 0.01953125
0 0.7359375 0.69140625 0.015625 0.01953125
0 0.7515625 0.69140625 0.015625 0.01953125
0 0.7890625 0.5 0.015625 0.01953125
0 0.9203125 0.787109375 0.015625 0.01953125
0 0.9375 0.54296875 0.015625 0.01953125
0 0.8625 0.3671875 0.015625 0.01953125
0 0.6640625 0.302734375 0.015625 0.01953125
0 0.9125 0.181640625 0.015625 0.01953125
0 0.9296875 0.193359375 0.015625 0.01953125
0 0.9609375 0.216796875 0.015625 0.01953125
0 0.9875 0.24609375 0.015625 0.01953125
0 0.471875 0.15234375 0.015625 0.01953125
0 0.5953125 0.1953125 0.015625 0.01953125
0 0.559375 0.08984375 0.015625 0.01953125
0 0.6640625 0.0546875 0.015625 0.01953125
0 0.621875 0.0546875 0.015625 0.01953125
0 0.634375 0.017578125 0.015625 0.01953125
0 0.74375 0.02734375 0.015625 0.01953125
0 0.7921875 0.072265625 0.015625 0.01953125
0 0.809375 0.0859375 0.015625 0.01953125
0 0.7078125 0.0546875 0.015625 0.01953125
0 0.6890625 0.072265625 0.015625 0.01953125
0 0.653125 0.099609375 0.015625 0.01953125
0 0.6671875 0.0859375 0.015625 0.01953125
0 0.75625 0.072265625 0.015625 0.01953125
