0 0.1984375 0.013671875 0.015625 0.01953125
0 0.103125 0.32421875 0.015625 0.01953125
0 0.2515625 0.251953125 0.015625 0.01953125
0 0.421875 0.345703125 0.015625 0.01953125
0 0.5015625 0.36328125 0.015625 0.01953125
0 0.4265625 0.478515625 0.015625 0.01953125
0 0.3921875 0.484375 0.015625 0.01953125
0 0.2890625 0.591796875 0.015625 0.01953125
0 0.2546875 0.80078125 0.015625 0.01953125
0 0.24375 0.599609375 0.015625 0.01953125
0 0.3734375 0.5859375 0.015625 0.01953125
0 0.3625 0.615234375 0.015625 0.01953125
0 0.34375 0.646484375 0.015625 0.01953125
0 0.19375 0.88671875 0.015625 0.01953125
0 0.515625 0.763671875 0.015625 0.01953125
0 0.528125 0.724609375 0.015625 0.01953125
0 0.5484375 0.765625 0.015625 0.01953125
0 0.55625 0.474609375 0.015625 0.01953125
0 0.665625 0.439453125 0.015625 0.01953125
0 0.73125 0.509765625 0.015625 0.01953125
0 0.7046875 0.875 0.015625 0.01953125
0 0.6953125 0.89453125 0.015625 0.01953125
0 0.9015625 0.6484375 0.015625 0.01953125
0 0.928125 0.646484375 0.015625 0.01953125
0 0.89375 0.44140625 0.015625 0.01953125
0 0.771875 0.283203125 0.015625 0.01953125
0 0.6875 0.197265625 0.015625 0.01953125
0 0.9890625 0.259765625 0.015625 0.01953125
0 0.996875 0.107421875 0.015625 0.01953125
0 0.5671875 0.14453125 0.015625 0.01953125
0 0.4515625 0.14453125 0.015625 0.01953125
0 0.740625 0.0859375 0.015625 0.01953125
0 0.740625 0.060546875 0.015625 0.01953125
0 0.7015625 0.0390625 0.015625 0.01953125
0 0.6421875 0.048828125 0.015625 0.01953125
0 0.865625 0.01953125 0.015625 0.01953125
0 0.884375 0.029296875 0.015625 0.01953125
0 0.8296875 0.029296875 0.015625 0.01953125
0 0.7359375 0.01953125 0.015625 0.01953125
0 0.6953125 0.0078125 0.015625 0.01953125
0 0.7671875 0.0390625 0.015625 0.01953125
0 0.7921875 0.017578125 0.015625 0.01953125
0 0.25625 0.822265625 0.015625 0.01953125
0 0.2671875 0.8359375 0.015625 0.01953125
