0 0.1296875 0.015625 0.015625 0.01953125
0 0.1125 0.052734375 0.015625 0.01953125
0 0.1515625 0.02734375 0.015625 0.01953125
0 0.1828125 0.013671875 0.015625 0.01953125
0 0.109375 0.22265625 0.015625 0.01953125
0 0.415625 0.419921875 0.015625 0.01953125
0 0.525 0.47265625 0.015625 0.01953125
0 0.54375 0.2578125 0.015625 0.01953125
0 0.5625 0.169921875 0.015625 0.01953125
0 0.5890625 0.01171875 0.015625 0.01953125
0 0.7296875 0.126953125 0.015625 0.01953125
0 0.853125 0.154296875 0.015625 0.01953125
0 0.9609375 0.1484375 0.015625 0.01953125
0 0.9625 0.00390625 0.015625 0.01953125
0 0.5671875 0.556640625 0.015625 0.01953125
0 0.65625 0.568359375 0.015625 0.01953125
0 0.640625 0.595703125 0.015625 0.01953125
0 0.6375 0.619140625 0.015625 0.01953125
0 0.8703125 0.6875 0.015625 0.01953125
0 0.296875 0.662109375 0.015625 0.01953125
0 0.28125 0.677734375 0.015625 0.01953125
0 0.303125 0.71484375 0.015625 0.01953125
0 0.134375 0.994140625 0.015625 0.01953125
0 0.13125 0.9140625 0.015625 0.01953125
0 0.140625 0.90234375 0.015625 0.01953125
0 0.5546875 0.8671875 0.015625 0.01953125
0 0.565625 0.8828125 0.015625 0.01953125
0 0.578125 0.892578125 0.015625 0.01953125
0 0.8578125 0.728515625 0.015625 0.01953125
0 0.8890625 0.73046875 0.015625 0.01953125
0 0.728125 0.96484375 0.015625 0.01953125
0 0.19375 0.00390625 0.015625 0.01953125
0 0.9953125 0.017578125 0.015625 0.01953125
0 0.978125 0.037109375 0.015625 0.01953125
0 0.7203125 0.337890625 0.015625 0.01953125
0 0.753125 0.373046875 0.015625 0.01953125
0 0.7796875 0.359375 0.015625 0.01953125
0 0.8 0.337890625 0.015625 0.01953125
0 0.86875 0.439453125 0.015625 0.01953125
0 0.9671875 0.384765625 0.015625 0.01953125
