0 0.1015625 0.447265625 0.015625 0.01953125
0 0.1078125 0.466796875 0.015625 0.01953125
0 0.084375 0.564453125 0.015625 0.01953125
0 0.26875 0.609375 0.015625 0.01953125
0 0.0046875 0.4375 0.015625 0.01953125
0 0.0203125 0.07421875 0.015625 0.01953125
0 0.034375 0.068359375 0.015625 0.01953125
0 0.209375 0.212890625 0.015625 0.01953125
0 0.2375 0.189453125 0.015625 0.01953125
0 0.228125 0.173828125 0.015625 0.01953125
0 0.171875 0.177734375 0.015625 0.01953125
0 0.334375 0.1328125 0.015625 0.01953125
0 0.3359375 0.16796875 0.015625 0.01953125
0 0.4 0.666015625 0.015625 0.01953125
0 0.446875 0.78125 0.015625 0.01953125
0 0.3828125 0.328125 0.015625 0.01953125
0 0.44375 0.09375 0.015625 0.01953125
0 0.2078125 0.17578125 0.015625 0.01953125
0 0.4359375 0.89453125 0.015625 0.01953125
0 0.5515625 0.78125 0.015625 0.01953125
0 0.5515625 0.8046875 0.015625 0.01953125
0 0.5546875 0.83203125 0.015625 0.01953125
0 0.684375 0.689453125 0.015625 0.01953125
0 0.6171875 0.52734375 0.015625 0.01953125
0 0.8890625 0.80859375 0.015625 0.01953125
0 0.9046875 0.79296875 0.015625 0.01953125
0 0.8765625 0.7734375 0.015625 0.01953125
0 0.696875 0.50390625 0.015625 0.01953125
0 0.784375 0.546875 0.015625 0.01953125
0 0.64375 0.3984375 0.015625 0.01953125
0 0.603125 0.353515625 0.015625 0.01953125
0 0.5296875 0.34765625 0.015625 0.01953125
0 0.8875 0.51171875 0.015625 0.01953125
0 0.9921875 0.458984375 0.015625 0.01953125
0 0.7953125 0.228515625 0.015625 0.01953125
0 0.8890625 0.224609375 0.015625 0.01953125
0 0.640625 0.05859375 0.015625 0.01953125
0 0.6921875 0.041015625 0.015625 0.01953125
0 0.728125 0.03515625 0.015625 0.01953125
0 0.7671875 0.033203125 0.015625 0.01953125
0 0.75625 0.0625 0.015625 0.01953125
0 0.771875 0.0078125 0.015625 0.01953125
0 0.7109375 0.072265625 0.015625 0.01953125
0 0.625 0.017578125 0.015625 0.01953125
0 0.80625 0.00390625 0.015625 0.01953125
0 0.76875 0.087890625 0.015625 0.01953125
0 0.503125 0.001953125 0.015625 0.01953125
0 0.45625 0.1015625 0.015625 0.01953125
0 0.471875 0.03125 0.015625 0.01953125
0 0.65625 0.28125 0.015625 0.01953125
