0 0.134375 0.021484375 0.015625 0.01953125
0 0.1828125 0.013671875 0.015625 0.01953125
0 0.1140625 0.205078125 0.015625 0.01953125
0 0.240625 0.197265625 0.015625 0.01953125
0 0.234375 0.224609375 0.015625 0.01953125
0 0.16875 0.291015625 0.015625 0.01953125
0 0.159375 0.32421875 0.015625 0.01953125
0 0.25625 0.330078125 0.015625 0.01953125
0 0.209375 0.43359375 0.015625 0.01953125
0 0.125 0.455078125 0.015625 0.01953125
0 0.0484375 0.56640625 0.015625 0.01953125
0 0.0796875 0.71875 0.015625 0.01953125
0 0.228125 0.9765625 0.015625 0.01953125
0 0.31875 0.61328125 0.015625 0.01953125
0 0.3890625 0.52734375 0.015625 0.01953125
0 0.4234375 0.43359375 0.015625 0.01953125
0 0.53125 0.2734375 0.015625 0.01953125
0 0.64375 0.236328125 0.015625 0.01953125
0 0.64375 0.203125 0.015625 0.01953125
0 0.6640625 0.3984375 0.015625 0.01953125
0 0.63125 0.658203125 0.015625 0.01953125
0 0.5765625 0.833984375 0.015625 0.01953125
0 0.7046875 0.880859375 0.015625 0.01953125
0 0.6921875 0.904296875 0.015625 0.01953125
0 0.684375 0.935546875 0.015625 0.01953125
0 0.821875 0.69921875 0.015625 0.01953125
0 0.9375 0.669921875 0.015625 0.01953125
0 0.8125 0.482421875 0.015625 0.01953125
0 0.8796875 0.462890625 0.015625 0.01953125
0 0.8578125 0.380859375 0.015625 0.01953125
0 0.9296875 0.4296875 0.015625 0.01953125
0 0.7578125 0.18359375 0.015625 0.01953125
0 0.996875 0.736328125 0.015625 0.01953125
0 0.8265625 0.123046875 0.015625 0.01953125
0 0.8 0.1484375 0.015625 0.01953125
0 0.771875 0.125 0.015625 0.01953125
0 0.8828125 0.12890625 0.015625 0.01953125
0 0.965625 0.22265625 0.015625 0.01953125
