0 0.1046875 0.458984375 0.015625 0.01953125
0 0.29375 0.62890625 0.015625 0.01953125
0 0.1109375 0.6796875 0.015625 0.01953125
0 0.0890625 0.677734375 0.015625 0.01953125
0 0.0671875 0.68359375 0.015625 0.01953125
0 0.0421875 0.693359375 0.015625 0.01953125
0 0.2328125 0.96875 0.015625 0.01953125
0 0.2828125 0.978515625 0.015625 0.01953125
0 0.5359375 0.93359375 0.015625 0.01953125
0 0.8921875 0.94921875 0.015625 0.01953125
0 0.7203125 0.724609375 0.015625 0.01953125
0 0.7921875 0.708984375 0.015625 0.01953125
0 0.878125 0.76953125 0.015625 0.01953125
0 0.5875 0.43359375 0.015625 0.01953125
0 0.4375 0.353515625 0.015625 0.01953125
0 0.4359375 0.2265625 0.015625 0.01953125
0 0.3328125 0.15234375 0.015625 0.01953125
0 0.5515625 0.2890625 0.015625 0.01953125
0 0.65 0.318359375 0.015625 0.01953125
0 0.7 0.421875 0.015625 0.01953125
0 0.946875 0.705078125 0.015625 0.01953125
0 0.971875 0.650390625 0.015625 0.01953125
0 0.9765625 0.69921875 0.015625 0.01953125
0 0.9828125 0.7265625 0.015625 0.01953125
0 0.9734375 0.833984375 0.015625 0.01953125
0 0.990625 0.8515625 0.015625 0.01953125
0 0.9953125 0.798828125 0.015625 0.01953125
0 0.7703125 0.396484375 0.015625 0.01953125
0 0.8140625 0.41015625 0.015625 0.01953125
0 0.8671875 0.373046875 0.015625 0.01953125
0 0.8890625 0.37890625 0.015625 0.01953125
0 0.8203125 0.224609375 0.015625 0.01953125
0 0.846875 0.220703125 0.015625 0.01953125
0 0.990625 0.193359375 0.015625 0.01953125
0 0.79375 0.328125 0.015625 0.01953125
0 0.703125 0.994140625 0.015625 0.01953125
