0 0.4515625 0.5234375 0.015625 0.01953125
0 0.7078125 0.703125 0.015625 0.01953125
0 0.965625 0.919921875 0.015625 0.01953125
0 0.4796875 0.869140625 0.015625 0.01953125
0 0.5 0.845703125 0.015625 0.01953125
0 0.525 0.833984375 0.015625 0.01953125
0 0.5515625 0.841796875 0.015625 0.01953125
0 0.2515625 0.912109375 0.015625 0.01953125
0 0.7046875 0.09765625 0.015625 0.01953125
0 0.8390625 0.310546875 0.015625 0.01953125
0 0.8453125 0.40234375 0.015625 0.01953125
0 0.9625 0.326171875 0.015625 0.01953125
0 0.996875 0.3046875 0.015625 0.01953125
