0 0.7921875 0.625 0.015625 0.01953125
0 0.64375 0.751953125 0.015625 0.01953125
0 0.0703125 0.830078125 0.015625 0.01953125
0 0.0859375 0.234375 0.015625 0.01953125
0 0.0359375 0.263671875 0.015625 0.01953125
0 0.1234375 0.14453125 0.015625 0.01953125
0 0.1453125 0.14453125 0.015625 0.01953125
0 0.13125 0.162109375 0.015625 0.01953125
0 0.209375 0.1796875 0.015625 0.01953125
0 0.196875 0.197265625 0.015625 0.01953125
0 0.23125 0.140625 0.015625 0.01953125
0 0.3859375 0.021484375 0.015625 0.01953125
