0 0.015625 0.623046875 0.015625 0.01953125
0 0.03125 0.5390625 0.015625 0.01953125
0 0.0484375 0.658203125 0.015625 0.01953125
0 0.0484375 0.705078125 0.015625 0.01953125
0 0.0734375 0.767578125 0.015625 0.01953125
0 0.08125 0.8203125 0.015625 0.01953125
0 0.0859375 0.83984375 0.015625 0.01953125
0 0.0921875 0.880859375 0.015625 0.01953125
0 0.1140625 0.9375 0.015625 0.01953125
0 0.1109375 0.966796875 0.015625 0.01953125
0 0.0515625 0.83984375 0.015625 0.01953125
0 0.0359375 0.853515625 0.015625 0.01953125
0 0.215625 0.482421875 0.015625 0.01953125
0 0.1875 0.44140625 0.015625 0.01953125
0 0.2109375 0.4296875 0.015625 0.01953125
0 0.203125 0.400390625 0.015625 0.01953125
0 0.2421875 0.3984375 0.015625 0.01953125
0 0.3296875 0.2265625 0.015625 0.01953125
0 0.225 0.16796875 0.015625 0.01953125
0 0.2328125 0.0 0.015625 0.01953125
0 0.4578125 0.2890625 0.015625 0.01953125
0 0.503125 0.263671875 0.015625 0.01953125
0 0.5140625 0.240234375 0.015625 0.01953125
0 0.6140625 0.328125 0.015625 0.01953125
0 0.6359375 0.328125 0.015625 0.01953125
0 0.671875 0.146484375 0.015625 0.01953125
0 0.7328125 0.169921875 0.015625 0.01953125
0 0.746875 0.158203125 0.015625 0.01953125
0 0.7921875 0.234375 0.015625 0.01953125
0 0.8015625 0.216796875 0.015625 0.01953125
0 0.8359375 0.189453125 0.015625 0.01953125
0 0.565625 0.8203125 0.015625 0.01953125
0 0.2703125 0.96875 0.015625 0.01953125
0 0.2828125 0.88671875 0.015625 0.01953125
0 0.0046875 0.896484375 0.015625 0.01953125
