0 0.1078125 0.126953125 0.015625 0.01953125
0 0.2421875 0.78515625 0.015625 0.01953125
0 0.25625 0.91015625 0.015625 0.01953125
0 0.334375 0.962890625 0.015625 0.01953125
0 0.328125 0.94140625 0.015625 0.01953125
0 0.3046875 0.88671875 0.015625 0.01953125
0 0.3 0.830078125 0.015625 0.01953125
0 0.2953125 0.771484375 0.015625 0.01953125
0 0.26875 0.712890625 0.015625 0.01953125
0 0.2671875 0.666015625 0.015625 0.01953125
0 0.246875 0.552734375 0.015625 0.01953125
0 0.215625 0.5234375 0.015625 0.01953125
0 0.36875 0.369140625 0.015625 0.01953125
0 0.4171875 0.408203125 0.015625 0.01953125
0 0.4171875 0.435546875 0.015625 0.01953125
0 0.4171875 0.490234375 0.015625 0.01953125
0 0.4375 0.494140625 0.015625 0.01953125
0 0.4046875 0.44921875 0.015625 0.01953125
0 0.5 0.984375 0.015625 0.01953125
0 0.484375 0.8828125 0.015625 0.01953125
0 0.5671875 0.904296875 0.015625 0.01953125
0 0.8296875 0.853515625 0.015625 0.01953125
0 0.1125 0.314453125 0.015625 0.01953125
0 0.534375 0.333984375 0.015625 0.01953125
0 0.46875 0.1484375 0.015625 0.01953125
0 0.44375 0.013671875 0.015625 0.01953125
0 0.6578125 0.240234375 0.015625 0.01953125
0 0.7109375 0.236328125 0.015625 0.01953125
0 0.8359375 0.41796875 0.015625 0.01953125
0 0.8515625 0.4140625 0.015625 0.01953125
0 0.89375 0.06640625 0.015625 0.01953125
0 0.94375 0.16796875 0.015625 0.01953125
0 0.9453125 0.189453125 0.015625 0.01953125
0 0.959375 0.1796875 0.015625 0.01953125
