0 0.4171875 0.06640625 0.015625 0.01953125
0 0.3984375 0.1796875 0.015625 0.01953125
0 0.3609375 0.181640625 0.015625 0.01953125
0 0.3875 0.220703125 0.015625 0.01953125
0 0.3921875 0.291015625 0.015625 0.01953125
0 0.3875 0.34765625 0.015625 0.01953125
0 0.3765625 0.396484375 0.015625 0.01953125
0 0.325 0.443359375 0.015625 0.01953125
0 0.3859375 0.45703125 0.015625 0.01953125
0 0.375 0.474609375 0.015625 0.01953125
0 0.365625 0.564453125 0.015625 0.01953125
0 0.36875 0.7265625 0.015625 0.01953125
0 0.38125 0.70703125 0.015625 0.01953125
0 0.396875 0.689453125 0.015625 0.01953125
0 0.5421875 0.69140625 0.015625 0.01953125
0 0.5390625 0.736328125 0.015625 0.01953125
0 0.5171875 0.759765625 0.015625 0.01953125
0 0.2953125 0.70703125 0.015625 0.01953125
0 0.3109375 0.63671875 0.015625 0.01953125
0 0.2859375 0.607421875 0.015625 0.01953125
0 0.34375 0.79296875 0.015625 0.01953125
0 0.4125 0.529296875 0.015625 0.01953125
0 0.4359375 0.529296875 0.015625 0.01953125
0 0.3453125 0.083984375 0.015625 0.01953125
0 0.440625 0.0625 0.015625 0.01953125
0 0.528125 0.021484375 0.015625 0.01953125
0 0.5875 0.080078125 0.015625 0.01953125
0 0.5890625 0.046875 0.015625 0.01953125
0 0.6078125 0.044921875 0.015625 0.01953125
0 0.7171875 0.091796875 0.015625 0.01953125
0 0.9765625 0.271484375 0.015625 0.01953125
0 0.9046875 0.623046875 0.015625 0.01953125
0 0.5296875 0.478515625 0.015625 0.01953125
0 0.5546875 0.37890625 0.015625 0.01953125
0 0.590625 0.49609375 0.015625 0.01953125
0 0.2625 0.603515625 0.015625 0.01953125
0 0.2421875 0.689453125 0.015625 0.01953125
0 0.2015625 0.646484375 0.015625 0.01953125
0 0.1765625 0.68359375 0.015625 0.01953125
0 0.1765625 0.630859375 0.015625 0.01953125
0 0.078125 0.75390625 0.015625 0.01953125
0 0.11875 0.546875 0.015625 0.01953125
0 0.140625 0.509765625 0.015625 0.01953125
0 0.2171875 0.484375 0.015625 0.01953125
0 0.209375 0.52734375 0.015625 0.01953125
0 0.2375 0.51953125 0.015625 0.01953125
0 0.2546875 0.517578125 0.015625 0.01953125
0 0.25625 0.634765625 0.015625 0.01953125
0 0.209375 0.6015625 0.015625 0.01953125
0 0.4171875 0.65625 0.015625 0.01953125
0 0.5171875 0.005859375 0.015625 0.01953125
0 0.16875 0.59765625 0.015625 0.01953125
0 0.1796875 0.84765625 0.015625 0.01953125
0 0.28125 0.388671875 0.015625 0.01953125
