0 0.13125 0.68359375 0.015625 0.01953125
0 0.35 0.876953125 0.015625 0.01953125
0 0.40625 0.470703125 0.015625 0.01953125
0 0.4546875 0.43359375 0.015625 0.01953125
0 0.4171875 0.2421875 0.015625 0.01953125
0 0.115625 0.173828125 0.015625 0.01953125
0 0.1015625 0.20703125 0.015625 0.01953125
0 0.615625 0.140625 0.015625 0.01953125
0 0.7046875 0.09765625 0.015625 0.01953125
0 0.7546875 0.138671875 0.015625 0.01953125
0 0.971875 0.01171875 0.015625 0.01953125
0 0.9015625 0.4453125 0.015625 0.01953125
0 0.925 0.451171875 0.015625 0.01953125
0 0.796875 0.533203125 0.015625 0.01953125
0 0.7484375 0.57421875 0.015625 0.01953125
0 0.71875 0.578125 0.015625 0.01953125
0 0.90625 0.65234375 0.015625 0.01953125
0 0.9484375 0.646484375 0.015625 0.01953125
0 0.990625 0.642578125 0.015625 0.01953125
0 0.0328125 0.5625 0.015625 0.01953125
0 0.178125 0.580078125 0.015625 0.01953125
0 0.684375 0.01171875 0.015625 0.01953125
0 0.0625 0.423828125 0.015625 0.01953125
0 0.2953125 0.833984375 0.015625 0.01953125
0 0.2828125 0.8515625 0.015625 0.01953125
