0 0.228125 0.10546875 0.015625 0.01953125
0 0.115625 0.20703125 0.015625 0.01953125
0 0.1421875 0.25 0.015625 0.01953125
0 0.171875 0.255859375 0.015625 0.01953125
0 0.228125 0.287109375 0.015625 0.01953125
0 0.059375 0.357421875 0.015625 0.01953125
0 0.021875 0.517578125 0.015625 0.01953125
0 0.3359375 0.431640625 0.015625 0.01953125
0 0.321875 0.53515625 0.015625 0.01953125
0 0.3359375 0.666015625 0.015625 0.01953125
0 0.253125 0.82421875 0.015625 0.01953125
0 0.265625 0.8515625 0.015625 0.01953125
0 0.090625 0.951171875 0.015625 0.01953125
0 0.04375 0.982421875 0.015625 0.01953125
0 0.528125 0.46875 0.015625 0.01953125
0 0.525 0.365234375 0.015625 0.01953125
0 0.509375 0.08984375 0.015625 0.01953125
0 0.4609375 0.1875 0.015625 0.01953125
0 0.6015625 0.31640625 0.015625 0.01953125
0 0.43125 0.009765625 0.015625 0.01953125
0 0.434375 0.046875 0.015625 0.01953125
0 0.7 0.166015625 0.015625 0.01953125
0 0.715625 0.166015625 0.015625 0.01953125
0 0.8578125 0.15234375 0.015625 0.01953125
0 0.825 0.9140625 0.015625 0.01953125
0 0.9203125 0.197265625 0.015625 0.01953125
0 0.9453125 0.158203125 0.015625 0.01953125
0 0.8828125 0.248046875 0.015625 0.01953125
0 0.9578125 0.3046875 0.015625 0.01953125
0 0.9890625 0.423828125 0.015625 0.01953125
0 0.9953125 0.5859375 0.015625 0.01953125
0 0.9890625 0.681640625 0.015625 0.01953125
0 0.6625 0.482421875 0.015625 0.01953125
0 0.703125 0.630859375 0.015625 0.01953125
0 0.69375 0.755859375 0.015625 0.01953125
0 0.709375 0.716796875 0.015625 0.01953125
0 0.74375 0.6484375 0.015625 0.01953125
0 0.7671875 0.662109375 0.015625 0.01953125
0 0.803125 0.69140625 0.015625 0.01953125
0 0.79375 0.79296875 0.015625 0.01953125
0 0.8328125 0.7734375 0.015625 0.01953125
0 0.83125 0.7265625 0.015625 0.01953125
0 0.7140625 0.521484375 0.015625 0.01953125
0 0.7265625 0.544921875 0.015625 0.01953125
0 0.70625 0.552734375 0.015625 0.01953125
0 0.7453125 0.529296875 0.015625 0.01953125
0 0.753125 0.611328125 0.015625 0.01953125
0 0.759375 0.5703125 0.015625 0.01953125
0 0.8078125 0.658203125 0.015625 0.01953125
0 0.80625 0.4296875 0.015625 0.01953125
0 0.796875 0.369140625 0.015625 0.01953125
0 0.709375 0.373046875 0.015625 0.01953125
0 0.721875 0.42578125 0.015625 0.01953125
0 0.7640625 0.388671875 0.015625 0.01953125
0 0.8671875 0.35546875 0.015625 0.01953125
0 0.871875 0.30859375 0.015625 0.01953125
0 0.8421875 0.30078125 0.015625 0.01953125
0 0.809375 0.32421875 0.015625 0.01953125
0 0.7890625 0.32421875 0.015625 0.01953125
0 0.9296875 0.400390625 0.015625 0.01953125
0 0.940625 0.4140625 0.015625 0.01953125
0 0.934375 0.4921875 0.015625 0.01953125
0 0.934375 0.51953125 0.015625 0.01953125
0 0.9421875 0.591796875 0.015625 0.01953125
0 0.959375 0.59375 0.015625 0.01953125
0 0.9484375 0.63671875 0.015625 0.01953125
0 0.8984375 0.658203125 0.015625 0.01953125
0 0.91875 0.685546875 0.015625 0.01953125
0 0.9375 0.671875 0.015625 0.01953125
0 0.8296875 0.5546875 0.015625 0.01953125
0 0.9046875 0.5625 0.015625 0.01953125
0 0.875 0.501953125 0.015625 0.01953125
0 0.8984375 0.517578125 0.015625 0.01953125
0 0.834375 0.642578125 0.015625 0.01953125
0 0.8484375 0.630859375 0.015625 0.01953125
0 0.828125 0.607421875 0.015625 0.01953125
0 0.8703125 0.591796875 0.015625 0.01953125
