0 0.015625 0.447265625 0.015625 0.01953125
0 0.1796875 0.546875 0.015625 0.01953125
0 0.1984375 0.623046875 0.015625 0.01953125
0 0.2203125 0.64453125 0.015625 0.01953125
0 0.2265625 0.705078125 0.015625 0.01953125
0 0.3453125 0.5 0.015625 0.01953125
0 0.35625 0.384765625 0.015625 0.01953125
0 0.275 0.15625 0.015625 0.01953125
0 0.240625 0.1953125 0.015625 0.01953125
0 0.2046875 0.2265625 0.015625 0.01953125
0 0.1875 0.19921875 0.015625 0.01953125
0 0.303125 0.744140625 0.015625 0.01953125
0 0.3234375 0.7421875 0.015625 0.01953125
0 0.315625 0.689453125 0.015625 0.01953125
0 0.3296875 0.689453125 0.015625 0.01953125
0 0.2 0.044921875 0.015625 0.01953125
0 0.3953125 0.05859375 0.015625 0.01953125
0 0.4140625 0.0546875 0.015625 0.01953125
0 0.2 0.01171875 0.015625 0.01953125
0 0.5796875 0.025390625 0.015625 0.01953125
0 0.83125 0.0859375 0.015625 0.01953125
0 0.840625 0.126953125 0.015625 0.01953125
0 0.853125 0.1484375 0.015625 0.01953125
0 0.8828125 0.154296875 0.015625 0.01953125
0 0.64375 0.080078125 0.015625 0.01953125
0 0.7 0.099609375 0.015625 0.01953125
0 0.7046875 0.16796875 0.015625 0.01953125
0 0.4546875 0.341796875 0.015625 0.01953125
0 0.4921875 0.328125 0.015625 0.01953125
0 0.5546875 0.2578125 0.015625 0.01953125
0 0.546875 0.330078125 0.015625 0.01953125
0 0.475 0.45703125 0.015625 0.01953125
0 0.5171875 0.37890625 0.015625 0.01953125
0 0.5890625 0.37109375 0.015625 0.01953125
0 0.6 0.212890625 0.015625 0.01953125
0 0.575 0.248046875 0.015625 0.01953125
0 0.63125 0.248046875 0.015625 0.01953125
0 0.725 0.287109375 0.015625 0.01953125
0 0.7671875 0.2734375 0.015625 0.01953125
0 0.7390625 0.38671875 0.015625 0.01953125
0 0.7328125 0.359375 0.015625 0.01953125
0 0.9 0.322265625 0.015625 0.01953125
0 0.8109375 0.4296875 0.015625 0.01953125
0 0.60625 0.16796875 0.015625 0.01953125
0 0.6203125 0.162109375 0.015625 0.01953125
0 0.6421875 0.173828125 0.015625 0.01953125
0 0.7796875 0.138671875 0.015625 0.01953125
0 0.759375 0.126953125 0.015625 0.01953125
0 0.78125 0.11328125 0.015625 0.01953125
0 0.796875 0.1015625 0.015625 0.01953125
0 0.809375 0.23046875 0.015625 0.01953125
0 0.796875 0.212890625 0.015625 0.01953125
0 0.70625 0.4296875 0.015625 0.01953125
0 0.7046875 0.3984375 0.015625 0.01953125
0 0.7 0.373046875 0.015625 0.01953125
0 0.678125 0.388671875 0.015625 0.01953125
0 0.7109375 0.353515625 0.015625 0.01953125
0 0.575 0.302734375 0.015625 0.01953125
0 0.565625 0.453125 0.015625 0.01953125
0 0.5609375 0.4765625 0.015625 0.01953125
0 0.5328125 0.470703125 0.015625 0.01953125
0 0.540625 0.50390625 0.015625 0.01953125
0 0.5890625 0.505859375 0.015625 0.01953125
0 0.5921875 0.55078125 0.015625 0.01953125
0 0.596875 0.583984375 0.015625 0.01953125
0 0.5515625 0.58203125 0.015625 0.01953125
0 0.5703125 0.70703125 0.015625 0.01953125
0 0.5828125 0.666015625 0.015625 0.01953125
0 0.671875 0.69921875 0.015625 0.01953125
0 0.7171875 0.767578125 0.015625 0.01953125
0 0.61875 0.58984375 0.015625 0.01953125
0 0.8609375 0.56640625 0.015625 0.01953125
0 0.984375 0.974609375 0.015625 0.01953125
0 0.9265625 0.462890625 0.015625 0.01953125
0 0.834375 0.462890625 0.015625 0.01953125
0 0.6625 0.607421875 0.015625 0.01953125
0 0.7046875 0.66796875 0.015625 0.01953125
0 0.6984375 0.625 0.015625 0.01953125
0 0.64375 0.568359375 0.015625 0.01953125
0 0.7328125 0.548828125 0.015625 0.01953125
0 0.78125 0.537109375 0.015625 0.01953125
0 0.7703125 0.5546875 0.015625 0.01953125
0 0.76875 0.453125 0.015625 0.01953125
0 0.7859375 0.46484375 0.015625 0.01953125
0 0.7828125 0.48828125 0.015625 0.01953125
0 0.7734375 0.5078125 0.015625 0.01953125
0 0.68125 0.50390625 0.015625 0.01953125
0 0.70625 0.517578125 0.015625 0.01953125
0 0.6515625 0.462890625 0.015625 0.01953125
0 0.828125 0.515625 0.015625 0.01953125
0 0.703125 0.28125 0.015625 0.01953125
