0 0.00625 0.025390625 0.015625 0.01953125
0 0.015625 0.26171875 0.015625 0.01953125
0 0.01875 0.244140625 0.015625 0.01953125
0 0.1078125 0.603515625 0.015625 0.01953125
0 0.1140625 0.74609375 0.015625 0.01953125
0 0.134375 0.84375 0.015625 0.01953125
0 0.1484375 0.84765625 0.015625 0.01953125
0 0.159375 0.853515625 0.015625 0.01953125
0 0.1703125 0.658203125 0.015625 0.01953125
0 0.190625 0.650390625 0.015625 0.01953125
0 0.2515625 0.630859375 0.015625 0.01953125
0 0.20625 0.29296875 0.015625 0.01953125
0 0.3359375 0.146484375 0.015625 0.01953125
0 0.3453125 0.16015625 0.015625 0.01953125
0 0.2671875 0.017578125 0.015625 0.01953125
0 0.271875 0.0625 0.015625 0.01953125
0 0.2640625 0.0859375 0.015625 0.01953125
0 0.46875 0.171875 0.015625 0.01953125
0 0.4515625 0.158203125 0.015625 0.01953125
0 0.3390625 0.236328125 0.015625 0.01953125
0 0.33125 0.203125 0.015625 0.01953125
0 0.334375 0.302734375 0.015625 0.01953125
0 0.2890625 0.34765625 0.015625 0.01953125
0 0.628125 0.267578125 0.015625 0.01953125
0 0.759375 0.109375 0.015625 0.01953125
0 0.909375 0.2890625 0.015625 0.01953125
0 0.6078125 0.388671875 0.015625 0.01953125
0 0.6234375 0.384765625 0.015625 0.01953125
0 0.6515625 0.369140625 0.015625 0.01953125
0 0.6640625 0.36328125 0.015625 0.01953125
0 0.3546875 0.5078125 0.015625 0.01953125
0 0.9953125 0.7734375 0.015625 0.01953125
0 0.971875 0.98828125 0.015625 0.01953125
0 0.9515625 0.96875 0.015625 0.01953125
0 0.83125 0.71875 0.015625 0.01953125
0 0.9046875 0.533203125 0.015625 0.01953125
0 0.9203125 0.548828125 0.015625 0.01953125
0 0.8296875 0.462890625 0.015625 0.01953125
0 0.8015625 0.462890625 0.015625 0.01953125
0 0.78125 0.46875 0.015625 0.01953125
0 0.7703125 0.48828125 0.015625 0.01953125
0 0.75625 0.470703125 0.015625 0.01953125
0 0.7671875 0.578125 0.015625 0.01953125
0 0.8328125 0.501953125 0.015625 0.01953125
0 0.440625 0.54296875 0.015625 0.01953125
0 0.3875 0.65234375 0.015625 0.01953125
0 0.6953125 0.478515625 0.015625 0.01953125
0 0.715625 0.51171875 0.015625 0.01953125
0 0.715625 0.615234375 0.015625 0.01953125
0 0.6703125 0.609375 0.015625 0.01953125
0 0.6625 0.58984375 0.015625 0.01953125
0 0.596875 0.537109375 0.015625 0.01953125
0 0.5765625 0.4765625 0.015625 0.01953125
0 0.5484375 0.498046875 0.015625 0.01953125
0 0.525 0.51171875 0.015625 0.01953125
0 0.5296875 0.546875 0.015625 0.01953125
0 0.5171875 0.5703125 0.015625 0.01953125
0 0.4890625 0.568359375 0.015625 0.01953125
0 0.4796875 0.591796875 0.015625 0.01953125
0 0.4453125 0.60546875 0.015625 0.01953125
0 0.5140625 0.64453125 0.015625 0.01953125
0 0.6546875 0.658203125 0.015625 0.01953125
0 0.659375 0.6796875 0.015625 0.01953125
0 0.65625 0.70703125 0.015625 0.01953125
0 0.715625 0.78515625 0.015625 0.01953125
0 0.7296875 0.83203125 0.015625 0.01953125
0 0.75625 0.873046875 0.015625 0.01953125
0 0.8125 0.865234375 0.015625 0.01953125
0 0.6234375 0.677734375 0.015625 0.01953125
0 0.625 0.69921875 0.015625 0.01953125
0 0.4734375 0.689453125 0.015625 0.01953125
0 0.4703125 0.705078125 0.015625 0.01953125
0 0.4390625 0.697265625 0.015625 0.01953125
0 0.440625 0.71875 0.015625 0.01953125
0 0.41875 0.732421875 0.015625 0.01953125
0 0.4828125 0.75 0.015625 0.01953125
0 0.609375 0.734375 0.015625 0.01953125
0 0.6015625 0.685546875 0.015625 0.01953125
0 0.6296875 0.751953125 0.015625 0.01953125
0 0.71875 0.9375 0.015625 0.01953125
0 0.4265625 0.900390625 0.015625 0.01953125
0 0.503125 0.98046875 0.015625 0.01953125
0 0.4078125 0.94140625 0.015625 0.01953125
0 0.5921875 0.861328125 0.015625 0.01953125
0 0.6171875 0.845703125 0.015625 0.01953125
0 0.6546875 0.869140625 0.015625 0.01953125
0 0.6546875 0.84765625 0.015625 0.01953125
0 0.6703125 0.826171875 0.015625 0.01953125
0 0.6890625 0.853515625 0.015625 0.01953125
0 0.7046875 0.84375 0.015625 0.01953125
0 0.7109375 0.89453125 0.015625 0.01953125
0 0.5546875 0.916015625 0.015625 0.01953125
0 0.54375 0.96875 0.015625 0.01953125
0 0.5265625 0.87890625 0.015625 0.01953125
0 0.525 0.83984375 0.015625 0.01953125
0 0.5328125 0.849609375 0.015625 0.01953125
0 0.49375 0.806640625 0.015625 0.01953125
0 0.478125 0.794921875 0.015625 0.01953125
0 0.4640625 0.828125 0.015625 0.01953125
0 0.425 0.806640625 0.015625 0.01953125
0 0.6328125 0.484375 0.015625 0.01953125
0 0.559375 0.73828125 0.015625 0.01953125
0 0.565625 0.794921875 0.015625 0.01953125
0 0.6765625 0.7890625 0.015625 0.01953125
0 0.3296875 0.171875 0.015625 0.01953125
0 0.6140625 0.916015625 0.015625 0.01953125
