0 0.0796875 0.0859375 0.015625 0.01953125
0 0.1046875 0.083984375 0.015625 0.01953125
0 0.3171875 0.05859375 0.015625 0.01953125
0 0.3546875 0.158203125 0.015625 0.01953125
0 0.3453125 0.177734375 0.015625 0.01953125
0 0.625 0.013671875 0.015625 0.01953125
0 0.6453125 0.017578125 0.015625 0.01953125
0 0.5625 0.232421875 0.015625 0.01953125
0 0.54375 0.2265625 0.015625 0.01953125
0 0.284375 0.35546875 0.015625 0.01953125
0 0.1 0.3125 0.015625 0.01953125
0 0.0296875 0.369140625 0.015625 0.01953125
0 0.0171875 0.384765625 0.015625 0.01953125
0 0.0046875 0.451171875 0.015625 0.01953125
0 0.1328125 0.666015625 0.015625 0.01953125
0 0.1453125 0.765625 0.015625 0.01953125
0 0.1203125 0.90625 0.015625 0.01953125
0 0.140625 0.91796875 0.015625 0.01953125
0 0.278125 0.65234375 0.015625 0.01953125
0 0.2546875 0.646484375 0.015625 0.01953125
0 0.259375 0.720703125 0.015625 0.01953125
0 0.334375 0.4765625 0.015625 0.01953125
0 0.3765625 0.494140625 0.015625 0.01953125
0 0.421875 0.45703125 0.015625 0.01953125
0 0.4578125 0.671875 0.015625 0.01953125
0 0.4203125 0.658203125 0.015625 0.01953125
0 0.45625 0.7265625 0.015625 0.01953125
0 0.390625 0.763671875 0.015625 0.01953125
0 0.4921875 0.7265625 0.015625 0.01953125
0 0.5328125 0.708984375 0.015625 0.01953125
0 0.5453125 0.69140625 0.015625 0.01953125
0 0.5703125 0.693359375 0.015625 0.01953125
0 0.565625 0.65234375 0.015625 0.01953125
0 0.7578125 0.28515625 0.015625 0.01953125
0 0.9734375 0.0234375 0.015625 0.01953125
0 0.975 0.044921875 0.015625 0.01953125
0 0.884375 0.505859375 0.015625 0.01953125
0 0.990625 0.765625 0.015625 0.01953125
0 0.990625 0.787109375 0.015625 0.01953125
0 0.8265625 0.927734375 0.015625 0.01953125
0 0.6671875 0.501953125 0.015625 0.01953125
0 0.6765625 0.513671875 0.015625 0.01953125
0 0.6921875 0.546875 0.015625 0.01953125
0 0.7078125 0.544921875 0.015625 0.01953125
0 0.4921875 0.28515625 0.015625 0.01953125
0 0.4828125 0.31640625 0.015625 0.01953125
0 0.678125 0.431640625 0.015625 0.01953125
0 0.6890625 0.431640625 0.015625 0.01953125
0 0.771875 0.28515625 0.015625 0.01953125
0 0.5984375 0.630859375 0.015625 0.01953125
0 0.6109375 0.6953125 0.015625 0.01953125
0 0.6515625 0.654296875 0.015625 0.01953125
0 0.715625 0.6640625 0.015625 0.01953125
0 0.7828125 0.666015625 0.015625 0.01953125
0 0.79375 0.685546875 0.015625 0.01953125
0 0.803125 0.666015625 0.015625 0.01953125
0 0.8234375 0.671875 0.015625 0.01953125
0 0.8546875 0.67578125 0.015625 0.01953125
0 0.8515625 0.71484375 0.015625 0.01953125
0 0.7828125 0.76171875 0.015625 0.01953125
0 0.75625 0.8203125 0.015625 0.01953125
0 0.71875 0.798828125 0.015625 0.01953125
0 0.69375 0.798828125 0.015625 0.01953125
0 0.6765625 0.775390625 0.015625 0.01953125
0 0.6625 0.7578125 0.015625 0.01953125
0 0.65625 0.8515625 0.015625 0.01953125
0 0.6515625 0.87890625 0.015625 0.01953125
0 0.7 0.96875 0.015625 0.01953125
0 0.6625 0.95703125 0.015625 0.01953125
0 0.6046875 0.896484375 0.015625 0.01953125
0 0.6171875 0.912109375 0.015625 0.01953125
0 0.6 0.841796875 0.015625 0.01953125
0 0.615625 0.83984375 0.015625 0.01953125
0 0.6203125 0.869140625 0.015625 0.01953125
0 0.5546875 0.796875 0.015625 0.01953125
0 0.5109375 0.806640625 0.015625 0.01953125
0 0.4734375 0.818359375 0.015625 0.01953125
0 0.4625 0.837890625 0.015625 0.01953125
0 0.4390625 0.8125 0.015625 0.01953125
0 0.4375 0.83984375 0.015625 0.01953125
0 0.403125 0.8515625 0.015625 0.01953125
0 0.409375 0.93359375 0.015625 0.01953125
0 0.4421875 0.95703125 0.015625 0.01953125
0 0.45625 0.927734375 0.015625 0.01953125
0 0.46875 0.884765625 0.015625 0.01953125
0 0.4953125 0.865234375 0.015625 0.01953125
0 0.546875 0.890625 0.015625 0.01953125
0 0.490625 0.97265625 0.015625 0.01953125
0 0.525 0.994140625 0.015625 0.01953125
