0 0.071875 0.01171875 0.015625 0.01953125
0 0.2140625 0.201171875 0.015625 0.01953125
0 0.1390625 0.271484375 0.015625 0.01953125
0 0.1140625 0.267578125 0.015625 0.01953125
0 0.1015625 0.2890625 0.015625 0.01953125
0 0.0703125 0.3125 0.015625 0.01953125
0 0.0421875 0.2734375 0.015625 0.01953125
0 0.0046875 0.25390625 0.015625 0.01953125
0 0.3890625 0.248046875 0.015625 0.01953125
0 0.440625 0.0703125 0.015625 0.01953125
0 0.4515625 0.060546875 0.015625 0.01953125
0 0.4 0.431640625 0.015625 0.01953125
0 0.4515625 0.38671875 0.015625 0.01953125
0 0.5390625 0.41015625 0.015625 0.01953125
0 0.6375 0.080078125 0.015625 0.01953125
0 0.6640625 0.0859375 0.015625 0.01953125
0 0.3984375 0.498046875 0.015625 0.01953125
0 0.4125 0.515625 0.015625 0.01953125
0 0.3125 0.61328125 0.015625 0.01953125
0 0.221875 0.623046875 0.015625 0.01953125
0 0.1921875 0.55078125 0.015625 0.01953125
0 0.1515625 0.775390625 0.015625 0.01953125
0 0.165625 0.783203125 0.015625 0.01953125
0 0.178125 0.791015625 0.015625 0.01953125
0 0.65625 0.251953125 0.015625 0.01953125
0 0.7765625 0.21484375 0.015625 0.01953125
0 0.646875 0.28125 0.015625 0.01953125
0 0.6203125 0.333984375 0.015625 0.01953125
0 0.6296875 0.3515625 0.015625 0.01953125
0 0.6359375 0.31640625 0.015625 0.01953125
0 0.759375 0.384765625 0.015625 0.01953125
0 0.76875 0.490234375 0.015625 0.01953125
0 0.7765625 0.451171875 0.015625 0.01953125
0 0.7765625 0.427734375 0.015625 0.01953125
0 0.88125 0.517578125 0.015625 0.01953125
0 0.5125 0.583984375 0.015625 0.01953125
0 0.775 0.23828125 0.015625 0.01953125
0 0.625 0.583984375 0.015625 0.01953125
0 0.6578125 0.56640625 0.015625 0.01953125
0 0.7046875 0.599609375 0.015625 0.01953125
0 0.771875 0.615234375 0.015625 0.01953125
0 0.834375 0.625 0.015625 0.01953125
0 0.8609375 0.625 0.015625 0.01953125
0 0.878125 0.638671875 0.015625 0.01953125
0 0.84375 0.646484375 0.015625 0.01953125
0 0.909375 0.638671875 0.015625 0.01953125
0 0.9 0.68359375 0.015625 0.01953125
0 0.58125 0.640625 0.015625 0.01953125
0 0.5953125 0.623046875 0.015625 0.01953125
0 0.6671875 0.638671875 0.015625 0.01953125
0 0.6125 0.66015625 0.015625 0.01953125
0 0.5359375 0.671875 0.015625 0.01953125
0 0.5484375 0.6796875 0.015625 0.01953125
0 0.50625 0.646484375 0.015625 0.01953125
0 0.471875 0.64453125 0.015625 0.01953125
0 0.440625 0.677734375 0.015625 0.01953125
0 0.709375 0.708984375 0.015625 0.01953125
0 0.721875 0.724609375 0.015625 0.01953125
0 0.775 0.7265625 0.015625 0.01953125
0 0.7625 0.755859375 0.015625 0.01953125
0 0.821875 0.732421875 0.015625 0.01953125
0 0.8578125 0.89453125 0.015625 0.01953125
0 0.453125 0.755859375 0.015625 0.01953125
0 0.471875 0.740234375 0.015625 0.01953125
0 0.4859375 0.755859375 0.015625 0.01953125
0 0.5015625 0.759765625 0.015625 0.01953125
0 0.5171875 0.732421875 0.015625 0.01953125
0 0.5453125 0.75 0.015625 0.01953125
0 0.5875 0.744140625 0.015625 0.01953125
0 0.6390625 0.779296875 0.015625 0.01953125
0 0.653125 0.779296875 0.015625 0.01953125
0 0.6640625 0.787109375 0.015625 0.01953125
0 0.696875 0.794921875 0.015625 0.01953125
0 0.65625 0.8046875 0.015625 0.01953125
0 0.6875 0.82421875 0.015625 0.01953125
0 0.6234375 0.833984375 0.015625 0.01953125
0 0.440625 0.84375 0.015625 0.01953125
0 0.5078125 0.802734375 0.015625 0.01953125
0 0.4890625 0.84375 0.015625 0.01953125
0 0.4734375 0.87109375 0.015625 0.01953125
0 0.3921875 0.9609375 0.015625 0.01953125
0 0.421875 0.931640625 0.015625 0.01953125
0 0.5 0.966796875 0.015625 0.01953125
0 0.8140625 0.93359375 0.015625 0.01953125
0 0.725 0.9140625 0.015625 0.01953125
0 0.7296875 0.970703125 0.015625 0.01953125
0 0.640625 0.833984375 0.015625 0.01953125
0 0.646875 0.853515625 0.015625 0.01953125
0 0.6171875 0.947265625 0.015625 0.01953125
0 0.65 0.974609375 0.015625 0.01953125
0 0.5421875 0.990234375 0.015625 0.01953125
0 0.5171875 0.947265625 0.015625 0.01953125
0 0.5203125 0.900390625 0.015625 0.01953125
0 0.5421875 0.919921875 0.015625 0.01953125
0 0.671875 0.9453125 0.015625 0.01953125
0 0.6859375 0.921875 0.015625 0.01953125
0 0.58125 0.818359375 0.015625 0.01953125
0 0.5703125 0.87109375 0.015625 0.01953125
0 0.5703125 0.89453125 0.015625 0.01953125
