0 0.1875 0.162109375 0.015625 0.01953125
0 0.3453125 0.2109375 0.015625 0.01953125
0 0.4140625 0.201171875 0.015625 0.01953125
0 0.7171875 0.0859375 0.015625 0.01953125
0 0.6015625 0.21484375 0.015625 0.01953125
0 0.715625 0.26953125 0.015625 0.01953125
0 0.5703125 0.326171875 0.015625 0.01953125
0 0.59375 0.337890625 0.015625 0.01953125
0 0.315625 0.619140625 0.015625 0.01953125
0 0.8234375 0.20703125 0.015625 0.01953125
0 0.9765625 0.123046875 0.015625 0.01953125
0 0.8703125 0.005859375 0.015625 0.01953125
0 0.853125 0.375 0.015625 0.01953125
0 0.8484375 0.421875 0.015625 0.01953125
0 0.73125 0.650390625 0.015625 0.01953125
0 0.7109375 0.658203125 0.015625 0.01953125
0 0.6578125 0.716796875 0.015625 0.01953125
0 0.640625 0.712890625 0.015625 0.01953125
0 0.715625 0.9375 0.015625 0.01953125
0 0.4421875 0.81640625 0.015625 0.01953125
0 0.4359375 0.841796875 0.015625 0.01953125
0 0.1875 0.7578125 0.015625 0.01953125
0 0.1546875 0.759765625 0.015625 0.01953125
0 0.4203125 0.986328125 0.015625 0.01953125
