0 0.040625 0.626953125 0.015625 0.01953125
0 0.659375 0.49609375 0.015625 0.01953125
0 0.7859375 0.408203125 0.015625 0.01953125
0 0.7765625 0.421875 0.015625 0.01953125
0 0.7890625 0.435546875 0.015625 0.01953125
0 0.74375 0.328125 0.015625 0.01953125
0 0.765625 0.326171875 0.015625 0.01953125
0 0.784375 0.31640625 0.015625 0.01953125
0 0.7375 0.27734375 0.015625 0.01953125
0 0.7453125 0.291015625 0.015625 0.01953125
0 0.953125 0.375 0.015625 0.01953125
0 0.346875 0.212890625 0.015625 0.01953125
0 0.3828125 0.21875 0.015625 0.01953125
0 0.484375 0.140625 0.015625 0.01953125
0 0.3890625 0.03515625 0.015625 0.01953125
0 0.409375 0.009765625 0.015625 0.01953125
0 0.4234375 0.009765625 0.015625 0.01953125
0 0.7234375 0.201171875 0.015625 0.01953125
0 0.6625 0.201171875 0.015625 0.01953125
0 0.646875 0.220703125 0.015625 0.01953125
0 0.5640625 0.220703125 0.015625 0.01953125
0 0.5796875 0.2265625 0.015625 0.01953125
0 0.634375 0.287109375 0.015625 0.01953125
0 0.56875 0.34765625 0.015625 0.01953125
0 0.5109375 0.396484375 0.015625 0.01953125
0 0.796875 0.16796875 0.015625 0.01953125
0 0.9140625 0.1953125 0.015625 0.01953125
0 0.9078125 0.15234375 0.015625 0.01953125
0 0.9046875 0.10546875 0.015625 0.01953125
0 0.9046875 0.08203125 0.015625 0.01953125
0 0.8578125 0.015625 0.015625 0.01953125
0 0.8484375 0.07421875 0.015625 0.01953125
0 0.834375 0.115234375 0.015625 0.01953125
0 0.953125 0.537109375 0.015625 0.01953125
0 0.6296875 0.56640625 0.015625 0.01953125
0 0.64375 0.578125 0.015625 0.01953125
0 0.83125 0.61328125 0.015625 0.01953125
0 0.84375 0.615234375 0.015625 0.01953125
0 0.909375 0.640625 0.015625 0.01953125
0 0.990625 0.60546875 0.015625 0.01953125
0 0.753125 0.53515625 0.015625 0.01953125
0 0.4890625 0.525390625 0.015625 0.01953125
0 0.4546875 0.53515625 0.015625 0.01953125
0 0.5984375 0.537109375 0.015625 0.01953125
0 0.440625 0.54296875 0.015625 0.01953125
0 0.0046875 0.166015625 0.015625 0.01953125
0 0.0109375 0.138671875 0.015625 0.01953125
0 0.003125 0.109375 0.015625 0.01953125
0 0.0046875 0.068359375 0.015625 0.01953125
0 0.003125 0.234375 0.015625 0.01953125
0 0.003125 0.25390625 0.015625 0.01953125
0 0.0015625 0.275390625 0.015625 0.01953125
0 0.0109375 0.306640625 0.015625 0.01953125
0 0.021875 0.341796875 0.015625 0.01953125
0 0.0390625 0.369140625 0.015625 0.01953125
0 0.0484375 0.380859375 0.015625 0.01953125
0 0.059375 0.39453125 0.015625 0.01953125
0 0.1375 0.443359375 0.015625 0.01953125
0 0.2125 0.43359375 0.015625 0.01953125
0 0.0640625 0.505859375 0.015625 0.01953125
0 0.265625 0.3984375 0.015625 0.01953125
0 0.284375 0.396484375 0.015625 0.01953125
0 0.3125 0.40625 0.015625 0.01953125
0 0.1609375 0.490234375 0.015625 0.01953125
0 0.1609375 0.521484375 0.015625 0.01953125
0 0.1484375 0.53125 0.015625 0.01953125
0 0.1421875 0.548828125 0.015625 0.01953125
0 0.14375 0.5 0.015625 0.01953125
0 0.1359375 0.515625 0.015625 0.01953125
0 0.1328125 0.53125 0.015625 0.01953125
0 0.15 0.509765625 0.015625 0.01953125
0 0.25 0.50390625 0.015625 0.01953125
0 0.2640625 0.51171875 0.015625 0.01953125
0 0.2328125 0.509765625 0.015625 0.01953125
0 0.2203125 0.53515625 0.015625 0.01953125
0 0.240625 0.556640625 0.015625 0.01953125
0 0.2296875 0.548828125 0.015625 0.01953125
0 0.2546875 0.5234375 0.015625 0.01953125
0 0.2546875 0.54296875 0.015625 0.01953125
0 0.2359375 0.53515625 0.015625 0.01953125
0 0.2375 0.5234375 0.015625 0.01953125
0 0.31875 0.595703125 0.015625 0.01953125
0 0.3953125 0.6015625 0.015625 0.01953125
0 0.3421875 0.5390625 0.015625 0.01953125
0 0.3328125 0.525390625 0.015625 0.01953125
0 0.34375 0.509765625 0.015625 0.01953125
0 0.3515625 0.521484375 0.015625 0.01953125
0 0.359375 0.5 0.015625 0.01953125
0 0.3828125 0.431640625 0.015625 0.01953125
0 0.3484375 0.4375 0.015625 0.01953125
0 0.3390625 0.462890625 0.015625 0.01953125
0 0.359375 0.478515625 0.015625 0.01953125
0 0.3671875 0.466796875 0.015625 0.01953125
0 0.378125 0.478515625 0.015625 0.01953125
0 0.378125 0.4609375 0.015625 0.01953125
0 0.353125 0.462890625 0.015625 0.01953125
0 0.365625 0.455078125 0.015625 0.01953125
0 0.3546875 0.44921875 0.015625 0.01953125
0 0.3578125 0.4296875 0.015625 0.01953125
0 0.36875 0.44140625 0.015625 0.01953125
0 0.378125 0.44921875 0.015625 0.01953125
0 0.3921875 0.490234375 0.015625 0.01953125
0 0.390625 0.455078125 0.015625 0.01953125
0 0.4203125 0.54296875 0.015625 0.01953125
0 0.4046875 0.521484375 0.015625 0.01953125
0 0.4125 0.51171875 0.015625 0.01953125
0 0.421875 0.52734375 0.015625 0.01953125
0 0.3953125 0.50390625 0.015625 0.01953125
0 0.74375 0.6015625 0.015625 0.01953125
0 0.7234375 0.611328125 0.015625 0.01953125
0 0.7359375 0.6171875 0.015625 0.01953125
0 0.325 0.41796875 0.015625 0.01953125
0 0.334375 0.435546875 0.015625 0.01953125
