0 0.0265625 0.0078125 0.015625 0.01953125
0 0.0453125 0.029296875 0.015625 0.01953125
0 0.0875 0.029296875 0.015625 0.01953125
0 0.0703125 0.005859375 0.015625 0.01953125
0 0.0796875 0.06640625 0.015625 0.01953125
0 0.0078125 0.05078125 0.015625 0.01953125
0 0.015625 0.06640625 0.015625 0.01953125
0 0.0140625 0.119140625 0.015625 0.01953125
0 0.0421875 0.15234375 0.015625 0.01953125
0 0.0109375 0.1796875 0.015625 0.01953125
0 0.075 0.20703125 0.015625 0.01953125
0 0.0640625 0.1796875 0.015625 0.01953125
0 0.1015625 0.169921875 0.015625 0.01953125
0 0.0484375 0.115234375 0.015625 0.01953125
0 0.0609375 0.244140625 0.015625 0.01953125
0 0.0796875 0.146484375 0.015625 0.01953125
0 0.0046875 0.302734375 0.015625 0.01953125
0 0.0046875 0.375 0.015625 0.01953125
0 0.0328125 0.34765625 0.015625 0.01953125
0 0.040625 0.328125 0.015625 0.01953125
0 0.0640625 0.302734375 0.015625 0.01953125
0 0.090625 0.416015625 0.015625 0.01953125
0 0.0109375 0.435546875 0.015625 0.01953125
0 0.05 0.470703125 0.015625 0.01953125
0 0.0453125 0.517578125 0.015625 0.01953125
0 0.003125 0.5078125 0.015625 0.01953125
0 0.128125 0.46484375 0.015625 0.01953125
0 0.1203125 0.44921875 0.015625 0.01953125
0 0.1078125 0.443359375 0.015625 0.01953125
0 0.08125 0.375 0.015625 0.01953125
0 0.06875 0.34765625 0.015625 0.01953125
0 0.1375 0.580078125 0.015625 0.01953125
0 0.2078125 0.517578125 0.015625 0.01953125
0 0.0546875 0.63671875 0.015625 0.01953125
0 0.3375 0.46484375 0.015625 0.01953125
0 0.2796875 0.5 0.015625 0.01953125
0 0.3828125 0.4765625 0.015625 0.01953125
0 0.396875 0.482421875 0.015625 0.01953125
0 0.4359375 0.287109375 0.015625 0.01953125
0 0.4703125 0.16796875 0.015625 0.01953125
0 0.484375 0.0859375 0.015625 0.01953125
0 0.490625 0.068359375 0.015625 0.01953125
0 0.4953125 0.052734375 0.015625 0.01953125
0 0.4953125 0.03125 0.015625 0.01953125
0 0.559375 0.212890625 0.015625 0.01953125
0 0.6390625 0.298828125 0.015625 0.01953125
0 0.6546875 0.296875 0.015625 0.01953125
0 0.596875 0.337890625 0.015625 0.01953125
0 0.7078125 0.291015625 0.015625 0.01953125
0 0.7375 0.28125 0.015625 0.01953125
0 0.8015625 0.26953125 0.015625 0.01953125
0 0.871875 0.2421875 0.015625 0.01953125
0 0.90625 0.193359375 0.015625 0.01953125
0 0.9265625 0.15625 0.015625 0.01953125
0 0.93125 0.09375 0.015625 0.01953125
0 0.9875 0.23046875 0.015625 0.01953125
0 0.975 0.26171875 0.015625 0.01953125
0 0.975 0.2890625 0.015625 0.01953125
0 0.965625 0.3125 0.015625 0.01953125
0 0.809375 0.35546875 0.015625 0.01953125
0 0.8203125 0.369140625 0.015625 0.01953125
0 0.3921875 0.669921875 0.015625 0.01953125
0 0.3515625 0.666015625 0.015625 0.01953125
0 0.2671875 0.66015625 0.015625 0.01953125
0 0.7078125 0.359375 0.015625 0.01953125
0 0.70625 0.39453125 0.015625 0.01953125
0 0.6578125 0.4140625 0.015625 0.01953125
0 0.796875 0.412109375 0.015625 0.01953125
0 0.81875 0.48828125 0.015625 0.01953125
0 0.825 0.505859375 0.015625 0.01953125
0 0.684375 0.58203125 0.015625 0.01953125
0 0.628125 0.498046875 0.015625 0.01953125
0 0.8234375 0.607421875 0.015625 0.01953125
0 0.703125 0.6640625 0.015625 0.01953125
0 0.728125 0.6484375 0.015625 0.01953125
0 0.8140625 0.677734375 0.015625 0.01953125
0 0.8015625 0.6796875 0.015625 0.01953125
0 0.9125 0.685546875 0.015625 0.01953125
0 0.990625 0.716796875 0.015625 0.01953125
0 0.665625 0.611328125 0.015625 0.01953125
0 0.628125 0.611328125 0.015625 0.01953125
0 0.5546875 0.603515625 0.015625 0.01953125
0 0.5296875 0.611328125 0.015625 0.01953125
0 0.234375 0.5625 0.015625 0.01953125
0 0.215625 0.576171875 0.015625 0.01953125
0 0.2046875 0.5859375 0.015625 0.01953125
0 0.215625 0.59375 0.015625 0.01953125
0 0.2203125 0.60546875 0.015625 0.01953125
0 0.2046875 0.60546875 0.015625 0.01953125
0 0.2078125 0.6171875 0.015625 0.01953125
0 0.2171875 0.626953125 0.015625 0.01953125
0 0.2359375 0.603515625 0.015625 0.01953125
0 0.24375 0.580078125 0.015625 0.01953125
0 0.228125 0.623046875 0.015625 0.01953125
0 0.2265625 0.580078125 0.015625 0.01953125
0 0.23125 0.638671875 0.015625 0.01953125
0 0.30625 0.578125 0.015625 0.01953125
0 0.321875 0.576171875 0.015625 0.01953125
0 0.3375 0.583984375 0.015625 0.01953125
0 0.296875 0.591796875 0.015625 0.01953125
0 0.29375 0.607421875 0.015625 0.01953125
0 0.303125 0.62109375 0.015625 0.01953125
0 0.315625 0.630859375 0.015625 0.01953125
0 0.30625 0.603515625 0.015625 0.01953125
0 0.3171875 0.6171875 0.015625 0.01953125
0 0.3265625 0.625 0.015625 0.01953125
0 0.3296875 0.60546875 0.015625 0.01953125
0 0.3171875 0.595703125 0.015625 0.01953125
0 0.4609375 0.634765625 0.015625 0.01953125
0 0.440625 0.62109375 0.015625 0.01953125
0 0.4125 0.611328125 0.015625 0.01953125
0 0.4 0.595703125 0.015625 0.01953125
0 0.4265625 0.595703125 0.015625 0.01953125
0 0.4125 0.578125 0.015625 0.01953125
0 0.4234375 0.572265625 0.015625 0.01953125
0 0.4203125 0.5078125 0.015625 0.01953125
0 0.4109375 0.5390625 0.015625 0.01953125
0 0.43125 0.55078125 0.015625 0.01953125
0 0.4515625 0.53515625 0.015625 0.01953125
0 0.45 0.521484375 0.015625 0.01953125
0 0.4328125 0.505859375 0.015625 0.01953125
0 0.4234375 0.533203125 0.015625 0.01953125
0 0.4140625 0.521484375 0.015625 0.01953125
0 0.440625 0.53515625 0.015625 0.01953125
0 0.45 0.55078125 0.015625 0.01953125
0 0.4640625 0.564453125 0.015625 0.01953125
0 0.4859375 0.587890625 0.015625 0.01953125
0 0.4953125 0.599609375 0.015625 0.01953125
0 0.4671875 0.578125 0.015625 0.01953125
0 0.4765625 0.580078125 0.015625 0.01953125
0 0.4765625 0.595703125 0.015625 0.01953125
0 0.4625 0.525390625 0.015625 0.01953125
0 0.0015625 0.599609375 0.015625 0.01953125
0 0.409375 0.275390625 0.015625 0.01953125
