0 0.1515625 0.025390625 0.015625 0.01953125
0 0.159375 0.048828125 0.015625 0.01953125
0 0.1578125 0.076171875 0.015625 0.01953125
0 0.16875 0.09765625 0.015625 0.01953125
0 0.1921875 0.12109375 0.015625 0.01953125
0 0.2203125 0.142578125 0.015625 0.01953125
0 0.246875 0.1796875 0.015625 0.01953125
0 0.2390625 0.15625 0.015625 0.01953125
0 0.228125 0.169921875 0.015625 0.01953125
0 0.20625 0.12890625 0.015625 0.01953125
0 0.1234375 0.130859375 0.015625 0.01953125
0 0.1671875 0.16796875 0.015625 0.01953125
0 0.178125 0.16796875 0.015625 0.01953125
0 0.1453125 0.166015625 0.015625 0.01953125
0 0.1296875 0.1953125 0.015625 0.01953125
0 0.16875 0.212890625 0.015625 0.01953125
0 0.2046875 0.25390625 0.015625 0.01953125
0 0.2078125 0.232421875 0.015625 0.01953125
0 0.2171875 0.220703125 0.015625 0.01953125
0 0.15 0.302734375 0.015625 0.01953125
0 0.1046875 0.240234375 0.015625 0.01953125
0 0.10625 0.220703125 0.015625 0.01953125
0 0.0890625 0.1640625 0.015625 0.01953125
0 0.2421875 0.302734375 0.015625 0.01953125
0 0.1078125 0.333984375 0.015625 0.01953125
0 0.1875 0.396484375 0.015625 0.01953125
0 0.2 0.3828125 0.015625 0.01953125
0 0.209375 0.361328125 0.015625 0.01953125
0 0.215625 0.396484375 0.015625 0.01953125
0 0.128125 0.43359375 0.015625 0.01953125
0 0.0515625 0.49609375 0.015625 0.01953125
0 0.2234375 0.509765625 0.015625 0.01953125
0 0.234375 0.54296875 0.015625 0.01953125
0 0.15 0.421875 0.015625 0.01953125
0 0.178125 0.41796875 0.015625 0.01953125
0 0.1578125 0.486328125 0.015625 0.01953125
0 0.1703125 0.29296875 0.015625 0.01953125
0 0.2265625 0.279296875 0.015625 0.01953125
0 0.2296875 0.251953125 0.015625 0.01953125
0 0.2453125 0.236328125 0.015625 0.01953125
0 0.2671875 0.259765625 0.015625 0.01953125
0 0.23125 0.33984375 0.015625 0.01953125
0 0.2359375 0.404296875 0.015625 0.01953125
0 0.246875 0.44921875 0.015625 0.01953125
0 0.2625 0.470703125 0.015625 0.01953125
0 0.2734375 0.513671875 0.015625 0.01953125
0 0.3015625 0.537109375 0.015625 0.01953125
0 0.315625 0.560546875 0.015625 0.01953125
0 0.309375 0.54296875 0.015625 0.01953125
0 0.1234375 0.34765625 0.015625 0.01953125
0 0.171875 0.537109375 0.015625 0.01953125
0 0.1328125 0.515625 0.015625 0.01953125
0 0.403125 0.6015625 0.015625 0.01953125
0 0.33125 0.669921875 0.015625 0.01953125
0 0.46875 0.5703125 0.015625 0.01953125
0 0.515625 0.54296875 0.015625 0.01953125
0 0.5265625 0.53515625 0.015625 0.01953125
0 0.5421875 0.53515625 0.015625 0.01953125
0 0.5765625 0.54296875 0.015625 0.01953125
0 0.2609375 0.630859375 0.015625 0.01953125
0 0.1234375 0.64453125 0.015625 0.01953125
0 0.1703125 0.619140625 0.015625 0.01953125
0 0.1515625 0.689453125 0.015625 0.01953125
0 0.1390625 0.6484375 0.015625 0.01953125
0 0.1296875 0.626953125 0.015625 0.01953125
0 0.15625 0.650390625 0.015625 0.01953125
0 0.171875 0.666015625 0.015625 0.01953125
0 0.2375 0.708984375 0.015625 0.01953125
0 0.246875 0.71875 0.015625 0.01953125
0 0.25625 0.73046875 0.015625 0.01953125
0 0.65625 0.0859375 0.015625 0.01953125
0 0.65625 0.10546875 0.015625 0.01953125
0 0.65 0.119140625 0.015625 0.01953125
0 0.6484375 0.134765625 0.015625 0.01953125
0 0.6125 0.18359375 0.015625 0.01953125
0 0.659375 0.267578125 0.015625 0.01953125
0 0.7328125 0.2578125 0.015625 0.01953125
0 0.5953125 0.341796875 0.015625 0.01953125
0 0.7828125 0.375 0.015625 0.01953125
0 0.8296875 0.32421875 0.015625 0.01953125
0 0.8171875 0.32421875 0.015625 0.01953125
0 0.88125 0.30859375 0.015625 0.01953125
0 0.9140625 0.30078125 0.015625 0.01953125
0 0.984375 0.28515625 0.015625 0.01953125
0 0.8921875 0.376953125 0.015625 0.01953125
0 0.865625 0.4296875 0.015625 0.01953125
0 0.9265625 0.4296875 0.015625 0.01953125
0 0.9796875 0.4765625 0.015625 0.01953125
0 0.9796875 0.51953125 0.015625 0.01953125
0 0.871875 0.556640625 0.015625 0.01953125
0 0.865625 0.6328125 0.015625 0.01953125
0 0.909375 0.685546875 0.015625 0.01953125
0 0.834375 0.619140625 0.015625 0.01953125
0 0.8296875 0.64453125 0.015625 0.01953125
0 0.753125 0.64453125 0.015625 0.01953125
0 0.7296875 0.65234375 0.015625 0.01953125
0 0.6734375 0.7265625 0.015625 0.01953125
0 0.5875 0.740234375 0.015625 0.01953125
0 0.5 0.734375 0.015625 0.01953125
0 0.4203125 0.755859375 0.015625 0.01953125
0 0.4046875 0.67578125 0.015625 0.01953125
0 0.41875 0.70703125 0.015625 0.01953125
0 0.40625 0.6953125 0.015625 0.01953125
0 0.421875 0.671875 0.015625 0.01953125
0 0.4359375 0.65234375 0.015625 0.01953125
0 0.4390625 0.6875 0.015625 0.01953125
0 0.4203125 0.689453125 0.015625 0.01953125
0 0.421875 0.64453125 0.015625 0.01953125
0 0.40625 0.658203125 0.015625 0.01953125
0 0.425 0.6640625 0.015625 0.01953125
0 0.515625 0.64453125 0.015625 0.01953125
0 0.5265625 0.6484375 0.015625 0.01953125
0 0.540625 0.65625 0.015625 0.01953125
0 0.503125 0.654296875 0.015625 0.01953125
0 0.525 0.66796875 0.015625 0.01953125
0 0.53125 0.6875 0.015625 0.01953125
0 0.5125 0.69921875 0.015625 0.01953125
0 0.5015625 0.689453125 0.015625 0.01953125
0 0.49375 0.677734375 0.015625 0.01953125
0 0.50625 0.66796875 0.015625 0.01953125
0 0.4921875 0.66015625 0.015625 0.01953125
0 0.5140625 0.6796875 0.015625 0.01953125
0 0.5328125 0.673828125 0.015625 0.01953125
0 0.625 0.6328125 0.015625 0.01953125
0 0.696875 0.650390625 0.015625 0.01953125
0 0.6125 0.638671875 0.015625 0.01953125
0 0.6265625 0.65234375 0.015625 0.01953125
0 0.603125 0.65234375 0.015625 0.01953125
0 0.6109375 0.66796875 0.015625 0.01953125
0 0.625 0.68359375 0.015625 0.01953125
0 0.59375 0.69140625 0.015625 0.01953125
0 0.615625 0.697265625 0.015625 0.01953125
0 0.6578125 0.5859375 0.015625 0.01953125
0 0.6484375 0.61328125 0.015625 0.01953125
0 0.6578125 0.626953125 0.015625 0.01953125
0 0.665625 0.630859375 0.015625 0.01953125
0 0.675 0.634765625 0.015625 0.01953125
0 0.671875 0.650390625 0.015625 0.01953125
0 0.684375 0.642578125 0.015625 0.01953125
0 0.6140625 0.5625 0.015625 0.01953125
0 0.6296875 0.56640625 0.015625 0.01953125
0 0.6296875 0.580078125 0.015625 0.01953125
0 0.6359375 0.591796875 0.015625 0.01953125
0 0.6265625 0.609375 0.015625 0.01953125
0 0.60625 0.59375 0.015625 0.01953125
0 0.60625 0.578125 0.015625 0.01953125
0 0.646875 0.59375 0.015625 0.01953125
0 0.640625 0.576171875 0.015625 0.01953125
0 0.621875 0.595703125 0.015625 0.01953125
0 0.615625 0.5859375 0.015625 0.01953125
