0 0.0921875 0.013671875 0.015625 0.01953125
0 0.090625 0.044921875 0.015625 0.01953125
0 0.1125 0.087890625 0.015625 0.01953125
0 0.109375 0.109375 0.015625 0.01953125
0 0.14375 0.041015625 0.015625 0.01953125
0 0.2328125 0.06640625 0.015625 0.01953125
0 0.2546875 0.0703125 0.015625 0.01953125
0 0.115625 0.126953125 0.015625 0.01953125
0 0.1328125 0.15234375 0.015625 0.01953125
0 0.153125 0.171875 0.015625 0.01953125
0 0.184375 0.185546875 0.015625 0.01953125
0 0.2078125 0.216796875 0.015625 0.01953125
0 0.096875 0.20703125 0.015625 0.01953125
0 0.1609375 0.212890625 0.015625 0.01953125
0 0.1359375 0.224609375 0.015625 0.01953125
0 0.121875 0.298828125 0.015625 0.01953125
0 0.1390625 0.28125 0.015625 0.01953125
0 0.08125 0.298828125 0.015625 0.01953125
0 0.08125 0.318359375 0.015625 0.01953125
0 0.190625 0.267578125 0.015625 0.01953125
0 0.1609375 0.365234375 0.015625 0.01953125
0 0.19375 0.388671875 0.015625 0.01953125
0 0.178125 0.375 0.015625 0.01953125
0 0.15 0.3828125 0.015625 0.01953125
0 0.146875 0.50390625 0.015625 0.01953125
0 0.171875 0.470703125 0.015625 0.01953125
0 0.2 0.49609375 0.015625 0.01953125
0 0.228125 0.44921875 0.015625 0.01953125
0 0.240625 0.48828125 0.015625 0.01953125
0 0.2140625 0.37890625 0.015625 0.01953125
0 0.1125 0.427734375 0.015625 0.01953125
0 0.109375 0.40625 0.015625 0.01953125
0 0.209375 0.521484375 0.015625 0.01953125
0 0.259375 0.50390625 0.015625 0.01953125
0 0.2734375 0.544921875 0.015625 0.01953125
0 0.30625 0.56640625 0.015625 0.01953125
0 0.3171875 0.57421875 0.015625 0.01953125
0 0.3234375 0.5859375 0.015625 0.01953125
0 0.1109375 0.529296875 0.015625 0.01953125
0 0.125 0.5234375 0.015625 0.01953125
0 0.1359375 0.525390625 0.015625 0.01953125
0 0.1796875 0.591796875 0.015625 0.01953125
0 0.2015625 0.591796875 0.015625 0.01953125
0 0.1359375 0.576171875 0.015625 0.01953125
0 0.1609375 0.52734375 0.015625 0.01953125
0 0.2125 0.298828125 0.015625 0.01953125
0 0.221875 0.341796875 0.015625 0.01953125
0 0.2375 0.4609375 0.015625 0.01953125
0 0.25 0.470703125 0.015625 0.01953125
0 0.1875 0.623046875 0.015625 0.01953125
0 0.184375 0.673828125 0.015625 0.01953125
0 0.153125 0.669921875 0.015625 0.01953125
0 0.1296875 0.685546875 0.015625 0.01953125
0 0.13125 0.705078125 0.015625 0.01953125
0 0.1453125 0.705078125 0.015625 0.01953125
0 0.1609375 0.708984375 0.015625 0.01953125
0 0.171875 0.71875 0.015625 0.01953125
0 0.178125 0.75 0.015625 0.01953125
0 0.221875 0.74609375 0.015625 0.01953125
0 0.2703125 0.755859375 0.015625 0.01953125
0 0.2875 0.765625 0.015625 0.01953125
0 0.35 0.6953125 0.015625 0.01953125
0 0.415625 0.615234375 0.015625 0.01953125
0 0.1484375 0.34375 0.015625 0.01953125
0 0.1796875 0.353515625 0.015625 0.01953125
0 0.2265625 0.375 0.015625 0.01953125
0 0.478125 0.572265625 0.015625 0.01953125
0 0.5296875 0.5234375 0.015625 0.01953125
0 0.5453125 0.513671875 0.015625 0.01953125
0 0.5796875 0.5234375 0.015625 0.01953125
0 0.59375 0.5234375 0.015625 0.01953125
0 0.5171875 0.7421875 0.015625 0.01953125
0 0.9203125 0.62109375 0.015625 0.01953125
0 0.9359375 0.611328125 0.015625 0.01953125
0 0.775 0.68359375 0.015625 0.01953125
0 0.625 0.708984375 0.015625 0.01953125
0 0.584375 0.71875 0.015625 0.01953125
0 0.6078125 0.056640625 0.015625 0.01953125
0 0.6109375 0.076171875 0.015625 0.01953125
0 0.6078125 0.091796875 0.015625 0.01953125
0 0.6078125 0.10546875 0.015625 0.01953125
0 0.5375 0.287109375 0.015625 0.01953125
0 0.5875 0.3359375 0.015625 0.01953125
0 0.6453125 0.291015625 0.015625 0.01953125
0 0.70625 0.220703125 0.015625 0.01953125
0 0.778125 0.302734375 0.015625 0.01953125
0 0.846875 0.376953125 0.015625 0.01953125
0 0.940625 0.435546875 0.015625 0.01953125
0 0.93125 0.5 0.015625 0.01953125
0 0.8078125 0.267578125 0.015625 0.01953125
0 0.85625 0.314453125 0.015625 0.01953125
0 0.7921875 0.26953125 0.015625 0.01953125
0 0.8890625 0.328125 0.015625 0.01953125
0 0.93125 0.38671875 0.015625 0.01953125
0 0.9421875 0.396484375 0.015625 0.01953125
0 0.9734375 0.28125 0.015625 0.01953125
0 0.9859375 0.28125 0.015625 0.01953125
0 0.95 0.19921875 0.015625 0.01953125
0 0.940625 0.2109375 0.015625 0.01953125
0 0.884375 0.2265625 0.015625 0.01953125
0 0.8609375 0.240234375 0.015625 0.01953125
0 0.18125 0.298828125 0.015625 0.01953125
0 0.1671875 0.30078125 0.015625 0.01953125
0 0.0703125 0.173828125 0.015625 0.01953125
0 0.878125 0.56640625 0.015625 0.01953125
0 0.8421875 0.583984375 0.015625 0.01953125
0 0.8125 0.5859375 0.015625 0.01953125
0 0.775 0.595703125 0.015625 0.01953125
0 0.7453125 0.611328125 0.015625 0.01953125
0 0.6640625 0.580078125 0.015625 0.01953125
0 0.6796875 0.59375 0.015625 0.01953125
0 0.690625 0.59765625 0.015625 0.01953125
0 0.7 0.607421875 0.015625 0.01953125
0 0.7125 0.61328125 0.015625 0.01953125
0 0.7 0.623046875 0.015625 0.01953125
0 0.6453125 0.62890625 0.015625 0.01953125
0 0.6421875 0.65234375 0.015625 0.01953125
0 0.6296875 0.640625 0.015625 0.01953125
0 0.6203125 0.630859375 0.015625 0.01953125
0 0.609375 0.623046875 0.015625 0.01953125
0 0.628125 0.61328125 0.015625 0.01953125
0 0.640625 0.607421875 0.015625 0.01953125
0 0.6328125 0.537109375 0.015625 0.01953125
0 0.6578125 0.560546875 0.015625 0.01953125
0 0.64375 0.564453125 0.015625 0.01953125
0 0.640625 0.58203125 0.015625 0.01953125
0 0.6296875 0.56640625 0.015625 0.01953125
0 0.6203125 0.576171875 0.015625 0.01953125
0 0.61875 0.54296875 0.015625 0.01953125
0 0.6234375 0.552734375 0.015625 0.01953125
0 0.64375 0.544921875 0.015625 0.01953125
0 0.6609375 0.546875 0.015625 0.01953125
0 0.5796875 0.681640625 0.015625 0.01953125
0 0.5796875 0.681640625 0.015625 0.01953125
0 0.5890625 0.685546875 0.015625 0.01953125
0 0.6015625 0.689453125 0.015625 0.01953125
0 0.5546875 0.68359375 0.015625 0.01953125
0 0.540625 0.689453125 0.015625 0.01953125
0 0.515625 0.677734375 0.015625 0.01953125
0 0.525 0.68359375 0.015625 0.01953125
0 0.5265625 0.669921875 0.015625 0.01953125
0 0.5125 0.65625 0.015625 0.01953125
0 0.5234375 0.6484375 0.015625 0.01953125
0 0.5328125 0.634765625 0.015625 0.01953125
0 0.54375 0.640625 0.015625 0.01953125
0 0.5609375 0.646484375 0.015625 0.01953125
0 0.546875 0.66015625 0.015625 0.01953125
0 0.540625 0.669921875 0.015625 0.01953125
0 0.5546875 0.666015625 0.015625 0.01953125
0 0.4375 0.705078125 0.015625 0.01953125
0 0.4265625 0.673828125 0.015625 0.01953125
0 0.4421875 0.681640625 0.015625 0.01953125
0 0.453125 0.697265625 0.015625 0.01953125
0 0.4265625 0.697265625 0.015625 0.01953125
0 0.44375 0.71484375 0.015625 0.01953125
0 0.459375 0.724609375 0.015625 0.01953125
0 0.4859375 0.734375 0.015625 0.01953125
0 0.44375 0.6484375 0.015625 0.01953125
0 0.453125 0.669921875 0.015625 0.01953125
0 0.4609375 0.685546875 0.015625 0.01953125
