0 0.2734375 0.064453125 0.015625 0.01953125
0 0.228125 0.04296875 0.015625 0.01953125
0 0.2875 0.107421875 0.015625 0.01953125
0 0.2953125 0.13671875 0.015625 0.01953125
0 0.3 0.15234375 0.015625 0.01953125
0 0.3171875 0.1640625 0.015625 0.01953125
0 0.284375 0.185546875 0.015625 0.01953125
0 0.2953125 0.20703125 0.015625 0.01953125
0 0.3171875 0.19921875 0.015625 0.01953125
0 0.340625 0.21875 0.015625 0.01953125
0 0.3796875 0.216796875 0.015625 0.01953125
0 0.4296875 0.142578125 0.015625 0.01953125
0 0.3390625 0.013671875 0.015625 0.01953125
0 0.4078125 0.25 0.015625 0.01953125
0 0.390625 0.251953125 0.015625 0.01953125
0 0.3921875 0.228515625 0.015625 0.01953125
0 0.4046875 0.216796875 0.015625 0.01953125
0 0.4390625 0.271484375 0.015625 0.01953125
0 0.41875 0.326171875 0.015625 0.01953125
0 0.3828125 0.33203125 0.015625 0.01953125
0 0.3796875 0.34375 0.015625 0.01953125
0 0.34375 0.318359375 0.015625 0.01953125
0 0.3328125 0.3203125 0.015625 0.01953125
0 0.3359375 0.30078125 0.015625 0.01953125
0 0.3125 0.28125 0.015625 0.01953125
0 0.334375 0.26953125 0.015625 0.01953125
0 0.3234375 0.33984375 0.015625 0.01953125
0 0.3375 0.375 0.015625 0.01953125
0 0.3515625 0.35546875 0.015625 0.01953125
0 0.3546875 0.3828125 0.015625 0.01953125
0 0.3421875 0.390625 0.015625 0.01953125
0 0.359375 0.396484375 0.015625 0.01953125
0 0.36875 0.388671875 0.015625 0.01953125
0 0.371875 0.404296875 0.015625 0.01953125
0 0.4140625 0.35546875 0.015625 0.01953125
0 0.4234375 0.333984375 0.015625 0.01953125
0 0.4296875 0.376953125 0.015625 0.01953125
0 0.4296875 0.416015625 0.015625 0.01953125
0 0.446875 0.478515625 0.015625 0.01953125
0 0.4703125 0.515625 0.015625 0.01953125
0 0.4890625 0.53125 0.015625 0.01953125
0 0.5109375 0.56640625 0.015625 0.01953125
0 0.54375 0.5859375 0.015625 0.01953125
0 0.5640625 0.603515625 0.015625 0.01953125
0 0.653125 0.611328125 0.015625 0.01953125
0 0.6875 0.64453125 0.015625 0.01953125
0 0.7 0.654296875 0.015625 0.01953125
0 0.6890625 0.662109375 0.015625 0.01953125
0 0.684375 0.673828125 0.015625 0.01953125
0 0.6765625 0.66796875 0.015625 0.01953125
0 0.665625 0.689453125 0.015625 0.01953125
0 0.684375 0.693359375 0.015625 0.01953125
0 0.6953125 0.705078125 0.015625 0.01953125
0 0.7078125 0.712890625 0.015625 0.01953125
0 0.7046875 0.69140625 0.015625 0.01953125
0 0.71875 0.685546875 0.015625 0.01953125
0 0.75625 0.64453125 0.015625 0.01953125
0 0.7703125 0.63671875 0.015625 0.01953125
0 0.7921875 0.63671875 0.015625 0.01953125
0 0.7703125 0.650390625 0.015625 0.01953125
0 0.78125 0.658203125 0.015625 0.01953125
0 0.7984375 0.662109375 0.015625 0.01953125
0 0.7828125 0.66796875 0.015625 0.01953125
0 0.76875 0.666015625 0.015625 0.01953125
0 0.759375 0.658203125 0.015625 0.01953125
0 0.7890625 0.68359375 0.015625 0.01953125
0 0.8078125 0.681640625 0.015625 0.01953125
0 0.8 0.6171875 0.015625 0.01953125
0 0.775 0.615234375 0.015625 0.01953125
0 0.8296875 0.68359375 0.015625 0.01953125
0 0.8734375 0.61328125 0.015625 0.01953125
0 0.846875 0.587890625 0.015625 0.01953125
0 0.8796875 0.583984375 0.015625 0.01953125
0 0.8765625 0.591796875 0.015625 0.01953125
0 0.8640625 0.57421875 0.015625 0.01953125
0 0.871875 0.556640625 0.015625 0.01953125
0 0.9046875 0.546875 0.015625 0.01953125
0 0.93125 0.568359375 0.015625 0.01953125
0 0.9171875 0.55078125 0.015625 0.01953125
0 0.9390625 0.55078125 0.015625 0.01953125
0 0.946875 0.564453125 0.015625 0.01953125
0 0.971875 0.546875 0.015625 0.01953125
0 0.9859375 0.552734375 0.015625 0.01953125
0 0.990625 0.53515625 0.015625 0.01953125
0 0.934375 0.63671875 0.015625 0.01953125
0 0.89375 0.515625 0.015625 0.01953125
0 0.8671875 0.525390625 0.015625 0.01953125
0 0.890625 0.5390625 0.015625 0.01953125
0 0.8578125 0.53515625 0.015625 0.01953125
0 0.8484375 0.517578125 0.015625 0.01953125
0 0.840625 0.509765625 0.015625 0.01953125
0 0.8640625 0.50390625 0.015625 0.01953125
0 0.8046875 0.490234375 0.015625 0.01953125
0 0.878125 0.29296875 0.015625 0.01953125
0 0.79375 0.302734375 0.015625 0.01953125
0 0.75625 0.279296875 0.015625 0.01953125
0 0.909375 0.173828125 0.015625 0.01953125
0 0.7953125 0.080078125 0.015625 0.01953125
0 0.796875 0.060546875 0.015625 0.01953125
0 0.796875 0.041015625 0.015625 0.01953125
0 0.7953125 0.01953125 0.015625 0.01953125
0 0.3921875 0.458984375 0.015625 0.01953125
0 0.403125 0.4765625 0.015625 0.01953125
0 0.4203125 0.50390625 0.015625 0.01953125
0 0.4015625 0.505859375 0.015625 0.01953125
0 0.3828125 0.55078125 0.015625 0.01953125
0 0.403125 0.603515625 0.015625 0.01953125
0 0.4359375 0.6171875 0.015625 0.01953125
0 0.4265625 0.662109375 0.015625 0.01953125
0 0.409375 0.650390625 0.015625 0.01953125
0 0.428125 0.70703125 0.015625 0.01953125
0 0.4890625 0.64453125 0.015625 0.01953125
0 0.4890625 0.666015625 0.015625 0.01953125
0 0.496875 0.681640625 0.015625 0.01953125
0 0.51875 0.68359375 0.015625 0.01953125
0 0.359375 0.74609375 0.015625 0.01953125
0 0.3875 0.74609375 0.015625 0.01953125
0 0.371875 0.77734375 0.015625 0.01953125
0 0.3875 0.78125 0.015625 0.01953125
0 0.434375 0.787109375 0.015625 0.01953125
0 0.425 0.76171875 0.015625 0.01953125
0 0.428125 0.7421875 0.015625 0.01953125
0 0.525 0.77734375 0.015625 0.01953125
0 0.54375 0.78515625 0.015625 0.01953125
0 0.6015625 0.705078125 0.015625 0.01953125
0 0.35625 0.5703125 0.015625 0.01953125
0 0.3265625 0.462890625 0.015625 0.01953125
0 0.715625 0.755859375 0.015625 0.01953125
0 0.4625 0.462890625 0.015625 0.01953125
0 0.1171875 0.11328125 0.015625 0.01953125
0 0.1078125 0.09375 0.015625 0.01953125
0 0.2078125 0.044921875 0.015625 0.01953125
0 0.209375 0.015625 0.015625 0.01953125
