0 0.15625 0.04296875 0.015625 0.01953125
0 0.125 0.05078125 0.015625 0.01953125
0 0.1796875 0.009765625 0.015625 0.01953125
0 0.24375 0.162109375 0.015625 0.01953125
0 0.259375 0.193359375 0.015625 0.01953125
0 0.3046875 0.16015625 0.015625 0.01953125
0 0.3453125 0.0390625 0.015625 0.01953125
0 0.4140625 0.20703125 0.015625 0.01953125
0 0.3828125 0.25390625 0.015625 0.01953125
0 0.3484375 0.267578125 0.015625 0.01953125
0 0.328125 0.265625 0.015625 0.01953125
0 0.296875 0.240234375 0.015625 0.01953125
0 0.275 0.25 0.015625 0.01953125
0 0.253125 0.2265625 0.015625 0.01953125
0 0.2265625 0.208984375 0.015625 0.01953125
0 0.2203125 0.234375 0.015625 0.01953125
0 0.19375 0.1796875 0.015625 0.01953125
0 0.353125 0.328125 0.015625 0.01953125
0 0.334375 0.283203125 0.015625 0.01953125
0 0.3015625 0.298828125 0.015625 0.01953125
0 0.3421875 0.37109375 0.015625 0.01953125
0 0.35625 0.376953125 0.015625 0.01953125
0 0.3421875 0.388671875 0.015625 0.01953125
0 0.365625 0.408203125 0.015625 0.01953125
0 0.3828125 0.419921875 0.015625 0.01953125
0 0.378125 0.3671875 0.015625 0.01953125
0 0.421875 0.36328125 0.015625 0.01953125
0 0.41875 0.3359375 0.015625 0.01953125
0 0.409375 0.3828125 0.015625 0.01953125
0 0.4125 0.423828125 0.015625 0.01953125
0 0.4203125 0.4609375 0.015625 0.01953125
0 0.4546875 0.46484375 0.015625 0.01953125
0 0.5234375 0.46875 0.015625 0.01953125
0 0.553125 0.494140625 0.015625 0.01953125
0 0.5765625 0.5078125 0.015625 0.01953125
0 0.6078125 0.529296875 0.015625 0.01953125
0 0.6375 0.53125 0.015625 0.01953125
0 0.665625 0.5390625 0.015625 0.01953125
0 0.665625 0.5390625 0.015625 0.01953125
0 0.753125 0.50390625 0.015625 0.01953125
0 0.7890625 0.517578125 0.015625 0.01953125
0 0.7890625 0.52734375 0.015625 0.01953125
0 0.7859375 0.54296875 0.015625 0.01953125
0 0.7890625 0.5703125 0.015625 0.01953125
0 0.80625 0.5703125 0.015625 0.01953125
0 0.8171875 0.580078125 0.015625 0.01953125
0 0.8265625 0.548828125 0.015625 0.01953125
0 0.840625 0.55078125 0.015625 0.01953125
0 0.8546875 0.541015625 0.015625 0.01953125
0 0.803125 0.544921875 0.015625 0.01953125
0 0.8125 0.525390625 0.015625 0.01953125
0 0.8 0.52734375 0.015625 0.01953125
0 0.8578125 0.484375 0.015625 0.01953125
0 0.875 0.52734375 0.015625 0.01953125
0 0.875 0.49609375 0.015625 0.01953125
0 0.89375 0.5 0.015625 0.01953125
0 0.903125 0.470703125 0.015625 0.01953125
0 0.8859375 0.482421875 0.015625 0.01953125
0 0.871875 0.46875 0.015625 0.01953125
0 0.86875 0.451171875 0.015625 0.01953125
0 0.8859375 0.443359375 0.015625 0.01953125
0 0.953125 0.41015625 0.015625 0.01953125
0 0.9234375 0.400390625 0.015625 0.01953125
0 0.965625 0.400390625 0.015625 0.01953125
0 0.9390625 0.388671875 0.015625 0.01953125
0 0.946875 0.373046875 0.015625 0.01953125
0 0.9640625 0.375 0.015625 0.01953125
0 0.9640625 0.36328125 0.015625 0.01953125
0 0.9875 0.333984375 0.015625 0.01953125
0 0.971875 0.333984375 0.015625 0.01953125
0 0.9703125 0.322265625 0.015625 0.01953125
0 0.9953125 0.314453125 0.015625 0.01953125
0 0.9953125 0.3359375 0.015625 0.01953125
0 0.934375 0.345703125 0.015625 0.01953125
0 0.9203125 0.34765625 0.015625 0.01953125
0 0.9046875 0.341796875 0.015625 0.01953125
0 0.9 0.32421875 0.015625 0.01953125
0 0.921875 0.322265625 0.015625 0.01953125
0 0.9328125 0.3125 0.015625 0.01953125
0 0.94375 0.318359375 0.015625 0.01953125
0 0.95 0.294921875 0.015625 0.01953125
0 0.9203125 0.30078125 0.015625 0.01953125
0 0.9109375 0.3046875 0.015625 0.01953125
0 0.9140625 0.1171875 0.015625 0.01953125
0 0.9515625 0.044921875 0.015625 0.01953125
0 0.984375 0.03125 0.015625 0.01953125
0 0.803125 0.15234375 0.015625 0.01953125
0 0.753125 0.14453125 0.015625 0.01953125
0 0.4796875 0.51953125 0.015625 0.01953125
0 0.5140625 0.564453125 0.015625 0.01953125
0 0.5328125 0.619140625 0.015625 0.01953125
0 0.55 0.609375 0.015625 0.01953125
0 0.565625 0.638671875 0.015625 0.01953125
0 0.571875 0.69140625 0.015625 0.01953125
0 0.5890625 0.693359375 0.015625 0.01953125
0 0.6140625 0.609375 0.015625 0.01953125
0 0.621875 0.6328125 0.015625 0.01953125
0 0.6375 0.63671875 0.015625 0.01953125
0 0.6546875 0.625 0.015625 0.01953125
0 0.7234375 0.611328125 0.015625 0.01953125
0 0.671875 0.708984375 0.015625 0.01953125
0 0.6859375 0.734375 0.015625 0.01953125
0 0.7 0.736328125 0.015625 0.01953125
0 0.6953125 0.71484375 0.015625 0.01953125
0 0.853125 0.609375 0.015625 0.01953125
0 0.4625 0.591796875 0.015625 0.01953125
0 0.453125 0.607421875 0.015625 0.01953125
0 0.4828125 0.638671875 0.015625 0.01953125
0 0.4921875 0.67578125 0.015625 0.01953125
0 0.546875 0.74609375 0.015625 0.01953125
0 0.534375 0.78515625 0.015625 0.01953125
0 0.521875 0.759765625 0.015625 0.01953125
0 0.54375 0.7109375 0.015625 0.01953125
0 0.58125 0.765625 0.015625 0.01953125
0 0.290625 0.900390625 0.015625 0.01953125
0 0.371875 0.708984375 0.015625 0.01953125
0 0.1953125 0.4375 0.015625 0.01953125
0 0.11875 0.3671875 0.015625 0.01953125
0 0.1046875 0.3515625 0.015625 0.01953125
0 0.34375 0.416015625 0.015625 0.01953125
0 0.353125 0.4375 0.015625 0.01953125
0 0.41875 0.27734375 0.015625 0.01953125
0 0.48125 0.376953125 0.015625 0.01953125
0 0.4625 0.36328125 0.015625 0.01953125
0 0.44375 0.353515625 0.015625 0.01953125
0 0.4515625 0.296875 0.015625 0.01953125
0 0.4484375 0.326171875 0.015625 0.01953125
0 0.4953125 0.416015625 0.015625 0.01953125
0 0.528125 0.447265625 0.015625 0.01953125
0 0.153125 0.267578125 0.015625 0.01953125
0 0.771875 0.662109375 0.015625 0.01953125
0 0.79375 0.666015625 0.015625 0.01953125
0 0.96875 0.470703125 0.015625 0.01953125
0 0.9390625 0.486328125 0.015625 0.01953125
0 0.865625 0.328125 0.015625 0.01953125
