0 0.7890625 0.294921875 0.015625 0.01953125
0 0.7578125 0.353515625 0.015625 0.01953125
0 0.74375 0.36328125 0.015625 0.01953125
0 0.753125 0.38671875 0.015625 0.01953125
0 0.7703125 0.408203125 0.015625 0.01953125
0 0.7703125 0.37890625 0.015625 0.01953125
0 0.7609375 0.369140625 0.015625 0.01953125
0 0.7703125 0.35546875 0.015625 0.01953125
0 0.7921875 0.373046875 0.015625 0.01953125
0 0.7890625 0.39453125 0.015625 0.01953125
0 0.80625 0.396484375 0.015625 0.01953125
0 0.8203125 0.375 0.015625 0.01953125
0 0.8125 0.275390625 0.015625 0.01953125
0 0.8296875 0.28125 0.015625 0.01953125
0 0.7953125 0.259765625 0.015625 0.01953125
0 0.7859375 0.271484375 0.015625 0.01953125
0 0.8125 0.248046875 0.015625 0.01953125
0 0.8234375 0.2578125 0.015625 0.01953125
0 0.8 0.2265625 0.015625 0.01953125
0 0.7796875 0.248046875 0.015625 0.01953125
0 0.8078125 0.169921875 0.015625 0.01953125
0 0.83125 0.16015625 0.015625 0.01953125
0 0.8421875 0.140625 0.015625 0.01953125
0 0.8234375 0.12109375 0.015625 0.01953125
0 0.8125 0.11328125 0.015625 0.01953125
0 0.8046875 0.134765625 0.015625 0.01953125
0 0.803125 0.078125 0.015625 0.01953125
0 0.8140625 0.08203125 0.015625 0.01953125
0 0.83125 0.06640625 0.015625 0.01953125
0 0.840625 0.0390625 0.015625 0.01953125
0 0.8640625 0.076171875 0.015625 0.01953125
0 0.8828125 0.06640625 0.015625 0.01953125
0 0.8875 0.10546875 0.015625 0.01953125
0 0.9 0.08203125 0.015625 0.01953125
0 0.7765625 0.123046875 0.015625 0.01953125
0 0.7640625 0.130859375 0.015625 0.01953125
0 0.74375 0.126953125 0.015625 0.01953125
0 0.7515625 0.099609375 0.015625 0.01953125
0 0.76875 0.0859375 0.015625 0.01953125
0 0.7875 0.1015625 0.015625 0.01953125
0 0.7796875 0.06640625 0.015625 0.01953125
0 0.8453125 0.013671875 0.015625 0.01953125
0 0.85625 0.0 0.015625 0.01953125
0 0.71875 0.150390625 0.015625 0.01953125
0 0.303125 0.37890625 0.015625 0.01953125
0 0.3078125 0.4140625 0.015625 0.01953125
0 0.303125 0.4453125 0.015625 0.01953125
0 0.2828125 0.466796875 0.015625 0.01953125
0 0.3015625 0.513671875 0.015625 0.01953125
0 0.3125 0.490234375 0.015625 0.01953125
0 0.3203125 0.5390625 0.015625 0.01953125
0 0.3359375 0.541015625 0.015625 0.01953125
0 0.35 0.53515625 0.015625 0.01953125
0 0.321875 0.556640625 0.015625 0.01953125
0 0.309375 0.564453125 0.015625 0.01953125
0 0.2921875 0.576171875 0.015625 0.01953125
0 0.2953125 0.556640625 0.015625 0.01953125
0 0.3734375 0.578125 0.015625 0.01953125
0 0.403125 0.576171875 0.015625 0.01953125
0 0.384375 0.552734375 0.015625 0.01953125
0 0.3796875 0.525390625 0.015625 0.01953125
0 0.38125 0.49609375 0.015625 0.01953125
0 0.3578125 0.470703125 0.015625 0.01953125
0 0.45625 0.501953125 0.015625 0.01953125
0 0.4296875 0.45703125 0.015625 0.01953125
0 0.403125 0.470703125 0.015625 0.01953125
0 0.3859375 0.455078125 0.015625 0.01953125
0 0.36875 0.40625 0.015625 0.01953125
0 0.3328125 0.419921875 0.015625 0.01953125
0 0.5078125 0.49609375 0.015625 0.01953125
0 0.5328125 0.498046875 0.015625 0.01953125
0 0.603125 0.501953125 0.015625 0.01953125
0 0.6484375 0.5625 0.015625 0.01953125
0 0.6625 0.576171875 0.015625 0.01953125
0 0.68125 0.56640625 0.015625 0.01953125
0 0.6890625 0.54296875 0.015625 0.01953125
0 0.7390625 0.482421875 0.015625 0.01953125
0 0.709375 0.380859375 0.015625 0.01953125
0 0.596875 0.611328125 0.015625 0.01953125
0 0.621875 0.6171875 0.015625 0.01953125
0 0.621875 0.634765625 0.015625 0.01953125
0 0.625 0.658203125 0.015625 0.01953125
0 0.6296875 0.677734375 0.015625 0.01953125
0 0.6515625 0.671875 0.015625 0.01953125
0 0.640625 0.654296875 0.015625 0.01953125
0 0.6375 0.638671875 0.015625 0.01953125
0 0.66875 0.64453125 0.015625 0.01953125
0 0.6640625 0.630859375 0.015625 0.01953125
0 0.74375 0.59765625 0.015625 0.01953125
0 0.7578125 0.587890625 0.015625 0.01953125
0 0.74375 0.6171875 0.015625 0.01953125
0 0.759375 0.615234375 0.015625 0.01953125
0 0.65625 0.779296875 0.015625 0.01953125
0 0.640625 0.78515625 0.015625 0.01953125
0 0.6546875 0.736328125 0.015625 0.01953125
0 0.6609375 0.71875 0.015625 0.01953125
0 0.6953125 0.724609375 0.015625 0.01953125
0 0.6296875 0.703125 0.015625 0.01953125
0 0.496875 0.81640625 0.015625 0.01953125
0 0.1921875 0.53515625 0.015625 0.01953125
0 0.1609375 0.5 0.015625 0.01953125
0 0.1609375 0.474609375 0.015625 0.01953125
0 0.1359375 0.49609375 0.015625 0.01953125
0 0.1453125 0.53125 0.015625 0.01953125
0 0.203125 0.515625 0.015625 0.01953125
0 0.2109375 0.482421875 0.015625 0.01953125
0 0.190625 0.482421875 0.015625 0.01953125
0 0.2296875 0.470703125 0.015625 0.01953125
0 0.253125 0.490234375 0.015625 0.01953125
0 0.215625 0.544921875 0.015625 0.01953125
0 0.26875 0.5234375 0.015625 0.01953125
0 0.2734375 0.552734375 0.015625 0.01953125
0 0.15625 0.2890625 0.015625 0.01953125
0 0.1015625 0.2578125 0.015625 0.01953125
0 0.0625 0.255859375 0.015625 0.01953125
0 0.0125 0.240234375 0.015625 0.01953125
0 0.0234375 0.19140625 0.015625 0.01953125
0 0.090625 0.20703125 0.015625 0.01953125
0 0.1421875 0.166015625 0.015625 0.01953125
0 0.2140625 0.12890625 0.015625 0.01953125
0 0.2171875 0.033203125 0.015625 0.01953125
0 0.10625 0.025390625 0.015625 0.01953125
0 0.05625 0.015625 0.015625 0.01953125
0 0.0234375 0.11328125 0.015625 0.01953125
0 0.0875 0.146484375 0.015625 0.01953125
0 0.0640625 0.134765625 0.015625 0.01953125
0 0.2375 0.025390625 0.015625 0.01953125
0 0.20625 0.005859375 0.015625 0.01953125
0 0.553125 0.0859375 0.015625 0.01953125
0 0.821875 0.05859375 0.015625 0.01953125
0 0.0265625 0.390625 0.015625 0.01953125
0 0.0015625 0.427734375 0.015625 0.01953125
0 0.146875 0.607421875 0.015625 0.01953125
0 0.2765625 0.611328125 0.015625 0.01953125
0 0.3421875 0.595703125 0.015625 0.01953125
0 0.3203125 0.607421875 0.015625 0.01953125
0 0.3484375 0.623046875 0.015625 0.01953125
0 0.496875 0.5859375 0.015625 0.01953125
0 0.521875 0.658203125 0.015625 0.01953125
0 0.5171875 0.712890625 0.015625 0.01953125
0 0.596875 0.689453125 0.015625 0.01953125
0 0.559375 0.583984375 0.015625 0.01953125
0 0.6515625 0.470703125 0.015625 0.01953125
0 0.6359375 0.48046875 0.015625 0.01953125
0 0.5671875 0.51171875 0.015625 0.01953125
0 0.58125 0.705078125 0.015625 0.01953125
0 0.5546875 0.6875 0.015625 0.01953125
0 0.559375 0.828125 0.015625 0.01953125
0 0.0140625 0.4921875 0.015625 0.01953125
0 0.8296875 0.357421875 0.015625 0.01953125
0 0.8640625 0.234375 0.015625 0.01953125
