0 0.7515625 0.00390625 0.015625 0.01953125
0 0.76875 0.025390625 0.015625 0.01953125
0 0.775 0.009765625 0.015625 0.01953125
0 0.765625 0.001953125 0.015625 0.01953125
0 0.7921875 0.0 0.015625 0.01953125
0 0.809375 0.052734375 0.015625 0.01953125
0 0.8 0.017578125 0.015625 0.01953125
0 0.825 0.025390625 0.015625 0.01953125
0 0.81875 0.00390625 0.015625 0.01953125
0 0.8390625 0.017578125 0.015625 0.01953125
0 0.8453125 0.001953125 0.015625 0.01953125
0 0.81875 0.10546875 0.015625 0.01953125
0 0.84375 0.1171875 0.015625 0.01953125
0 0.8640625 0.12890625 0.015625 0.01953125
0 0.8453125 0.14453125 0.015625 0.01953125
0 0.8296875 0.142578125 0.015625 0.01953125
0 0.828125 0.11328125 0.015625 0.01953125
0 0.80625 0.1328125 0.015625 0.01953125
0 0.81875 0.16015625 0.015625 0.01953125
0 0.8421875 0.16796875 0.015625 0.01953125
0 0.8734375 0.0859375 0.015625 0.01953125
0 0.7265625 0.05859375 0.015625 0.01953125
0 0.553125 0.041015625 0.015625 0.01953125
0 0.584375 0.005859375 0.015625 0.01953125
0 0.7265625 0.119140625 0.015625 0.01953125
0 0.721875 0.09765625 0.015625 0.01953125
0 0.7640625 0.275390625 0.015625 0.01953125
0 0.7953125 0.251953125 0.015625 0.01953125
0 0.8078125 0.236328125 0.015625 0.01953125
0 0.8265625 0.23828125 0.015625 0.01953125
0 0.8359375 0.23828125 0.015625 0.01953125
0 0.8125 0.248046875 0.015625 0.01953125
0 0.8046875 0.265625 0.015625 0.01953125
0 0.815625 0.28125 0.015625 0.01953125
0 0.8234375 0.2578125 0.015625 0.01953125
0 0.8359375 0.275390625 0.015625 0.01953125
0 0.825 0.28515625 0.015625 0.01953125
0 0.8515625 0.271484375 0.015625 0.01953125
0 0.85625 0.244140625 0.015625 0.01953125
0 0.8703125 0.2734375 0.015625 0.01953125
0 0.8578125 0.314453125 0.015625 0.01953125
0 0.809375 0.37109375 0.015625 0.01953125
0 0.79375 0.439453125 0.015625 0.01953125
0 0.78125 0.462890625 0.015625 0.01953125
0 0.76875 0.474609375 0.015625 0.01953125
0 0.7515625 0.470703125 0.015625 0.01953125
0 0.70625 0.54296875 0.015625 0.01953125
0 0.725 0.537109375 0.015625 0.01953125
0 0.6734375 0.4921875 0.015625 0.01953125
0 0.68125 0.42578125 0.015625 0.01953125
0 0.6546875 0.44140625 0.015625 0.01953125
0 0.71875 0.396484375 0.015625 0.01953125
0 0.728125 0.37890625 0.015625 0.01953125
0 0.6140625 0.44921875 0.015625 0.01953125
0 0.5859375 0.453125 0.015625 0.01953125
0 0.5390625 0.470703125 0.015625 0.01953125
0 0.5109375 0.45703125 0.015625 0.01953125
0 0.4953125 0.4765625 0.015625 0.01953125
0 0.46875 0.455078125 0.015625 0.01953125
0 0.4625 0.50390625 0.015625 0.01953125
0 0.4453125 0.482421875 0.015625 0.01953125
0 0.4390625 0.541015625 0.015625 0.01953125
0 0.4234375 0.55078125 0.015625 0.01953125
0 0.3984375 0.537109375 0.015625 0.01953125
0 0.4390625 0.578125 0.015625 0.01953125
0 0.4546875 0.57421875 0.015625 0.01953125
0 0.490625 0.55078125 0.015625 0.01953125
0 0.4859375 0.5234375 0.015625 0.01953125
0 0.459375 0.60546875 0.015625 0.01953125
0 0.4421875 0.599609375 0.015625 0.01953125
0 0.5375 0.611328125 0.015625 0.01953125
0 0.6359375 0.6171875 0.015625 0.01953125
0 0.590625 0.548828125 0.015625 0.01953125
0 0.721875 0.609375 0.015625 0.01953125
0 0.740625 0.556640625 0.015625 0.01953125
0 0.7703125 0.58203125 0.015625 0.01953125
0 0.7609375 0.55078125 0.015625 0.01953125
0 0.7921875 0.5546875 0.015625 0.01953125
0 0.7828125 0.630859375 0.015625 0.01953125
0 0.821875 0.671875 0.015625 0.01953125
0 0.240625 0.638671875 0.015625 0.01953125
0 0.2546875 0.5703125 0.015625 0.01953125
0 0.2578125 0.54296875 0.015625 0.01953125
0 0.3015625 0.537109375 0.015625 0.01953125
0 0.31875 0.568359375 0.015625 0.01953125
0 0.340625 0.529296875 0.015625 0.01953125
0 0.3609375 0.5 0.015625 0.01953125
0 0.340625 0.44921875 0.015625 0.01953125
0 0.390625 0.439453125 0.015625 0.01953125
0 0.3640625 0.408203125 0.015625 0.01953125
0 0.215625 0.359375 0.015625 0.01953125
0 0.2296875 0.560546875 0.015625 0.01953125
0 0.1984375 0.568359375 0.015625 0.01953125
0 0.33125 0.58984375 0.015625 0.01953125
0 0.334375 0.56640625 0.015625 0.01953125
0 0.3734375 0.5703125 0.015625 0.01953125
0 0.3703125 0.548828125 0.015625 0.01953125
0 0.3828125 0.5703125 0.015625 0.01953125
0 0.3765625 0.587890625 0.015625 0.01953125
0 0.3921875 0.638671875 0.015625 0.01953125
0 0.0859375 0.58984375 0.015625 0.01953125
0 0.1125 0.572265625 0.015625 0.01953125
0 0.134375 0.60546875 0.015625 0.01953125
0 0.053125 0.53125 0.015625 0.01953125
0 0.096875 0.537109375 0.015625 0.01953125
0 0.0046875 0.537109375 0.015625 0.01953125
0 0.0703125 0.369140625 0.015625 0.01953125
0 0.1125 0.37890625 0.015625 0.01953125
0 0.1484375 0.3515625 0.015625 0.01953125
0 0.125 0.306640625 0.015625 0.01953125
0 0.0703125 0.322265625 0.015625 0.01953125
0 0.175 0.25390625 0.015625 0.01953125
0 0.2265625 0.189453125 0.015625 0.01953125
0 0.21875 0.09765625 0.015625 0.01953125
0 0.2203125 0.052734375 0.015625 0.01953125
0 0.1828125 0.0390625 0.015625 0.01953125
0 0.1125 0.009765625 0.015625 0.01953125
0 0.021875 0.060546875 0.015625 0.01953125
0 0.0078125 0.13671875 0.015625 0.01953125
0 0.05625 0.126953125 0.015625 0.01953125
0 0.109375 0.140625 0.015625 0.01953125
0 0.09375 0.25390625 0.015625 0.01953125
0 0.13125 0.25 0.015625 0.01953125
0 0.0546875 0.240234375 0.015625 0.01953125
0 0.0109375 0.236328125 0.015625 0.01953125
0 0.015625 0.322265625 0.015625 0.01953125
0 0.640625 0.78125 0.015625 0.01953125
0 0.7109375 0.982421875 0.015625 0.01953125
0 0.8453125 0.48828125 0.015625 0.01953125
0 0.8578125 0.474609375 0.015625 0.01953125
0 0.0265625 0.619140625 0.015625 0.01953125
0 0.2953125 0.603515625 0.015625 0.01953125
0 0.7453125 0.193359375 0.015625 0.01953125
0 0.878125 0.16796875 0.015625 0.01953125
0 0.8703125 0.23046875 0.015625 0.01953125
0 0.884375 0.193359375 0.015625 0.01953125
0 0.890625 0.1328125 0.015625 0.01953125
0 0.89375 0.255859375 0.015625 0.01953125
0 0.8734375 0.3671875 0.015625 0.01953125
0 0.7421875 0.044921875 0.015625 0.01953125
0 0.8765625 0.0546875 0.015625 0.01953125
0 0.8875 0.072265625 0.015625 0.01953125
0 0.78125 0.72265625 0.015625 0.01953125
0 0.8046875 0.71875 0.015625 0.01953125
0 0.828125 0.544921875 0.015625 0.01953125
0 0.403125 0.46484375 0.015625 0.01953125
0 0.44375 0.44140625 0.015625 0.01953125
