0 0.4109375 0.6015625 0.015625 0.01953125
0 0.3921875 0.591796875 0.015625 0.01953125
0 0.3875 0.55859375 0.015625 0.01953125
0 0.34375 0.59765625 0.015625 0.01953125
0 0.2671875 0.62109375 0.015625 0.01953125
0 0.271875 0.59765625 0.015625 0.01953125
0 0.2421875 0.609375 0.015625 0.01953125
0 0.290625 0.572265625 0.015625 0.01953125
0 0.3234375 0.572265625 0.015625 0.01953125
0 0.2265625 0.576171875 0.015625 0.01953125
0 0.23125 0.546875 0.015625 0.01953125
0 0.1453125 0.533203125 0.015625 0.01953125
0 0.1140625 0.5390625 0.015625 0.01953125
0 0.0609375 0.544921875 0.015625 0.01953125
0 0.0421875 0.533203125 0.015625 0.01953125
0 0.0421875 0.30078125 0.015625 0.01953125
0 0.0515625 0.287109375 0.015625 0.01953125
0 0.046875 0.2578125 0.015625 0.01953125
0 0.0375 0.234375 0.015625 0.01953125
0 0.1671875 0.224609375 0.015625 0.01953125
0 0.1828125 0.3125 0.015625 0.01953125
0 0.2296875 0.333984375 0.015625 0.01953125
0 0.2421875 0.3828125 0.015625 0.01953125
0 0.2796875 0.380859375 0.015625 0.01953125
0 0.2984375 0.349609375 0.015625 0.01953125
0 0.2953125 0.310546875 0.015625 0.01953125
0 0.2609375 0.251953125 0.015625 0.01953125
0 0.2875 0.251953125 0.015625 0.01953125
0 0.2234375 0.244140625 0.015625 0.01953125
0 0.34375 0.26171875 0.015625 0.01953125
0 0.359375 0.375 0.015625 0.01953125
0 0.4359375 0.408203125 0.015625 0.01953125
0 0.4375 0.556640625 0.015625 0.01953125
0 0.4203125 0.564453125 0.015625 0.01953125
0 0.4703125 0.6171875 0.015625 0.01953125
0 0.471875 0.58203125 0.015625 0.01953125
0 0.478125 0.54296875 0.015625 0.01953125
0 0.5 0.53125 0.015625 0.01953125
0 0.496875 0.4765625 0.015625 0.01953125
0 0.5015625 0.45703125 0.015625 0.01953125
0 0.5109375 0.4375 0.015625 0.01953125
0 0.53125 0.572265625 0.015625 0.01953125
0 0.5109375 0.595703125 0.015625 0.01953125
0 0.54375 0.609375 0.015625 0.01953125
0 0.565625 0.58984375 0.015625 0.01953125
0 0.58125 0.578125 0.015625 0.01953125
0 0.590625 0.546875 0.015625 0.01953125
0 0.609375 0.53125 0.015625 0.01953125
0 0.6140625 0.490234375 0.015625 0.01953125
0 0.653125 0.50390625 0.015625 0.01953125
0 0.6828125 0.5078125 0.015625 0.01953125
0 0.7296875 0.501953125 0.015625 0.01953125
0 0.759375 0.5 0.015625 0.01953125
0 0.8265625 0.484375 0.015625 0.01953125
0 0.79375 0.4921875 0.015625 0.01953125
0 0.8609375 0.44921875 0.015625 0.01953125
0 0.8390625 0.533203125 0.015625 0.01953125
0 0.9078125 0.53125 0.015625 0.01953125
0 0.9328125 0.54296875 0.015625 0.01953125
0 0.94375 0.529296875 0.015625 0.01953125
0 0.95 0.505859375 0.015625 0.01953125
0 0.9609375 0.4296875 0.015625 0.01953125
0 0.996875 0.427734375 0.015625 0.01953125
0 0.965625 0.3359375 0.015625 0.01953125
0 0.990625 0.328125 0.015625 0.01953125
0 0.9859375 0.337890625 0.015625 0.01953125
0 0.96875 0.345703125 0.015625 0.01953125
0 0.95 0.30859375 0.015625 0.01953125
0 0.965625 0.30078125 0.015625 0.01953125
0 0.98125 0.298828125 0.015625 0.01953125
0 0.9953125 0.302734375 0.015625 0.01953125
0 0.9765625 0.31640625 0.015625 0.01953125
0 0.953125 0.322265625 0.015625 0.01953125
0 0.975 0.234375 0.015625 0.01953125
0 0.959375 0.212890625 0.015625 0.01953125
0 0.9640625 0.19140625 0.015625 0.01953125
0 0.98125 0.19921875 0.015625 0.01953125
0 0.98125 0.212890625 0.015625 0.01953125
0 0.9890625 0.234375 0.015625 0.01953125
0 0.9953125 0.197265625 0.015625 0.01953125
0 0.9953125 0.17578125 0.015625 0.01953125
0 0.99375 0.162109375 0.015625 0.01953125
0 0.975 0.173828125 0.015625 0.01953125
0 0.9640625 0.11328125 0.015625 0.01953125
0 0.99375 0.08203125 0.015625 0.01953125
0 0.9828125 0.099609375 0.015625 0.01953125
0 0.98125 0.06640625 0.015625 0.01953125
0 0.9625 0.07421875 0.015625 0.01953125
0 0.9671875 0.091796875 0.015625 0.01953125
0 0.99375 0.046875 0.015625 0.01953125
0 0.96875 0.01171875 0.015625 0.01953125
0 0.95625 0.025390625 0.015625 0.01953125
0 0.959375 0.046875 0.015625 0.01953125
0 0.94375 0.03515625 0.015625 0.01953125
0 0.9265625 0.03125 0.015625 0.01953125
0 0.9421875 0.00390625 0.015625 0.01953125
0 0.9265625 0.0546875 0.015625 0.01953125
0 0.95 0.064453125 0.015625 0.01953125
0 0.93125 0.080078125 0.015625 0.01953125
0 0.8953125 0.103515625 0.015625 0.01953125
0 0.90625 0.029296875 0.015625 0.01953125
0 0.9140625 0.05859375 0.015625 0.01953125
0 0.8828125 0.15234375 0.015625 0.01953125
0 0.7515625 0.05078125 0.015625 0.01953125
0 0.7109375 0.0859375 0.015625 0.01953125
0 0.728125 0.59375 0.015625 0.01953125
0 0.7671875 0.66015625 0.015625 0.01953125
0 0.771875 0.697265625 0.015625 0.01953125
0 0.8390625 0.630859375 0.015625 0.01953125
0 0.8890625 0.634765625 0.015625 0.01953125
0 0.8671875 0.603515625 0.015625 0.01953125
0 0.840625 0.669921875 0.015625 0.01953125
0 0.9015625 0.732421875 0.015625 0.01953125
0 0.9265625 0.728515625 0.015625 0.01953125
0 0.9046875 0.880859375 0.015625 0.01953125
0 0.921875 0.8828125 0.015625 0.01953125
0 0.940625 0.8359375 0.015625 0.01953125
0 0.7609375 0.828125 0.015625 0.01953125
0 0.3609375 0.654296875 0.015625 0.01953125
0 0.3421875 0.666015625 0.015625 0.01953125
0 0.0453125 0.123046875 0.015625 0.01953125
0 0.0578125 0.10546875 0.015625 0.01953125
0 0.053125 0.052734375 0.015625 0.01953125
0 0.0390625 0.041015625 0.015625 0.01953125
0 0.0046875 0.181640625 0.015625 0.01953125
0 0.19375 0.12890625 0.015625 0.01953125
0 0.2109375 0.044921875 0.015625 0.01953125
0 0.28125 0.01171875 0.015625 0.01953125
0 0.35 0.05859375 0.015625 0.01953125
0 0.3828125 0.0703125 0.015625 0.01953125
0 0.3765625 0.109375 0.015625 0.01953125
0 0.384375 0.12890625 0.015625 0.01953125
0 0.4 0.1015625 0.015625 0.01953125
0 0.284375 0.140625 0.015625 0.01953125
0 0.3859375 0.212890625 0.015625 0.01953125
0 0.2421875 0.12890625 0.015625 0.01953125
0 0.646875 0.603515625 0.015625 0.01953125
0 0.6296875 0.5859375 0.015625 0.01953125
0 0.6515625 0.556640625 0.015625 0.01953125
0 0.5875 0.51171875 0.015625 0.01953125
0 0.59375 0.494140625 0.015625 0.01953125
0 0.4953125 0.626953125 0.015625 0.01953125
0 0.5734375 0.6171875 0.015625 0.01953125
0 0.5671875 0.646484375 0.015625 0.01953125
0 0.590625 0.638671875 0.015625 0.01953125
0 0.5828125 0.66015625 0.015625 0.01953125
0 0.5265625 0.666015625 0.015625 0.01953125
0 0.671875 0.654296875 0.015625 0.01953125
0 0.659375 0.671875 0.015625 0.01953125
0 0.778125 0.712890625 0.015625 0.01953125
0 0.8328125 0.69140625 0.015625 0.01953125
0 0.9171875 0.69921875 0.015625 0.01953125
0 0.9453125 0.658203125 0.015625 0.01953125
0 0.9125 0.65234375 0.015625 0.01953125
0 0.928125 0.611328125 0.015625 0.01953125
0 0.915625 0.58984375 0.015625 0.01953125
0 0.8375 0.58984375 0.015625 0.01953125
0 0.9796875 0.5625 0.015625 0.01953125
0 0.96875 0.61328125 0.015625 0.01953125
0 0.996875 0.546875 0.015625 0.01953125
0 0.2375 0.505859375 0.015625 0.01953125
0 0.0140625 0.53125 0.015625 0.01953125
0 0.3453125 0.041015625 0.015625 0.01953125
0 0.04375 0.087890625 0.015625 0.01953125
0 0.6109375 0.447265625 0.015625 0.01953125
0 0.571875 0.470703125 0.015625 0.01953125
0 0.5875 0.46875 0.015625 0.01953125
0 0.9140625 0.337890625 0.015625 0.01953125
