0 0.0671875 0.044921875 0.015625 0.01953125
0 0.0984375 0.044921875 0.015625 0.01953125
0 0.1109375 0.046875 0.015625 0.01953125
0 0.1609375 0.08203125 0.015625 0.01953125
0 0.171875 0.1015625 0.015625 0.01953125
0 0.16875 0.13671875 0.015625 0.01953125
0 0.171875 0.158203125 0.015625 0.01953125
0 0.103125 0.201171875 0.015625 0.01953125
0 0.115625 0.216796875 0.015625 0.01953125
0 0.1265625 0.220703125 0.015625 0.01953125
0 0.1671875 0.28125 0.015625 0.01953125
0 0.1703125 0.30078125 0.015625 0.01953125
0 0.171875 0.330078125 0.015625 0.01953125
0 0.1671875 0.34375 0.015625 0.01953125
0 0.059375 0.421875 0.015625 0.01953125
0 0.0609375 0.44921875 0.015625 0.01953125
0 0.2125 0.01953125 0.015625 0.01953125
0 0.24375 0.041015625 0.015625 0.01953125
0 0.271875 0.05859375 0.015625 0.01953125
0 0.3328125 0.07421875 0.015625 0.01953125
0 0.3109375 0.15625 0.015625 0.01953125
0 0.35 0.16015625 0.015625 0.01953125
0 0.409375 0.16796875 0.015625 0.01953125
0 0.396875 0.041015625 0.015625 0.01953125
0 0.303125 0.009765625 0.015625 0.01953125
0 0.3984375 0.015625 0.015625 0.01953125
0 0.3015625 0.26953125 0.015625 0.01953125
0 0.346875 0.27734375 0.015625 0.01953125
0 0.384375 0.28515625 0.015625 0.01953125
0 0.4109375 0.291015625 0.015625 0.01953125
0 0.4640625 0.291015625 0.015625 0.01953125
0 0.5046875 0.2421875 0.015625 0.01953125
0 0.471875 0.08984375 0.015625 0.01953125
0 0.45625 0.068359375 0.015625 0.01953125
0 0.425 0.03125 0.015625 0.01953125
0 0.503125 0.10546875 0.015625 0.01953125
0 0.496875 0.142578125 0.015625 0.01953125
0 0.515625 0.1328125 0.015625 0.01953125
0 0.29375 0.345703125 0.015625 0.01953125
0 0.3546875 0.349609375 0.015625 0.01953125
0 0.41875 0.337890625 0.015625 0.01953125
0 0.425 0.3828125 0.015625 0.01953125
0 0.3984375 0.41015625 0.015625 0.01953125
0 0.353125 0.416015625 0.015625 0.01953125
0 0.4828125 0.404296875 0.015625 0.01953125
0 0.528125 0.353515625 0.015625 0.01953125
0 0.8328125 0.1015625 0.015625 0.01953125
0 0.86875 0.078125 0.015625 0.01953125
0 0.5953125 0.453125 0.015625 0.01953125
0 0.5859375 0.470703125 0.015625 0.01953125
0 0.640625 0.44921875 0.015625 0.01953125
0 0.6890625 0.00390625 0.015625 0.01953125
0 0.003125 0.5546875 0.015625 0.01953125
0 0.0359375 0.556640625 0.015625 0.01953125
0 0.0515625 0.55859375 0.015625 0.01953125
0 0.08125 0.564453125 0.015625 0.01953125
0 0.115625 0.568359375 0.015625 0.01953125
0 0.1484375 0.56640625 0.015625 0.01953125
0 0.1765625 0.572265625 0.015625 0.01953125
0 0.19375 0.57421875 0.015625 0.01953125
0 0.246875 0.576171875 0.015625 0.01953125
0 0.275 0.568359375 0.015625 0.01953125
0 0.359375 0.583984375 0.015625 0.01953125
0 0.3859375 0.583984375 0.015625 0.01953125
0 0.378125 0.599609375 0.015625 0.01953125
0 0.3859375 0.63671875 0.015625 0.01953125
0 0.396875 0.654296875 0.015625 0.01953125
0 0.415625 0.59765625 0.015625 0.01953125
0 0.425 0.619140625 0.015625 0.01953125
0 0.4296875 0.65234375 0.015625 0.01953125
0 0.46875 0.61328125 0.015625 0.01953125
0 0.4890625 0.626953125 0.015625 0.01953125
0 0.4859375 0.58984375 0.015625 0.01953125
0 0.51875 0.58984375 0.015625 0.01953125
0 0.5484375 0.591796875 0.015625 0.01953125
0 0.565625 0.595703125 0.015625 0.01953125
0 0.5546875 0.623046875 0.015625 0.01953125
0 0.49375 0.69140625 0.015625 0.01953125
0 0.58125 0.595703125 0.015625 0.01953125
0 0.6046875 0.61328125 0.015625 0.01953125
0 0.6046875 0.578125 0.015625 0.01953125
0 0.628125 0.552734375 0.015625 0.01953125
0 0.6578125 0.69140625 0.015625 0.01953125
0 0.6328125 0.615234375 0.015625 0.01953125
0 0.6546875 0.587890625 0.015625 0.01953125
0 0.6890625 0.60546875 0.015625 0.01953125
0 0.70625 0.6015625 0.015625 0.01953125
0 0.7546875 0.60546875 0.015625 0.01953125
0 0.859375 0.615234375 0.015625 0.01953125
0 0.646875 0.642578125 0.015625 0.01953125
0 0.66875 0.646484375 0.015625 0.01953125
0 0.7125 0.541015625 0.015625 0.01953125
0 0.921875 0.654296875 0.015625 0.01953125
0 0.89375 0.67578125 0.015625 0.01953125
0 0.8359375 0.607421875 0.015625 0.01953125
0 0.8203125 0.57421875 0.015625 0.01953125
0 0.9390625 0.673828125 0.015625 0.01953125
0 0.8046875 0.67578125 0.015625 0.01953125
0 0.75 0.62890625 0.015625 0.01953125
0 0.621875 0.65625 0.015625 0.01953125
0 0.740625 0.521484375 0.015625 0.01953125
0 0.70625 0.498046875 0.015625 0.01953125
0 0.7625 0.53515625 0.015625 0.01953125
0 0.7796875 0.515625 0.015625 0.01953125
0 0.8046875 0.53515625 0.015625 0.01953125
0 0.8625 0.541015625 0.015625 0.01953125
0 0.896875 0.53125 0.015625 0.01953125
0 0.9484375 0.501953125 0.015625 0.01953125
0 0.978125 0.466796875 0.015625 0.01953125
0 0.9953125 0.458984375 0.015625 0.01953125
0 0.9890625 0.546875 0.015625 0.01953125
0 0.91875 0.513671875 0.015625 0.01953125
0 0.9109375 0.697265625 0.015625 0.01953125
0 0.9015625 0.72265625 0.015625 0.01953125
0 0.9703125 0.681640625 0.015625 0.01953125
