0 0.234375 0.017578125 0.015625 0.01953125
0 0.2984375 0.091796875 0.015625 0.01953125
0 0.3109375 0.1015625 0.015625 0.01953125
0 0.3078125 0.14453125 0.015625 0.01953125
0 0.2734375 0.19921875 0.015625 0.01953125
0 0.2609375 0.224609375 0.015625 0.01953125
0 0.2734375 0.234375 0.015625 0.01953125
0 0.3015625 0.291015625 0.015625 0.01953125
0 0.3046875 0.3125 0.015625 0.01953125
0 0.3046875 0.333984375 0.015625 0.01953125
0 0.3046875 0.349609375 0.015625 0.01953125
0 0.1671875 0.37109375 0.015625 0.01953125
0 0.1453125 0.443359375 0.015625 0.01953125
0 0.225 0.443359375 0.015625 0.01953125
0 0.128125 0.54296875 0.015625 0.01953125
0 0.0375 0.546875 0.015625 0.01953125
0 0.034375 0.55859375 0.015625 0.01953125
0 0.1359375 0.5625 0.015625 0.01953125
0 0.175 0.5625 0.015625 0.01953125
0 0.1921875 0.5625 0.015625 0.01953125
0 0.2515625 0.57421875 0.015625 0.01953125
0 0.284375 0.572265625 0.015625 0.01953125
0 0.3109375 0.578125 0.015625 0.01953125
0 0.3265625 0.58984375 0.015625 0.01953125
0 0.3828125 0.58203125 0.015625 0.01953125
0 0.409375 0.576171875 0.015625 0.01953125
0 0.4125 0.35546875 0.015625 0.01953125
0 0.375 0.013671875 0.015625 0.01953125
0 0.4453125 0.03125 0.015625 0.01953125
0 0.409375 0.052734375 0.015625 0.01953125
0 0.39375 0.080078125 0.015625 0.01953125
0 0.4375 0.095703125 0.015625 0.01953125
0 0.403125 0.115234375 0.015625 0.01953125
0 0.4328125 0.162109375 0.015625 0.01953125
0 0.4796875 0.169921875 0.015625 0.01953125
0 0.5359375 0.1796875 0.015625 0.01953125
0 0.5296875 0.046875 0.015625 0.01953125
0 0.5890625 0.037109375 0.015625 0.01953125
0 0.6125 0.052734375 0.015625 0.01953125
0 0.41875 0.2734375 0.015625 0.01953125
0 0.4671875 0.291015625 0.015625 0.01953125
0 0.5015625 0.30078125 0.015625 0.01953125
0 0.55 0.294921875 0.015625 0.01953125
0 0.5859375 0.296875 0.015625 0.01953125
0 0.5890625 0.078125 0.015625 0.01953125
0 0.60625 0.08984375 0.015625 0.01953125
0 0.6375 0.10546875 0.015625 0.01953125
0 0.6328125 0.140625 0.015625 0.01953125
0 0.63125 0.154296875 0.015625 0.01953125
0 0.640625 0.24609375 0.015625 0.01953125
0 0.66875 0.29296875 0.015625 0.01953125
0 0.7015625 0.412109375 0.015625 0.01953125
0 0.6171875 0.41015625 0.015625 0.01953125
0 0.5359375 0.35546875 0.015625 0.01953125
0 0.4765625 0.361328125 0.015625 0.01953125
0 0.4765625 0.427734375 0.015625 0.01953125
0 0.515625 0.4296875 0.015625 0.01953125
0 0.5546875 0.39453125 0.015625 0.01953125
0 0.4890625 0.3671875 0.015625 0.01953125
0 0.778125 0.458984375 0.015625 0.01953125
0 0.65 0.138671875 0.015625 0.01953125
0 0.81875 0.0078125 0.015625 0.01953125
0 0.9796875 0.10546875 0.015625 0.01953125
0 0.6390625 0.626953125 0.015625 0.01953125
0 0.6359375 0.638671875 0.015625 0.01953125
0 0.49375 0.587890625 0.015625 0.01953125
0 0.4703125 0.60546875 0.015625 0.01953125
0 0.5203125 0.599609375 0.015625 0.01953125
0 0.5234375 0.63671875 0.015625 0.01953125
0 0.559375 0.66015625 0.015625 0.01953125
0 0.55625 0.60546875 0.015625 0.01953125
0 0.503125 0.55078125 0.015625 0.01953125
0 0.578125 0.6171875 0.015625 0.01953125
0 0.596875 0.65625 0.015625 0.01953125
0 0.59375 0.671875 0.015625 0.01953125
0 0.625 0.69140625 0.015625 0.01953125
0 0.6265625 0.59375 0.015625 0.01953125
0 0.65625 0.595703125 0.015625 0.01953125
0 0.6859375 0.59765625 0.015625 0.01953125
0 0.7015625 0.599609375 0.015625 0.01953125
0 0.7203125 0.623046875 0.015625 0.01953125
0 0.69375 0.630859375 0.015625 0.01953125
0 0.740625 0.58984375 0.015625 0.01953125
0 0.7640625 0.55859375 0.015625 0.01953125
0 0.8 0.603515625 0.015625 0.01953125
0 0.8125 0.669921875 0.015625 0.01953125
0 0.8078125 0.654296875 0.015625 0.01953125
0 0.7890625 0.69921875 0.015625 0.01953125
0 0.840625 0.61328125 0.015625 0.01953125
0 0.8625 0.611328125 0.015625 0.01953125
0 0.890625 0.6171875 0.015625 0.01953125
0 0.8578125 0.564453125 0.015625 0.01953125
0 0.8765625 0.564453125 0.015625 0.01953125
0 0.853125 0.54296875 0.015625 0.01953125
0 0.85 0.505859375 0.015625 0.01953125
0 0.884375 0.49609375 0.015625 0.01953125
0 0.8953125 0.541015625 0.015625 0.01953125
0 0.915625 0.5234375 0.015625 0.01953125
0 0.9484375 0.546875 0.015625 0.01953125
0 0.9890625 0.53125 0.015625 0.01953125
0 0.9890625 0.580078125 0.015625 0.01953125
0 0.990625 0.619140625 0.015625 0.01953125
0 0.99375 0.671875 0.015625 0.01953125
0 0.9375 0.685546875 0.015625 0.01953125
0 0.9578125 0.638671875 0.015625 0.01953125
0 0.8734375 0.521484375 0.015625 0.01953125
