0 0.003125 0.078125 0.015625 0.01953125
0 0.0078125 0.283203125 0.015625 0.01953125
0 0.2328125 0.025390625 0.015625 0.01953125
0 0.28125 0.091796875 0.015625 0.01953125
0 0.30625 0.080078125 0.015625 0.01953125
0 0.35625 0.0390625 0.015625 0.01953125
0 0.1578125 0.453125 0.015625 0.01953125
0 0.271875 0.404296875 0.015625 0.01953125
0 0.3203125 0.478515625 0.015625 0.01953125
0 0.3734375 0.111328125 0.015625 0.01953125
0 0.3859375 0.119140625 0.015625 0.01953125
0 0.375 0.166015625 0.015625 0.01953125
0 0.38125 0.19140625 0.015625 0.01953125
0 0.371875 0.2265625 0.015625 0.01953125
0 0.3640625 0.26171875 0.015625 0.01953125
0 0.3796875 0.279296875 0.015625 0.01953125
0 0.3703125 0.30859375 0.015625 0.01953125
0 0.3796875 0.33203125 0.015625 0.01953125
0 0.3765625 0.361328125 0.015625 0.01953125
0 0.3765625 0.376953125 0.015625 0.01953125
0 0.459375 0.001953125 0.015625 0.01953125
0 0.478125 0.01953125 0.015625 0.01953125
0 0.51875 0.046875 0.015625 0.01953125
0 0.4796875 0.08203125 0.015625 0.01953125
0 0.4625 0.119140625 0.015625 0.01953125
0 0.475 0.126953125 0.015625 0.01953125
0 0.540625 0.12109375 0.015625 0.01953125
0 0.6125 0.0703125 0.015625 0.01953125
0 0.509375 0.19140625 0.015625 0.01953125
0 0.5578125 0.193359375 0.015625 0.01953125
0 0.6171875 0.203125 0.015625 0.01953125
0 0.7046875 0.083984375 0.015625 0.01953125
0 0.684375 0.119140625 0.015625 0.01953125
0 0.6671875 0.1015625 0.015625 0.01953125
0 0.7109375 0.1328125 0.015625 0.01953125
0 0.7046875 0.166015625 0.015625 0.01953125
0 0.7265625 0.158203125 0.015625 0.01953125
0 0.709375 0.177734375 0.015625 0.01953125
0 0.7609375 0.216796875 0.015625 0.01953125
0 0.7140625 0.26953125 0.015625 0.01953125
0 0.4984375 0.298828125 0.015625 0.01953125
0 0.496875 0.3828125 0.015625 0.01953125
0 0.559375 0.306640625 0.015625 0.01953125
0 0.5890625 0.318359375 0.015625 0.01953125
0 0.6234375 0.31640625 0.015625 0.01953125
0 0.6625 0.322265625 0.015625 0.01953125
0 0.565625 0.380859375 0.015625 0.01953125
0 0.6109375 0.380859375 0.015625 0.01953125
0 0.5515625 0.443359375 0.015625 0.01953125
0 0.590625 0.44921875 0.015625 0.01953125
0 0.6390625 0.419921875 0.015625 0.01953125
0 0.690625 0.435546875 0.015625 0.01953125
0 0.7453125 0.388671875 0.015625 0.01953125
0 0.8515625 0.48046875 0.015625 0.01953125
0 0.846875 0.49609375 0.015625 0.01953125
0 0.865625 0.00390625 0.015625 0.01953125
0 0.884375 0.0078125 0.015625 0.01953125
0 0.9015625 0.015625 0.015625 0.01953125
0 0.0546875 0.5703125 0.015625 0.01953125
0 0.1078125 0.572265625 0.015625 0.01953125
0 0.196875 0.568359375 0.015625 0.01953125
0 0.20625 0.587890625 0.015625 0.01953125
0 0.2421875 0.587890625 0.015625 0.01953125
0 0.259375 0.58984375 0.015625 0.01953125
0 0.325 0.595703125 0.015625 0.01953125
0 0.353125 0.59375 0.015625 0.01953125
0 0.365625 0.599609375 0.015625 0.01953125
0 0.3828125 0.603515625 0.015625 0.01953125
0 0.396875 0.611328125 0.015625 0.01953125
0 0.45 0.6015625 0.015625 0.01953125
0 0.48125 0.59765625 0.015625 0.01953125
0 0.4984375 0.62109375 0.015625 0.01953125
0 0.5640625 0.609375 0.015625 0.01953125
0 0.5546875 0.625 0.015625 0.01953125
0 0.5421875 0.66015625 0.015625 0.01953125
0 0.5765625 0.6328125 0.015625 0.01953125
0 0.5984375 0.640625 0.015625 0.01953125
0 0.6609375 0.6328125 0.015625 0.01953125
0 0.659375 0.6640625 0.015625 0.01953125
0 0.64375 0.673828125 0.015625 0.01953125
0 0.6546875 0.68359375 0.015625 0.01953125
0 0.6984375 0.62109375 0.015625 0.01953125
0 0.7140625 0.642578125 0.015625 0.01953125
0 0.7046875 0.6796875 0.015625 0.01953125
0 0.7 0.693359375 0.015625 0.01953125
0 0.696875 0.712890625 0.015625 0.01953125
0 0.740625 0.642578125 0.015625 0.01953125
0 0.7609375 0.626953125 0.015625 0.01953125
0 0.7765625 0.626953125 0.015625 0.01953125
0 0.81875 0.611328125 0.015625 0.01953125
0 0.8421875 0.58984375 0.015625 0.01953125
0 0.0703125 0.6484375 0.015625 0.01953125
0 0.0125 0.62109375 0.015625 0.01953125
0 0.8359375 0.681640625 0.015625 0.01953125
0 0.8953125 0.697265625 0.015625 0.01953125
0 0.8796875 0.681640625 0.015625 0.01953125
0 0.8671875 0.72265625 0.015625 0.01953125
0 0.93125 0.693359375 0.015625 0.01953125
0 0.9109375 0.693359375 0.015625 0.01953125
0 0.91875 0.6328125 0.015625 0.01953125
0 0.871875 0.626953125 0.015625 0.01953125
0 0.9484375 0.583984375 0.015625 0.01953125
0 0.9296875 0.587890625 0.015625 0.01953125
0 0.9671875 0.5625 0.015625 0.01953125
0 0.990625 0.55078125 0.015625 0.01953125
0 0.9234375 0.52734375 0.015625 0.01953125
0 0.9453125 0.544921875 0.015625 0.01953125
0 0.9578125 0.517578125 0.015625 0.01953125
0 0.9265625 0.568359375 0.015625 0.01953125
0 0.9109375 0.65625 0.015625 0.01953125
0 0.89375 0.033203125 0.015625 0.01953125
0 0.28125 0.716796875 0.015625 0.01953125
