0 0.234375 0.00390625 0.015625 0.01953125
0 0.171875 0.09375 0.015625 0.01953125
0 0.296875 0.03515625 0.015625 0.01953125
0 0.3515625 0.0234375 0.015625 0.01953125
0 0.4125 0.046875 0.015625 0.01953125
0 0.49375 0.091796875 0.015625 0.01953125
0 0.4625 0.1015625 0.015625 0.01953125
0 0.2 0.23046875 0.015625 0.01953125
0 0.1375 0.373046875 0.015625 0.01953125
0 0.2265625 0.318359375 0.015625 0.01953125
0 0.2890625 0.46875 0.015625 0.01953125
0 0.4828125 0.435546875 0.015625 0.01953125
0 0.515625 0.513671875 0.015625 0.01953125
0 0.025 0.5859375 0.015625 0.01953125
0 0.0390625 0.58984375 0.015625 0.01953125
0 0.103125 0.64453125 0.015625 0.01953125
0 0.0765625 0.587890625 0.015625 0.01953125
0 0.1796875 0.59375 0.015625 0.01953125
0 0.2390625 0.595703125 0.015625 0.01953125
0 0.2515625 0.64453125 0.015625 0.01953125
0 0.29375 0.669921875 0.015625 0.01953125
0 0.290625 0.59375 0.015625 0.01953125
0 0.3796875 0.587890625 0.015625 0.01953125
0 0.3890625 0.603515625 0.015625 0.01953125
0 0.4265625 0.607421875 0.015625 0.01953125
0 0.4421875 0.609375 0.015625 0.01953125
0 0.503125 0.6171875 0.015625 0.01953125
0 0.5359375 0.615234375 0.015625 0.01953125
0 0.5765625 0.6328125 0.015625 0.01953125
0 0.5640625 0.6171875 0.015625 0.01953125
0 0.465625 0.728515625 0.015625 0.01953125
0 0.6328125 0.62109375 0.015625 0.01953125
0 0.6625 0.623046875 0.015625 0.01953125
0 0.6484375 0.6484375 0.015625 0.01953125
0 0.6796875 0.669921875 0.015625 0.01953125
0 0.7046875 0.630859375 0.015625 0.01953125
0 0.728125 0.615234375 0.015625 0.01953125
0 0.7515625 0.626953125 0.015625 0.01953125
0 0.7546875 0.591796875 0.015625 0.01953125
0 0.79375 0.65234375 0.015625 0.01953125
0 0.7890625 0.669921875 0.015625 0.01953125
0 0.85 0.66015625 0.015625 0.01953125
0 0.859375 0.689453125 0.015625 0.01953125
0 0.8515625 0.703125 0.015625 0.01953125
0 0.871875 0.66015625 0.015625 0.01953125
0 0.89375 0.68359375 0.015625 0.01953125
0 0.9125 0.634765625 0.015625 0.01953125
0 0.9234375 0.689453125 0.015625 0.01953125
0 0.9203125 0.712890625 0.015625 0.01953125
0 0.959375 0.64453125 0.015625 0.01953125
0 0.94375 0.64453125 0.015625 0.01953125
0 0.5859375 0.0546875 0.015625 0.01953125
0 0.5828125 0.080078125 0.015625 0.01953125
0 0.5625 0.12890625 0.015625 0.01953125
0 0.559375 0.150390625 0.015625 0.01953125
0 0.5578125 0.185546875 0.015625 0.01953125
0 0.559375 0.212890625 0.015625 0.01953125
0 0.546875 0.130859375 0.015625 0.01953125
0 0.5546875 0.244140625 0.015625 0.01953125
0 0.571875 0.306640625 0.015625 0.01953125
0 0.578125 0.333984375 0.015625 0.01953125
0 0.5546875 0.326171875 0.015625 0.01953125
0 0.5578125 0.35546875 0.015625 0.01953125
0 0.55625 0.376953125 0.015625 0.01953125
0 0.5578125 0.39453125 0.015625 0.01953125
0 0.6390625 0.12890625 0.015625 0.01953125
0 0.65625 0.1171875 0.015625 0.01953125
0 0.696875 0.125 0.015625 0.01953125
0 0.6984375 0.06640625 0.015625 0.01953125
0 0.690625 0.046875 0.015625 0.01953125
0 0.690625 0.013671875 0.015625 0.01953125
0 0.746875 0.033203125 0.015625 0.01953125
0 0.7984375 0.07421875 0.015625 0.01953125
0 0.68125 0.197265625 0.015625 0.01953125
0 0.7359375 0.197265625 0.015625 0.01953125
0 0.7890625 0.208984375 0.015625 0.01953125
0 0.85 0.1171875 0.015625 0.01953125
0 0.8671875 0.12890625 0.015625 0.01953125
0 0.89375 0.14453125 0.015625 0.01953125
0 0.9375 0.150390625 0.015625 0.01953125
0 0.94375 0.166015625 0.015625 0.01953125
0 0.89375 0.19140625 0.015625 0.01953125
0 0.8984375 0.28515625 0.015625 0.01953125
0 0.9 0.0078125 0.015625 0.01953125
0 0.9328125 0.345703125 0.015625 0.01953125
0 0.8734375 0.455078125 0.015625 0.01953125
0 0.740625 0.642578125 0.015625 0.01953125
0 0.6765625 0.31640625 0.015625 0.01953125
0 0.671875 0.39453125 0.015625 0.01953125
0 0.7234375 0.322265625 0.015625 0.01953125
0 0.7328125 0.390625 0.015625 0.01953125
0 0.728125 0.451171875 0.015625 0.01953125
0 0.7671875 0.453125 0.015625 0.01953125
0 0.7796875 0.388671875 0.015625 0.01953125
0 0.7546875 0.33203125 0.015625 0.01953125
0 0.7984375 0.333984375 0.015625 0.01953125
0 0.8375 0.3359375 0.015625 0.01953125
0 0.890625 0.638671875 0.015625 0.01953125
