0 0.015625 0.341796875 0.015625 0.01953125
0 0.475 0.001953125 0.015625 0.01953125
0 0.3515625 0.0859375 0.015625 0.01953125
0 0.390625 0.228515625 0.015625 0.01953125
0 0.45625 0.31640625 0.015625 0.01953125
0 0.328125 0.314453125 0.015625 0.01953125
0 0.4234375 0.458984375 0.015625 0.01953125
0 0.5984375 0.03515625 0.015625 0.01953125
0 0.5359375 0.068359375 0.015625 0.01953125
0 0.6453125 0.1015625 0.015625 0.01953125
0 0.678125 0.087890625 0.015625 0.01953125
0 0.7359375 0.126953125 0.015625 0.01953125
0 0.75 0.138671875 0.015625 0.01953125
0 0.7453125 0.177734375 0.015625 0.01953125
0 0.7453125 0.19921875 0.015625 0.01953125
0 0.7390625 0.2421875 0.015625 0.01953125
0 0.7625 0.3203125 0.015625 0.01953125
0 0.7375 0.322265625 0.015625 0.01953125
0 0.740625 0.349609375 0.015625 0.01953125
0 0.746875 0.37109375 0.015625 0.01953125
0 0.740625 0.38671875 0.015625 0.01953125
0 0.6984375 0.431640625 0.015625 0.01953125
0 0.721875 0.529296875 0.015625 0.01953125
0 0.81875 0.03515625 0.015625 0.01953125
0 0.8140625 0.064453125 0.015625 0.01953125
0 0.8328125 0.115234375 0.015625 0.01953125
0 0.84375 0.14453125 0.015625 0.01953125
0 0.8796875 0.123046875 0.015625 0.01953125
0 0.8703125 0.193359375 0.015625 0.01953125
0 0.9203125 0.19921875 0.015625 0.01953125
0 0.971875 0.205078125 0.015625 0.01953125
0 0.88125 0.06640625 0.015625 0.01953125
0 0.90625 0.01171875 0.015625 0.01953125
0 0.94375 0.01953125 0.015625 0.01953125
0 0.9796875 0.078125 0.015625 0.01953125
0 0.871875 0.318359375 0.015625 0.01953125
0 0.8640625 0.388671875 0.015625 0.01953125
0 0.940625 0.32421875 0.015625 0.01953125
0 0.91875 0.388671875 0.015625 0.01953125
0 0.915625 0.44921875 0.015625 0.01953125
0 0.9609375 0.4609375 0.015625 0.01953125
0 0.96875 0.39453125 0.015625 0.01953125
0 0.98125 0.330078125 0.015625 0.01953125
0 0.86875 0.5625 0.015625 0.01953125
0 0.8875 0.58203125 0.015625 0.01953125
0 0.86875 0.599609375 0.015625 0.01953125
0 0.9421875 0.5859375 0.015625 0.01953125
0 0.9421875 0.623046875 0.015625 0.01953125
0 0.9171875 0.32421875 0.015625 0.01953125
0 0.990625 0.6484375 0.015625 0.01953125
0 0.934375 0.658203125 0.015625 0.01953125
0 0.8515625 0.6171875 0.015625 0.01953125
0 0.8234375 0.6171875 0.015625 0.01953125
0 0.8078125 0.638671875 0.015625 0.01953125
0 0.8125 0.669921875 0.015625 0.01953125
0 0.7640625 0.625 0.015625 0.01953125
0 0.75 0.61328125 0.015625 0.01953125
0 0.71875 0.60546875 0.015625 0.01953125
0 0.6890625 0.611328125 0.015625 0.01953125
0 0.625 0.599609375 0.015625 0.01953125
0 0.609375 0.595703125 0.015625 0.01953125
0 0.571875 0.59765625 0.015625 0.01953125
0 0.5640625 0.578125 0.015625 0.01953125
0 0.515625 0.673828125 0.015625 0.01953125
0 0.49375 0.642578125 0.015625 0.01953125
0 0.475 0.58984375 0.015625 0.01953125
0 0.4234375 0.5859375 0.015625 0.01953125
0 0.3609375 0.5859375 0.015625 0.01953125
0 0.3546875 0.642578125 0.015625 0.01953125
0 0.2625 0.5859375 0.015625 0.01953125
0 0.221875 0.583984375 0.015625 0.01953125
0 0.2125 0.58203125 0.015625 0.01953125
0 0.171875 0.583984375 0.015625 0.01953125
0 0.159375 0.583984375 0.015625 0.01953125
0 0.0390625 0.572265625 0.015625 0.01953125
0 0.0125 0.568359375 0.015625 0.01953125
0 0.0921875 0.59765625 0.015625 0.01953125
0 0.9265625 0.669921875 0.015625 0.01953125
