0 0.2796875 0.396484375 0.015625 0.01953125
0 0.5328125 0.3046875 0.015625 0.01953125
0 0.6046875 0.236328125 0.015625 0.01953125
0 0.553125 0.10546875 0.015625 0.01953125
0 0.4921875 0.091796875 0.015625 0.01953125
0 0.6078125 0.474609375 0.015625 0.01953125
0 0.725 0.341796875 0.015625 0.01953125
0 0.946875 0.083984375 0.015625 0.01953125
0 0.9609375 0.1171875 0.015625 0.01953125
0 0.9625 0.14453125 0.015625 0.01953125
0 0.95625 0.201171875 0.015625 0.01953125
0 0.96875 0.287109375 0.015625 0.01953125
0 0.971875 0.3125 0.015625 0.01953125
0 0.9859375 0.271484375 0.015625 0.01953125
0 0.9546875 0.3828125 0.015625 0.01953125
0 0.9890625 0.48828125 0.015625 0.01953125
0 0.975 0.330078125 0.015625 0.01953125
0 0.9640625 0.267578125 0.015625 0.01953125
0 0.9765625 0.556640625 0.015625 0.01953125
0 0.9453125 0.56640625 0.015625 0.01953125
0 0.884375 0.568359375 0.015625 0.01953125
0 0.8671875 0.572265625 0.015625 0.01953125
0 0.825 0.576171875 0.015625 0.01953125
0 0.8109375 0.55859375 0.015625 0.01953125
0 0.80625 0.626953125 0.015625 0.01953125
0 0.8125 0.654296875 0.015625 0.01953125
0 0.7265625 0.583984375 0.015625 0.01953125
0 0.678125 0.58984375 0.015625 0.01953125
0 0.6125 0.599609375 0.015625 0.01953125
0 0.684375 0.66015625 0.015625 0.01953125
0 0.09375 0.77734375 0.015625 0.01953125
0 0.0765625 0.779296875 0.015625 0.01953125
0 0.003125 0.7109375 0.015625 0.01953125
0 0.0125 0.681640625 0.015625 0.01953125
0 0.0390625 0.67578125 0.015625 0.01953125
0 0.03125 0.65234375 0.015625 0.01953125
0 0.1015625 0.66015625 0.015625 0.01953125
0 0.1078125 0.642578125 0.015625 0.01953125
0 0.26875 0.63671875 0.015625 0.01953125
0 0.2984375 0.63671875 0.015625 0.01953125
0 0.309375 0.654296875 0.015625 0.01953125
0 0.4109375 0.6328125 0.015625 0.01953125
0 0.425 0.626953125 0.015625 0.01953125
0 0.459375 0.62109375 0.015625 0.01953125
0 0.4765625 0.62109375 0.015625 0.01953125
0 0.5125 0.615234375 0.015625 0.01953125
0 0.309375 0.6328125 0.015625 0.01953125
0 0.7515625 0.056640625 0.015625 0.01953125
0 0.79375 0.005859375 0.015625 0.01953125
