0 0.0359375 0.064453125 0.015625 0.01953125
0 0.0421875 0.162109375 0.015625 0.01953125
0 0.125 0.02734375 0.015625 0.01953125
0 0.359375 0.02734375 0.015625 0.01953125
0 0.35 0.052734375 0.015625 0.01953125
0 0.471875 0.171875 0.015625 0.01953125
0 0.5171875 0.041015625 0.015625 0.01953125
0 0.3 0.20703125 0.015625 0.01953125
0 0.26875 0.5078125 0.015625 0.01953125
0 0.4484375 0.35546875 0.015625 0.01953125
0 0.55 0.2890625 0.015625 0.01953125
0 0.53125 0.548828125 0.015625 0.01953125
0 0.71875 0.361328125 0.015625 0.01953125
0 0.715625 0.376953125 0.015625 0.01953125
0 0.6859375 0.017578125 0.015625 0.01953125
0 0.696875 0.03125 0.015625 0.01953125
0 0.6875 0.046875 0.015625 0.01953125
0 0.784375 0.033203125 0.015625 0.01953125
0 0.7765625 0.041015625 0.015625 0.01953125
0 0.75625 0.07421875 0.015625 0.01953125
0 0.8453125 0.052734375 0.015625 0.01953125
0 0.8625 0.060546875 0.015625 0.01953125
0 0.8671875 0.099609375 0.015625 0.01953125
0 0.8765625 0.12109375 0.015625 0.01953125
0 0.8765625 0.16015625 0.015625 0.01953125
0 0.9375 0.01953125 0.015625 0.01953125
0 0.9375 0.0390625 0.015625 0.01953125
0 0.984375 0.080078125 0.015625 0.01953125
0 0.915625 0.224609375 0.015625 0.01953125
0 0.9234375 0.240234375 0.015625 0.01953125
0 0.896875 0.23828125 0.015625 0.01953125
0 0.9109375 0.2578125 0.015625 0.01953125
0 0.915625 0.283203125 0.015625 0.01953125
0 0.9203125 0.30078125 0.015625 0.01953125
0 0.903125 0.359375 0.015625 0.01953125
0 0.978125 0.388671875 0.015625 0.01953125
0 0.9890625 0.412109375 0.015625 0.01953125
0 0.99375 0.439453125 0.015625 0.01953125
0 0.971875 0.458984375 0.015625 0.01953125
0 0.9859375 0.513671875 0.015625 0.01953125
0 0.9515625 0.51953125 0.015625 0.01953125
0 0.9515625 0.5703125 0.015625 0.01953125
0 0.9234375 0.53515625 0.015625 0.01953125
0 0.859375 0.548828125 0.015625 0.01953125
0 0.8453125 0.5546875 0.015625 0.01953125
0 0.809375 0.568359375 0.015625 0.01953125
0 0.79375 0.556640625 0.015625 0.01953125
0 0.8375 0.638671875 0.015625 0.01953125
0 0.853125 0.61328125 0.015625 0.01953125
0 0.7453125 0.658203125 0.015625 0.01953125
0 0.7203125 0.59765625 0.015625 0.01953125
0 0.709375 0.60546875 0.015625 0.01953125
0 0.659375 0.619140625 0.015625 0.01953125
0 0.603125 0.64453125 0.015625 0.01953125
0 0.5078125 0.6796875 0.015625 0.01953125
0 0.4609375 0.697265625 0.015625 0.01953125
0 0.4875 0.6875 0.015625 0.01953125
0 0.471875 0.69140625 0.015625 0.01953125
0 0.4203125 0.7109375 0.015625 0.01953125
0 0.409375 0.71484375 0.015625 0.01953125
0 0.296875 0.751953125 0.015625 0.01953125
0 0.26875 0.759765625 0.015625 0.01953125
0 0.265625 0.78125 0.015625 0.01953125
0 0.1140625 0.798828125 0.015625 0.01953125
0 0.103125 0.81640625 0.015625 0.01953125
0 0.1046875 0.83984375 0.015625 0.01953125
0 0.0203125 0.859375 0.015625 0.01953125
0 0.046875 0.845703125 0.015625 0.01953125
0 0.0578125 0.880859375 0.015625 0.01953125
0 0.0734375 0.896484375 0.015625 0.01953125
0 0.0421875 0.8203125 0.015625 0.01953125
0 0.03125 0.822265625 0.015625 0.01953125
0 0.3078125 0.931640625 0.015625 0.01953125
0 0.9109375 0.650390625 0.015625 0.01953125
