0 0.0265625 0.16015625 0.015625 0.01953125
0 0.1140625 0.12890625 0.015625 0.01953125
0 0.0890625 0.26953125 0.015625 0.01953125
0 0.1609375 0.0625 0.015625 0.01953125
0 0.18125 0.095703125 0.015625 0.01953125
0 0.2015625 0.103515625 0.015625 0.01953125
0 0.2078125 0.076171875 0.015625 0.01953125
0 0.2515625 0.369140625 0.015625 0.01953125
0 0.3421875 0.158203125 0.015625 0.01953125
0 0.3546875 0.130859375 0.015625 0.01953125
0 0.4328125 0.087890625 0.015625 0.01953125
0 0.45625 0.0625 0.015625 0.01953125
0 0.5203125 0.0625 0.015625 0.01953125
0 0.61875 0.025390625 0.015625 0.01953125
0 0.65 0.0078125 0.015625 0.01953125
0 0.5546875 0.171875 0.015625 0.01953125
0 0.678125 0.123046875 0.015625 0.01953125
0 0.6828125 0.150390625 0.015625 0.01953125
0 0.5890625 0.39453125 0.015625 0.01953125
0 0.4734375 0.28125 0.015625 0.01953125
0 0.4109375 0.466796875 0.015625 0.01953125
0 0.259375 0.611328125 0.015625 0.01953125
0 0.74375 0.166015625 0.015625 0.01953125
0 0.7515625 0.181640625 0.015625 0.01953125
0 0.7625 0.146484375 0.015625 0.01953125
0 0.775 0.140625 0.015625 0.01953125
0 0.7546875 0.474609375 0.015625 0.01953125
0 0.484375 0.685546875 0.015625 0.01953125
0 0.8375 0.15625 0.015625 0.01953125
0 0.8515625 0.166015625 0.015625 0.01953125
0 0.8578125 0.197265625 0.015625 0.01953125
0 0.8703125 0.2265625 0.015625 0.01953125
0 0.890625 0.33984375 0.015625 0.01953125
0 0.8671875 0.267578125 0.015625 0.01953125
0 0.909375 0.330078125 0.015625 0.01953125
0 0.915625 0.34375 0.015625 0.01953125
0 0.9015625 0.36328125 0.015625 0.01953125
0 0.9109375 0.388671875 0.015625 0.01953125
0 0.9109375 0.408203125 0.015625 0.01953125
0 0.91875 0.453125 0.015625 0.01953125
0 0.9375 0.46875 0.015625 0.01953125
0 0.9265625 0.48046875 0.015625 0.01953125
0 0.971875 0.505859375 0.015625 0.01953125
0 0.9890625 0.513671875 0.015625 0.01953125
0 0.9859375 0.57421875 0.015625 0.01953125
0 0.928125 0.1171875 0.015625 0.01953125
0 0.93125 0.14453125 0.015625 0.01953125
0 0.984375 0.16796875 0.015625 0.01953125
0 0.975 0.083984375 0.015625 0.01953125
0 0.9578125 0.01953125 0.015625 0.01953125
0 0.9671875 0.033203125 0.015625 0.01953125
0 0.2171875 0.91015625 0.015625 0.01953125
0 0.0953125 0.962890625 0.015625 0.01953125
0 0.0515625 0.939453125 0.015625 0.01953125
0 0.025 0.984375 0.015625 0.01953125
0 0.021875 0.931640625 0.015625 0.01953125
0 0.034375 0.93359375 0.015625 0.01953125
0 0.0078125 0.96484375 0.015625 0.01953125
0 0.103125 0.90625 0.015625 0.01953125
0 0.09375 0.92578125 0.015625 0.01953125
0 0.2609375 0.865234375 0.015625 0.01953125
0 0.2875 0.85546875 0.015625 0.01953125
0 0.4015625 0.818359375 0.015625 0.01953125
0 0.4140625 0.81640625 0.015625 0.01953125
0 0.4515625 0.798828125 0.015625 0.01953125
0 0.4640625 0.796875 0.015625 0.01953125
0 0.5015625 0.78125 0.015625 0.01953125
0 0.5953125 0.744140625 0.015625 0.01953125
0 0.6546875 0.71875 0.015625 0.01953125
0 0.7015625 0.703125 0.015625 0.01953125
0 0.7875 0.66015625 0.015625 0.01953125
0 0.8015625 0.669921875 0.015625 0.01953125
0 0.840625 0.654296875 0.015625 0.01953125
0 0.8578125 0.65625 0.015625 0.01953125
0 0.871875 0.724609375 0.015625 0.01953125
0 0.80625 0.74609375 0.015625 0.01953125
0 0.91875 0.638671875 0.015625 0.01953125
0 0.9453125 0.62109375 0.015625 0.01953125
0 0.978125 0.6171875 0.015625 0.01953125
0 0.9953125 0.62109375 0.015625 0.01953125
0 0.8890625 0.681640625 0.015625 0.01953125
0 0.9015625 0.701171875 0.015625 0.01953125
