0 0.0203125 0.248046875 0.015625 0.01953125
0 0.0015625 0.435546875 0.015625 0.01953125
0 0.1421875 0.353515625 0.015625 0.01953125
0 0.1375 0.337890625 0.015625 0.01953125
0 0.0984375 0.205078125 0.015625 0.01953125
0 0.1484375 0.208984375 0.015625 0.01953125
0 0.1734375 0.197265625 0.015625 0.01953125
0 0.16875 0.171875 0.015625 0.01953125
0 0.1640625 0.140625 0.015625 0.01953125
0 0.34375 0.208984375 0.015625 0.01953125
0 0.340625 0.23828125 0.015625 0.01953125
0 0.428125 0.150390625 0.015625 0.01953125
0 0.45 0.171875 0.015625 0.01953125
0 0.45 0.134765625 0.015625 0.01953125
0 0.48125 0.154296875 0.015625 0.01953125
0 0.65 0.072265625 0.015625 0.01953125
0 0.728125 0.03515625 0.015625 0.01953125
0 0.6734375 0.203125 0.015625 0.01953125
0 0.6515625 0.228515625 0.015625 0.01953125
0 0.675 0.23046875 0.015625 0.01953125
0 0.5953125 0.24609375 0.015625 0.01953125
0 0.496875 0.35546875 0.015625 0.01953125
0 0.3171875 0.353515625 0.015625 0.01953125
0 0.63125 0.4765625 0.015625 0.01953125
0 0.3703125 0.55859375 0.015625 0.01953125
0 0.2640625 0.689453125 0.015625 0.01953125
0 0.428125 0.79296875 0.015625 0.01953125
0 0.7953125 0.560546875 0.015625 0.01953125
0 0.8546875 0.52734375 0.015625 0.01953125
0 0.871875 0.533203125 0.015625 0.01953125
0 0.746875 0.2578125 0.015625 0.01953125
0 0.7359375 0.24609375 0.015625 0.01953125
0 0.7578125 0.23046875 0.015625 0.01953125
0 0.7671875 0.224609375 0.015625 0.01953125
0 0.7953125 0.017578125 0.015625 0.01953125
0 0.8015625 0.03125 0.015625 0.01953125
0 0.803125 0.048828125 0.015625 0.01953125
0 0.8078125 0.0625 0.015625 0.01953125
0 0.953125 0.099609375 0.015625 0.01953125
0 0.9609375 0.115234375 0.015625 0.01953125
0 0.95 0.185546875 0.015625 0.01953125
0 0.91875 0.21484375 0.015625 0.01953125
0 0.928125 0.203125 0.015625 0.01953125
0 0.93125 0.2265625 0.015625 0.01953125
0 0.9515625 0.259765625 0.015625 0.01953125
0 0.9875 0.25390625 0.015625 0.01953125
0 0.99375 0.349609375 0.015625 0.01953125
0 0.984375 0.44921875 0.015625 0.01953125
0 0.8328125 0.234375 0.015625 0.01953125
0 0.846875 0.240234375 0.015625 0.01953125
0 0.853125 0.279296875 0.015625 0.01953125
0 0.8609375 0.306640625 0.015625 0.01953125
0 0.8671875 0.345703125 0.015625 0.01953125
0 0.9046875 0.41015625 0.015625 0.01953125
0 0.8828125 0.42578125 0.015625 0.01953125
0 0.89375 0.4453125 0.015625 0.01953125
0 0.9015625 0.46484375 0.015625 0.01953125
0 0.9015625 0.486328125 0.015625 0.01953125
0 0.940625 0.546875 0.015625 0.01953125
0 0.9609375 0.564453125 0.015625 0.01953125
0 0.9796875 0.59375 0.015625 0.01953125
0 0.8328125 0.275390625 0.015625 0.01953125
0 0.9359375 0.0 0.015625 0.01953125
0 0.103125 0.974609375 0.015625 0.01953125
0 0.146875 0.9765625 0.015625 0.01953125
0 0.1921875 0.96484375 0.015625 0.01953125
0 0.215625 0.974609375 0.015625 0.01953125
0 0.2515625 0.947265625 0.015625 0.01953125
0 0.284375 0.939453125 0.015625 0.01953125
0 0.396875 0.900390625 0.015625 0.01953125
0 0.4078125 0.904296875 0.015625 0.01953125
0 0.446875 0.876953125 0.015625 0.01953125
0 0.4578125 0.876953125 0.015625 0.01953125
0 0.496875 0.861328125 0.015625 0.01953125
0 0.5890625 0.81640625 0.015625 0.01953125
0 0.6515625 0.802734375 0.015625 0.01953125
0 0.7015625 0.78125 0.015625 0.01953125
0 0.7953125 0.751953125 0.015625 0.01953125
0 0.871875 0.796875 0.015625 0.01953125
0 0.83125 0.77734375 0.015625 0.01953125
0 0.90625 0.80078125 0.015625 0.01953125
0 0.9546875 0.7734375 0.015625 0.01953125
0 0.915625 0.716796875 0.015625 0.01953125
0 0.940625 0.703125 0.015625 0.01953125
0 0.978125 0.69921875 0.015625 0.01953125
0 0.9921875 0.705078125 0.015625 0.01953125
0 0.9546875 0.736328125 0.015625 0.01953125
0 0.9546875 0.751953125 0.015625 0.01953125
0 0.7796875 0.740234375 0.015625 0.01953125
0 0.8328125 0.7421875 0.015625 0.01953125
0 0.8546875 0.73828125 0.015625 0.01953125
