0 0.2546875 0.005859375 0.015625 0.01953125
0 0.1734375 0.220703125 0.015625 0.01953125
0 0.1734375 0.255859375 0.015625 0.01953125
0 0.1046875 0.2578125 0.015625 0.01953125
0 0.109375 0.310546875 0.015625 0.01953125
0 0.134375 0.30078125 0.015625 0.01953125
0 0.021875 0.330078125 0.015625 0.01953125
0 0.1984375 0.42578125 0.015625 0.01953125
0 0.0421875 0.5078125 0.015625 0.01953125
0 0.034375 0.486328125 0.015625 0.01953125
0 0.19375 0.412109375 0.015625 0.01953125
0 0.3421875 0.32421875 0.015625 0.01953125
0 0.3453125 0.294921875 0.015625 0.01953125
0 0.434375 0.23046875 0.015625 0.01953125
0 0.459375 0.212890625 0.015625 0.01953125
0 0.4671875 0.228515625 0.015625 0.01953125
0 0.4765625 0.24609375 0.015625 0.01953125
0 0.515625 0.04296875 0.015625 0.01953125
0 0.4796875 0.3984375 0.015625 0.01953125
0 0.5171875 0.4375 0.015625 0.01953125
0 0.6203125 0.365234375 0.015625 0.01953125
0 0.653125 0.3125 0.015625 0.01953125
0 0.678125 0.314453125 0.015625 0.01953125
0 0.68125 0.294921875 0.015625 0.01953125
0 0.696875 0.1328125 0.015625 0.01953125
0 0.6875 0.138671875 0.015625 0.01953125
0 0.76875 0.009765625 0.015625 0.01953125
0 0.771875 0.1015625 0.015625 0.01953125
0 0.7984375 0.103515625 0.015625 0.01953125
0 0.8015625 0.119140625 0.015625 0.01953125
0 0.8109375 0.12109375 0.015625 0.01953125
0 0.8078125 0.146484375 0.015625 0.01953125
0 0.95625 0.076171875 0.015625 0.01953125
0 0.953125 0.189453125 0.015625 0.01953125
0 0.9890625 0.162109375 0.015625 0.01953125
0 0.9796875 0.26953125 0.015625 0.01953125
0 0.928125 0.298828125 0.015625 0.01953125
0 0.9375 0.3125 0.015625 0.01953125
0 0.971875 0.345703125 0.015625 0.01953125
0 0.7734375 0.306640625 0.015625 0.01953125
0 0.7625 0.3125 0.015625 0.01953125
0 0.684375 0.552734375 0.015625 0.01953125
0 0.3390625 0.64453125 0.015625 0.01953125
0 0.2984375 0.755859375 0.015625 0.01953125
0 0.3890625 0.912109375 0.015625 0.01953125
0 0.81875 0.6171875 0.015625 0.01953125
0 0.79375 0.626953125 0.015625 0.01953125
0 0.84375 0.6484375 0.015625 0.01953125
0 0.9375 0.6328125 0.015625 0.01953125
0 0.9140625 0.609375 0.015625 0.01953125
0 0.909375 0.5703125 0.015625 0.01953125
0 0.90625 0.556640625 0.015625 0.01953125
0 0.9 0.53515625 0.015625 0.01953125
0 0.8859375 0.5078125 0.015625 0.01953125
0 0.9125 0.5 0.015625 0.01953125
0 0.865625 0.4375 0.015625 0.01953125
0 0.8640625 0.39453125 0.015625 0.01953125
0 0.8546875 0.36328125 0.015625 0.01953125
0 0.85 0.33203125 0.015625 0.01953125
0 0.8328125 0.322265625 0.015625 0.01953125
0 0.9921875 0.44921875 0.015625 0.01953125
0 0.396875 0.986328125 0.015625 0.01953125
0 0.4109375 0.982421875 0.015625 0.01953125
0 0.45 0.962890625 0.015625 0.01953125
0 0.4609375 0.966796875 0.015625 0.01953125
0 0.5015625 0.953125 0.015625 0.01953125
0 0.5890625 0.908203125 0.015625 0.01953125
0 0.653125 0.888671875 0.015625 0.01953125
0 0.7015625 0.865234375 0.015625 0.01953125
0 0.784375 0.880859375 0.015625 0.01953125
0 0.7875 0.822265625 0.015625 0.01953125
0 0.8015625 0.837890625 0.015625 0.01953125
0 0.8390625 0.828125 0.015625 0.01953125
0 0.8546875 0.8203125 0.015625 0.01953125
0 0.91875 0.8125 0.015625 0.01953125
0 0.9453125 0.78515625 0.015625 0.01953125
0 0.9796875 0.78515625 0.015625 0.01953125
0 0.99375 0.79296875 0.015625 0.01953125
0 0.99375 0.83203125 0.015625 0.01953125
0 0.9015625 0.833984375 0.015625 0.01953125
0 0.896875 0.85546875 0.015625 0.01953125
0 0.9359375 0.857421875 0.015625 0.01953125
0 0.9328125 0.873046875 0.015625 0.01953125
0 0.7390625 0.33203125 0.015625 0.01953125
