0 0.0453125 0.015625 0.015625 0.01953125
0 0.0234375 0.0078125 0.015625 0.01953125
0 0.215625 0.001953125 0.015625 0.01953125
0 0.26875 0.03125 0.015625 0.01953125
0 0.3859375 0.015625 0.015625 0.01953125
0 0.534375 0.001953125 0.015625 0.01953125
0 0.5515625 0.01953125 0.015625 0.01953125
0 0.3765625 0.22265625 0.015625 0.01953125
0 0.6328125 0.220703125 0.015625 0.01953125
0 0.6515625 0.21875 0.015625 0.01953125
0 0.55 0.349609375 0.015625 0.01953125
0 0.19375 0.46875 0.015625 0.01953125
0 0.1984375 0.501953125 0.015625 0.01953125
0 0.153125 0.486328125 0.015625 0.01953125
0 0.04375 0.580078125 0.015625 0.01953125
0 0.03125 0.580078125 0.015625 0.01953125
0 0.0328125 0.552734375 0.015625 0.01953125
0 0.0546875 0.578125 0.015625 0.01953125
0 0.371875 0.568359375 0.015625 0.01953125
0 0.359375 0.576171875 0.015625 0.01953125
0 0.346875 0.595703125 0.015625 0.01953125
0 0.31875 0.67578125 0.015625 0.01953125
0 0.11875 0.72265625 0.015625 0.01953125
0 0.13125 0.736328125 0.015625 0.01953125
0 0.4640625 0.51953125 0.015625 0.01953125
0 0.4890625 0.5078125 0.015625 0.01953125
0 0.49375 0.541015625 0.015625 0.01953125
0 0.509375 0.501953125 0.015625 0.01953125
0 0.525 0.482421875 0.015625 0.01953125
0 0.525 0.732421875 0.015625 0.01953125
0 0.359375 0.98046875 0.015625 0.01953125
0 0.2515625 0.9453125 0.015625 0.01953125
0 0.6609375 0.958984375 0.015625 0.01953125
0 0.684375 0.9609375 0.015625 0.01953125
0 0.7609375 0.873046875 0.015625 0.01953125
0 0.628125 0.6484375 0.015625 0.01953125
0 0.6375 0.6796875 0.015625 0.01953125
0 0.6625 0.630859375 0.015625 0.01953125
0 0.684375 0.64453125 0.015625 0.01953125
0 0.68125 0.62109375 0.015625 0.01953125
0 0.784375 0.642578125 0.015625 0.01953125
0 0.771875 0.64453125 0.015625 0.01953125
0 0.75 0.658203125 0.015625 0.01953125
0 0.8671875 0.953125 0.015625 0.01953125
0 0.9109375 0.98828125 0.015625 0.01953125
0 0.0015625 0.1796875 0.015625 0.01953125
0 0.809375 0.134765625 0.015625 0.01953125
0 0.7734375 0.091796875 0.015625 0.01953125
0 0.7796875 0.150390625 0.015625 0.01953125
0 0.8640625 0.083984375 0.015625 0.01953125
0 0.7984375 0.015625 0.015625 0.01953125
0 0.7703125 0.001953125 0.015625 0.01953125
0 0.8375 0.0 0.015625 0.01953125
0 0.8015625 0.044921875 0.015625 0.01953125
0 0.8 0.259765625 0.015625 0.01953125
0 0.80625 0.333984375 0.015625 0.01953125
0 0.8359375 0.416015625 0.015625 0.01953125
0 0.80625 0.42578125 0.015625 0.01953125
0 0.8265625 0.443359375 0.015625 0.01953125
0 0.8328125 0.484375 0.015625 0.01953125
0 0.984375 0.42578125 0.015625 0.01953125
0 0.96875 0.55078125 0.015625 0.01953125
0 0.9828125 0.56640625 0.015625 0.01953125
0 0.9921875 0.619140625 0.015625 0.01953125
0 0.9390625 0.66015625 0.015625 0.01953125
0 0.91875 0.6484375 0.015625 0.01953125
0 0.85 0.646484375 0.015625 0.01953125
0 0.84375 0.666015625 0.015625 0.01953125
0 0.85625 0.673828125 0.015625 0.01953125
0 0.8609375 0.71484375 0.015625 0.01953125
0 0.865625 0.740234375 0.015625 0.01953125
0 0.8625 0.78515625 0.015625 0.01953125
0 0.9890625 0.8671875 0.015625 0.01953125
0 0.98125 0.822265625 0.015625 0.01953125
0 0.940625 0.87890625 0.015625 0.01953125
0 0.9359375 0.8984375 0.015625 0.01953125
0 0.8671875 0.87109375 0.015625 0.01953125
0 0.884375 0.865234375 0.015625 0.01953125
0 0.896875 0.849609375 0.015625 0.01953125
0 0.8859375 0.87890625 0.015625 0.01953125
0 0.9 0.9140625 0.015625 0.01953125
