0 0.3578125 0.767578125 0.015625 0.01953125
0 0.36875 0.759765625 0.015625 0.01953125
0 0.3421875 0.787109375 0.015625 0.01953125
0 0.36875 0.84765625 0.015625 0.01953125
0 0.1765625 0.919921875 0.015625 0.01953125
0 0.159375 0.9140625 0.015625 0.01953125
0 0.03125 0.740234375 0.015625 0.01953125
0 0.1484375 0.681640625 0.015625 0.01953125
0 0.1890625 0.658203125 0.015625 0.01953125
0 0.2078125 0.697265625 0.015625 0.01953125
0 0.4640625 0.72265625 0.015625 0.01953125
0 0.4984375 0.6796875 0.015625 0.01953125
0 0.5453125 0.662109375 0.015625 0.01953125
0 0.53125 0.701171875 0.015625 0.01953125
0 0.6484375 0.814453125 0.015625 0.01953125
0 0.646875 0.783203125 0.015625 0.01953125
0 0.671875 0.794921875 0.015625 0.01953125
0 0.684375 0.818359375 0.015625 0.01953125
0 0.6796875 0.833984375 0.015625 0.01953125
0 0.528125 0.92578125 0.015625 0.01953125
0 0.7765625 0.8359375 0.015625 0.01953125
0 0.8453125 0.857421875 0.015625 0.01953125
0 0.8578125 0.87109375 0.015625 0.01953125
0 0.859375 0.908203125 0.015625 0.01953125
0 0.86875 0.93359375 0.015625 0.01953125
0 0.8546875 0.97265625 0.015625 0.01953125
0 0.9203125 0.841796875 0.015625 0.01953125
0 0.925 0.869140625 0.015625 0.01953125
0 0.9625 0.806640625 0.015625 0.01953125
0 0.965625 0.74609375 0.015625 0.01953125
0 0.978125 0.7578125 0.015625 0.01953125
0 0.8328125 0.677734375 0.015625 0.01953125
0 0.8265625 0.64453125 0.015625 0.01953125
0 0.840625 0.615234375 0.015625 0.01953125
0 0.9921875 0.609375 0.015625 0.01953125
0 0.80625 0.525390625 0.015625 0.01953125
0 0.8 0.455078125 0.015625 0.01953125
0 0.5484375 0.541015625 0.015625 0.01953125
0 0.696875 0.412109375 0.015625 0.01953125
0 0.6859375 0.423828125 0.015625 0.01953125
0 0.765625 0.3359375 0.015625 0.01953125
0 0.7796875 0.353515625 0.015625 0.01953125
0 0.846875 0.333984375 0.015625 0.01953125
0 0.7984375 0.234375 0.015625 0.01953125
0 0.79375 0.208984375 0.015625 0.01953125
0 0.8140625 0.19921875 0.015625 0.01953125
0 0.7546875 0.150390625 0.015625 0.01953125
0 0.7515625 0.125 0.015625 0.01953125
0 0.76875 0.12890625 0.015625 0.01953125
0 0.5109375 0.15625 0.015625 0.01953125
0 0.525 0.158203125 0.015625 0.01953125
0 0.5390625 0.166015625 0.015625 0.01953125
0 0.4953125 0.21484375 0.015625 0.01953125
0 0.415625 0.400390625 0.015625 0.01953125
0 0.221875 0.103515625 0.015625 0.01953125
0 0.2171875 0.1640625 0.015625 0.01953125
0 0.2109375 0.177734375 0.015625 0.01953125
0 0.2515625 0.208984375 0.015625 0.01953125
0 0.3015625 0.208984375 0.015625 0.01953125
0 0.3109375 0.208984375 0.015625 0.01953125
0 0.3375 0.166015625 0.015625 0.01953125
0 0.040625 0.20703125 0.015625 0.01953125
0 0.040625 0.18359375 0.015625 0.01953125
0 0.0421875 0.16015625 0.015625 0.01953125
0 0.0890625 0.14453125 0.015625 0.01953125
0 0.315625 0.037109375 0.015625 0.01953125
0 0.35625 0.044921875 0.015625 0.01953125
0 0.5 0.013671875 0.015625 0.01953125
0 0.58125 0.013671875 0.015625 0.01953125
0 0.59375 0.013671875 0.015625 0.01953125
0 0.6328125 0.00390625 0.015625 0.01953125
0 0.6453125 0.009765625 0.015625 0.01953125
0 0.003125 0.07421875 0.015625 0.01953125
