0 0.50625 0.0078125 0.015625 0.01953125
0 0.8140625 0.005859375 0.015625 0.01953125
0 0.971875 0.0390625 0.015625 0.01953125
0 0.05 0.2109375 0.015625 0.01953125
0 0.06875 0.212890625 0.015625 0.01953125
0 0.0984375 0.232421875 0.015625 0.01953125
0 0.109375 0.23828125 0.015625 0.01953125
0 0.196875 0.251953125 0.015625 0.01953125
0 0.321875 0.208984375 0.015625 0.01953125
0 0.290625 0.306640625 0.015625 0.01953125
0 0.3375 0.357421875 0.015625 0.01953125
0 0.3765625 0.240234375 0.015625 0.01953125
0 0.4765625 0.2734375 0.015625 0.01953125
0 0.5171875 0.263671875 0.015625 0.01953125
0 0.49375 0.302734375 0.015625 0.01953125
0 0.5765625 0.322265625 0.015625 0.01953125
0 0.590625 0.326171875 0.015625 0.01953125
0 0.6203125 0.3125 0.015625 0.01953125
0 0.6484375 0.310546875 0.015625 0.01953125
0 0.515625 0.455078125 0.015625 0.01953125
0 0.490625 0.48828125 0.015625 0.01953125
0 0.440625 0.521484375 0.015625 0.01953125
0 0.21875 0.388671875 0.015625 0.01953125
0 0.0765625 0.435546875 0.015625 0.01953125
0 0.021875 0.28515625 0.015625 0.01953125
0 0.034375 0.453125 0.015625 0.01953125
0 0.025 0.48046875 0.015625 0.01953125
0 0.0296875 0.5 0.015625 0.01953125
0 0.2125 0.48046875 0.015625 0.01953125
0 0.209375 0.474609375 0.015625 0.01953125
0 0.225 0.498046875 0.015625 0.01953125
0 0.2203125 0.51953125 0.015625 0.01953125
0 0.215625 0.462890625 0.015625 0.01953125
0 0.453125 0.6953125 0.015625 0.01953125
0 0.1859375 0.953125 0.015625 0.01953125
0 0.1375 0.98046875 0.015625 0.01953125
0 0.2078125 0.98828125 0.015625 0.01953125
0 0.559375 0.96484375 0.015625 0.01953125
0 0.58125 0.962890625 0.015625 0.01953125
0 0.796875 0.826171875 0.015625 0.01953125
0 0.815625 0.9375 0.015625 0.01953125
0 0.815625 0.94921875 0.015625 0.01953125
0 0.828125 0.955078125 0.015625 0.01953125
0 0.815625 0.974609375 0.015625 0.01953125
0 0.8765625 0.931640625 0.015625 0.01953125
0 0.721875 0.71484375 0.015625 0.01953125
0 0.771875 0.69140625 0.015625 0.01953125
0 0.7765625 0.732421875 0.015625 0.01953125
0 0.840625 0.697265625 0.015625 0.01953125
0 0.778125 0.654296875 0.015625 0.01953125
0 0.8078125 0.548828125 0.015625 0.01953125
0 0.790625 0.53515625 0.015625 0.01953125
0 0.7515625 0.44921875 0.015625 0.01953125
0 0.7484375 0.427734375 0.015625 0.01953125
0 0.7609375 0.42578125 0.015625 0.01953125
0 0.790625 0.513671875 0.015625 0.01953125
