0 0.0125 0.09765625 0.015625 0.01953125
0 0.059375 0.09375 0.015625 0.01953125
0 0.075 0.068359375 0.015625 0.01953125
0 0.075 0.09765625 0.015625 0.01953125
0 0.0890625 0.095703125 0.015625 0.01953125
0 0.1625 0.08984375 0.015625 0.01953125
0 0.1890625 0.099609375 0.015625 0.01953125
0 0.1984375 0.080078125 0.015625 0.01953125
0 0.0984375 0.263671875 0.015625 0.01953125
0 0.04375 0.318359375 0.015625 0.01953125
0 0.1640625 0.38671875 0.015625 0.01953125
0 0.1859375 0.392578125 0.015625 0.01953125
0 0.2078125 0.416015625 0.015625 0.01953125
0 0.2203125 0.427734375 0.015625 0.01953125
0 0.3421875 0.115234375 0.015625 0.01953125
0 0.36875 0.142578125 0.015625 0.01953125
0 0.3859375 0.150390625 0.015625 0.01953125
0 0.39375 0.16796875 0.015625 0.01953125
0 0.6265625 0.2265625 0.015625 0.01953125
0 0.7546875 0.21484375 0.015625 0.01953125
0 0.98125 0.234375 0.015625 0.01953125
0 0.1125 0.458984375 0.015625 0.01953125
0 0.0328125 0.4921875 0.015625 0.01953125
0 0.078125 0.537109375 0.015625 0.01953125
0 0.0859375 0.5546875 0.015625 0.01953125
0 0.05625 0.623046875 0.015625 0.01953125
0 0.0421875 0.6171875 0.015625 0.01953125
0 0.025 0.6171875 0.015625 0.01953125
0 0.0109375 0.619140625 0.015625 0.01953125
0 0.0421875 0.67578125 0.015625 0.01953125
0 0.1296875 0.626953125 0.015625 0.01953125
0 0.1234375 0.654296875 0.015625 0.01953125
0 0.1234375 0.67578125 0.015625 0.01953125
0 0.1765625 0.615234375 0.015625 0.01953125
0 0.296875 0.46875 0.015625 0.01953125
0 0.303125 0.587890625 0.015625 0.01953125
0 0.2984375 0.63671875 0.015625 0.01953125
0 0.3171875 0.654296875 0.015625 0.01953125
0 0.2546875 0.6796875 0.015625 0.01953125
0 0.2375 0.69140625 0.015625 0.01953125
0 0.315625 0.697265625 0.015625 0.01953125
0 0.39375 0.51953125 0.015625 0.01953125
0 0.4359375 0.41796875 0.015625 0.01953125
0 0.5109375 0.46875 0.015625 0.01953125
0 0.446875 0.568359375 0.015625 0.01953125
0 0.6 0.484375 0.015625 0.01953125
0 0.5859375 0.548828125 0.015625 0.01953125
0 0.6328125 0.513671875 0.015625 0.01953125
0 0.615625 0.681640625 0.015625 0.01953125
0 0.5375 0.71484375 0.015625 0.01953125
0 0.478125 0.73828125 0.015625 0.01953125
0 0.5828125 0.91015625 0.015625 0.01953125
0 0.8578125 0.8984375 0.015625 0.01953125
0 0.8328125 0.947265625 0.015625 0.01953125
0 0.8859375 0.85546875 0.015625 0.01953125
0 0.8796875 0.78515625 0.015625 0.01953125
0 0.8890625 0.7578125 0.015625 0.01953125
0 0.8546875 0.765625 0.015625 0.01953125
0 0.8578125 0.74609375 0.015625 0.01953125
0 0.8484375 0.724609375 0.015625 0.01953125
0 0.8578125 0.701171875 0.015625 0.01953125
0 0.8453125 0.69921875 0.015625 0.01953125
0 0.85 0.677734375 0.015625 0.01953125
0 0.859375 0.669921875 0.015625 0.01953125
0 0.7578125 0.5625 0.015625 0.01953125
0 0.728125 0.55078125 0.015625 0.01953125
0 0.696875 0.556640625 0.015625 0.01953125
0 0.68125 0.5625 0.015625 0.01953125
0 0.6828125 0.54296875 0.015625 0.01953125
0 0.8328125 0.251953125 0.015625 0.01953125
0 0.8125 0.228515625 0.015625 0.01953125
0 0.84375 0.21875 0.015625 0.01953125
