0 0.259375 0.0078125 0.015625 0.01953125
0 0.2046875 0.033203125 0.015625 0.01953125
0 0.265625 0.125 0.015625 0.01953125
0 0.2609375 0.14453125 0.015625 0.01953125
0 0.2546875 0.166015625 0.015625 0.01953125
0 0.215625 0.216796875 0.015625 0.01953125
0 0.2453125 0.28125 0.015625 0.01953125
0 0.2546875 0.333984375 0.015625 0.01953125
0 0.3484375 0.287109375 0.015625 0.01953125
0 0.4015625 0.2578125 0.015625 0.01953125
0 0.43125 0.212890625 0.015625 0.01953125
0 0.4390625 0.16796875 0.015625 0.01953125
0 0.4015625 0.138671875 0.015625 0.01953125
0 0.3578125 0.150390625 0.015625 0.01953125
0 0.2984375 0.09375 0.015625 0.01953125
0 0.3140625 0.05859375 0.015625 0.01953125
0 0.325 0.046875 0.015625 0.01953125
0 0.3890625 0.0078125 0.015625 0.01953125
0 0.4109375 0.03515625 0.015625 0.01953125
0 0.4765625 0.04296875 0.015625 0.01953125
0 0.490625 0.068359375 0.015625 0.01953125
0 0.4640625 0.109375 0.015625 0.01953125
0 0.4984375 0.1953125 0.015625 0.01953125
0 0.5734375 0.201171875 0.015625 0.01953125
0 0.6109375 0.205078125 0.015625 0.01953125
0 0.6015625 0.05859375 0.015625 0.01953125
0 0.7546875 0.220703125 0.015625 0.01953125
0 0.7859375 0.25 0.015625 0.01953125
0 0.8015625 0.267578125 0.015625 0.01953125
0 0.7234375 0.5625 0.015625 0.01953125
0 0.8546875 0.53515625 0.015625 0.01953125
0 0.925 0.578125 0.015625 0.01953125
0 0.8234375 0.607421875 0.015625 0.01953125
0 0.8453125 0.671875 0.015625 0.01953125
0 0.9921875 0.666015625 0.015625 0.01953125
0 0.90625 0.849609375 0.015625 0.01953125
0 0.85 0.865234375 0.015625 0.01953125
0 0.7328125 0.83203125 0.015625 0.01953125
0 0.7234375 0.806640625 0.015625 0.01953125
0 0.596875 0.771484375 0.015625 0.01953125
0 0.5765625 0.78125 0.015625 0.01953125
0 0.5375 0.787109375 0.015625 0.01953125
0 0.54375 0.76953125 0.015625 0.01953125
0 0.525 0.759765625 0.015625 0.01953125
0 0.5390625 0.74609375 0.015625 0.01953125
0 0.5890625 0.73046875 0.015625 0.01953125
0 0.4671875 0.732421875 0.015625 0.01953125
0 0.4328125 0.73046875 0.015625 0.01953125
0 0.41875 0.736328125 0.015625 0.01953125
0 0.4546875 0.740234375 0.015625 0.01953125
0 0.453125 0.7890625 0.015625 0.01953125
0 0.4984375 0.666015625 0.015625 0.01953125
0 0.5171875 0.583984375 0.015625 0.01953125
0 0.4484375 0.60546875 0.015625 0.01953125
0 0.5765625 0.501953125 0.015625 0.01953125
0 0.5921875 0.505859375 0.015625 0.01953125
0 0.61875 0.529296875 0.015625 0.01953125
0 0.625 0.546875 0.015625 0.01953125
0 0.459375 0.427734375 0.015625 0.01953125
0 0.5078125 0.37890625 0.015625 0.01953125
0 0.271875 0.7578125 0.015625 0.01953125
0 0.29375 0.97265625 0.015625 0.01953125
0 0.03125 0.875 0.015625 0.01953125
0 0.0296875 0.701171875 0.015625 0.01953125
0 0.2125 0.458984375 0.015625 0.01953125
0 0.628125 0.10546875 0.015625 0.01953125
0 0.0203125 0.45703125 0.015625 0.01953125
0 0.7328125 0.701171875 0.015625 0.01953125
0 0.1796875 0.443359375 0.015625 0.01953125
