0 0.5765625 0.009765625 0.015625 0.01953125
0 0.553125 0.03515625 0.015625 0.01953125
0 0.58125 0.046875 0.015625 0.01953125
0 0.6203125 0.041015625 0.015625 0.01953125
0 0.6484375 0.060546875 0.015625 0.01953125
0 0.6171875 0.083984375 0.015625 0.01953125
0 0.4859375 0.015625 0.015625 0.01953125
0 0.45 0.072265625 0.015625 0.01953125
0 0.41875 0.052734375 0.015625 0.01953125
0 0.384375 0.005859375 0.015625 0.01953125
0 0.3671875 0.046875 0.015625 0.01953125
0 0.4203125 0.177734375 0.015625 0.01953125
0 0.4265625 0.15234375 0.015625 0.01953125
0 0.3890625 0.22265625 0.015625 0.01953125
0 0.415625 0.337890625 0.015625 0.01953125
0 0.40625 0.287109375 0.015625 0.01953125
0 0.515625 0.298828125 0.015625 0.01953125
0 0.5390625 0.20703125 0.015625 0.01953125
0 0.59375 0.224609375 0.015625 0.01953125
0 0.6671875 0.212890625 0.015625 0.01953125
0 0.740625 0.20703125 0.015625 0.01953125
0 0.7875 0.1953125 0.015625 0.01953125
0 0.7671875 0.21484375 0.015625 0.01953125
0 0.7875 0.1953125 0.015625 0.01953125
0 0.59375 0.150390625 0.015625 0.01953125
0 0.7625 0.06640625 0.015625 0.01953125
0 0.928125 0.23046875 0.015625 0.01953125
0 0.9578125 0.26171875 0.015625 0.01953125
0 0.971875 0.283203125 0.015625 0.01953125
0 0.9859375 0.298828125 0.015625 0.01953125
0 0.7328125 0.51953125 0.015625 0.01953125
0 0.75625 0.53515625 0.015625 0.01953125
0 0.7875 0.541015625 0.015625 0.01953125
0 0.7890625 0.55859375 0.015625 0.01953125
0 0.678125 0.3828125 0.015625 0.01953125
0 0.6109375 0.439453125 0.015625 0.01953125
0 0.6 0.6328125 0.015625 0.01953125
0 0.64375 0.619140625 0.015625 0.01953125
0 0.6671875 0.669921875 0.015625 0.01953125
0 0.659375 0.70703125 0.015625 0.01953125
0 0.61875 0.748046875 0.015625 0.01953125
0 0.5953125 0.73828125 0.015625 0.01953125
0 0.5828125 0.74609375 0.015625 0.01953125
0 0.6375 0.7421875 0.015625 0.01953125
0 0.6234375 0.763671875 0.015625 0.01953125
0 0.44375 0.767578125 0.015625 0.01953125
0 0.571875 0.794921875 0.015625 0.01953125
0 0.615625 0.80078125 0.015625 0.01953125
0 0.671875 0.76953125 0.015625 0.01953125
0 0.696875 0.76953125 0.015625 0.01953125
0 0.7140625 0.7578125 0.015625 0.01953125
0 0.70625 0.779296875 0.015625 0.01953125
0 0.746875 0.744140625 0.015625 0.01953125
0 0.89375 0.740234375 0.015625 0.01953125
0 0.8953125 0.599609375 0.015625 0.01953125
0 0.9765625 0.603515625 0.015625 0.01953125
0 0.9953125 0.6953125 0.015625 0.01953125
0 0.9046875 0.77734375 0.015625 0.01953125
0 0.90625 0.826171875 0.015625 0.01953125
0 0.9671875 0.861328125 0.015625 0.01953125
0 0.115625 0.802734375 0.015625 0.01953125
0 0.1015625 0.80078125 0.015625 0.01953125
0 0.0859375 0.806640625 0.015625 0.01953125
0 0.071875 0.806640625 0.015625 0.01953125
0 0.1921875 0.708984375 0.015625 0.01953125
0 0.203125 0.884765625 0.015625 0.01953125
0 0.09375 0.650390625 0.015625 0.01953125
0 0.05 0.498046875 0.015625 0.01953125
0 0.0640625 0.478515625 0.015625 0.01953125
0 0.49375 0.138671875 0.015625 0.01953125
0 0.565625 0.146484375 0.015625 0.01953125
0 0.4109375 0.1484375 0.015625 0.01953125
0 0.4015625 0.166015625 0.015625 0.01953125
0 0.7671875 0.01953125 0.015625 0.01953125
0 0.184375 0.470703125 0.015625 0.01953125
0 0.3625 0.416015625 0.015625 0.01953125
