0 0.7828125 0.12890625 0.015625 0.01953125
0 0.784375 0.173828125 0.015625 0.01953125
0 0.65625 0.212890625 0.015625 0.01953125
0 0.675 0.1640625 0.015625 0.01953125
0 0.6890625 0.1640625 0.015625 0.01953125
0 0.7015625 0.14453125 0.015625 0.01953125
0 0.6453125 0.03515625 0.015625 0.01953125
0 0.6796875 0.009765625 0.015625 0.01953125
0 0.7578125 0.005859375 0.015625 0.01953125
0 0.8375 0.05859375 0.015625 0.01953125
0 0.8578125 0.03125 0.015625 0.01953125
0 0.884375 0.025390625 0.015625 0.01953125
0 0.834375 0.0 0.015625 0.01953125
0 0.940625 0.052734375 0.015625 0.01953125
0 0.9453125 0.072265625 0.015625 0.01953125
0 0.8578125 0.1171875 0.015625 0.01953125
0 0.8328125 0.1328125 0.015625 0.01953125
0 0.875 0.208984375 0.015625 0.01953125
0 0.9484375 0.193359375 0.015625 0.01953125
0 0.9578125 0.376953125 0.015625 0.01953125
0 0.89375 0.431640625 0.015625 0.01953125
0 0.7890625 0.28125 0.015625 0.01953125
0 0.9359375 0.203125 0.015625 0.01953125
0 0.99375 0.5234375 0.015625 0.01953125
0 0.9421875 0.595703125 0.015625 0.01953125
0 0.890625 0.607421875 0.015625 0.01953125
0 0.9375 0.650390625 0.015625 0.01953125
0 0.91875 0.6796875 0.015625 0.01953125
0 0.8765625 0.7421875 0.015625 0.01953125
0 0.8546875 0.744140625 0.015625 0.01953125
0 0.8484375 0.787109375 0.015625 0.01953125
0 0.884375 0.767578125 0.015625 0.01953125
0 0.89375 0.740234375 0.015625 0.01953125
0 0.9171875 0.740234375 0.015625 0.01953125
0 0.90625 0.775390625 0.015625 0.01953125
0 0.9109375 0.794921875 0.015625 0.01953125
0 0.975 0.75390625 0.015625 0.01953125
0 0.9921875 0.783203125 0.015625 0.01953125
0 0.9890625 0.798828125 0.015625 0.01953125
0 0.7109375 0.767578125 0.015625 0.01953125
0 0.796875 0.9921875 0.015625 0.01953125
0 0.471875 0.91796875 0.015625 0.01953125
0 0.2390625 0.96875 0.015625 0.01953125
0 0.228125 0.953125 0.015625 0.01953125
0 0.115625 0.947265625 0.015625 0.01953125
0 0.1546875 0.8203125 0.015625 0.01953125
0 0.1890625 0.818359375 0.015625 0.01953125
0 0.3421875 0.794921875 0.015625 0.01953125
0 0.35625 0.794921875 0.015625 0.01953125
0 0.3765625 0.78515625 0.015625 0.01953125
0 0.3890625 0.79296875 0.015625 0.01953125
0 0.4640625 0.705078125 0.015625 0.01953125
0 0.35625 0.69140625 0.015625 0.01953125
0 0.325 0.662109375 0.015625 0.01953125
0 0.209375 0.58203125 0.015625 0.01953125
0 0.21875 0.556640625 0.015625 0.01953125
0 0.13125 0.583984375 0.015625 0.01953125
0 0.140625 0.494140625 0.015625 0.01953125
0 0.0734375 0.509765625 0.015625 0.01953125
0 0.053125 0.509765625 0.015625 0.01953125
0 0.0375 0.5078125 0.015625 0.01953125
0 0.325 0.486328125 0.015625 0.01953125
0 0.615625 0.451171875 0.015625 0.01953125
