0 0.8078125 0.0078125 0.015625 0.01953125
0 0.7765625 0.076171875 0.015625 0.01953125
0 0.8109375 0.17578125 0.015625 0.01953125
0 0.796875 0.205078125 0.015625 0.01953125
0 0.790625 0.21875 0.015625 0.01953125
0 0.8703125 0.134765625 0.015625 0.01953125
0 0.8359375 0.013671875 0.015625 0.01953125
0 0.8765625 0.01953125 0.015625 0.01953125
0 0.784375 0.009765625 0.015625 0.01953125
0 0.9109375 0.025390625 0.015625 0.01953125
0 0.915625 0.072265625 0.015625 0.01953125
0 0.9453125 0.0234375 0.015625 0.01953125
0 0.996875 0.068359375 0.015625 0.01953125
0 0.9578125 0.205078125 0.015625 0.01953125
0 0.9015625 0.251953125 0.015625 0.01953125
0 0.8984375 0.34765625 0.015625 0.01953125
0 0.99375 0.279296875 0.015625 0.01953125
0 0.9953125 0.513671875 0.015625 0.01953125
0 0.9578125 0.70703125 0.015625 0.01953125
0 0.9625 0.509765625 0.015625 0.01953125
0 0.9875 0.740234375 0.015625 0.01953125
0 0.990625 0.759765625 0.015625 0.01953125
0 0.99375 0.6875 0.015625 0.01953125
0 0.95 0.81640625 0.015625 0.01953125
0 0.9671875 0.826171875 0.015625 0.01953125
0 0.9875 0.826171875 0.015625 0.01953125
0 0.9921875 0.880859375 0.015625 0.01953125
0 0.9375 0.861328125 0.015625 0.01953125
0 0.91875 0.869140625 0.015625 0.01953125
0 0.9328125 0.841796875 0.015625 0.01953125
0 0.90625 0.8359375 0.015625 0.01953125
0 0.8984375 0.849609375 0.015625 0.01953125
0 0.86875 0.849609375 0.015625 0.01953125
0 0.7984375 0.828125 0.015625 0.01953125
0 0.5578125 0.755859375 0.015625 0.01953125
0 0.5359375 0.736328125 0.015625 0.01953125
0 0.4703125 0.837890625 0.015625 0.01953125
0 0.45 0.82421875 0.015625 0.01953125
0 0.4375 0.837890625 0.015625 0.01953125
0 0.4203125 0.833984375 0.015625 0.01953125
0 0.35 0.990234375 0.015625 0.01953125
0 0.240625 0.96875 0.015625 0.01953125
0 0.271875 0.841796875 0.015625 0.01953125
0 0.2375 0.845703125 0.015625 0.01953125
0 0.3609375 0.685546875 0.015625 0.01953125
0 0.365625 0.625 0.015625 0.01953125
0 0.3125 0.6171875 0.015625 0.01953125
0 0.2984375 0.60546875 0.015625 0.01953125
0 0.3140625 0.599609375 0.015625 0.01953125
0 0.3078125 0.58984375 0.015625 0.01953125
0 0.446875 0.525390625 0.015625 0.01953125
0 0.2375 0.521484375 0.015625 0.01953125
0 0.1765625 0.630859375 0.015625 0.01953125
0 0.1453125 0.626953125 0.015625 0.01953125
0 0.0046875 0.740234375 0.015625 0.01953125
0 0.003125 0.53125 0.015625 0.01953125
0 0.0703125 0.541015625 0.015625 0.01953125
0 0.125 0.51953125 0.015625 0.01953125
0 0.1421875 0.5234375 0.015625 0.01953125
0 0.1578125 0.525390625 0.015625 0.01953125
0 0.16875 0.5234375 0.015625 0.01953125
0 0.7671875 0.271484375 0.015625 0.01953125
0 0.7421875 0.513671875 0.015625 0.01953125
0 0.55 0.5078125 0.015625 0.01953125
0 0.428125 0.50390625 0.015625 0.01953125
0 0.715625 0.501953125 0.015625 0.01953125
