0 0.8109375 0.279296875 0.015625 0.01953125
0 0.7859375 0.3046875 0.015625 0.01953125
0 0.790625 0.330078125 0.015625 0.01953125
0 0.75625 0.23828125 0.015625 0.01953125
0 0.75 0.189453125 0.015625 0.01953125
0 0.7921875 0.224609375 0.015625 0.01953125
0 0.85 0.275390625 0.015625 0.01953125
0 0.8703125 0.279296875 0.015625 0.01953125
0 0.8703125 0.25390625 0.015625 0.01953125
0 0.8015625 0.35546875 0.015625 0.01953125
0 0.7984375 0.365234375 0.015625 0.01953125
0 0.784375 0.39453125 0.015625 0.01953125
0 0.7859375 0.416015625 0.015625 0.01953125
0 0.8 0.412109375 0.015625 0.01953125
0 0.81875 0.375 0.015625 0.01953125
0 0.865625 0.373046875 0.015625 0.01953125
0 0.8765625 0.3359375 0.015625 0.01953125
0 0.915625 0.369140625 0.015625 0.01953125
0 0.9109375 0.4140625 0.015625 0.01953125
0 0.91875 0.451171875 0.015625 0.01953125
0 0.9453125 0.462890625 0.015625 0.01953125
0 0.971875 0.42578125 0.015625 0.01953125
0 0.9796875 0.443359375 0.015625 0.01953125
0 0.99375 0.404296875 0.015625 0.01953125
0 0.996875 0.3671875 0.015625 0.01953125
0 0.9890625 0.458984375 0.015625 0.01953125
0 0.80625 0.48046875 0.015625 0.01953125
0 0.7671875 0.4765625 0.015625 0.01953125
0 0.8171875 0.548828125 0.015625 0.01953125
0 0.79375 0.60546875 0.015625 0.01953125
0 0.78125 0.625 0.015625 0.01953125
0 0.759375 0.67578125 0.015625 0.01953125
0 0.8953125 0.763671875 0.015625 0.01953125
0 0.9078125 0.69921875 0.015625 0.01953125
0 0.975 0.6953125 0.015625 0.01953125
0 0.9625 0.626953125 0.015625 0.01953125
0 0.784375 0.740234375 0.015625 0.01953125
0 0.7890625 0.78515625 0.015625 0.01953125
0 0.7015625 0.908203125 0.015625 0.01953125
0 0.6 0.908203125 0.015625 0.01953125
0 0.6109375 0.904296875 0.015625 0.01953125
0 0.540625 0.908203125 0.015625 0.01953125
0 0.4484375 0.919921875 0.015625 0.01953125
0 0.425 0.908203125 0.015625 0.01953125
0 0.225 0.9140625 0.015625 0.01953125
0 0.259375 0.958984375 0.015625 0.01953125
0 0.2765625 0.974609375 0.015625 0.01953125
0 0.29375 0.96875 0.015625 0.01953125
0 0.15625 0.919921875 0.015625 0.01953125
0 0.1421875 0.927734375 0.015625 0.01953125
0 0.1234375 0.93359375 0.015625 0.01953125
0 0.075 0.9375 0.015625 0.01953125
0 0.975 0.9140625 0.015625 0.01953125
0 0.9984375 0.923828125 0.015625 0.01953125
0 0.95 0.91015625 0.015625 0.01953125
0 0.8078125 0.623046875 0.015625 0.01953125
