0 0.7234375 0.171875 0.015625 0.01953125
0 0.7328125 0.208984375 0.015625 0.01953125
0 0.7640625 0.19921875 0.015625 0.01953125
0 0.771875 0.2578125 0.015625 0.01953125
0 0.8234375 0.2578125 0.015625 0.01953125
0 0.8453125 0.26171875 0.015625 0.01953125
0 0.8421875 0.23046875 0.015625 0.01953125
0 0.8296875 0.345703125 0.015625 0.01953125
0 0.775 0.33203125 0.015625 0.01953125
0 0.7671875 0.361328125 0.015625 0.01953125
0 0.7671875 0.3984375 0.015625 0.01953125
0 0.7484375 0.345703125 0.015625 0.01953125
0 0.75625 0.322265625 0.015625 0.01953125
0 0.740625 0.3125 0.015625 0.01953125
0 0.7328125 0.458984375 0.015625 0.01953125
0 0.76875 0.46484375 0.015625 0.01953125
0 0.8234375 0.443359375 0.015625 0.01953125
0 0.784375 0.60546875 0.015625 0.01953125
0 0.7640625 0.583984375 0.015625 0.01953125
0 0.7515625 0.59765625 0.015625 0.01953125
0 0.771875 0.61328125 0.015625 0.01953125
0 0.7296875 0.65234375 0.015625 0.01953125
0 0.890625 0.54296875 0.015625 0.01953125
0 0.8796875 0.666015625 0.015625 0.01953125
0 0.8625 0.73046875 0.015625 0.01953125
0 0.9453125 0.673828125 0.015625 0.01953125
0 0.9640625 0.650390625 0.015625 0.01953125
0 0.990625 0.841796875 0.015625 0.01953125
0 0.95 0.892578125 0.015625 0.01953125
0 0.934375 0.357421875 0.015625 0.01953125
0 0.9125 0.33984375 0.015625 0.01953125
0 0.890625 0.400390625 0.015625 0.01953125
0 0.95625 0.39453125 0.015625 0.01953125
0 0.996875 0.38671875 0.015625 0.01953125
0 0.9828125 0.353515625 0.015625 0.01953125
0 0.971875 0.328125 0.015625 0.01953125
0 0.58125 0.87890625 0.015625 0.01953125
0 0.56875 0.876953125 0.015625 0.01953125
0 0.6703125 0.876953125 0.015625 0.01953125
0 0.515625 0.8828125 0.015625 0.01953125
0 0.390625 0.876953125 0.015625 0.01953125
0 0.3578125 0.8984375 0.015625 0.01953125
0 0.2765625 0.931640625 0.015625 0.01953125
0 0.2640625 0.962890625 0.015625 0.01953125
0 0.25 0.97265625 0.015625 0.01953125
0 0.2421875 0.951171875 0.015625 0.01953125
0 0.196875 0.89453125 0.015625 0.01953125
0 0.1140625 0.8984375 0.015625 0.01953125
0 0.1296875 0.8984375 0.015625 0.01953125
0 0.084375 0.896484375 0.015625 0.01953125
0 0.084375 0.896484375 0.015625 0.01953125
0 0.05 0.916015625 0.015625 0.01953125
