0 0.80625 0.046875 0.015625 0.01953125
0 0.7921875 0.03125 0.015625 0.01953125
0 0.7671875 0.0390625 0.015625 0.01953125
0 0.7640625 0.111328125 0.015625 0.01953125
0 0.7984375 0.078125 0.015625 0.01953125
0 0.8015625 0.126953125 0.015625 0.01953125
0 0.8609375 0.03125 0.015625 0.01953125
0 0.7984375 0.00390625 0.015625 0.01953125
0 0.921875 0.041015625 0.015625 0.01953125
0 0.9890625 0.046875 0.015625 0.01953125
0 0.896875 0.259765625 0.015625 0.01953125
0 0.78125 0.220703125 0.015625 0.01953125
0 0.7875 0.2421875 0.015625 0.01953125
0 0.7828125 0.2578125 0.015625 0.01953125
0 0.7578125 0.310546875 0.015625 0.01953125
0 0.89375 0.388671875 0.015625 0.01953125
0 0.928125 0.349609375 0.015625 0.01953125
0 0.9828125 0.32421875 0.015625 0.01953125
0 0.990625 0.552734375 0.015625 0.01953125
0 0.9546875 0.556640625 0.015625 0.01953125
0 0.99375 0.708984375 0.015625 0.01953125
0 0.9359375 0.853515625 0.015625 0.01953125
0 0.9546875 0.859375 0.015625 0.01953125
0 0.975 0.859375 0.015625 0.01953125
0 0.9921875 0.859375 0.015625 0.01953125
0 0.975 0.908203125 0.015625 0.01953125
0 0.9234375 0.8984375 0.015625 0.01953125
0 0.9015625 0.904296875 0.015625 0.01953125
0 0.7875 0.861328125 0.015625 0.01953125
0 0.5765625 0.9765625 0.015625 0.01953125
0 0.571875 0.953125 0.015625 0.01953125
0 0.5234375 0.97265625 0.015625 0.01953125
0 0.4640625 0.87109375 0.015625 0.01953125
0 0.4484375 0.865234375 0.015625 0.01953125
0 0.4171875 0.873046875 0.015625 0.01953125
0 0.3546875 0.888671875 0.015625 0.01953125
0 0.2640625 0.876953125 0.015625 0.01953125
0 0.2265625 0.8828125 0.015625 0.01953125
0 0.1140625 0.74609375 0.015625 0.01953125
0 0.0984375 0.69921875 0.015625 0.01953125
0 0.06875 0.583984375 0.015625 0.01953125
0 0.1203125 0.5625 0.015625 0.01953125
0 0.1375 0.564453125 0.015625 0.01953125
0 0.1515625 0.568359375 0.015625 0.01953125
0 0.23125 0.564453125 0.015625 0.01953125
0 0.3109375 0.5703125 0.015625 0.01953125
0 0.275 0.615234375 0.015625 0.01953125
0 0.2578125 0.61328125 0.015625 0.01953125
0 0.29375 0.6171875 0.015625 0.01953125
0 0.29375 0.6171875 0.015625 0.01953125
0 0.4109375 0.572265625 0.015625 0.01953125
0 0.4203125 0.546875 0.015625 0.01953125
0 0.540625 0.5390625 0.015625 0.01953125
0 0.5328125 0.7421875 0.015625 0.01953125
0 0.609375 0.54296875 0.015625 0.01953125
0 0.5953125 0.54296875 0.015625 0.01953125
0 0.7375 0.5546875 0.015625 0.01953125
0 0.7015625 0.541015625 0.015625 0.01953125
0 0.2828125 0.63671875 0.015625 0.01953125
