0 0.7859375 0.07421875 0.015625 0.01953125
0 0.7640625 0.08984375 0.015625 0.01953125
0 0.81875 0.142578125 0.015625 0.01953125
0 0.7921875 0.123046875 0.015625 0.01953125
0 0.79375 0.1796875 0.015625 0.01953125
0 0.796875 0.22265625 0.015625 0.01953125
0 0.75625 0.201171875 0.015625 0.01953125
0 0.7875 0.33203125 0.015625 0.01953125
0 0.7828125 0.35546875 0.015625 0.01953125
0 0.759375 0.40234375 0.015625 0.01953125
0 0.896875 0.45703125 0.015625 0.01953125
0 0.8875 0.486328125 0.015625 0.01953125
0 0.8875 0.40234375 0.015625 0.01953125
0 0.9765625 0.416015625 0.015625 0.01953125
0 0.90625 0.240234375 0.015625 0.01953125
0 0.9234375 0.130859375 0.015625 0.01953125
0 0.834375 0.123046875 0.015625 0.01953125
0 0.8515625 0.083984375 0.015625 0.01953125
0 0.8578125 0.076171875 0.015625 0.01953125
0 0.85 0.0 0.015625 0.01953125
0 0.871875 0.00390625 0.015625 0.01953125
0 0.9453125 0.0703125 0.015625 0.01953125
0 0.9453125 0.0703125 0.015625 0.01953125
0 0.978125 0.146484375 0.015625 0.01953125
0 0.9375 0.087890625 0.015625 0.01953125
0 0.9171875 0.169921875 0.015625 0.01953125
0 0.609375 0.634765625 0.015625 0.01953125
0 0.59375 0.6328125 0.015625 0.01953125
0 0.7 0.62890625 0.015625 0.01953125
0 0.5390625 0.6328125 0.015625 0.01953125
0 0.425 0.638671875 0.015625 0.01953125
0 0.534375 0.828125 0.015625 0.01953125
0 0.959375 0.64453125 0.015625 0.01953125
0 0.9921875 0.638671875 0.015625 0.01953125
0 0.990625 0.791015625 0.015625 0.01953125
0 0.9375 0.9453125 0.015625 0.01953125
0 0.959375 0.953125 0.015625 0.01953125
0 0.975 0.951171875 0.015625 0.01953125
0 0.990625 0.955078125 0.015625 0.01953125
0 0.8953125 0.970703125 0.015625 0.01953125
0 0.89375 0.939453125 0.015625 0.01953125
0 0.9171875 0.982421875 0.015625 0.01953125
0 0.790625 0.958984375 0.015625 0.01953125
0 0.4671875 0.962890625 0.015625 0.01953125
0 0.44375 0.962890625 0.015625 0.01953125
0 0.41875 0.9609375 0.015625 0.01953125
0 0.35625 0.978515625 0.015625 0.01953125
0 0.2640625 0.96875 0.015625 0.01953125
0 0.23125 0.96875 0.015625 0.01953125
0 0.0734375 0.8515625 0.015625 0.01953125
0 0.0640625 0.83203125 0.015625 0.01953125
0 0.0703125 0.677734375 0.015625 0.01953125
0 0.1171875 0.650390625 0.015625 0.01953125
0 0.13125 0.654296875 0.015625 0.01953125
0 0.153125 0.65625 0.015625 0.01953125
0 0.1703125 0.65625 0.015625 0.01953125
0 0.234375 0.65234375 0.015625 0.01953125
0 0.3140625 0.646484375 0.015625 0.01953125
0 0.2734375 0.703125 0.015625 0.01953125
0 0.290625 0.728515625 0.015625 0.01953125
0 0.296875 0.70703125 0.015625 0.01953125
