0 0.7578125 0.125 0.015625 0.01953125
0 0.75 0.08203125 0.015625 0.01953125
0 0.7921875 0.1171875 0.015625 0.01953125
0 0.796875 0.173828125 0.015625 0.01953125
0 0.8125 0.166015625 0.015625 0.01953125
0 0.8546875 0.169921875 0.015625 0.01953125
0 0.86875 0.171875 0.015625 0.01953125
0 0.8671875 0.14453125 0.015625 0.01953125
0 0.934375 0.26171875 0.015625 0.01953125
0 0.9484375 0.248046875 0.015625 0.01953125
0 0.9265625 0.306640625 0.015625 0.01953125
0 0.990625 0.318359375 0.015625 0.01953125
0 0.9140625 0.345703125 0.015625 0.01953125
0 0.8671875 0.33984375 0.015625 0.01953125
0 0.840625 0.376953125 0.015625 0.01953125
0 0.7984375 0.388671875 0.015625 0.01953125
0 0.75625 0.365234375 0.015625 0.01953125
0 0.75 0.2578125 0.015625 0.01953125
0 0.76875 0.244140625 0.015625 0.01953125
0 0.8 0.240234375 0.015625 0.01953125
0 0.7984375 0.287109375 0.015625 0.01953125
0 0.825 0.30859375 0.015625 0.01953125
0 0.85 0.255859375 0.015625 0.01953125
0 0.8640625 0.24609375 0.015625 0.01953125
0 0.9484375 0.431640625 0.015625 0.01953125
0 0.7859375 0.490234375 0.015625 0.01953125
0 0.78125 0.515625 0.015625 0.01953125
0 0.759375 0.568359375 0.015625 0.01953125
0 0.865625 0.630859375 0.015625 0.01953125
0 0.884375 0.65234375 0.015625 0.01953125
0 0.8765625 0.591796875 0.015625 0.01953125
0 0.978125 0.587890625 0.015625 0.01953125
0 0.9640625 0.806640625 0.015625 0.01953125
0 0.9875 0.80859375 0.015625 0.01953125
0 0.91875 0.845703125 0.015625 0.01953125
0 0.9921875 0.95703125 0.015625 0.01953125
0 0.7046875 0.794921875 0.015625 0.01953125
0 0.603125 0.798828125 0.015625 0.01953125
0 0.5390625 0.796875 0.015625 0.01953125
0 0.428125 0.806640625 0.015625 0.01953125
0 0.303125 0.84765625 0.015625 0.01953125
0 0.2984375 0.87109375 0.015625 0.01953125
0 0.2875 0.8984375 0.015625 0.01953125
0 0.2734375 0.8671875 0.015625 0.01953125
0 0.234375 0.8203125 0.015625 0.01953125
0 0.165625 0.8203125 0.015625 0.01953125
0 0.1453125 0.8203125 0.015625 0.01953125
0 0.1234375 0.8203125 0.015625 0.01953125
0 0.0734375 0.833984375 0.015625 0.01953125
0 0.0046875 0.904296875 0.015625 0.01953125
0 0.0359375 0.91015625 0.015625 0.01953125
0 0.0 0.8203125 0.015625 0.01953125
