0 0.08125 0.9609375 0.015625 0.01953125
0 0.0953125 0.9609375 0.015625 0.01953125
0 0.1078125 0.9609375 0.015625 0.01953125
0 0.128125 0.955078125 0.015625 0.01953125
0 0.19375 0.955078125 0.015625 0.01953125
0 0.259375 0.986328125 0.015625 0.01953125
0 0.3875 0.935546875 0.015625 0.01953125
0 0.5078125 0.9375 0.015625 0.01953125
0 0.565625 0.9375 0.015625 0.01953125
0 0.66875 0.939453125 0.015625 0.01953125
0 0.8265625 0.841796875 0.015625 0.01953125
0 0.840625 0.796875 0.015625 0.01953125
0 0.853125 0.79296875 0.015625 0.01953125
0 0.703125 0.947265625 0.015625 0.01953125
0 0.921875 0.94140625 0.015625 0.01953125
0 0.953125 0.947265625 0.015625 0.01953125
0 0.9640625 0.9609375 0.015625 0.01953125
0 0.98125 0.912109375 0.015625 0.01953125
0 0.9421875 0.72265625 0.015625 0.01953125
0 0.990625 0.74609375 0.015625 0.01953125
0 0.75 0.65234375 0.015625 0.01953125
0 0.746875 0.634765625 0.015625 0.01953125
0 0.7265625 0.7109375 0.015625 0.01953125
0 0.725 0.513671875 0.015625 0.01953125
0 0.7625 0.52734375 0.015625 0.01953125
0 0.8234375 0.4453125 0.015625 0.01953125
0 0.8125 0.40625 0.015625 0.01953125
0 0.8296875 0.392578125 0.015625 0.01953125
0 0.846875 0.54296875 0.015625 0.01953125
0 0.878125 0.525390625 0.015625 0.01953125
0 0.975 0.5703125 0.015625 0.01953125
0 0.8859375 0.44921875 0.015625 0.01953125
0 0.878125 0.484375 0.015625 0.01953125
0 0.89375 0.396484375 0.015625 0.01953125
0 0.909375 0.392578125 0.015625 0.01953125
0 0.946875 0.45703125 0.015625 0.01953125
0 0.9875 0.443359375 0.015625 0.01953125
0 0.975 0.40234375 0.015625 0.01953125
0 0.8390625 0.3125 0.015625 0.01953125
0 0.8140625 0.30859375 0.015625 0.01953125
0 0.8296875 0.291015625 0.015625 0.01953125
0 0.7703125 0.310546875 0.015625 0.01953125
0 0.759375 0.2578125 0.015625 0.01953125
0 0.71875 0.263671875 0.015625 0.01953125
0 0.721875 0.21875 0.015625 0.01953125
0 0.7328125 0.3984375 0.015625 0.01953125
0 0.7515625 0.369140625 0.015625 0.01953125
0 0.7609375 0.416015625 0.015625 0.01953125
0 0.7171875 0.396484375 0.015625 0.01953125
0 0.0375 0.96875 0.015625 0.01953125
0 0.1765625 0.923828125 0.015625 0.01953125
0 0.39375 0.953125 0.015625 0.01953125
0 0.5796875 0.94140625 0.015625 0.01953125
