0 0.6796875 0.408203125 0.015625 0.01953125
0 0.6734375 0.36328125 0.015625 0.01953125
0 0.7140625 0.39453125 0.015625 0.01953125
0 0.7359375 0.455078125 0.015625 0.01953125
0 0.721875 0.45703125 0.015625 0.01953125
0 0.7078125 0.49609375 0.015625 0.01953125
0 0.775 0.455078125 0.015625 0.01953125
0 0.7890625 0.43359375 0.015625 0.01953125
0 0.7921875 0.462890625 0.015625 0.01953125
0 0.7796875 0.537109375 0.015625 0.01953125
0 0.78125 0.568359375 0.015625 0.01953125
0 0.8125 0.578125 0.015625 0.01953125
0 0.834375 0.595703125 0.015625 0.01953125
0 0.8515625 0.53125 0.015625 0.01953125
0 0.86875 0.533203125 0.015625 0.01953125
0 0.903125 0.603515625 0.015625 0.01953125
0 0.9390625 0.59375 0.015625 0.01953125
0 0.934375 0.548828125 0.015625 0.01953125
0 0.9703125 0.578125 0.015625 0.01953125
0 0.9953125 0.630859375 0.015625 0.01953125
0 0.965625 0.69921875 0.015625 0.01953125
0 0.89375 0.68359375 0.015625 0.01953125
0 0.840625 0.62890625 0.015625 0.01953125
0 0.840625 0.69921875 0.015625 0.01953125
0 0.715625 0.666015625 0.015625 0.01953125
0 0.68125 0.6484375 0.015625 0.01953125
0 0.6828125 0.572265625 0.015625 0.01953125
0 0.6890625 0.548828125 0.015625 0.01953125
0 0.721875 0.544921875 0.015625 0.01953125
0 0.815625 0.931640625 0.015625 0.01953125
0 0.7140625 0.77734375 0.015625 0.01953125
0 0.7046875 0.79296875 0.015625 0.01953125
0 0.6796875 0.84375 0.015625 0.01953125
0 0.6875 0.861328125 0.015625 0.01953125
0 0.971875 0.8671875 0.015625 0.01953125
0 0.984375 0.865234375 0.015625 0.01953125
0 0.971875 0.841796875 0.015625 0.01953125
0 0.9578125 0.861328125 0.015625 0.01953125
0 0.95 0.896484375 0.015625 0.01953125
0 0.903125 0.8671875 0.015625 0.01953125
0 0.7859375 0.990234375 0.015625 0.01953125
0 0.7 0.9140625 0.015625 0.01953125
0 0.9859375 0.927734375 0.015625 0.01953125
0 0.3765625 0.107421875 0.015625 0.01953125
