0 0.41875 0.458984375 0.015625 0.01953125
0 0.6375 0.7265625 0.015625 0.01953125
0 0.6421875 0.759765625 0.015625 0.01953125
0 0.684375 0.759765625 0.015625 0.01953125
0 0.7234375 0.826171875 0.015625 0.01953125
0 0.7375 0.810546875 0.015625 0.01953125
0 0.753125 0.806640625 0.015625 0.01953125
0 0.759375 0.783203125 0.015625 0.01953125
0 0.6671875 0.853515625 0.015625 0.01953125
0 0.6765625 0.89453125 0.015625 0.01953125
0 0.6515625 0.9296875 0.015625 0.01953125
0 0.6515625 0.974609375 0.015625 0.01953125
0 0.753125 0.89453125 0.015625 0.01953125
0 0.775 0.958984375 0.015625 0.01953125
0 0.76875 0.990234375 0.015625 0.01953125
0 0.8 0.9140625 0.015625 0.01953125
0 0.821875 0.88671875 0.015625 0.01953125
0 0.8703125 0.955078125 0.015625 0.01953125
0 0.9125 0.953125 0.015625 0.01953125
0 0.8984375 0.908203125 0.015625 0.01953125
0 0.9484375 0.9765625 0.015625 0.01953125
0 0.9703125 0.990234375 0.015625 0.01953125
