0 0.6390625 0.533203125 0.015625 0.01953125
0 0.8515625 0.853515625 0.015625 0.01953125
0 0.7890625 0.810546875 0.015625 0.01953125
0 0.7921875 0.84765625 0.015625 0.01953125
0 0.8890625 0.89453125 0.015625 0.01953125
0 0.9171875 0.896484375 0.015625 0.01953125
0 0.9171875 0.87109375 0.015625 0.01953125
0 0.8984375 0.939453125 0.015625 0.01953125
0 0.9109375 0.98828125 0.015625 0.01953125
0 0.9875 0.982421875 0.015625 0.01953125
0 0.8296875 0.984375 0.015625 0.01953125
0 0.8265625 0.94140625 0.015625 0.01953125
0 0.025 0.572265625 0.015625 0.01953125
