0 0.9328125 0.14453125 0.015625 0.01953125
0 0.9171875 0.1484375 0.015625 0.01953125
0 0.946875 0.03125 0.015625 0.01953125
0 0.875 0.41796875 0.015625 0.01953125
0 0.8546875 0.392578125 0.015625 0.01953125
0 0.8453125 0.359375 0.015625 0.01953125
0 0.8359375 0.3515625 0.015625 0.01953125
0 0.81875 0.345703125 0.015625 0.01953125
0 0.809375 0.341796875 0.015625 0.01953125
0 0.7953125 0.333984375 0.015625 0.01953125
0 0.7875 0.330078125 0.015625 0.01953125
0 0.771875 0.3203125 0.015625 0.01953125
0 0.7609375 0.314453125 0.015625 0.01953125
0 0.75 0.306640625 0.015625 0.01953125
0 0.7390625 0.30078125 0.015625 0.01953125
0 0.8328125 0.37109375 0.015625 0.01953125
0 0.821875 0.365234375 0.015625 0.01953125
0 0.80625 0.357421875 0.015625 0.01953125
0 0.796875 0.353515625 0.015625 0.01953125
0 0.7859375 0.34765625 0.015625 0.01953125
0 0.771875 0.33984375 0.015625 0.01953125
0 0.7609375 0.3359375 0.015625 0.01953125
0 0.74375 0.32421875 0.015625 0.01953125
0 0.734375 0.3203125 0.015625 0.01953125
0 0.7203125 0.3125 0.015625 0.01953125
0 0.8109375 0.37890625 0.015625 0.01953125
0 0.7984375 0.373046875 0.015625 0.01953125
0 0.7859375 0.3671875 0.015625 0.01953125
0 0.775 0.36328125 0.015625 0.01953125
0 0.7609375 0.35546875 0.015625 0.01953125
0 0.7484375 0.349609375 0.015625 0.01953125
0 0.734375 0.341796875 0.015625 0.01953125
0 0.7234375 0.333984375 0.015625 0.01953125
0 0.709375 0.32421875 0.015625 0.01953125
0 0.796875 0.396484375 0.015625 0.01953125
0 0.784375 0.390625 0.015625 0.01953125
0 0.7734375 0.384765625 0.015625 0.01953125
0 0.7625 0.376953125 0.015625 0.01953125
0 0.746875 0.365234375 0.015625 0.01953125
0 0.7390625 0.359375 0.015625 0.01953125
0 0.725 0.3515625 0.015625 0.01953125
0 0.7140625 0.34765625 0.015625 0.01953125
0 0.6984375 0.341796875 0.015625 0.01953125
0 0.8296875 0.404296875 0.015625 0.01953125
0 0.634375 0.337890625 0.015625 0.01953125
0 0.6125 0.3203125 0.015625 0.01953125
0 0.6625 0.3046875 0.015625 0.01953125
