0 0.9359375 0.818359375 0.015625 0.01953125
0 0.85625 0.171875 0.015625 0.01953125
0 0.878125 0.1171875 0.015625 0.01953125
0 0.83125 0.15625 0.015625 0.01953125
0 0.8 0.15625 0.015625 0.01953125
0 0.7859375 0.15234375 0.015625 0.01953125
0 0.7765625 0.142578125 0.015625 0.01953125
0 0.7625 0.130859375 0.015625 0.01953125
0 0.7515625 0.125 0.015625 0.01953125
0 0.734375 0.119140625 0.015625 0.01953125
0 0.7234375 0.111328125 0.015625 0.01953125
0 0.709375 0.10546875 0.015625 0.01953125
0 0.69375 0.095703125 0.015625 0.01953125
0 0.815625 0.134765625 0.015625 0.01953125
0 0.8 0.130859375 0.015625 0.01953125
0 0.7890625 0.12109375 0.015625 0.01953125
0 0.7765625 0.11328125 0.015625 0.01953125
0 0.7625 0.107421875 0.015625 0.01953125
0 0.7484375 0.095703125 0.015625 0.01953125
0 0.7359375 0.091796875 0.015625 0.01953125
0 0.7171875 0.08203125 0.015625 0.01953125
0 0.7078125 0.076171875 0.015625 0.01953125
0 0.8421875 0.125 0.015625 0.01953125
0 0.828125 0.12109375 0.015625 0.01953125
0 0.815625 0.111328125 0.015625 0.01953125
0 0.8015625 0.103515625 0.015625 0.01953125
0 0.7875 0.099609375 0.015625 0.01953125
0 0.7765625 0.09375 0.015625 0.01953125
0 0.7578125 0.080078125 0.015625 0.01953125
0 0.7453125 0.07421875 0.015625 0.01953125
0 0.7328125 0.06640625 0.015625 0.01953125
0 0.7203125 0.056640625 0.015625 0.01953125
0 0.8484375 0.109375 0.015625 0.01953125
0 0.8421875 0.1015625 0.015625 0.01953125
0 0.8296875 0.095703125 0.015625 0.01953125
0 0.8140625 0.083984375 0.015625 0.01953125
0 0.8 0.078125 0.015625 0.01953125
0 0.7859375 0.07421875 0.015625 0.01953125
0 0.7734375 0.06640625 0.015625 0.01953125
0 0.7609375 0.056640625 0.015625 0.01953125
0 0.7453125 0.05078125 0.015625 0.01953125
0 0.7328125 0.04296875 0.015625 0.01953125
0 0.653125 0.037109375 0.015625 0.01953125
0 0.6234375 0.087890625 0.015625 0.01953125
0 0.5921875 0.072265625 0.015625 0.01953125
