0 0.86875 0.0078125 0.015625 0.01953125
0 0.859375 0.013671875 0.015625 0.01953125
0 0.9140625 0.0078125 0.015625 0.01953125
0 0.6453125 0.24609375 0.015625 0.01953125
0 0.6125 0.296875 0.015625 0.01953125
0 0.5828125 0.27734375 0.015625 0.01953125
0 0.84375 0.384765625 0.015625 0.01953125
0 0.865625 0.291015625 0.015625 0.01953125
0 0.85625 0.3203125 0.015625 0.01953125
0 0.84375 0.361328125 0.015625 0.01953125
0 0.8421875 0.333984375 0.015625 0.01953125
0 0.8421875 0.310546875 0.015625 0.01953125
0 0.8296875 0.30078125 0.015625 0.01953125
0 0.8125 0.294921875 0.015625 0.01953125
0 0.7984375 0.28515625 0.015625 0.01953125
0 0.7859375 0.27734375 0.015625 0.01953125
0 0.771875 0.267578125 0.015625 0.01953125
0 0.75625 0.263671875 0.015625 0.01953125
0 0.7421875 0.251953125 0.015625 0.01953125
0 0.7296875 0.244140625 0.015625 0.01953125
0 0.8046875 0.37109375 0.015625 0.01953125
0 0.7890625 0.36328125 0.015625 0.01953125
0 0.7734375 0.353515625 0.015625 0.01953125
0 0.7640625 0.34765625 0.015625 0.01953125
0 0.74375 0.333984375 0.015625 0.01953125
0 0.7296875 0.326171875 0.015625 0.01953125
0 0.7171875 0.318359375 0.015625 0.01953125
0 0.703125 0.30859375 0.015625 0.01953125
0 0.6875 0.298828125 0.015625 0.01953125
0 0.8140625 0.34375 0.015625 0.01953125
0 0.8015625 0.337890625 0.015625 0.01953125
0 0.7921875 0.33203125 0.015625 0.01953125
0 0.778125 0.326171875 0.015625 0.01953125
0 0.7609375 0.3125 0.015625 0.01953125
0 0.746875 0.3046875 0.015625 0.01953125
0 0.73125 0.294921875 0.015625 0.01953125
0 0.7171875 0.287109375 0.015625 0.01953125
0 0.7046875 0.27734375 0.015625 0.01953125
0 0.83125 0.326171875 0.015625 0.01953125
0 0.815625 0.3203125 0.015625 0.01953125
0 0.8015625 0.310546875 0.015625 0.01953125
0 0.784375 0.3046875 0.015625 0.01953125
0 0.771875 0.298828125 0.015625 0.01953125
0 0.75625 0.291015625 0.015625 0.01953125
0 0.74375 0.28515625 0.015625 0.01953125
0 0.7265625 0.2734375 0.015625 0.01953125
0 0.715625 0.26171875 0.015625 0.01953125
