0 0.746875 0.5 0.015625 0.01953125
0 0.7453125 0.4609375 0.015625 0.01953125
0 0.7671875 0.421875 0.015625 0.01953125
0 0.7796875 0.400390625 0.015625 0.01953125
0 0.765625 0.392578125 0.015625 0.01953125
0 0.7453125 0.380859375 0.015625 0.01953125
0 0.7234375 0.369140625 0.015625 0.01953125
0 0.7078125 0.361328125 0.015625 0.01953125
0 0.6953125 0.35546875 0.015625 0.01953125
0 0.6703125 0.34765625 0.015625 0.01953125
0 0.6625 0.333984375 0.015625 0.01953125
0 0.64375 0.328125 0.015625 0.01953125
0 0.6296875 0.322265625 0.015625 0.01953125
0 0.71875 0.30859375 0.015625 0.01953125
0 0.58125 0.294921875 0.015625 0.01953125
0 0.5359375 0.404296875 0.015625 0.01953125
0 0.4671875 0.37109375 0.015625 0.01953125
0 0.715625 0.466796875 0.015625 0.01953125
0 0.7046875 0.458984375 0.015625 0.01953125
0 0.6890625 0.451171875 0.015625 0.01953125
0 0.671875 0.443359375 0.015625 0.01953125
0 0.6515625 0.4296875 0.015625 0.01953125
0 0.634375 0.41796875 0.015625 0.01953125
0 0.6234375 0.41015625 0.015625 0.01953125
0 0.603125 0.400390625 0.015625 0.01953125
0 0.584375 0.384765625 0.015625 0.01953125
0 0.740625 0.435546875 0.015625 0.01953125
0 0.746875 0.419921875 0.015625 0.01953125
0 0.7296875 0.404296875 0.015625 0.01953125
0 0.7125 0.3984375 0.015625 0.01953125
0 0.69375 0.390625 0.015625 0.01953125
0 0.678125 0.3828125 0.015625 0.01953125
0 0.6640625 0.369140625 0.015625 0.01953125
0 0.646875 0.359375 0.015625 0.01953125
0 0.6296875 0.349609375 0.015625 0.01953125
0 0.615625 0.341796875 0.015625 0.01953125
0 0.684375 0.40625 0.015625 0.01953125
0 0.665625 0.40234375 0.015625 0.01953125
0 0.653125 0.392578125 0.015625 0.01953125
0 0.6328125 0.380859375 0.015625 0.01953125
0 0.61875 0.375 0.015625 0.01953125
0 0.6046875 0.36328125 0.015625 0.01953125
0 0.715625 0.4296875 0.015625 0.01953125
0 0.7 0.419921875 0.015625 0.01953125
