0 0.015625 0.693359375 0.015625 0.01953125
0 0.009375 0.705078125 0.015625 0.01953125
0 0.0265625 0.6953125 0.015625 0.01953125
0 0.0421875 0.701171875 0.015625 0.01953125
0 0.009375 0.75390625 0.015625 0.01953125
0 0.021875 0.765625 0.015625 0.01953125
0 0.0046875 0.787109375 0.015625 0.01953125
0 0.0625 0.755859375 0.015625 0.01953125
0 0.1671875 0.73828125 0.015625 0.01953125
0 0.2265625 0.751953125 0.015625 0.01953125
0 0.21875 0.884765625 0.015625 0.01953125
0 0.28125 0.7890625 0.015625 0.01953125
0 0.446875 0.763671875 0.015625 0.01953125
0 0.46875 0.765625 0.015625 0.01953125
0 0.3609375 0.921875 0.015625 0.01953125
0 0.5109375 0.76953125 0.015625 0.01953125
0 0.5796875 0.974609375 0.015625 0.01953125
0 0.4203125 0.986328125 0.015625 0.01953125
0 0.684375 0.98828125 0.015625 0.01953125
0 0.684375 0.767578125 0.015625 0.01953125
0 0.7140625 0.76953125 0.015625 0.01953125
0 0.7 0.767578125 0.015625 0.01953125
0 0.6671875 0.765625 0.015625 0.01953125
0 0.778125 0.759765625 0.015625 0.01953125
0 0.871875 0.837890625 0.015625 0.01953125
0 0.9078125 0.810546875 0.015625 0.01953125
0 0.93125 0.7890625 0.015625 0.01953125
0 0.9453125 0.794921875 0.015625 0.01953125
0 0.978125 0.7734375 0.015625 0.01953125
0 0.990625 0.77734375 0.015625 0.01953125
