0 0.0203125 0.396484375 0.015625 0.01953125
0 0.0609375 0.404296875 0.015625 0.01953125
0 0.0421875 0.416015625 0.015625 0.01953125
0 0.0453125 0.400390625 0.015625 0.01953125
0 0.075 0.416015625 0.015625 0.01953125
0 0.09375 0.423828125 0.015625 0.01953125
0 0.109375 0.4296875 0.015625 0.01953125
0 0.096875 0.466796875 0.015625 0.01953125
0 0.053125 0.474609375 0.015625 0.01953125
0 0.0375 0.46484375 0.015625 0.01953125
0 0.0203125 0.4453125 0.015625 0.01953125
0 0.003125 0.462890625 0.015625 0.01953125
0 0.015625 0.48046875 0.015625 0.01953125
0 0.03125 0.49609375 0.015625 0.01953125
0 0.2 0.45703125 0.015625 0.01953125
0 0.25625 0.482421875 0.015625 0.01953125
0 0.2921875 0.4765625 0.015625 0.01953125
0 0.209375 0.638671875 0.015625 0.01953125
0 0.0765625 0.830078125 0.015625 0.01953125
0 0.3015625 0.80859375 0.015625 0.01953125
0 0.278125 0.890625 0.015625 0.01953125
0 0.371875 0.658203125 0.015625 0.01953125
0 0.478125 0.509765625 0.015625 0.01953125
0 0.4921875 0.51171875 0.015625 0.01953125
0 0.54375 0.515625 0.015625 0.01953125
0 0.653125 0.751953125 0.015625 0.01953125
0 0.659375 0.666015625 0.015625 0.01953125
0 0.7 0.5234375 0.015625 0.01953125
0 0.7203125 0.5234375 0.015625 0.01953125
0 0.734375 0.51953125 0.015625 0.01953125
0 0.9578125 0.583984375 0.015625 0.01953125
0 0.95625 0.5703125 0.015625 0.01953125
0 0.94375 0.603515625 0.015625 0.01953125
0 0.8953125 0.611328125 0.015625 0.01953125
0 0.9765625 0.78515625 0.015625 0.01953125
0 0.959375 0.8671875 0.015625 0.01953125
0 0.6734375 0.7734375 0.015625 0.01953125
0 0.7640625 0.740234375 0.015625 0.01953125
0 0.7640625 0.759765625 0.015625 0.01953125
0 0.7921875 0.861328125 0.015625 0.01953125
0 0.8234375 0.859375 0.015625 0.01953125
0 0.8046875 0.53125 0.015625 0.01953125
