0 0.0125 0.34765625 0.015625 0.01953125
0 0.021875 0.38671875 0.015625 0.01953125
0 0.0640625 0.423828125 0.015625 0.01953125
0 0.059375 0.380859375 0.015625 0.01953125
0 0.071875 0.3828125 0.015625 0.01953125
0 0.0859375 0.369140625 0.015625 0.01953125
0 0.0640625 0.359375 0.015625 0.01953125
0 0.075 0.34765625 0.015625 0.01953125
0 0.096875 0.35546875 0.015625 0.01953125
0 0.1140625 0.36328125 0.015625 0.01953125
0 0.13125 0.3671875 0.015625 0.01953125
0 0.1484375 0.369140625 0.015625 0.01953125
0 0.115625 0.423828125 0.015625 0.01953125
0 0.1578125 0.431640625 0.015625 0.01953125
0 0.178125 0.443359375 0.015625 0.01953125
0 0.184375 0.47265625 0.015625 0.01953125
0 0.209375 0.453125 0.015625 0.01953125
0 0.2046875 0.486328125 0.015625 0.01953125
0 0.228125 0.46875 0.015625 0.01953125
0 0.23125 0.50390625 0.015625 0.01953125
0 0.25625 0.48828125 0.015625 0.01953125
0 0.253125 0.46484375 0.015625 0.01953125
0 0.290625 0.470703125 0.015625 0.01953125
0 0.3 0.43359375 0.015625 0.01953125
0 0.284375 0.4296875 0.015625 0.01953125
0 0.265625 0.4140625 0.015625 0.01953125
0 0.2515625 0.408203125 0.015625 0.01953125
0 0.23125 0.41796875 0.015625 0.01953125
0 0.2109375 0.396484375 0.015625 0.01953125
0 0.3234375 0.4765625 0.015625 0.01953125
0 0.3484375 0.484375 0.015625 0.01953125
0 0.3921875 0.462890625 0.015625 0.01953125
0 0.446875 0.48828125 0.015625 0.01953125
0 0.390625 0.634765625 0.015625 0.01953125
0 0.075 0.572265625 0.015625 0.01953125
0 0.0546875 0.662109375 0.015625 0.01953125
0 0.1203125 0.767578125 0.015625 0.01953125
0 0.1890625 0.6640625 0.015625 0.01953125
0 0.2484375 0.7421875 0.015625 0.01953125
0 0.2625 0.7578125 0.015625 0.01953125
0 0.2640625 0.837890625 0.015625 0.01953125
0 0.5546875 0.798828125 0.015625 0.01953125
0 0.5703125 0.671875 0.015625 0.01953125
0 0.40625 0.908203125 0.015625 0.01953125
0 0.6890625 0.521484375 0.015625 0.01953125
0 0.8953125 0.53125 0.015625 0.01953125
0 0.915625 0.53125 0.015625 0.01953125
0 0.928125 0.53125 0.015625 0.01953125
0 0.953125 0.765625 0.015625 0.01953125
0 0.9796875 0.8671875 0.015625 0.01953125
0 0.940625 0.60546875 0.015625 0.01953125
