0 0.11875 0.28125 0.015625 0.01953125
0 0.1796875 0.298828125 0.015625 0.01953125
0 0.146875 0.3671875 0.015625 0.01953125
0 0.1609375 0.40234375 0.015625 0.01953125
0 0.1703125 0.37890625 0.015625 0.01953125
0 0.1875 0.369140625 0.015625 0.01953125
0 0.1828125 0.466796875 0.015625 0.01953125
0 0.053125 0.62109375 0.015625 0.01953125
0 0.1421875 0.75 0.015625 0.01953125
0 0.1140625 0.755859375 0.015625 0.01953125
0 0.225 0.76953125 0.015625 0.01953125
0 0.2734375 0.6484375 0.015625 0.01953125
0 0.3625 0.69921875 0.015625 0.01953125
0 0.403125 0.8046875 0.015625 0.01953125
0 0.4375 0.59765625 0.015625 0.01953125
0 0.5171875 0.736328125 0.015625 0.01953125
0 0.61875 0.75390625 0.015625 0.01953125
0 0.5890625 0.86328125 0.015625 0.01953125
0 0.5984375 0.869140625 0.015625 0.01953125
0 0.6671875 0.962890625 0.015625 0.01953125
0 0.6796875 0.96484375 0.015625 0.01953125
0 0.75625 0.666015625 0.015625 0.01953125
0 0.903125 0.693359375 0.015625 0.01953125
0 0.95625 0.837890625 0.015625 0.01953125
0 0.71875 0.4921875 0.015625 0.01953125
0 0.775 0.51171875 0.015625 0.01953125
0 0.0265625 0.98046875 0.015625 0.01953125
0 0.0421875 0.982421875 0.015625 0.01953125
0 0.053125 0.9609375 0.015625 0.01953125
0 0.09375 0.978515625 0.015625 0.01953125
0 0.090625 0.9921875 0.015625 0.01953125
0 0.340625 0.408203125 0.015625 0.01953125
0 0.371875 0.44921875 0.015625 0.01953125
0 0.325 0.3671875 0.015625 0.01953125
0 0.36875 0.369140625 0.015625 0.01953125
0 0.378125 0.3828125 0.015625 0.01953125
0 0.378125 0.40234375 0.015625 0.01953125
0 0.4046875 0.408203125 0.015625 0.01953125
0 0.4078125 0.390625 0.015625 0.01953125
0 0.40625 0.373046875 0.015625 0.01953125
0 0.425 0.380859375 0.015625 0.01953125
0 0.4375 0.38671875 0.015625 0.01953125
0 0.4515625 0.390625 0.015625 0.01953125
0 0.4703125 0.396484375 0.015625 0.01953125
0 0.46875 0.4140625 0.015625 0.01953125
0 0.46875 0.431640625 0.015625 0.01953125
0 0.4734375 0.455078125 0.015625 0.01953125
0 0.5 0.46875 0.015625 0.01953125
0 0.53125 0.474609375 0.015625 0.01953125
0 0.5171875 0.50390625 0.015625 0.01953125
0 0.5328125 0.505859375 0.015625 0.01953125
0 0.5546875 0.49609375 0.015625 0.01953125
0 0.5703125 0.501953125 0.015625 0.01953125
0 0.5546875 0.52734375 0.015625 0.01953125
0 0.5796875 0.486328125 0.015625 0.01953125
0 0.6140625 0.498046875 0.015625 0.01953125
0 0.5625 0.45703125 0.015625 0.01953125
0 0.5328125 0.421875 0.015625 0.01953125
0 0.5625 0.4296875 0.015625 0.01953125
0 0.578125 0.4296875 0.015625 0.01953125
0 0.5890625 0.44140625 0.015625 0.01953125
0 0.6078125 0.45703125 0.015625 0.01953125
0 0.6203125 0.45703125 0.015625 0.01953125
0 0.6515625 0.4765625 0.015625 0.01953125
