0 0.053125 0.2890625 0.015625 0.01953125
0 0.015625 0.328125 0.015625 0.01953125
0 0.1203125 0.29296875 0.015625 0.01953125
0 0.234375 0.33203125 0.015625 0.01953125
0 0.309375 0.341796875 0.015625 0.01953125
0 0.3171875 0.275390625 0.015625 0.01953125
0 0.2796875 0.451171875 0.015625 0.01953125
0 0.2953125 0.458984375 0.015625 0.01953125
0 0.2734375 0.49609375 0.015625 0.01953125
0 0.1625 0.51171875 0.015625 0.01953125
0 0.14375 0.560546875 0.015625 0.01953125
0 0.0578125 0.6953125 0.015625 0.01953125
0 0.015625 0.708984375 0.015625 0.01953125
0 0.14375 0.71875 0.015625 0.01953125
0 0.134375 0.759765625 0.015625 0.01953125
0 0.075 0.923828125 0.015625 0.01953125
0 0.1390625 0.93359375 0.015625 0.01953125
0 0.1984375 0.921875 0.015625 0.01953125
0 0.00625 0.984375 0.015625 0.01953125
0 0.425 0.69140625 0.015625 0.01953125
0 0.34375 0.4609375 0.015625 0.01953125
0 0.565625 0.400390625 0.015625 0.01953125
0 0.6078125 0.40625 0.015625 0.01953125
0 0.590625 0.419921875 0.015625 0.01953125
0 0.5796875 0.439453125 0.015625 0.01953125
0 0.5734375 0.537109375 0.015625 0.01953125
0 0.565625 0.80078125 0.015625 0.01953125
0 0.4953125 0.8359375 0.015625 0.01953125
0 0.6453125 0.8046875 0.015625 0.01953125
0 0.6875 0.6640625 0.015625 0.01953125
0 0.775 0.724609375 0.015625 0.01953125
0 0.8578125 0.806640625 0.015625 0.01953125
0 0.940625 0.78515625 0.015625 0.01953125
0 0.996875 0.90234375 0.015625 0.01953125
0 0.8828125 0.623046875 0.015625 0.01953125
0 0.746875 0.443359375 0.015625 0.01953125
0 0.7625 0.46875 0.015625 0.01953125
0 0.7796875 0.404296875 0.015625 0.01953125
0 0.7859375 0.42578125 0.015625 0.01953125
0 0.7859375 0.44140625 0.015625 0.01953125
0 0.803125 0.44921875 0.015625 0.01953125
0 0.8234375 0.423828125 0.015625 0.01953125
0 0.8640625 0.421875 0.015625 0.01953125
0 0.8921875 0.486328125 0.015625 0.01953125
0 0.9125 0.50390625 0.015625 0.01953125
0 0.9484375 0.517578125 0.015625 0.01953125
0 0.9484375 0.5390625 0.015625 0.01953125
0 0.9578125 0.56640625 0.015625 0.01953125
0 0.9765625 0.58984375 0.015625 0.01953125
0 0.9703125 0.537109375 0.015625 0.01953125
0 0.9859375 0.54296875 0.015625 0.01953125
0 0.9765625 0.5 0.015625 0.01953125
0 0.95625 0.451171875 0.015625 0.01953125
0 0.9859375 0.466796875 0.015625 0.01953125
0 0.7953125 0.404296875 0.015625 0.01953125
0 0.8875 0.431640625 0.015625 0.01953125
