0 0.2484375 0.681640625 0.015625 0.01953125
0 0.253125 0.666015625 0.015625 0.01953125
0 0.2703125 0.638671875 0.015625 0.01953125
0 0.0265625 0.572265625 0.015625 0.01953125
0 0.0046875 0.7578125 0.015625 0.01953125
0 0.1125 0.79296875 0.015625 0.01953125
0 0.1703125 0.7734375 0.015625 0.01953125
0 0.1296875 0.8671875 0.015625 0.01953125
0 0.15 0.775390625 0.015625 0.01953125
0 0.15625 0.759765625 0.015625 0.01953125
0 0.3890625 0.7734375 0.015625 0.01953125
0 0.40625 0.73828125 0.015625 0.01953125
0 0.3609375 0.6875 0.015625 0.01953125
0 0.3859375 0.5625 0.015625 0.01953125
0 0.45625 0.53515625 0.015625 0.01953125
0 0.3390625 0.923828125 0.015625 0.01953125
0 0.2578125 0.982421875 0.015625 0.01953125
0 0.4125 0.955078125 0.015625 0.01953125
0 0.565625 0.96875 0.015625 0.01953125
0 0.628125 0.755859375 0.015625 0.01953125
0 0.7625 0.92578125 0.015625 0.01953125
0 0.796875 0.900390625 0.015625 0.01953125
0 0.8953125 0.927734375 0.015625 0.01953125
0 0.9421875 0.7734375 0.015625 0.01953125
0 0.8265625 0.65625 0.015625 0.01953125
0 0.8828125 0.55078125 0.015625 0.01953125
0 0.871875 0.509765625 0.015625 0.01953125
0 0.9171875 0.5234375 0.015625 0.01953125
0 0.9140625 0.447265625 0.015625 0.01953125
0 0.5625 0.53515625 0.015625 0.01953125
0 0.575 0.49609375 0.015625 0.01953125
0 0.5953125 0.509765625 0.015625 0.01953125
0 0.6359375 0.5234375 0.015625 0.01953125
0 0.6609375 0.53125 0.015625 0.01953125
0 0.3484375 0.375 0.015625 0.01953125
0 0.371875 0.291015625 0.015625 0.01953125
0 0.4140625 0.3671875 0.015625 0.01953125
0 0.490625 0.33984375 0.015625 0.01953125
0 0.64375 0.322265625 0.015625 0.01953125
0 0.75 0.33984375 0.015625 0.01953125
0 0.240625 0.02734375 0.015625 0.01953125
0 0.321875 0.076171875 0.015625 0.01953125
0 0.8953125 0.52734375 0.015625 0.01953125
