0 0.253125 0.703125 0.015625 0.01953125
0 0.0390625 0.193359375 0.015625 0.01953125
0 0.0484375 0.59765625 0.015625 0.01953125
0 0.13125 0.529296875 0.015625 0.01953125
0 0.15625 0.51171875 0.015625 0.01953125
0 0.1421875 0.650390625 0.015625 0.01953125
0 0.23125 0.857421875 0.015625 0.01953125
0 0.1015625 0.990234375 0.015625 0.01953125
0 0.34375 0.970703125 0.015625 0.01953125
0 0.43125 0.90625 0.015625 0.01953125
0 0.4953125 0.962890625 0.015625 0.01953125
0 0.46875 0.765625 0.015625 0.01953125
0 0.484375 0.73828125 0.015625 0.01953125
0 0.4578125 0.53125 0.015625 0.01953125
0 0.371875 0.5390625 0.015625 0.01953125
0 0.39375 0.64453125 0.015625 0.01953125
0 0.3875 0.66015625 0.015625 0.01953125
0 0.5703125 0.546875 0.015625 0.01953125
0 0.6796875 0.580078125 0.015625 0.01953125
0 0.6921875 0.544921875 0.015625 0.01953125
0 0.7140625 0.552734375 0.015625 0.01953125
0 0.75 0.58203125 0.015625 0.01953125
0 0.7859375 0.603515625 0.015625 0.01953125
0 0.7421875 0.845703125 0.015625 0.01953125
0 0.878125 0.736328125 0.015625 0.01953125
0 0.7921875 0.39453125 0.015625 0.01953125
0 0.775 0.462890625 0.015625 0.01953125
0 0.9921875 0.87109375 0.015625 0.01953125
0 0.98125 0.671875 0.015625 0.01953125
0 0.9796875 0.626953125 0.015625 0.01953125
0 0.99375 0.63671875 0.015625 0.01953125
0 0.578125 0.333984375 0.015625 0.01953125
0 0.6015625 0.333984375 0.015625 0.01953125
0 0.459375 0.25390625 0.015625 0.01953125
0 0.0546875 0.212890625 0.015625 0.01953125
0 0.46875 0.677734375 0.015625 0.01953125
0 0.903125 0.435546875 0.015625 0.01953125
