0 0.009375 0.083984375 0.015625 0.01953125
0 0.0359375 0.1171875 0.015625 0.01953125
0 0.0265625 0.1484375 0.015625 0.01953125
0 0.078125 0.01171875 0.015625 0.01953125
0 0.0609375 0.005859375 0.015625 0.01953125
0 0.0859375 0.017578125 0.015625 0.01953125
0 0.18125 0.109375 0.015625 0.01953125
0 0.2671875 0.181640625 0.015625 0.01953125
0 0.1796875 0.2265625 0.015625 0.01953125
0 0.05 0.265625 0.015625 0.01953125
0 0.36875 0.09765625 0.015625 0.01953125
0 0.3765625 0.150390625 0.015625 0.01953125
0 0.1296875 0.416015625 0.015625 0.01953125
0 0.215625 0.44921875 0.015625 0.01953125
0 0.2828125 0.478515625 0.015625 0.01953125
0 0.3484375 0.58203125 0.015625 0.01953125
0 0.178125 0.595703125 0.015625 0.01953125
0 0.1828125 0.623046875 0.015625 0.01953125
0 0.159375 0.69140625 0.015625 0.01953125
0 0.3921875 0.55078125 0.015625 0.01953125
0 0.4734375 0.716796875 0.015625 0.01953125
0 0.44375 0.939453125 0.015625 0.01953125
0 0.2296875 0.9609375 0.015625 0.01953125
0 0.40625 0.548828125 0.015625 0.01953125
0 0.64375 0.7265625 0.015625 0.01953125
0 0.640625 0.744140625 0.015625 0.01953125
0 0.6890625 0.763671875 0.015625 0.01953125
0 0.7 0.83203125 0.015625 0.01953125
0 0.678125 0.84765625 0.015625 0.01953125
0 0.6890625 0.572265625 0.015625 0.01953125
0 0.63125 0.53515625 0.015625 0.01953125
0 0.715625 0.287109375 0.015625 0.01953125
0 0.790625 0.322265625 0.015625 0.01953125
0 0.846875 0.375 0.015625 0.01953125
0 0.86875 0.404296875 0.015625 0.01953125
0 0.9375 0.7265625 0.015625 0.01953125
0 0.96875 0.728515625 0.015625 0.01953125
0 0.9296875 0.744140625 0.015625 0.01953125
0 0.953125 0.7265625 0.015625 0.01953125
0 0.828125 0.671875 0.015625 0.01953125
0 0.871875 0.17578125 0.015625 0.01953125
0 0.8171875 0.083984375 0.015625 0.01953125
0 0.16875 0.671875 0.015625 0.01953125
