0 0.5625 0.986328125 0.015625 0.01953125
0 0.0109375 0.009765625 0.015625 0.01953125
0 0.0265625 0.01171875 0.015625 0.01953125
0 0.075 0.017578125 0.015625 0.01953125
0 0.0828125 0.107421875 0.015625 0.01953125
0 0.1015625 0.11328125 0.015625 0.01953125
0 0.1515625 0.091796875 0.015625 0.01953125
0 0.14375 0.1484375 0.015625 0.01953125
0 0.0046875 0.087890625 0.015625 0.01953125
0 0.0125 0.11328125 0.015625 0.01953125
0 0.0015625 0.171875 0.015625 0.01953125
0 0.0640625 0.166015625 0.015625 0.01953125
0 0.0296875 0.224609375 0.015625 0.01953125
0 0.04375 0.22265625 0.015625 0.01953125
0 0.040625 0.2578125 0.015625 0.01953125
0 0.0203125 0.279296875 0.015625 0.01953125
0 0.2328125 0.31640625 0.015625 0.01953125
0 0.321875 0.28125 0.015625 0.01953125
0 0.2828125 0.22265625 0.015625 0.01953125
0 0.321875 0.150390625 0.015625 0.01953125
0 0.309375 0.1328125 0.015625 0.01953125
0 0.2828125 0.09765625 0.015625 0.01953125
0 0.2609375 0.125 0.015625 0.01953125
0 0.365625 0.005859375 0.015625 0.01953125
0 0.359375 0.208984375 0.015625 0.01953125
0 0.440625 0.201171875 0.015625 0.01953125
0 0.540625 0.208984375 0.015625 0.01953125
0 0.640625 0.15234375 0.015625 0.01953125
0 0.659375 0.087890625 0.015625 0.01953125
0 0.4015625 0.431640625 0.015625 0.01953125
0 0.528125 0.4453125 0.015625 0.01953125
0 0.5921875 0.537109375 0.015625 0.01953125
0 0.4484375 0.546875 0.015625 0.01953125
0 0.440625 0.62109375 0.015625 0.01953125
0 0.4359375 0.642578125 0.015625 0.01953125
0 0.396875 0.642578125 0.015625 0.01953125
0 0.384375 0.6640625 0.015625 0.01953125
0 0.2109375 0.505859375 0.015625 0.01953125
0 0.1984375 0.541015625 0.015625 0.01953125
0 0.03125 0.576171875 0.015625 0.01953125
0 0.0046875 0.53125 0.015625 0.01953125
0 0.0515625 0.630859375 0.015625 0.01953125
0 0.1015625 0.603515625 0.015625 0.01953125
0 0.109375 0.57421875 0.015625 0.01953125
0 0.09375 0.765625 0.015625 0.01953125
0 0.0265625 0.82421875 0.015625 0.01953125
0 0.0078125 0.8125 0.015625 0.01953125
0 0.1828125 0.6640625 0.015625 0.01953125
0 0.203125 0.65625 0.015625 0.01953125
0 0.1390625 0.84375 0.015625 0.01953125
0 0.096875 0.822265625 0.015625 0.01953125
0 0.11875 0.900390625 0.015625 0.01953125
0 0.1296875 0.8984375 0.015625 0.01953125
0 0.134375 0.974609375 0.015625 0.01953125
0 0.1 0.984375 0.015625 0.01953125
0 0.721875 0.779296875 0.015625 0.01953125
0 0.9390625 0.59765625 0.015625 0.01953125
0 0.9046875 0.55078125 0.015625 0.01953125
0 0.9484375 0.28125 0.015625 0.01953125
0 0.896875 0.818359375 0.015625 0.01953125
0 0.9078125 0.833984375 0.015625 0.01953125
0 0.915625 0.921875 0.015625 0.01953125
0 0.934375 0.94140625 0.015625 0.01953125
0 0.9625 0.94140625 0.015625 0.01953125
0 0.6296875 0.65625 0.015625 0.01953125
0 0.646875 0.65234375 0.015625 0.01953125
