0 0.0546875 0.080078125 0.015625 0.01953125
0 0.0796875 0.095703125 0.015625 0.01953125
0 0.10625 0.1640625 0.015625 0.01953125
0 0.1703125 0.01171875 0.015625 0.01953125
0 0.025 0.08203125 0.015625 0.01953125
0 0.040625 0.08984375 0.015625 0.01953125
0 0.09375 0.185546875 0.015625 0.01953125
0 0.096875 0.271484375 0.015625 0.01953125
0 0.0890625 0.2890625 0.015625 0.01953125
0 0.1015625 0.302734375 0.015625 0.01953125
0 0.01875 0.322265625 0.015625 0.01953125
0 0.153125 0.14453125 0.015625 0.01953125
0 0.1703125 0.111328125 0.015625 0.01953125
0 0.1875 0.103515625 0.015625 0.01953125
0 0.209375 0.130859375 0.015625 0.01953125
0 0.23125 0.12109375 0.015625 0.01953125
0 0.2703125 0.0859375 0.015625 0.01953125
0 0.28125 0.03125 0.015625 0.01953125
0 0.30625 0.029296875 0.015625 0.01953125
0 0.3234375 0.048828125 0.015625 0.01953125
0 0.23125 0.025390625 0.015625 0.01953125
0 0.19375 0.033203125 0.015625 0.01953125
0 0.2953125 0.056640625 0.015625 0.01953125
0 0.371875 0.033203125 0.015625 0.01953125
0 0.4171875 0.060546875 0.015625 0.01953125
0 0.159375 0.396484375 0.015625 0.01953125
0 0.1890625 0.412109375 0.015625 0.01953125
0 0.05 0.439453125 0.015625 0.01953125
0 0.1625 0.533203125 0.015625 0.01953125
0 0.0234375 0.5 0.015625 0.01953125
0 0.0125 0.578125 0.015625 0.01953125
0 0.0484375 0.490234375 0.015625 0.01953125
0 0.046875 0.51171875 0.015625 0.01953125
0 0.234375 0.53125 0.015625 0.01953125
0 0.2484375 0.525390625 0.015625 0.01953125
0 0.24375 0.505859375 0.015625 0.01953125
0 0.2640625 0.50390625 0.015625 0.01953125
0 0.359375 0.48828125 0.015625 0.01953125
0 0.3796875 0.47265625 0.015625 0.01953125
0 0.3453125 0.537109375 0.015625 0.01953125
0 0.2046875 0.6875 0.015625 0.01953125
0 0.109375 0.703125 0.015625 0.01953125
0 0.1078125 0.7265625 0.015625 0.01953125
0 0.1375 0.732421875 0.015625 0.01953125
0 0.0046875 0.658203125 0.015625 0.01953125
0 0.003125 0.677734375 0.015625 0.01953125
0 0.2046875 0.751953125 0.015625 0.01953125
0 0.215625 0.8203125 0.015625 0.01953125
0 0.2375 0.76953125 0.015625 0.01953125
0 0.19375 0.88671875 0.015625 0.01953125
0 0.1765625 0.908203125 0.015625 0.01953125
0 0.1609375 0.9140625 0.015625 0.01953125
0 0.209375 0.89453125 0.015625 0.01953125
0 0.2109375 0.947265625 0.015625 0.01953125
0 0.2421875 0.94921875 0.015625 0.01953125
0 0.021875 0.8125 0.015625 0.01953125
0 0.0046875 0.833984375 0.015625 0.01953125
0 0.0421875 0.80078125 0.015625 0.01953125
0 0.0046875 0.80859375 0.015625 0.01953125
0 0.484375 0.595703125 0.015625 0.01953125
0 0.4953125 0.5859375 0.015625 0.01953125
0 0.5546875 0.638671875 0.015625 0.01953125
0 0.565625 0.626953125 0.015625 0.01953125
0 0.5390625 0.57421875 0.015625 0.01953125
0 0.55625 0.421875 0.015625 0.01953125
0 0.6734375 0.40625 0.015625 0.01953125
0 0.7109375 0.26953125 0.015625 0.01953125
0 0.73125 0.494140625 0.015625 0.01953125
0 0.7265625 0.7421875 0.015625 0.01953125
0 0.825 0.84765625 0.015625 0.01953125
0 0.971875 0.98046875 0.015625 0.01953125
0 0.975 0.951171875 0.015625 0.01953125
0 0.6203125 0.9609375 0.015625 0.01953125
0 0.5046875 0.283203125 0.015625 0.01953125
0 0.49375 0.267578125 0.015625 0.01953125
0 0.48125 0.234375 0.015625 0.01953125
0 0.4078125 0.271484375 0.015625 0.01953125
0 0.484375 0.15234375 0.015625 0.01953125
0 0.5125 0.126953125 0.015625 0.01953125
0 0.4984375 0.09375 0.015625 0.01953125
0 0.46875 0.087890625 0.015625 0.01953125
0 0.4 0.08203125 0.015625 0.01953125
0 0.6390625 0.126953125 0.015625 0.01953125
0 0.5875 0.001953125 0.015625 0.01953125
0 0.8296875 0.189453125 0.015625 0.01953125
0 0.878125 0.087890625 0.015625 0.01953125
