0 0.15 0.080078125 0.015625 0.01953125
0 0.0875 0.111328125 0.015625 0.01953125
0 0.2640625 0.0390625 0.015625 0.01953125
0 0.25 0.013671875 0.015625 0.01953125
0 0.0703125 0.119140625 0.015625 0.01953125
0 0.0203125 0.119140625 0.015625 0.01953125
0 0.0015625 0.076171875 0.015625 0.01953125
0 0.19375 0.212890625 0.015625 0.01953125
0 0.3234375 0.30859375 0.015625 0.01953125
0 0.340625 0.158203125 0.015625 0.01953125
0 0.3609375 0.14453125 0.015625 0.01953125
0 0.2796875 0.197265625 0.015625 0.01953125
0 0.0484375 0.236328125 0.015625 0.01953125
0 0.0390625 0.255859375 0.015625 0.01953125
0 0.0015625 0.224609375 0.015625 0.01953125
0 0.0078125 0.271484375 0.015625 0.01953125
0 0.0140625 0.294921875 0.015625 0.01953125
0 0.0046875 0.3125 0.015625 0.01953125
0 0.0140625 0.369140625 0.015625 0.01953125
0 0.0296875 0.322265625 0.015625 0.01953125
0 0.0828125 0.306640625 0.015625 0.01953125
0 0.078125 0.322265625 0.015625 0.01953125
0 0.2625 0.34765625 0.015625 0.01953125
0 0.2515625 0.443359375 0.015625 0.01953125
0 0.159375 0.47265625 0.015625 0.01953125
0 0.0609375 0.515625 0.015625 0.01953125
0 0.06875 0.5390625 0.015625 0.01953125
0 0.15625 0.388671875 0.015625 0.01953125
0 0.1703125 0.3984375 0.015625 0.01953125
0 0.1734375 0.408203125 0.015625 0.01953125
0 0.184375 0.611328125 0.015625 0.01953125
0 0.1765625 0.634765625 0.015625 0.01953125
0 0.2 0.638671875 0.015625 0.01953125
0 0.284375 0.625 0.015625 0.01953125
0 0.0828125 0.646484375 0.015625 0.01953125
0 0.09375 0.708984375 0.015625 0.01953125
0 0.1140625 0.712890625 0.015625 0.01953125
0 0.090625 0.7265625 0.015625 0.01953125
0 0.225 0.8359375 0.015625 0.01953125
0 0.1953125 0.87109375 0.015625 0.01953125
0 0.3828125 0.478515625 0.015625 0.01953125
0 0.365625 0.46875 0.015625 0.01953125
0 0.3609375 0.484375 0.015625 0.01953125
0 0.3453125 0.490234375 0.015625 0.01953125
0 0.4609375 0.470703125 0.015625 0.01953125
0 0.4796875 0.48046875 0.015625 0.01953125
0 0.5109375 0.51953125 0.015625 0.01953125
0 0.4875 0.548828125 0.015625 0.01953125
0 0.5890625 0.591796875 0.015625 0.01953125
0 0.56875 0.68359375 0.015625 0.01953125
0 0.628125 0.72265625 0.015625 0.01953125
0 0.6796875 0.517578125 0.015625 0.01953125
0 0.2125 0.90625 0.015625 0.01953125
0 0.25 0.91015625 0.015625 0.01953125
0 0.0078125 0.98046875 0.015625 0.01953125
0 0.028125 0.98046875 0.015625 0.01953125
0 0.275 0.728515625 0.015625 0.01953125
0 0.29375 0.7265625 0.015625 0.01953125
0 0.265625 0.69140625 0.015625 0.01953125
0 0.3828125 0.318359375 0.015625 0.01953125
0 0.26875 0.20703125 0.015625 0.01953125
0 0.575 0.3203125 0.015625 0.01953125
0 0.6359375 0.341796875 0.015625 0.01953125
0 0.659375 0.33984375 0.015625 0.01953125
0 0.66875 0.353515625 0.015625 0.01953125
0 0.8 0.47265625 0.015625 0.01953125
0 0.8546875 0.4453125 0.015625 0.01953125
0 0.828125 0.572265625 0.015625 0.01953125
0 0.6390625 0.70703125 0.015625 0.01953125
0 0.3640625 0.08984375 0.015625 0.01953125
0 0.3640625 0.107421875 0.015625 0.01953125
0 0.428125 0.068359375 0.015625 0.01953125
0 0.45 0.068359375 0.015625 0.01953125
0 0.440625 0.03125 0.015625 0.01953125
0 0.4328125 0.0078125 0.015625 0.01953125
0 0.4921875 0.0859375 0.015625 0.01953125
0 0.521875 0.0859375 0.015625 0.01953125
0 0.5453125 0.0546875 0.015625 0.01953125
0 0.5203125 0.037109375 0.015625 0.01953125
0 0.4890625 0.0078125 0.015625 0.01953125
0 0.4640625 0.005859375 0.015625 0.01953125
0 0.6296875 0.0390625 0.015625 0.01953125
0 0.665625 0.072265625 0.015625 0.01953125
0 0.634375 0.203125 0.015625 0.01953125
0 0.684375 0.162109375 0.015625 0.01953125
0 0.7109375 0.119140625 0.015625 0.01953125
0 0.7109375 0.220703125 0.015625 0.01953125
0 0.8171875 0.12109375 0.015625 0.01953125
0 0.8671875 0.189453125 0.015625 0.01953125
0 0.9046875 0.130859375 0.015625 0.01953125
0 0.9171875 0.08203125 0.015625 0.01953125
0 0.8796875 0.05859375 0.015625 0.01953125
0 0.878125 0.021484375 0.015625 0.01953125
0 0.828125 0.037109375 0.015625 0.01953125
0 0.7953125 0.009765625 0.015625 0.01953125
0 0.8609375 0.052734375 0.015625 0.01953125
0 0.896875 0.0078125 0.015625 0.01953125
0 0.740625 0.923828125 0.015625 0.01953125
