0 0.0328125 0.33203125 0.015625 0.01953125
0 0.04375 0.369140625 0.015625 0.01953125
0 0.046875 0.3984375 0.015625 0.01953125
0 0.05625 0.421875 0.015625 0.01953125
0 0.003125 0.470703125 0.015625 0.01953125
0 0.0109375 0.521484375 0.015625 0.01953125
0 0.00625 0.541015625 0.015625 0.01953125
0 0.0078125 0.5703125 0.015625 0.01953125
0 0.009375 0.62890625 0.015625 0.01953125
0 0.0671875 0.580078125 0.015625 0.01953125
0 0.090625 0.52734375 0.015625 0.01953125
0 0.0421875 0.486328125 0.015625 0.01953125
0 0.090625 0.3828125 0.015625 0.01953125
0 0.178125 0.369140625 0.015625 0.01953125
0 0.2265625 0.3359375 0.015625 0.01953125
0 0.203125 0.259765625 0.015625 0.01953125
0 0.184375 0.2265625 0.015625 0.01953125
0 0.040625 0.052734375 0.015625 0.01953125
0 0.0078125 0.146484375 0.015625 0.01953125
0 0.015625 0.123046875 0.015625 0.01953125
0 0.0 0.119140625 0.015625 0.01953125
0 0.090625 0.05859375 0.015625 0.01953125
0 0.1125 0.01171875 0.015625 0.01953125
0 0.3125 0.0390625 0.015625 0.01953125
0 0.35625 0.0234375 0.015625 0.01953125
0 0.3546875 0.00390625 0.015625 0.01953125
0 0.3984375 0.01171875 0.015625 0.01953125
0 0.4109375 0.05078125 0.015625 0.01953125
0 0.3578125 0.052734375 0.015625 0.01953125
0 0.359375 0.083984375 0.015625 0.01953125
0 0.353125 0.095703125 0.015625 0.01953125
0 0.3828125 0.080078125 0.015625 0.01953125
0 0.3171875 0.099609375 0.015625 0.01953125
0 0.30625 0.11328125 0.015625 0.01953125
0 0.290625 0.11328125 0.015625 0.01953125
0 0.2703125 0.12890625 0.015625 0.01953125
0 0.246875 0.12890625 0.015625 0.01953125
0 0.24375 0.166015625 0.015625 0.01953125
0 0.265625 0.15625 0.015625 0.01953125
0 0.3171875 0.142578125 0.015625 0.01953125
0 0.20625 0.2109375 0.015625 0.01953125
0 0.2046875 0.515625 0.015625 0.01953125
0 0.2796875 0.509765625 0.015625 0.01953125
0 0.275 0.52734375 0.015625 0.01953125
0 0.3875 0.44921875 0.015625 0.01953125
0 0.3859375 0.43359375 0.015625 0.01953125
0 0.30625 0.30859375 0.015625 0.01953125
0 0.3375 0.287109375 0.015625 0.01953125
0 0.421875 0.201171875 0.015625 0.01953125
0 0.39375 0.173828125 0.015625 0.01953125
0 0.3765625 0.14453125 0.015625 0.01953125
0 0.4953125 0.044921875 0.015625 0.01953125
0 0.440625 0.076171875 0.015625 0.01953125
0 0.4890625 0.005859375 0.015625 0.01953125
0 0.5703125 0.013671875 0.015625 0.01953125
0 0.584375 0.052734375 0.015625 0.01953125
0 0.55625 0.052734375 0.015625 0.01953125
0 0.4625 0.35546875 0.015625 0.01953125
0 0.4515625 0.3984375 0.015625 0.01953125
0 0.4796875 0.396484375 0.015625 0.01953125
0 0.5171875 0.365234375 0.015625 0.01953125
0 0.4828125 0.462890625 0.015625 0.01953125
0 0.5171875 0.4609375 0.015625 0.01953125
0 0.546875 0.443359375 0.015625 0.01953125
0 0.5328125 0.494140625 0.015625 0.01953125
0 0.60625 0.515625 0.015625 0.01953125
0 0.58125 0.552734375 0.015625 0.01953125
0 0.6390625 0.548828125 0.015625 0.01953125
0 0.3625 0.595703125 0.015625 0.01953125
0 0.365625 0.619140625 0.015625 0.01953125
0 0.371875 0.65625 0.015625 0.01953125
0 0.415625 0.623046875 0.015625 0.01953125
0 0.4375 0.615234375 0.015625 0.01953125
0 0.459375 0.666015625 0.015625 0.01953125
0 0.1890625 0.693359375 0.015625 0.01953125
0 0.1359375 0.677734375 0.015625 0.01953125
0 0.0296875 0.79296875 0.015625 0.01953125
0 0.121875 0.759765625 0.015625 0.01953125
0 0.021875 0.90625 0.015625 0.01953125
0 0.1140625 0.876953125 0.015625 0.01953125
0 0.10625 0.91015625 0.015625 0.01953125
0 0.1328125 0.85546875 0.015625 0.01953125
0 0.15625 0.87109375 0.015625 0.01953125
0 0.3046875 0.806640625 0.015625 0.01953125
0 0.3171875 0.806640625 0.015625 0.01953125
0 0.328125 0.806640625 0.015625 0.01953125
0 0.3453125 0.818359375 0.015625 0.01953125
0 0.5578125 0.697265625 0.015625 0.01953125
0 0.5328125 0.744140625 0.015625 0.01953125
0 0.5453125 0.7578125 0.015625 0.01953125
0 0.465625 0.9453125 0.015625 0.01953125
0 0.521875 0.96875 0.015625 0.01953125
0 0.53125 0.98046875 0.015625 0.01953125
0 0.6296875 0.9296875 0.015625 0.01953125
0 0.5765625 0.826171875 0.015625 0.01953125
0 0.6953125 0.712890625 0.015625 0.01953125
0 0.678125 0.7421875 0.015625 0.01953125
0 0.803125 0.787109375 0.015625 0.01953125
0 0.7515625 0.87109375 0.015625 0.01953125
0 0.959375 0.955078125 0.015625 0.01953125
0 0.978125 0.779296875 0.015625 0.01953125
0 0.6359375 0.74609375 0.015625 0.01953125
0 0.64375 0.759765625 0.015625 0.01953125
0 0.2421875 0.216796875 0.015625 0.01953125
0 0.246875 0.25390625 0.015625 0.01953125
0 0.328125 0.185546875 0.015625 0.01953125
0 0.3078125 0.193359375 0.015625 0.01953125
0 0.2890625 0.220703125 0.015625 0.01953125
0 0.484375 0.1796875 0.015625 0.01953125
0 0.4328125 0.1484375 0.015625 0.01953125
0 0.5734375 0.44921875 0.015625 0.01953125
0 0.559375 0.46875 0.015625 0.01953125
0 0.7359375 0.4296875 0.015625 0.01953125
0 0.734375 0.37890625 0.015625 0.01953125
0 0.71875 0.3671875 0.015625 0.01953125
0 0.8 0.509765625 0.015625 0.01953125
0 0.7515625 0.54296875 0.015625 0.01953125
0 0.790625 0.49609375 0.015625 0.01953125
0 0.89375 0.42578125 0.015625 0.01953125
0 0.9140625 0.44921875 0.015625 0.01953125
0 0.9078125 0.5234375 0.015625 0.01953125
0 0.8890625 0.517578125 0.015625 0.01953125
0 0.9359375 0.568359375 0.015625 0.01953125
0 0.9484375 0.54296875 0.015625 0.01953125
0 0.825 0.583984375 0.015625 0.01953125
0 0.8421875 0.529296875 0.015625 0.01953125
0 0.4640625 0.318359375 0.015625 0.01953125
0 0.4484375 0.2890625 0.015625 0.01953125
0 0.596875 0.349609375 0.015625 0.01953125
0 0.5375 0.359375 0.015625 0.01953125
0 0.5765625 0.208984375 0.015625 0.01953125
0 0.603125 0.185546875 0.015625 0.01953125
0 0.775 0.3046875 0.015625 0.01953125
0 0.8640625 0.302734375 0.015625 0.01953125
0 0.8890625 0.318359375 0.015625 0.01953125
0 0.8984375 0.345703125 0.015625 0.01953125
0 0.9203125 0.3203125 0.015625 0.01953125
0 0.9640625 0.33203125 0.015625 0.01953125
0 0.990625 0.328125 0.015625 0.01953125
0 0.9796875 0.3203125 0.015625 0.01953125
0 0.7640625 0.19140625 0.015625 0.01953125
0 0.778125 0.18359375 0.015625 0.01953125
0 0.8953125 0.263671875 0.015625 0.01953125
0 0.915625 0.265625 0.015625 0.01953125
0 0.925 0.244140625 0.015625 0.01953125
0 0.9421875 0.248046875 0.015625 0.01953125
0 0.9578125 0.248046875 0.015625 0.01953125
0 0.803125 0.181640625 0.015625 0.01953125
0 0.8171875 0.181640625 0.015625 0.01953125
0 0.803125 0.203125 0.015625 0.01953125
0 0.8203125 0.208984375 0.015625 0.01953125
0 0.834375 0.212890625 0.015625 0.01953125
0 0.8796875 0.234375 0.015625 0.01953125
0 0.8328125 0.236328125 0.015625 0.01953125
0 0.84375 0.26171875 0.015625 0.01953125
0 0.89375 0.220703125 0.015625 0.01953125
0 0.909375 0.234375 0.015625 0.01953125
0 0.9125 0.203125 0.015625 0.01953125
0 0.93125 0.20703125 0.015625 0.01953125
0 0.971875 0.19921875 0.015625 0.01953125
0 0.9953125 0.1640625 0.015625 0.01953125
0 0.996875 0.21875 0.015625 0.01953125
0 0.975 0.232421875 0.015625 0.01953125
0 0.8078125 0.275390625 0.015625 0.01953125
0 0.1015625 0.515625 0.015625 0.01953125
0 0.2203125 0.94140625 0.015625 0.01953125
0 0.5390625 0.134765625 0.015625 0.01953125
0 0.68125 0.251953125 0.015625 0.01953125
0 0.690625 0.27734375 0.015625 0.01953125
0 0.715625 0.298828125 0.015625 0.01953125
0 0.6578125 0.234375 0.015625 0.01953125
0 0.58125 0.15625 0.015625 0.01953125
0 0.6078125 0.0859375 0.015625 0.01953125
0 0.6359375 0.10546875 0.015625 0.01953125
0 0.65625 0.091796875 0.015625 0.01953125
0 0.640625 0.07421875 0.015625 0.01953125
0 0.665625 0.11328125 0.015625 0.01953125
0 0.684375 0.080078125 0.015625 0.01953125
0 0.715625 0.10546875 0.015625 0.01953125
0 0.7296875 0.11328125 0.015625 0.01953125
0 0.7453125 0.12109375 0.015625 0.01953125
0 0.7484375 0.150390625 0.015625 0.01953125
0 0.6890625 0.025390625 0.015625 0.01953125
0 0.6984375 0.0390625 0.015625 0.01953125
0 0.721875 0.046875 0.015625 0.01953125
0 0.803125 0.029296875 0.015625 0.01953125
0 0.8109375 0.0546875 0.015625 0.01953125
0 0.821875 0.091796875 0.015625 0.01953125
0 0.85 0.091796875 0.015625 0.01953125
0 0.871875 0.025390625 0.015625 0.01953125
0 0.86875 0.01171875 0.015625 0.01953125
0 0.85625 0.048828125 0.015625 0.01953125
0 0.8515625 0.033203125 0.015625 0.01953125
0 0.9125 0.064453125 0.015625 0.01953125
0 0.840625 0.126953125 0.015625 0.01953125
0 0.85625 0.146484375 0.015625 0.01953125
0 0.9046875 0.119140625 0.015625 0.01953125
0 0.9625 0.109375 0.015625 0.01953125
0 0.975 0.0390625 0.015625 0.01953125
0 0.9453125 0.1015625 0.015625 0.01953125
0 0.9 0.017578125 0.015625 0.01953125
0 0.80625 0.130859375 0.015625 0.01953125
0 0.8546875 0.234375 0.015625 0.01953125
0 0.9265625 0.119140625 0.015625 0.01953125
0 0.9265625 0.099609375 0.015625 0.01953125
0 0.925 0.07421875 0.015625 0.01953125
0 0.5390625 0.060546875 0.015625 0.01953125
