0 0.31875 0.42578125 0.015625 0.01953125
0 0.3140625 0.443359375 0.015625 0.01953125
0 0.296875 0.458984375 0.015625 0.01953125
0 0.246875 0.4765625 0.015625 0.01953125
0 0.25 0.44921875 0.015625 0.01953125
0 0.290625 0.53125 0.015625 0.01953125
0 0.3078125 0.544921875 0.015625 0.01953125
0 0.203125 0.568359375 0.015625 0.01953125
0 0.1765625 0.591796875 0.015625 0.01953125
0 0.26875 0.7578125 0.015625 0.01953125
0 0.3796875 0.677734375 0.015625 0.01953125
0 0.3234375 0.541015625 0.015625 0.01953125
0 0.328125 0.384765625 0.015625 0.01953125
0 0.3765625 0.375 0.015625 0.01953125
0 0.4234375 0.384765625 0.015625 0.01953125
0 0.4421875 0.384765625 0.015625 0.01953125
0 0.440625 0.322265625 0.015625 0.01953125
0 0.3984375 0.322265625 0.015625 0.01953125
0 0.3671875 0.328125 0.015625 0.01953125
0 0.296875 0.349609375 0.015625 0.01953125
0 0.25625 0.35546875 0.015625 0.01953125
0 0.3203125 0.248046875 0.015625 0.01953125
0 0.35 0.25390625 0.015625 0.01953125
0 0.3546875 0.23046875 0.015625 0.01953125
0 0.378125 0.212890625 0.015625 0.01953125
0 0.396875 0.208984375 0.015625 0.01953125
0 0.39375 0.236328125 0.015625 0.01953125
0 0.3703125 0.251953125 0.015625 0.01953125
0 0.3671875 0.29296875 0.015625 0.01953125
0 0.4203125 0.296875 0.015625 0.01953125
0 0.49375 0.234375 0.015625 0.01953125
0 0.50625 0.2421875 0.015625 0.01953125
0 0.50625 0.259765625 0.015625 0.01953125
0 0.5046875 0.29296875 0.015625 0.01953125
0 0.559375 0.314453125 0.015625 0.01953125
0 0.58125 0.26953125 0.015625 0.01953125
0 0.615625 0.240234375 0.015625 0.01953125
0 0.628125 0.2265625 0.015625 0.01953125
0 0.6109375 0.173828125 0.015625 0.01953125
0 0.6265625 0.171875 0.015625 0.01953125
0 0.6140625 0.11328125 0.015625 0.01953125
0 0.6125 0.08984375 0.015625 0.01953125
0 0.6390625 0.056640625 0.015625 0.01953125
0 0.6890625 0.087890625 0.015625 0.01953125
0 0.740625 0.087890625 0.015625 0.01953125
0 0.675 0.1328125 0.015625 0.01953125
0 0.753125 0.08203125 0.015625 0.01953125
0 0.6890625 0.0078125 0.015625 0.01953125
0 0.8234375 0.06640625 0.015625 0.01953125
0 0.828125 0.09375 0.015625 0.01953125
0 0.8515625 0.083984375 0.015625 0.01953125
0 0.8671875 0.06640625 0.015625 0.01953125
0 0.8453125 0.1328125 0.015625 0.01953125
0 0.884375 0.142578125 0.015625 0.01953125
0 0.9 0.162109375 0.015625 0.01953125
0 0.89375 0.1875 0.015625 0.01953125
0 0.8546875 0.21875 0.015625 0.01953125
0 0.8984375 0.220703125 0.015625 0.01953125
0 0.9375 0.20703125 0.015625 0.01953125
0 0.91875 0.189453125 0.015625 0.01953125
0 0.9390625 0.169921875 0.015625 0.01953125
0 0.9875 0.201171875 0.015625 0.01953125
0 0.984375 0.248046875 0.015625 0.01953125
0 0.9796875 0.267578125 0.015625 0.01953125
0 0.9375 0.27734375 0.015625 0.01953125
0 0.9375 0.2578125 0.015625 0.01953125
0 0.8953125 0.275390625 0.015625 0.01953125
0 0.8625 0.3046875 0.015625 0.01953125
0 0.859375 0.294921875 0.015625 0.01953125
0 0.8359375 0.30078125 0.015625 0.01953125
0 0.7984375 0.2890625 0.015625 0.01953125
0 0.8015625 0.30859375 0.015625 0.01953125
0 0.7359375 0.314453125 0.015625 0.01953125
0 0.696875 0.294921875 0.015625 0.01953125
0 0.7015625 0.3046875 0.015625 0.01953125
0 0.675 0.263671875 0.015625 0.01953125
0 0.6953125 0.341796875 0.015625 0.01953125
0 0.7734375 0.365234375 0.015625 0.01953125
0 0.7484375 0.3828125 0.015625 0.01953125
0 0.7265625 0.369140625 0.015625 0.01953125
0 0.8453125 0.34765625 0.015625 0.01953125
0 0.8859375 0.314453125 0.015625 0.01953125
0 0.921875 0.330078125 0.015625 0.01953125
0 0.9796875 0.30859375 0.015625 0.01953125
0 0.9859375 0.322265625 0.015625 0.01953125
0 0.9625 0.3671875 0.015625 0.01953125
0 0.8375 0.376953125 0.015625 0.01953125
0 0.8484375 0.400390625 0.015625 0.01953125
0 0.9015625 0.37890625 0.015625 0.01953125
0 0.9046875 0.396484375 0.015625 0.01953125
0 0.91875 0.392578125 0.015625 0.01953125
0 0.9453125 0.392578125 0.015625 0.01953125
0 0.9828125 0.427734375 0.015625 0.01953125
0 0.99375 0.451171875 0.015625 0.01953125
0 0.9296875 0.453125 0.015625 0.01953125
0 0.9109375 0.4453125 0.015625 0.01953125
0 0.9015625 0.490234375 0.015625 0.01953125
0 0.825 0.447265625 0.015625 0.01953125
0 0.8453125 0.482421875 0.015625 0.01953125
0 0.7890625 0.4296875 0.015625 0.01953125
0 0.784375 0.408203125 0.015625 0.01953125
0 0.759375 0.416015625 0.015625 0.01953125
0 0.7375 0.40625 0.015625 0.01953125
0 0.7171875 0.388671875 0.015625 0.01953125
0 0.665625 0.34765625 0.015625 0.01953125
0 0.6515625 0.328125 0.015625 0.01953125
0 0.6265625 0.322265625 0.015625 0.01953125
0 0.603125 0.3203125 0.015625 0.01953125
0 0.5875 0.400390625 0.015625 0.01953125
0 0.5609375 0.41015625 0.015625 0.01953125
0 0.5484375 0.390625 0.015625 0.01953125
0 0.4953125 0.427734375 0.015625 0.01953125
0 0.5265625 0.43359375 0.015625 0.01953125
0 0.5109375 0.451171875 0.015625 0.01953125
0 0.4015625 0.45703125 0.015625 0.01953125
0 0.3921875 0.494140625 0.015625 0.01953125
0 0.3734375 0.49609375 0.015625 0.01953125
0 0.4078125 0.5078125 0.015625 0.01953125
0 0.45 0.533203125 0.015625 0.01953125
0 0.45625 0.638671875 0.015625 0.01953125
0 0.475 0.64453125 0.015625 0.01953125
0 0.46875 0.6171875 0.015625 0.01953125
0 0.525 0.5703125 0.015625 0.01953125
0 0.584375 0.455078125 0.015625 0.01953125
0 0.6 0.466796875 0.015625 0.01953125
0 0.6078125 0.4375 0.015625 0.01953125
0 0.6140625 0.3984375 0.015625 0.01953125
0 0.65625 0.412109375 0.015625 0.01953125
0 0.640625 0.443359375 0.015625 0.01953125
0 0.6625 0.462890625 0.015625 0.01953125
0 0.6796875 0.423828125 0.015625 0.01953125
0 0.6734375 0.50390625 0.015625 0.01953125
0 0.684375 0.517578125 0.015625 0.01953125
0 0.6859375 0.53515625 0.015625 0.01953125
0 0.7203125 0.482421875 0.015625 0.01953125
0 0.721875 0.56640625 0.015625 0.01953125
0 0.5953125 0.603515625 0.015625 0.01953125
0 0.71875 0.6328125 0.015625 0.01953125
0 0.6921875 0.591796875 0.015625 0.01953125
0 0.65625 0.55078125 0.015625 0.01953125
0 0.7734375 0.50390625 0.015625 0.01953125
0 0.7765625 0.525390625 0.015625 0.01953125
0 0.7703125 0.57421875 0.015625 0.01953125
0 0.7890625 0.5625 0.015625 0.01953125
0 0.7671875 0.6171875 0.015625 0.01953125
0 0.7703125 0.640625 0.015625 0.01953125
0 0.7484375 0.638671875 0.015625 0.01953125
0 0.796875 0.619140625 0.015625 0.01953125
0 0.8125 0.625 0.015625 0.01953125
0 0.815625 0.583984375 0.015625 0.01953125
0 0.8828125 0.595703125 0.015625 0.01953125
0 0.8859375 0.576171875 0.015625 0.01953125
0 0.921875 0.595703125 0.015625 0.01953125
0 0.8953125 0.634765625 0.015625 0.01953125
0 0.9609375 0.6171875 0.015625 0.01953125
0 0.978125 0.599609375 0.015625 0.01953125
0 0.890625 0.70703125 0.015625 0.01953125
0 0.946875 0.75390625 0.015625 0.01953125
0 0.8328125 0.765625 0.015625 0.01953125
0 0.7765625 0.751953125 0.015625 0.01953125
0 0.778125 0.669921875 0.015625 0.01953125
0 0.7484375 0.580078125 0.015625 0.01953125
0 0.56875 0.708984375 0.015625 0.01953125
0 0.5375 0.71875 0.015625 0.01953125
0 0.5078125 0.712890625 0.015625 0.01953125
0 0.5078125 0.671875 0.015625 0.01953125
0 0.4640625 0.76953125 0.015625 0.01953125
0 0.81875 0.853515625 0.015625 0.01953125
0 0.8796875 0.833984375 0.015625 0.01953125
0 0.925 0.84375 0.015625 0.01953125
0 0.54375 0.9609375 0.015625 0.01953125
0 0.5875 0.96875 0.015625 0.01953125
0 0.8109375 0.994140625 0.015625 0.01953125
0 0.63125 0.810546875 0.015625 0.01953125
0 0.625 0.779296875 0.015625 0.01953125
0 0.5796875 0.798828125 0.015625 0.01953125
0 0.5171875 0.7734375 0.015625 0.01953125
0 0.4484375 0.693359375 0.015625 0.01953125
0 0.1875 0.779296875 0.015625 0.01953125
0 0.1109375 0.759765625 0.015625 0.01953125
0 0.1265625 0.74609375 0.015625 0.01953125
0 0.3859375 0.837890625 0.015625 0.01953125
0 0.440625 0.9453125 0.015625 0.01953125
0 0.4625 0.94921875 0.015625 0.01953125
0 0.5 0.9140625 0.015625 0.01953125
0 0.43125 0.88671875 0.015625 0.01953125
0 0.1640625 0.89453125 0.015625 0.01953125
0 0.0546875 0.802734375 0.015625 0.01953125
0 0.0546875 0.76953125 0.015625 0.01953125
0 0.0421875 0.751953125 0.015625 0.01953125
0 0.0734375 0.66796875 0.015625 0.01953125
0 0.0265625 0.638671875 0.015625 0.01953125
0 0.0046875 0.685546875 0.015625 0.01953125
0 0.015625 0.73828125 0.015625 0.01953125
0 0.003125 0.8359375 0.015625 0.01953125
0 0.090625 0.970703125 0.015625 0.01953125
0 0.1203125 0.974609375 0.015625 0.01953125
0 0.15 0.97265625 0.015625 0.01953125
0 0.1015625 0.283203125 0.015625 0.01953125
0 0.11875 0.240234375 0.015625 0.01953125
0 0.121875 0.212890625 0.015625 0.01953125
0 0.125 0.18359375 0.015625 0.01953125
0 0.1703125 0.11328125 0.015625 0.01953125
0 0.265625 0.1015625 0.015625 0.01953125
0 0.28125 0.126953125 0.015625 0.01953125
0 0.3015625 0.1640625 0.015625 0.01953125
0 0.35625 0.111328125 0.015625 0.01953125
0 0.365625 0.140625 0.015625 0.01953125
0 0.359375 0.0703125 0.015625 0.01953125
0 0.3125 0.091796875 0.015625 0.01953125
0 0.29375 0.0859375 0.015625 0.01953125
0 0.2578125 0.037109375 0.015625 0.01953125
0 0.04375 0.267578125 0.015625 0.01953125
0 0.1015625 0.15625 0.015625 0.01953125
0 0.0796875 0.166015625 0.015625 0.01953125
0 0.0234375 0.166015625 0.015625 0.01953125
0 0.01875 0.193359375 0.015625 0.01953125
0 0.5171875 0.193359375 0.015625 0.01953125
