0 0.296875 0.619140625 0.015625 0.01953125
0 0.3234375 0.55078125 0.015625 0.01953125
0 0.3046875 0.55859375 0.015625 0.01953125
0 0.325 0.53125 0.015625 0.01953125
0 0.3046875 0.52734375 0.015625 0.01953125
0 0.275 0.525390625 0.015625 0.01953125
0 0.2421875 0.57421875 0.015625 0.01953125
0 0.28125 0.5703125 0.015625 0.01953125
0 0.2640625 0.578125 0.015625 0.01953125
0 0.3796875 0.591796875 0.015625 0.01953125
0 0.3765625 0.5625 0.015625 0.01953125
0 0.40625 0.58984375 0.015625 0.01953125
0 0.4578125 0.57421875 0.015625 0.01953125
0 0.4890625 0.5546875 0.015625 0.01953125
0 0.4796875 0.560546875 0.015625 0.01953125
0 0.5015625 0.533203125 0.015625 0.01953125
0 0.5265625 0.53515625 0.015625 0.01953125
0 0.5375 0.537109375 0.015625 0.01953125
0 0.5109375 0.55078125 0.015625 0.01953125
0 0.53125 0.498046875 0.015625 0.01953125
0 0.55625 0.49609375 0.015625 0.01953125
0 0.5703125 0.490234375 0.015625 0.01953125
0 0.5703125 0.513671875 0.015625 0.01953125
0 0.59375 0.490234375 0.015625 0.01953125
0 0.59375 0.5234375 0.015625 0.01953125
0 0.6125 0.49609375 0.015625 0.01953125
0 0.61875 0.533203125 0.015625 0.01953125
0 0.6 0.544921875 0.015625 0.01953125
0 0.5859375 0.548828125 0.015625 0.01953125
0 0.615625 0.55859375 0.015625 0.01953125
0 0.6359375 0.544921875 0.015625 0.01953125
0 0.65625 0.560546875 0.015625 0.01953125
0 0.6546875 0.5234375 0.015625 0.01953125
0 0.6578125 0.49609375 0.015625 0.01953125
0 0.64375 0.478515625 0.015625 0.01953125
0 0.6328125 0.513671875 0.015625 0.01953125
0 0.678125 0.509765625 0.015625 0.01953125
0 0.6671875 0.53125 0.015625 0.01953125
0 0.7 0.541015625 0.015625 0.01953125
0 0.6734375 0.55078125 0.015625 0.01953125
0 0.66875 0.572265625 0.015625 0.01953125
0 0.6484375 0.578125 0.015625 0.01953125
0 0.6671875 0.595703125 0.015625 0.01953125
0 0.68125 0.6015625 0.015625 0.01953125
0 0.6921875 0.611328125 0.015625 0.01953125
0 0.7 0.62890625 0.015625 0.01953125
0 0.6890625 0.638671875 0.015625 0.01953125
0 0.6703125 0.640625 0.015625 0.01953125
0 0.703125 0.5703125 0.015625 0.01953125
0 0.6859375 0.57421875 0.015625 0.01953125
0 0.7 0.541015625 0.015625 0.01953125
0 0.7234375 0.53125 0.015625 0.01953125
0 0.7234375 0.5546875 0.015625 0.01953125
0 0.7296875 0.568359375 0.015625 0.01953125
0 0.771875 0.583984375 0.015625 0.01953125
0 0.78125 0.59765625 0.015625 0.01953125
0 0.7859375 0.609375 0.015625 0.01953125
0 0.8 0.6171875 0.015625 0.01953125
0 0.7984375 0.65234375 0.015625 0.01953125
0 0.8140625 0.66015625 0.015625 0.01953125
0 0.8125 0.634765625 0.015625 0.01953125
0 0.8234375 0.654296875 0.015625 0.01953125
0 0.8328125 0.6640625 0.015625 0.01953125
0 0.803125 0.66796875 0.015625 0.01953125
0 0.7921875 0.677734375 0.015625 0.01953125
0 0.721875 0.666015625 0.015625 0.01953125
0 0.7328125 0.662109375 0.015625 0.01953125
0 0.7484375 0.671875 0.015625 0.01953125
0 0.7 0.677734375 0.015625 0.01953125
0 0.7421875 0.712890625 0.015625 0.01953125
0 0.7375 0.732421875 0.015625 0.01953125
0 0.76875 0.734375 0.015625 0.01953125
0 0.7921875 0.73046875 0.015625 0.01953125
0 0.8140625 0.705078125 0.015625 0.01953125
0 0.8234375 0.712890625 0.015625 0.01953125
0 0.8390625 0.705078125 0.015625 0.01953125
0 0.8203125 0.7421875 0.015625 0.01953125
0 0.8265625 0.763671875 0.015625 0.01953125
0 0.859375 0.779296875 0.015625 0.01953125
0 0.85625 0.8203125 0.015625 0.01953125
0 0.8984375 0.806640625 0.015625 0.01953125
0 0.9640625 0.755859375 0.015625 0.01953125
0 0.9625 0.720703125 0.015625 0.01953125
0 0.978125 0.71484375 0.015625 0.01953125
0 0.965625 0.69140625 0.015625 0.01953125
0 0.9859375 0.685546875 0.015625 0.01953125
0 0.9203125 0.681640625 0.015625 0.01953125
0 0.8765625 0.681640625 0.015625 0.01953125
0 0.903125 0.705078125 0.015625 0.01953125
0 0.56875 0.830078125 0.015625 0.01953125
0 0.603125 0.69921875 0.015625 0.01953125
0 0.54375 0.685546875 0.015625 0.01953125
0 0.48125 0.70703125 0.015625 0.01953125
0 0.459375 0.7265625 0.015625 0.01953125
0 0.459375 0.62109375 0.015625 0.01953125
0 0.3875 0.775390625 0.015625 0.01953125
0 0.44375 0.787109375 0.015625 0.01953125
0 0.4796875 0.80859375 0.015625 0.01953125
0 0.5171875 0.8203125 0.015625 0.01953125
0 0.53125 0.828125 0.015625 0.01953125
0 0.5171875 0.865234375 0.015625 0.01953125
0 0.4359375 0.892578125 0.015625 0.01953125
0 0.4203125 0.93359375 0.015625 0.01953125
0 0.5 0.974609375 0.015625 0.01953125
0 0.596875 0.896484375 0.015625 0.01953125
0 0.60625 0.880859375 0.015625 0.01953125
0 0.5921875 0.86328125 0.015625 0.01953125
0 0.6421875 0.900390625 0.015625 0.01953125
0 0.8078125 0.857421875 0.015625 0.01953125
0 0.83125 0.94921875 0.015625 0.01953125
0 0.875 0.96484375 0.015625 0.01953125
0 0.9265625 0.94140625 0.015625 0.01953125
0 0.321875 0.64453125 0.015625 0.01953125
0 0.209375 0.685546875 0.015625 0.01953125
0 0.1859375 0.689453125 0.015625 0.01953125
0 0.1546875 0.83203125 0.015625 0.01953125
0 0.1171875 0.8671875 0.015625 0.01953125
0 0.2828125 0.853515625 0.015625 0.01953125
0 0.184375 0.912109375 0.015625 0.01953125
0 0.1625 0.97265625 0.015625 0.01953125
0 0.0609375 0.896484375 0.015625 0.01953125
0 0.0328125 0.828125 0.015625 0.01953125
0 0.0046875 0.9140625 0.015625 0.01953125
0 0.0125 0.82421875 0.015625 0.01953125
0 0.0015625 0.75390625 0.015625 0.01953125
0 0.0015625 0.75390625 0.015625 0.01953125
0 0.015625 0.74609375 0.015625 0.01953125
0 0.00625 0.779296875 0.015625 0.01953125
0 0.0421875 0.73828125 0.015625 0.01953125
0 0.1234375 0.73828125 0.015625 0.01953125
0 0.059375 0.69140625 0.015625 0.01953125
0 0.046875 0.64453125 0.015625 0.01953125
0 0.1828125 0.564453125 0.015625 0.01953125
0 0.221875 0.53125 0.015625 0.01953125
0 0.2140625 0.583984375 0.015625 0.01953125
0 0.2 0.56640625 0.015625 0.01953125
0 0.2578125 0.48828125 0.015625 0.01953125
0 0.271875 0.453125 0.015625 0.01953125
0 0.2828125 0.474609375 0.015625 0.01953125
0 0.334375 0.4765625 0.015625 0.01953125
0 0.2984375 0.462890625 0.015625 0.01953125
0 0.31875 0.45703125 0.015625 0.01953125
0 0.309375 0.443359375 0.015625 0.01953125
0 0.3296875 0.443359375 0.015625 0.01953125
0 0.34375 0.43359375 0.015625 0.01953125
0 0.3765625 0.4296875 0.015625 0.01953125
0 0.375 0.451171875 0.015625 0.01953125
0 0.3828125 0.416015625 0.015625 0.01953125
0 0.4046875 0.41015625 0.015625 0.01953125
0 0.43125 0.3984375 0.015625 0.01953125
0 0.4515625 0.412109375 0.015625 0.01953125
0 0.5171875 0.396484375 0.015625 0.01953125
0 0.56875 0.41015625 0.015625 0.01953125
0 0.5828125 0.408203125 0.015625 0.01953125
0 0.6078125 0.412109375 0.015625 0.01953125
0 0.6328125 0.421875 0.015625 0.01953125
0 0.65625 0.455078125 0.015625 0.01953125
0 0.6734375 0.443359375 0.015625 0.01953125
0 0.659375 0.42578125 0.015625 0.01953125
0 0.5953125 0.373046875 0.015625 0.01953125
0 0.51875 0.357421875 0.015625 0.01953125
0 0.5109375 0.328125 0.015625 0.01953125
0 0.534375 0.28515625 0.015625 0.01953125
0 0.63125 0.265625 0.015625 0.01953125
0 0.653125 0.33984375 0.015625 0.01953125
0 0.6890625 0.361328125 0.015625 0.01953125
0 0.7109375 0.384765625 0.015625 0.01953125
0 0.684375 0.4296875 0.015625 0.01953125
0 0.70625 0.435546875 0.015625 0.01953125
0 0.7375 0.462890625 0.015625 0.01953125
0 0.725 0.49609375 0.015625 0.01953125
0 0.765625 0.482421875 0.015625 0.01953125
0 0.7484375 0.50390625 0.015625 0.01953125
0 0.7703125 0.509765625 0.015625 0.01953125
0 0.79375 0.50390625 0.015625 0.01953125
0 0.7875 0.5234375 0.015625 0.01953125
0 0.79375 0.544921875 0.015625 0.01953125
0 0.78125 0.55078125 0.015625 0.01953125
0 0.7078125 0.484375 0.015625 0.01953125
0 0.803125 0.470703125 0.015625 0.01953125
0 0.85625 0.44921875 0.015625 0.01953125
0 0.875 0.412109375 0.015625 0.01953125
0 0.8140625 0.400390625 0.015625 0.01953125
0 0.7375 0.416015625 0.015625 0.01953125
0 0.8515625 0.578125 0.015625 0.01953125
0 0.828125 0.544921875 0.015625 0.01953125
0 0.8578125 0.52734375 0.015625 0.01953125
0 0.8765625 0.49609375 0.015625 0.01953125
0 0.9 0.482421875 0.015625 0.01953125
0 0.9203125 0.447265625 0.015625 0.01953125
0 0.95625 0.40234375 0.015625 0.01953125
0 0.8359375 0.3671875 0.015625 0.01953125
0 0.8390625 0.3359375 0.015625 0.01953125
0 0.90625 0.314453125 0.015625 0.01953125
0 0.8875 0.3359375 0.015625 0.01953125
0 0.93125 0.322265625 0.015625 0.01953125
0 0.928125 0.28515625 0.015625 0.01953125
0 0.9046875 0.27734375 0.015625 0.01953125
0 0.4078125 0.3828125 0.015625 0.01953125
0 0.38125 0.390625 0.015625 0.01953125
0 0.3625 0.349609375 0.015625 0.01953125
0 0.3828125 0.357421875 0.015625 0.01953125
0 0.3234375 0.353515625 0.015625 0.01953125
0 0.3640625 0.326171875 0.015625 0.01953125
0 0.3875 0.30859375 0.015625 0.01953125
0 0.40625 0.337890625 0.015625 0.01953125
0 0.4234375 0.330078125 0.015625 0.01953125
0 0.3875 0.244140625 0.015625 0.01953125
0 0.3765625 0.2265625 0.015625 0.01953125
0 0.3640625 0.20703125 0.015625 0.01953125
0 0.29375 0.228515625 0.015625 0.01953125
0 0.30625 0.265625 0.015625 0.01953125
0 0.3234375 0.189453125 0.015625 0.01953125
0 0.2984375 0.181640625 0.015625 0.01953125
0 0.284375 0.19921875 0.015625 0.01953125
0 0.371875 0.173828125 0.015625 0.01953125
0 0.265625 0.12890625 0.015625 0.01953125
0 0.275 0.109375 0.015625 0.01953125
0 0.309375 0.087890625 0.015625 0.01953125
0 0.31875 0.078125 0.015625 0.01953125
0 0.021875 0.45703125 0.015625 0.01953125
0 0.021875 0.43359375 0.015625 0.01953125
0 0.0046875 0.431640625 0.015625 0.01953125
0 0.471875 0.638671875 0.015625 0.01953125
0 0.115625 0.380859375 0.015625 0.01953125
0 0.10625 0.369140625 0.015625 0.01953125
0 0.059375 0.359375 0.015625 0.01953125
0 0.0484375 0.35546875 0.015625 0.01953125
0 0.128125 0.330078125 0.015625 0.01953125
0 0.1234375 0.30859375 0.015625 0.01953125
0 0.1453125 0.283203125 0.015625 0.01953125
0 0.178125 0.232421875 0.015625 0.01953125
0 0.184375 0.20703125 0.015625 0.01953125
0 0.1125 0.248046875 0.015625 0.01953125
0 0.096875 0.25390625 0.015625 0.01953125
0 0.0765625 0.26171875 0.015625 0.01953125
0 0.0359375 0.263671875 0.015625 0.01953125
0 0.0234375 0.287109375 0.015625 0.01953125
0 0.471875 0.080078125 0.015625 0.01953125
0 0.5546875 0.095703125 0.015625 0.01953125
0 0.59375 0.0390625 0.015625 0.01953125
0 0.6296875 0.205078125 0.015625 0.01953125
0 0.609375 0.1875 0.015625 0.01953125
0 0.646875 0.15625 0.015625 0.01953125
0 0.7046875 0.119140625 0.015625 0.01953125
0 0.690625 0.193359375 0.015625 0.01953125
0 0.7109375 0.205078125 0.015625 0.01953125
0 0.759375 0.1953125 0.015625 0.01953125
0 0.7640625 0.17578125 0.015625 0.01953125
0 0.8296875 0.1640625 0.015625 0.01953125
0 0.834375 0.224609375 0.015625 0.01953125
0 0.85625 0.177734375 0.015625 0.01953125
0 0.8578125 0.2734375 0.015625 0.01953125
0 0.88125 0.240234375 0.015625 0.01953125
0 0.90625 0.251953125 0.015625 0.01953125
0 0.9515625 0.26171875 0.015625 0.01953125
0 0.9875 0.30859375 0.015625 0.01953125
0 0.971875 0.296875 0.015625 0.01953125
0 0.93125 0.3828125 0.015625 0.01953125
0 0.9484375 0.359375 0.015625 0.01953125
0 0.9921875 0.35546875 0.015625 0.01953125
0 0.9875 0.41796875 0.015625 0.01953125
0 0.975 0.478515625 0.015625 0.01953125
0 0.9296875 0.498046875 0.015625 0.01953125
0 0.8765625 0.603515625 0.015625 0.01953125
0 0.9109375 0.591796875 0.015625 0.01953125
0 0.9359375 0.591796875 0.015625 0.01953125
0 0.965625 0.564453125 0.015625 0.01953125
0 0.953125 0.625 0.015625 0.01953125
0 0.96875 0.62109375 0.015625 0.01953125
0 0.9890625 0.607421875 0.015625 0.01953125
0 0.6875 0.23828125 0.015625 0.01953125
0 0.878125 0.169921875 0.015625 0.01953125
0 0.78125 0.09375 0.015625 0.01953125
0 0.80625 0.11328125 0.015625 0.01953125
0 0.36875 0.15625 0.015625 0.01953125
0 0.4546875 0.484375 0.015625 0.01953125
0 0.43125 0.482421875 0.015625 0.01953125
0 0.4890625 0.482421875 0.015625 0.01953125
0 0.503125 0.4765625 0.015625 0.01953125
0 0.3484375 0.515625 0.015625 0.01953125
0 0.159375 0.85546875 0.015625 0.01953125
