0 0.1109375 0.4375 0.015625 0.01953125
0 0.1078125 0.4765625 0.015625 0.01953125
0 0.109375 0.541015625 0.015625 0.01953125
0 0.0875 0.578125 0.015625 0.01953125
0 0.0828125 0.6171875 0.015625 0.01953125
0 0.1125 0.57421875 0.015625 0.01953125
0 0.0515625 0.55078125 0.015625 0.01953125
0 0.028125 0.541015625 0.015625 0.01953125
0 0.053125 0.5 0.015625 0.01953125
0 0.1671875 0.328125 0.015625 0.01953125
0 0.1734375 0.310546875 0.015625 0.01953125
0 0.2 0.275390625 0.015625 0.01953125
0 0.209375 0.255859375 0.015625 0.01953125
0 0.1734375 0.19921875 0.015625 0.01953125
0 0.34375 0.20703125 0.015625 0.01953125
0 0.4328125 0.19140625 0.015625 0.01953125
0 0.2796875 0.318359375 0.015625 0.01953125
0 0.2390625 0.36328125 0.015625 0.01953125
0 0.21875 0.369140625 0.015625 0.01953125
0 0.2 0.396484375 0.015625 0.01953125
0 0.2171875 0.4140625 0.015625 0.01953125
0 0.2328125 0.4609375 0.015625 0.01953125
0 0.2984375 0.37890625 0.015625 0.01953125
0 0.2765625 0.361328125 0.015625 0.01953125
0 0.30625 0.474609375 0.015625 0.01953125
0 0.328125 0.44921875 0.015625 0.01953125
0 0.3546875 0.439453125 0.015625 0.01953125
0 0.3546875 0.474609375 0.015625 0.01953125
0 0.375 0.4765625 0.015625 0.01953125
0 0.365625 0.49609375 0.015625 0.01953125
0 0.35 0.533203125 0.015625 0.01953125
0 0.390625 0.513671875 0.015625 0.01953125
0 0.3171875 0.50390625 0.015625 0.01953125
0 0.334375 0.490234375 0.015625 0.01953125
0 0.28125 0.53125 0.015625 0.01953125
0 0.3203125 0.58984375 0.015625 0.01953125
0 0.30625 0.6171875 0.015625 0.01953125
0 0.3109375 0.599609375 0.015625 0.01953125
0 0.2890625 0.61328125 0.015625 0.01953125
0 0.2828125 0.638671875 0.015625 0.01953125
0 0.2796875 0.6484375 0.015625 0.01953125
0 0.25625 0.669921875 0.015625 0.01953125
0 0.23125 0.72265625 0.015625 0.01953125
0 0.2359375 0.787109375 0.015625 0.01953125
0 0.275 0.78515625 0.015625 0.01953125
0 0.2203125 0.796875 0.015625 0.01953125
0 0.021875 0.6484375 0.015625 0.01953125
0 0.0171875 0.6875 0.015625 0.01953125
0 0.0109375 0.7109375 0.015625 0.01953125
0 0.0203125 0.7421875 0.015625 0.01953125
0 0.096875 0.921875 0.015625 0.01953125
0 0.1140625 0.95703125 0.015625 0.01953125
0 0.1578125 0.947265625 0.015625 0.01953125
0 0.1984375 0.935546875 0.015625 0.01953125
0 0.2421875 0.9296875 0.015625 0.01953125
0 0.25625 0.955078125 0.015625 0.01953125
0 0.353125 0.798828125 0.015625 0.01953125
0 0.3671875 0.78515625 0.015625 0.01953125
0 0.3765625 0.7265625 0.015625 0.01953125
0 0.4140625 0.591796875 0.015625 0.01953125
0 0.3265625 0.69921875 0.015625 0.01953125
0 0.334375 0.677734375 0.015625 0.01953125
0 0.303125 0.751953125 0.015625 0.01953125
0 0.284375 0.75390625 0.015625 0.01953125
0 0.3171875 0.716796875 0.015625 0.01953125
0 0.2671875 0.73046875 0.015625 0.01953125
0 0.4546875 0.888671875 0.015625 0.01953125
0 0.465625 0.904296875 0.015625 0.01953125
0 0.5109375 0.8203125 0.015625 0.01953125
0 0.5296875 0.818359375 0.015625 0.01953125
0 0.528125 0.76953125 0.015625 0.01953125
0 0.484375 0.71875 0.015625 0.01953125
0 0.43125 0.712890625 0.015625 0.01953125
0 0.440625 0.591796875 0.015625 0.01953125
0 0.46875 0.583984375 0.015625 0.01953125
0 0.48125 0.56640625 0.015625 0.01953125
0 0.4234375 0.51953125 0.015625 0.01953125
0 0.35 0.580078125 0.015625 0.01953125
0 0.46875 0.4375 0.015625 0.01953125
0 0.4453125 0.421875 0.015625 0.01953125
0 0.4609375 0.37109375 0.015625 0.01953125
0 0.5359375 0.20703125 0.015625 0.01953125
0 0.5796875 0.140625 0.015625 0.01953125
0 0.46875 0.19140625 0.015625 0.01953125
0 0.5453125 0.314453125 0.015625 0.01953125
0 0.5140625 0.25 0.015625 0.01953125
0 0.53125 0.259765625 0.015625 0.01953125
0 0.5875 0.265625 0.015625 0.01953125
0 0.596875 0.203125 0.015625 0.01953125
0 0.646875 0.203125 0.015625 0.01953125
0 0.6578125 0.1796875 0.015625 0.01953125
0 0.715625 0.169921875 0.015625 0.01953125
0 0.6953125 0.18359375 0.015625 0.01953125
0 0.7046875 0.138671875 0.015625 0.01953125
0 0.7515625 0.146484375 0.015625 0.01953125
0 0.74375 0.1953125 0.015625 0.01953125
0 0.76875 0.23046875 0.015625 0.01953125
0 0.775 0.205078125 0.015625 0.01953125
0 0.803125 0.23828125 0.015625 0.01953125
0 0.81875 0.265625 0.015625 0.01953125
0 0.7828125 0.2890625 0.015625 0.01953125
0 0.759375 0.29296875 0.015625 0.01953125
0 0.7359375 0.314453125 0.015625 0.01953125
0 0.7140625 0.345703125 0.015625 0.01953125
0 0.721875 0.38671875 0.015625 0.01953125
0 0.7390625 0.40234375 0.015625 0.01953125
0 0.690625 0.408203125 0.015625 0.01953125
0 0.665625 0.40234375 0.015625 0.01953125
0 0.6265625 0.3828125 0.015625 0.01953125
0 0.5984375 0.38671875 0.015625 0.01953125
0 0.5875 0.380859375 0.015625 0.01953125
0 0.6171875 0.341796875 0.015625 0.01953125
0 0.5265625 0.4765625 0.015625 0.01953125
0 0.540625 0.4296875 0.015625 0.01953125
0 0.5640625 0.572265625 0.015625 0.01953125
0 0.5765625 0.533203125 0.015625 0.01953125
0 0.5765625 0.5546875 0.015625 0.01953125
0 0.5421875 0.556640625 0.015625 0.01953125
0 0.515625 0.607421875 0.015625 0.01953125
0 0.5875 0.595703125 0.015625 0.01953125
0 0.6078125 0.5703125 0.015625 0.01953125
0 0.6734375 0.611328125 0.015625 0.01953125
0 0.3515625 0.748046875 0.015625 0.01953125
0 0.3515625 0.765625 0.015625 0.01953125
0 0.3984375 0.712890625 0.015625 0.01953125
0 0.4140625 0.716796875 0.015625 0.01953125
0 0.4875 0.658203125 0.015625 0.01953125
0 0.4921875 0.611328125 0.015625 0.01953125
0 0.53125 0.591796875 0.015625 0.01953125
0 0.6078125 0.591796875 0.015625 0.01953125
0 0.6 0.603515625 0.015625 0.01953125
0 0.5984375 0.53125 0.015625 0.01953125
0 0.515625 0.57421875 0.015625 0.01953125
0 0.6421875 0.734375 0.015625 0.01953125
0 0.65 0.564453125 0.015625 0.01953125
0 0.6359375 0.541015625 0.015625 0.01953125
0 0.66875 0.533203125 0.015625 0.01953125
0 0.640625 0.6015625 0.015625 0.01953125
0 0.7015625 0.6328125 0.015625 0.01953125
0 0.6921875 0.603515625 0.015625 0.01953125
0 0.721875 0.57421875 0.015625 0.01953125
0 0.7375 0.58203125 0.015625 0.01953125
0 0.684375 0.548828125 0.015625 0.01953125
0 0.6890625 0.52734375 0.015625 0.01953125
0 0.6734375 0.6640625 0.015625 0.01953125
0 0.671875 0.703125 0.015625 0.01953125
0 0.725 0.677734375 0.015625 0.01953125
0 0.7984375 0.583984375 0.015625 0.01953125
0 0.7765625 0.57421875 0.015625 0.01953125
0 0.8125 0.630859375 0.015625 0.01953125
0 0.8328125 0.6171875 0.015625 0.01953125
0 0.840625 0.669921875 0.015625 0.01953125
0 0.759375 0.701171875 0.015625 0.01953125
0 0.7515625 0.66015625 0.015625 0.01953125
0 0.771875 0.671875 0.015625 0.01953125
0 0.728125 0.908203125 0.015625 0.01953125
0 0.6421875 0.908203125 0.015625 0.01953125
0 0.621875 0.896484375 0.015625 0.01953125
0 0.603125 0.923828125 0.015625 0.01953125
0 0.540625 0.9375 0.015625 0.01953125
0 0.59375 0.96484375 0.015625 0.01953125
0 0.6875 0.927734375 0.015625 0.01953125
0 0.6796875 0.90234375 0.015625 0.01953125
0 0.6578125 0.44921875 0.015625 0.01953125
0 0.5671875 0.4609375 0.015625 0.01953125
0 0.63125 0.470703125 0.015625 0.01953125
0 0.6234375 0.48828125 0.015625 0.01953125
0 0.61875 0.44921875 0.015625 0.01953125
0 0.59375 0.466796875 0.015625 0.01953125
0 0.759375 0.4453125 0.015625 0.01953125
0 0.7390625 0.494140625 0.015625 0.01953125
0 0.775 0.646484375 0.015625 0.01953125
0 0.759375 0.634765625 0.015625 0.01953125
0 0.690625 0.712890625 0.015625 0.01953125
0 0.8125 0.701171875 0.015625 0.01953125
0 0.796875 0.7265625 0.015625 0.01953125
0 0.7765625 0.712890625 0.015625 0.01953125
0 0.8796875 0.6796875 0.015625 0.01953125
0 0.9 0.6171875 0.015625 0.01953125
0 0.940625 0.59765625 0.015625 0.01953125
0 0.91875 0.650390625 0.015625 0.01953125
0 0.884375 0.71875 0.015625 0.01953125
0 0.85625 0.830078125 0.015625 0.01953125
0 0.8140625 0.970703125 0.015625 0.01953125
0 0.721875 0.974609375 0.015625 0.01953125
0 0.91875 0.873046875 0.015625 0.01953125
0 0.9390625 0.89453125 0.015625 0.01953125
0 0.9734375 0.8984375 0.015625 0.01953125
0 0.9203125 0.7578125 0.015625 0.01953125
0 0.953125 0.611328125 0.015625 0.01953125
0 0.9859375 0.591796875 0.015625 0.01953125
0 0.9859375 0.6171875 0.015625 0.01953125
0 0.909375 0.54296875 0.015625 0.01953125
0 0.921875 0.564453125 0.015625 0.01953125
0 0.8890625 0.564453125 0.015625 0.01953125
0 0.8546875 0.572265625 0.015625 0.01953125
0 0.771875 0.525390625 0.015625 0.01953125
0 0.759375 0.494140625 0.015625 0.01953125
0 0.715625 0.486328125 0.015625 0.01953125
0 0.6796875 0.50390625 0.015625 0.01953125
0 0.6921875 0.455078125 0.015625 0.01953125
0 0.7046875 0.45703125 0.015625 0.01953125
0 0.7296875 0.462890625 0.015625 0.01953125
0 0.7875 0.39453125 0.015625 0.01953125
0 0.759375 0.376953125 0.015625 0.01953125
0 0.75 0.3515625 0.015625 0.01953125
0 0.809375 0.3515625 0.015625 0.01953125
0 0.8234375 0.359375 0.015625 0.01953125
0 0.834375 0.298828125 0.015625 0.01953125
0 0.8125 0.212890625 0.015625 0.01953125
0 0.815625 0.18359375 0.015625 0.01953125
0 0.790625 0.18359375 0.015625 0.01953125
0 0.8625 0.2265625 0.015625 0.01953125
0 0.84375 0.20703125 0.015625 0.01953125
0 0.8109375 0.427734375 0.015625 0.01953125
0 0.8453125 0.435546875 0.015625 0.01953125
0 0.821875 0.478515625 0.015625 0.01953125
0 0.803125 0.501953125 0.015625 0.01953125
0 0.8390625 0.517578125 0.015625 0.01953125
0 0.9046875 0.5 0.015625 0.01953125
0 0.875 0.537109375 0.015625 0.01953125
0 0.8453125 0.546875 0.015625 0.01953125
0 0.8875 0.439453125 0.015625 0.01953125
0 0.9015625 0.421875 0.015625 0.01953125
0 0.86875 0.408203125 0.015625 0.01953125
0 0.85 0.322265625 0.015625 0.01953125
0 0.896875 0.28515625 0.015625 0.01953125
0 0.8734375 0.294921875 0.015625 0.01953125
0 0.8875 0.208984375 0.015625 0.01953125
0 0.871875 0.173828125 0.015625 0.01953125
0 0.9140625 0.1796875 0.015625 0.01953125
0 0.93125 0.25390625 0.015625 0.01953125
0 0.934375 0.322265625 0.015625 0.01953125
0 0.909375 0.384765625 0.015625 0.01953125
0 0.8875 0.392578125 0.015625 0.01953125
0 0.940625 0.404296875 0.015625 0.01953125
0 0.9484375 0.53125 0.015625 0.01953125
0 0.93125 0.537109375 0.015625 0.01953125
0 0.89375 0.51953125 0.015625 0.01953125
0 0.9765625 0.509765625 0.015625 0.01953125
0 0.990625 0.431640625 0.015625 0.01953125
0 0.984375 0.388671875 0.015625 0.01953125
0 0.9796875 0.30859375 0.015625 0.01953125
0 0.96875 0.255859375 0.015625 0.01953125
0 0.975 0.287109375 0.015625 0.01953125
0 0.953125 0.185546875 0.015625 0.01953125
0 0.9484375 0.208984375 0.015625 0.01953125
0 0.91875 0.150390625 0.015625 0.01953125
0 0.7765625 0.4921875 0.015625 0.01953125
0 0.7640625 0.47265625 0.015625 0.01953125
0 0.753125 0.482421875 0.015625 0.01953125
0 0.7828125 0.51171875 0.015625 0.01953125
0 0.78125 0.59375 0.015625 0.01953125
0 0.790625 0.677734375 0.015625 0.01953125
0 0.8078125 0.65234375 0.015625 0.01953125
0 0.8609375 0.658203125 0.015625 0.01953125
0 0.8359375 0.703125 0.015625 0.01953125
0 0.8609375 0.611328125 0.015625 0.01953125
0 0.8859375 0.65234375 0.015625 0.01953125
0 0.625 0.587890625 0.015625 0.01953125
0 0.5359375 0.52734375 0.015625 0.01953125
0 0.9046875 0.349609375 0.015625 0.01953125
0 0.884375 0.3359375 0.015625 0.01953125
0 0.9484375 0.310546875 0.015625 0.01953125
0 0.8203125 0.396484375 0.015625 0.01953125
0 0.35 0.671875 0.015625 0.01953125
0 0.234375 0.908203125 0.015625 0.01953125
0 0.5203125 0.880859375 0.015625 0.01953125
0 0.659375 0.888671875 0.015625 0.01953125
0 0.9 0.58984375 0.015625 0.01953125
0 0.8453125 0.619140625 0.015625 0.01953125
0 0.7578125 0.5703125 0.015625 0.01953125
