0 0.5640625 0.71484375 0.015625 0.01953125
0 0.559375 0.751953125 0.015625 0.01953125
0 0.5328125 0.744140625 0.015625 0.01953125
0 0.5265625 0.71875 0.015625 0.01953125
0 0.4828125 0.763671875 0.015625 0.01953125
0 0.4703125 0.779296875 0.015625 0.01953125
0 0.5265625 0.796875 0.015625 0.01953125
0 0.5171875 0.76953125 0.015625 0.01953125
0 0.5 0.814453125 0.015625 0.01953125
0 0.4453125 0.8125 0.015625 0.01953125
0 0.4203125 0.81640625 0.015625 0.01953125
0 0.4046875 0.84765625 0.015625 0.01953125
0 0.3421875 0.873046875 0.015625 0.01953125
0 0.5765625 0.724609375 0.015625 0.01953125
0 0.5921875 0.703125 0.015625 0.01953125
0 0.6015625 0.744140625 0.015625 0.01953125
0 0.5890625 0.7734375 0.015625 0.01953125
0 0.615625 0.779296875 0.015625 0.01953125
0 0.625 0.7421875 0.015625 0.01953125
0 0.6359375 0.759765625 0.015625 0.01953125
0 0.63125 0.7265625 0.015625 0.01953125
0 0.646875 0.7265625 0.015625 0.01953125
0 0.621875 0.69921875 0.015625 0.01953125
0 0.6359375 0.685546875 0.015625 0.01953125
0 0.6578125 0.705078125 0.015625 0.01953125
0 0.6703125 0.71875 0.015625 0.01953125
0 0.6578125 0.728515625 0.015625 0.01953125
0 0.6890625 0.751953125 0.015625 0.01953125
0 0.6703125 0.755859375 0.015625 0.01953125
0 0.6671875 0.76953125 0.015625 0.01953125
0 0.7 0.76953125 0.015625 0.01953125
0 0.6890625 0.765625 0.015625 0.01953125
0 0.715625 0.775390625 0.015625 0.01953125
0 0.6984375 0.787109375 0.015625 0.01953125
0 0.6890625 0.8125 0.015625 0.01953125
0 0.6515625 0.779296875 0.015625 0.01953125
0 0.69375 0.6875 0.015625 0.01953125
0 0.678125 0.6875 0.015625 0.01953125
0 0.6859375 0.712890625 0.015625 0.01953125
0 0.7015625 0.71875 0.015625 0.01953125
0 0.71875 0.724609375 0.015625 0.01953125
0 0.7140625 0.701171875 0.015625 0.01953125
0 0.7328125 0.7109375 0.015625 0.01953125
0 0.7625 0.701171875 0.015625 0.01953125
0 0.7796875 0.708984375 0.015625 0.01953125
0 0.76875 0.736328125 0.015625 0.01953125
0 0.753125 0.771484375 0.015625 0.01953125
0 0.7453125 0.79296875 0.015625 0.01953125
0 0.7375 0.80859375 0.015625 0.01953125
0 0.715625 0.791015625 0.015625 0.01953125
0 0.6953125 0.828125 0.015625 0.01953125
0 0.6609375 0.892578125 0.015625 0.01953125
0 0.553125 0.974609375 0.015625 0.01953125
0 0.515625 0.92578125 0.015625 0.01953125
0 0.4125 0.943359375 0.015625 0.01953125
0 0.8609375 0.8828125 0.015625 0.01953125
0 0.93125 0.884765625 0.015625 0.01953125
0 0.94375 0.759765625 0.015625 0.01953125
0 0.925 0.712890625 0.015625 0.01953125
0 0.8671875 0.7734375 0.015625 0.01953125
0 0.85 0.7734375 0.015625 0.01953125
0 0.834375 0.78125 0.015625 0.01953125
0 0.821875 0.79296875 0.015625 0.01953125
0 0.8078125 0.806640625 0.015625 0.01953125
0 0.821875 0.8203125 0.015625 0.01953125
0 0.775 0.80078125 0.015625 0.01953125
0 0.8078125 0.74609375 0.015625 0.01953125
0 0.825 0.7265625 0.015625 0.01953125
0 0.84375 0.685546875 0.015625 0.01953125
0 0.878125 0.666015625 0.015625 0.01953125
0 0.909375 0.634765625 0.015625 0.01953125
0 0.9203125 0.61328125 0.015625 0.01953125
0 0.9375 0.611328125 0.015625 0.01953125
0 0.9453125 0.583984375 0.015625 0.01953125
0 0.9578125 0.599609375 0.015625 0.01953125
0 0.8921875 0.615234375 0.015625 0.01953125
0 0.8921875 0.630859375 0.015625 0.01953125
0 0.8671875 0.634765625 0.015625 0.01953125
0 0.8390625 0.65234375 0.015625 0.01953125
0 0.8234375 0.65234375 0.015625 0.01953125
0 0.815625 0.6328125 0.015625 0.01953125
0 0.8328125 0.634765625 0.015625 0.01953125
0 0.790625 0.646484375 0.015625 0.01953125
0 0.7921875 0.6171875 0.015625 0.01953125
0 0.76875 0.6328125 0.015625 0.01953125
0 0.759375 0.638671875 0.015625 0.01953125
0 0.7484375 0.658203125 0.015625 0.01953125
0 0.746875 0.625 0.015625 0.01953125
0 0.740625 0.603515625 0.015625 0.01953125
0 0.71875 0.634765625 0.015625 0.01953125
0 0.696875 0.63671875 0.015625 0.01953125
0 0.696875 0.60546875 0.015625 0.01953125
0 0.684375 0.6015625 0.015625 0.01953125
0 0.671875 0.611328125 0.015625 0.01953125
0 0.6390625 0.603515625 0.015625 0.01953125
0 0.6109375 0.607421875 0.015625 0.01953125
0 0.6109375 0.63671875 0.015625 0.01953125
0 0.5953125 0.662109375 0.015625 0.01953125
0 0.7109375 0.509765625 0.015625 0.01953125
0 0.7328125 0.576171875 0.015625 0.01953125
0 0.759375 0.52734375 0.015625 0.01953125
0 0.7703125 0.54296875 0.015625 0.01953125
0 0.7875 0.564453125 0.015625 0.01953125
0 0.8140625 0.556640625 0.015625 0.01953125
0 0.8265625 0.517578125 0.015625 0.01953125
0 0.8421875 0.544921875 0.015625 0.01953125
0 0.8609375 0.517578125 0.015625 0.01953125
0 0.884375 0.48046875 0.015625 0.01953125
0 0.8828125 0.435546875 0.015625 0.01953125
0 0.8796875 0.408203125 0.015625 0.01953125
0 0.840625 0.46875 0.015625 0.01953125
0 0.7734375 0.482421875 0.015625 0.01953125
0 0.7671875 0.4375 0.015625 0.01953125
0 0.809375 0.427734375 0.015625 0.01953125
0 0.840625 0.373046875 0.015625 0.01953125
0 0.8625 0.3359375 0.015625 0.01953125
0 0.8640625 0.359375 0.015625 0.01953125
0 0.896875 0.3359375 0.015625 0.01953125
0 0.8890625 0.314453125 0.015625 0.01953125
0 0.8921875 0.287109375 0.015625 0.01953125
0 0.871875 0.283203125 0.015625 0.01953125
0 0.8640625 0.30078125 0.015625 0.01953125
0 0.8328125 0.318359375 0.015625 0.01953125
0 0.81875 0.310546875 0.015625 0.01953125
0 0.7953125 0.345703125 0.015625 0.01953125
0 0.9046875 0.36328125 0.015625 0.01953125
0 0.921875 0.384765625 0.015625 0.01953125
0 0.9484375 0.396484375 0.015625 0.01953125
0 0.9328125 0.4453125 0.015625 0.01953125
0 0.928125 0.5 0.015625 0.01953125
0 0.959375 0.505859375 0.015625 0.01953125
0 0.9734375 0.537109375 0.015625 0.01953125
0 0.95625 0.55859375 0.015625 0.01953125
0 0.9640625 0.470703125 0.015625 0.01953125
0 0.953125 0.462890625 0.015625 0.01953125
0 0.9671875 0.43359375 0.015625 0.01953125
0 0.765625 0.345703125 0.015625 0.01953125
0 0.7671875 0.390625 0.015625 0.01953125
0 0.721875 0.431640625 0.015625 0.01953125
0 0.6859375 0.44140625 0.015625 0.01953125
0 0.640625 0.478515625 0.015625 0.01953125
0 0.6625 0.49609375 0.015625 0.01953125
0 0.596875 0.5390625 0.015625 0.01953125
0 0.6625 0.564453125 0.015625 0.01953125
0 0.634375 0.568359375 0.015625 0.01953125
0 0.515625 0.51953125 0.015625 0.01953125
0 0.5421875 0.45703125 0.015625 0.01953125
0 0.625 0.412109375 0.015625 0.01953125
0 0.5765625 0.455078125 0.015625 0.01953125
0 0.5796875 0.4921875 0.015625 0.01953125
0 0.5875 0.515625 0.015625 0.01953125
0 0.565625 0.55078125 0.015625 0.01953125
0 0.546875 0.40234375 0.015625 0.01953125
0 0.7046875 0.369140625 0.015625 0.01953125
0 0.73125 0.36328125 0.015625 0.01953125
0 0.76875 0.3125 0.015625 0.01953125
0 0.7296875 0.3359375 0.015625 0.01953125
0 0.7 0.3359375 0.015625 0.01953125
0 0.66875 0.34375 0.015625 0.01953125
0 0.634375 0.330078125 0.015625 0.01953125
0 0.6203125 0.306640625 0.015625 0.01953125
0 0.665625 0.291015625 0.015625 0.01953125
0 0.5609375 0.353515625 0.015625 0.01953125
0 0.5328125 0.390625 0.015625 0.01953125
0 0.465625 0.455078125 0.015625 0.01953125
0 0.4734375 0.408203125 0.015625 0.01953125
0 0.51875 0.34765625 0.015625 0.01953125
0 0.5171875 0.62109375 0.015625 0.01953125
0 0.54375 0.650390625 0.015625 0.01953125
0 0.509375 0.671875 0.015625 0.01953125
0 0.4625 0.68359375 0.015625 0.01953125
0 0.446875 0.65625 0.015625 0.01953125
0 0.5171875 0.658203125 0.015625 0.01953125
0 0.5 0.677734375 0.015625 0.01953125
0 0.434375 0.638671875 0.015625 0.01953125
0 0.4171875 0.638671875 0.015625 0.01953125
0 0.428125 0.591796875 0.015625 0.01953125
0 0.4125 0.529296875 0.015625 0.01953125
0 0.3140625 0.486328125 0.015625 0.01953125
0 0.3625 0.4140625 0.015625 0.01953125
0 0.3875 0.33984375 0.015625 0.01953125
0 0.259375 0.40234375 0.015625 0.01953125
0 0.234375 0.439453125 0.015625 0.01953125
0 0.1609375 0.546875 0.015625 0.01953125
0 0.134375 0.59765625 0.015625 0.01953125
0 0.1390625 0.625 0.015625 0.01953125
0 0.271875 0.6328125 0.015625 0.01953125
0 0.9 0.6953125 0.015625 0.01953125
0 0.871875 0.712890625 0.015625 0.01953125
0 0.846875 0.732421875 0.015625 0.01953125
0 0.934375 0.79296875 0.015625 0.01953125
0 0.99375 0.908203125 0.015625 0.01953125
0 0.9734375 0.6875 0.015625 0.01953125
0 0.9703125 0.658203125 0.015625 0.01953125
0 0.94375 0.658203125 0.015625 0.01953125
0 0.93125 0.68359375 0.015625 0.01953125
0 0.996875 0.650390625 0.015625 0.01953125
0 0.415625 0.755859375 0.015625 0.01953125
0 0.3734375 0.78125 0.015625 0.01953125
0 0.3546875 0.796875 0.015625 0.01953125
0 0.35 0.806640625 0.015625 0.01953125
0 0.3546875 0.826171875 0.015625 0.01953125
0 0.3265625 0.837890625 0.015625 0.01953125
0 0.3171875 0.849609375 0.015625 0.01953125
0 0.3125 0.880859375 0.015625 0.01953125
0 0.2921875 0.859375 0.015625 0.01953125
0 0.2921875 0.890625 0.015625 0.01953125
0 0.290625 0.912109375 0.015625 0.01953125
0 0.2640625 0.904296875 0.015625 0.01953125
0 0.3046875 0.779296875 0.015625 0.01953125
0 0.3453125 0.76953125 0.015625 0.01953125
0 0.3546875 0.751953125 0.015625 0.01953125
0 0.390625 0.740234375 0.015625 0.01953125
0 0.3265625 0.7421875 0.015625 0.01953125
0 0.3421875 0.712890625 0.015625 0.01953125
0 0.3546875 0.69921875 0.015625 0.01953125
0 0.3015625 0.73828125 0.015625 0.01953125
0 0.3125 0.69921875 0.015625 0.01953125
0 0.315625 0.666015625 0.015625 0.01953125
0 0.284375 0.646484375 0.015625 0.01953125
0 0.25 0.625 0.015625 0.01953125
0 0.24375 0.58984375 0.015625 0.01953125
0 0.2015625 0.64453125 0.015625 0.01953125
0 0.175 0.666015625 0.015625 0.01953125
0 0.2046875 0.697265625 0.015625 0.01953125
0 0.21875 0.732421875 0.015625 0.01953125
0 0.09375 0.740234375 0.015625 0.01953125
0 0.153125 0.78515625 0.015625 0.01953125
0 0.171875 0.79296875 0.015625 0.01953125
0 0.0984375 0.837890625 0.015625 0.01953125
0 0.0953125 0.80859375 0.015625 0.01953125
0 0.1 0.880859375 0.015625 0.01953125
0 0.0984375 0.923828125 0.015625 0.01953125
0 0.10625 0.93359375 0.015625 0.01953125
0 0.0484375 0.826171875 0.015625 0.01953125
0 0.0296875 0.853515625 0.015625 0.01953125
0 0.0265625 0.982421875 0.015625 0.01953125
0 0.0515625 0.966796875 0.015625 0.01953125
0 0.3609375 0.912109375 0.015625 0.01953125
0 0.2984375 0.98828125 0.015625 0.01953125
0 0.5578125 0.265625 0.015625 0.01953125
0 0.575 0.2578125 0.015625 0.01953125
0 0.59375 0.248046875 0.015625 0.01953125
0 0.615625 0.25390625 0.015625 0.01953125
0 0.7734375 0.26171875 0.015625 0.01953125
0 0.903125 0.31640625 0.015625 0.01953125
0 0.91875 0.34375 0.015625 0.01953125
0 0.928125 0.3671875 0.015625 0.01953125
0 0.953125 0.376953125 0.015625 0.01953125
0 0.990625 0.177734375 0.015625 0.01953125
0 0.8828125 0.58984375 0.015625 0.01953125
0 0.9015625 0.595703125 0.015625 0.01953125
0 0.3328125 0.87890625 0.015625 0.01953125
0 0.9484375 0.96875 0.015625 0.01953125
0 0.915625 0.982421875 0.015625 0.01953125
0 0.903125 0.99609375 0.015625 0.01953125
