0 0.4390625 0.458984375 0.015625 0.01953125
0 0.4609375 0.45703125 0.015625 0.01953125
0 0.484375 0.4296875 0.015625 0.01953125
0 0.5 0.408203125 0.015625 0.01953125
0 0.5125 0.453125 0.015625 0.01953125
0 0.5109375 0.49609375 0.015625 0.01953125
0 0.521875 0.482421875 0.015625 0.01953125
0 0.5234375 0.5703125 0.015625 0.01953125
0 0.465625 0.564453125 0.015625 0.01953125
0 0.45 0.572265625 0.015625 0.01953125
0 0.3984375 0.677734375 0.015625 0.01953125
0 0.4171875 0.712890625 0.015625 0.01953125
0 0.3875 0.650390625 0.015625 0.01953125
0 0.3671875 0.6015625 0.015625 0.01953125
0 0.3546875 0.625 0.015625 0.01953125
0 0.34375 0.65625 0.015625 0.01953125
0 0.3234375 0.66015625 0.015625 0.01953125
0 0.528125 0.7578125 0.015625 0.01953125
0 0.596875 0.71875 0.015625 0.01953125
0 0.65625 0.791015625 0.015625 0.01953125
0 0.6734375 0.79296875 0.015625 0.01953125
0 0.684375 0.787109375 0.015625 0.01953125
0 0.6984375 0.787109375 0.015625 0.01953125
0 0.7140625 0.806640625 0.015625 0.01953125
0 0.6875 0.841796875 0.015625 0.01953125
0 0.6640625 0.83984375 0.015625 0.01953125
0 0.765625 0.861328125 0.015625 0.01953125
0 0.79375 0.89453125 0.015625 0.01953125
0 0.86875 0.92578125 0.015625 0.01953125
0 0.896875 0.759765625 0.015625 0.01953125
0 0.803125 0.69921875 0.015625 0.01953125
0 0.75 0.705078125 0.015625 0.01953125
0 0.7484375 0.705078125 0.015625 0.01953125
0 0.75625 0.73046875 0.015625 0.01953125
0 0.7640625 0.712890625 0.015625 0.01953125
0 0.734375 0.705078125 0.015625 0.01953125
0 0.6875 0.5390625 0.015625 0.01953125
0 0.803125 0.478515625 0.015625 0.01953125
0 0.81875 0.490234375 0.015625 0.01953125
0 0.75625 0.45703125 0.015625 0.01953125
0 0.775 0.4296875 0.015625 0.01953125
0 0.7890625 0.416015625 0.015625 0.01953125
0 0.8015625 0.44140625 0.015625 0.01953125
0 0.81875 0.42578125 0.015625 0.01953125
0 0.840625 0.3828125 0.015625 0.01953125
0 0.834375 0.3671875 0.015625 0.01953125
0 0.8453125 0.341796875 0.015625 0.01953125
0 0.8625 0.357421875 0.015625 0.01953125
0 0.8453125 0.412109375 0.015625 0.01953125
0 0.834375 0.435546875 0.015625 0.01953125
0 0.8359375 0.46875 0.015625 0.01953125
0 0.8515625 0.453125 0.015625 0.01953125
0 0.871875 0.435546875 0.015625 0.01953125
0 0.8828125 0.40625 0.015625 0.01953125
0 0.8984375 0.423828125 0.015625 0.01953125
0 0.903125 0.390625 0.015625 0.01953125
0 0.903125 0.34765625 0.015625 0.01953125
0 0.9421875 0.33984375 0.015625 0.01953125
0 0.9453125 0.314453125 0.015625 0.01953125
0 0.9671875 0.310546875 0.015625 0.01953125
0 0.96875 0.3828125 0.015625 0.01953125
0 0.9921875 0.3828125 0.015625 0.01953125
0 0.7609375 0.34375 0.015625 0.01953125
0 0.7875 0.353515625 0.015625 0.01953125
0 0.7453125 0.34375 0.015625 0.01953125
0 0.709375 0.341796875 0.015625 0.01953125
0 0.6890625 0.365234375 0.015625 0.01953125
0 0.690625 0.408203125 0.015625 0.01953125
0 0.7078125 0.400390625 0.015625 0.01953125
0 0.7171875 0.408203125 0.015625 0.01953125
0 0.7328125 0.421875 0.015625 0.01953125
0 0.74375 0.408203125 0.015625 0.01953125
0 0.7359375 0.44921875 0.015625 0.01953125
0 0.7328125 0.48046875 0.015625 0.01953125
0 0.6265625 0.404296875 0.015625 0.01953125
0 0.6109375 0.408203125 0.015625 0.01953125
0 0.6046875 0.416015625 0.015625 0.01953125
0 0.575 0.3984375 0.015625 0.01953125
0 0.5515625 0.38671875 0.015625 0.01953125
0 0.5609375 0.375 0.015625 0.01953125
0 0.59375 0.369140625 0.015625 0.01953125
0 0.6078125 0.33984375 0.015625 0.01953125
0 0.6453125 0.35546875 0.015625 0.01953125
0 0.6625 0.35546875 0.015625 0.01953125
0 0.665625 0.376953125 0.015625 0.01953125
0 0.675 0.314453125 0.015625 0.01953125
0 0.6984375 0.322265625 0.015625 0.01953125
0 0.7265625 0.318359375 0.015625 0.01953125
0 0.54375 0.439453125 0.015625 0.01953125
0 0.5328125 0.40234375 0.015625 0.01953125
0 0.66875 0.408203125 0.015625 0.01953125
0 0.7140625 0.44140625 0.015625 0.01953125
0 0.78125 0.275390625 0.015625 0.01953125
0 0.8234375 0.275390625 0.015625 0.01953125
0 0.7703125 0.234375 0.015625 0.01953125
0 0.74375 0.26171875 0.015625 0.01953125
0 0.721875 0.240234375 0.015625 0.01953125
0 0.7328125 0.236328125 0.015625 0.01953125
0 0.7 0.23046875 0.015625 0.01953125
0 0.7 0.201171875 0.015625 0.01953125
0 0.621875 0.287109375 0.015625 0.01953125
0 0.6015625 0.291015625 0.015625 0.01953125
0 0.8828125 0.3125 0.015625 0.01953125
0 0.8125 0.298828125 0.015625 0.01953125
0 0.8890625 0.279296875 0.015625 0.01953125
0 0.91875 0.2734375 0.015625 0.01953125
0 0.909375 0.240234375 0.015625 0.01953125
0 0.9171875 0.216796875 0.015625 0.01953125
0 0.928125 0.24609375 0.015625 0.01953125
0 0.915625 0.24609375 0.015625 0.01953125
0 0.9375 0.216796875 0.015625 0.01953125
0 0.9421875 0.26171875 0.015625 0.01953125
0 0.95625 0.2421875 0.015625 0.01953125
0 0.975 0.212890625 0.015625 0.01953125
0 0.8265625 0.203125 0.015625 0.01953125
0 0.8546875 0.166015625 0.015625 0.01953125
0 0.8390625 0.171875 0.015625 0.01953125
0 0.840625 0.12890625 0.015625 0.01953125
0 0.796875 0.15234375 0.015625 0.01953125
0 0.784375 0.162109375 0.015625 0.01953125
0 0.7703125 0.20703125 0.015625 0.01953125
0 0.7359375 0.15234375 0.015625 0.01953125
0 0.784375 0.115234375 0.015625 0.01953125
0 0.8046875 0.05859375 0.015625 0.01953125
0 0.8234375 0.0390625 0.015625 0.01953125
0 0.8375 0.056640625 0.015625 0.01953125
0 0.8609375 0.095703125 0.015625 0.01953125
0 0.7375 0.05859375 0.015625 0.01953125
0 0.7703125 0.025390625 0.015625 0.01953125
0 0.7921875 0.025390625 0.015625 0.01953125
0 0.6875 0.017578125 0.015625 0.01953125
0 0.6359375 0.04296875 0.015625 0.01953125
0 0.653125 0.046875 0.015625 0.01953125
0 0.65625 0.08984375 0.015625 0.01953125
0 0.6 0.06640625 0.015625 0.01953125
0 0.6 0.13671875 0.015625 0.01953125
0 0.58125 0.08203125 0.015625 0.01953125
0 0.8796875 0.03125 0.015625 0.01953125
0 0.9 0.044921875 0.015625 0.01953125
0 0.909375 0.060546875 0.015625 0.01953125
0 0.9234375 0.09765625 0.015625 0.01953125
0 0.89375 0.1328125 0.015625 0.01953125
0 0.9578125 0.140625 0.015625 0.01953125
0 0.96875 0.080078125 0.015625 0.01953125
0 0.978125 0.103515625 0.015625 0.01953125
0 0.990625 0.140625 0.015625 0.01953125
0 0.975 0.029296875 0.015625 0.01953125
0 0.9375 0.01953125 0.015625 0.01953125
0 0.7546875 0.009765625 0.015625 0.01953125
0 0.9890625 0.1875 0.015625 0.01953125
0 0.4515625 0.109375 0.015625 0.01953125
0 0.4953125 0.0390625 0.015625 0.01953125
0 0.484375 0.080078125 0.015625 0.01953125
0 0.5359375 0.16015625 0.015625 0.01953125
0 0.5484375 0.154296875 0.015625 0.01953125
0 0.5640625 0.0859375 0.015625 0.01953125
0 0.565625 0.025390625 0.015625 0.01953125
0 0.575 0.201171875 0.015625 0.01953125
0 0.584375 0.18359375 0.015625 0.01953125
0 0.6109375 0.1875 0.015625 0.01953125
0 0.6234375 0.193359375 0.015625 0.01953125
0 0.64375 0.201171875 0.015625 0.01953125
0 0.6609375 0.203125 0.015625 0.01953125
0 0.5375 0.25390625 0.015625 0.01953125
0 0.5703125 0.283203125 0.015625 0.01953125
0 0.5421875 0.287109375 0.015625 0.01953125
0 0.5171875 0.31640625 0.015625 0.01953125
0 0.471875 0.3359375 0.015625 0.01953125
0 0.459375 0.2890625 0.015625 0.01953125
0 0.43125 0.39453125 0.015625 0.01953125
0 0.403125 0.388671875 0.015625 0.01953125
0 0.3875 0.41796875 0.015625 0.01953125
0 0.3609375 0.453125 0.015625 0.01953125
0 0.3640625 0.47265625 0.015625 0.01953125
0 0.3125 0.509765625 0.015625 0.01953125
0 0.3453125 0.517578125 0.015625 0.01953125
0 0.2828125 0.5546875 0.015625 0.01953125
0 0.3015625 0.55078125 0.015625 0.01953125
0 0.2859375 0.58203125 0.015625 0.01953125
0 0.265625 0.638671875 0.015625 0.01953125
0 0.253125 0.685546875 0.015625 0.01953125
0 0.26875 0.78125 0.015625 0.01953125
0 0.29375 0.88671875 0.015625 0.01953125
0 0.4578125 0.896484375 0.015625 0.01953125
0 0.5953125 0.90625 0.015625 0.01953125
0 0.6015625 0.994140625 0.015625 0.01953125
0 0.4796875 0.931640625 0.015625 0.01953125
0 0.396875 0.974609375 0.015625 0.01953125
0 0.290625 0.94140625 0.015625 0.01953125
0 0.265625 0.935546875 0.015625 0.01953125
0 0.271875 0.974609375 0.015625 0.01953125
0 0.128125 0.98046875 0.015625 0.01953125
0 0.1203125 0.953125 0.015625 0.01953125
0 0.084375 0.93359375 0.015625 0.01953125
0 0.0703125 0.974609375 0.015625 0.01953125
0 0.0796875 0.9609375 0.015625 0.01953125
0 0.0453125 0.96484375 0.015625 0.01953125
0 0.0375 0.943359375 0.015625 0.01953125
0 0.0546875 0.921875 0.015625 0.01953125
0 0.1625 0.873046875 0.015625 0.01953125
0 0.19375 0.908203125 0.015625 0.01953125
0 0.1140625 0.58984375 0.015625 0.01953125
0 0.0953125 0.572265625 0.015625 0.01953125
0 0.05625 0.7109375 0.015625 0.01953125
0 0.0546875 0.7109375 0.015625 0.01953125
0 0.034375 0.630859375 0.015625 0.01953125
0 0.0578125 0.6484375 0.015625 0.01953125
0 0.0421875 0.669921875 0.015625 0.01953125
0 0.040625 0.708984375 0.015625 0.01953125
0 0.2328125 0.375 0.015625 0.01953125
0 0.215625 0.3515625 0.015625 0.01953125
0 0.1375 0.447265625 0.015625 0.01953125
0 0.175 0.443359375 0.015625 0.01953125
0 0.1703125 0.42578125 0.015625 0.01953125
0 0.090625 0.490234375 0.015625 0.01953125
0 0.1046875 0.53125 0.015625 0.01953125
0 0.0921875 0.470703125 0.015625 0.01953125
0 0.025 0.498046875 0.015625 0.01953125
0 0.053125 0.470703125 0.015625 0.01953125
0 0.09375 0.388671875 0.015625 0.01953125
0 0.18125 0.30859375 0.015625 0.01953125
0 0.2046875 0.291015625 0.015625 0.01953125
0 0.2125 0.271484375 0.015625 0.01953125
0 0.2578125 0.26171875 0.015625 0.01953125
0 0.284375 0.283203125 0.015625 0.01953125
0 0.325 0.337890625 0.015625 0.01953125
0 0.303125 0.28125 0.015625 0.01953125
0 0.3234375 0.3046875 0.015625 0.01953125
0 0.3453125 0.314453125 0.015625 0.01953125
0 0.35 0.357421875 0.015625 0.01953125
0 0.371875 0.392578125 0.015625 0.01953125
0 0.3578125 0.423828125 0.015625 0.01953125
0 0.3234375 0.42578125 0.015625 0.01953125
0 0.3125 0.390625 0.015625 0.01953125
0 0.315625 0.369140625 0.015625 0.01953125
0 0.340625 0.380859375 0.015625 0.01953125
0 0.4359375 0.279296875 0.015625 0.01953125
0 0.4515625 0.271484375 0.015625 0.01953125
0 0.44375 0.23046875 0.015625 0.01953125
0 0.371875 0.037109375 0.015625 0.01953125
0 0.328125 0.109375 0.015625 0.01953125
0 0.2515625 0.21484375 0.015625 0.01953125
0 0.1375 0.240234375 0.015625 0.01953125
0 0.1609375 0.193359375 0.015625 0.01953125
0 0.171875 0.177734375 0.015625 0.01953125
0 0.0734375 0.41796875 0.015625 0.01953125
0 0.05625 0.44921875 0.015625 0.01953125
0 0.1171875 0.513671875 0.015625 0.01953125
0 0.6078125 0.005859375 0.015625 0.01953125
0 0.2703125 0.029296875 0.015625 0.01953125
0 0.94375 0.58984375 0.015625 0.01953125
0 0.8734375 0.560546875 0.015625 0.01953125
0 0.878125 0.64453125 0.015625 0.01953125
0 0.584375 0.6171875 0.015625 0.01953125
0 0.953125 0.625 0.015625 0.01953125
0 0.965625 0.60546875 0.015625 0.01953125
0 0.96875 0.642578125 0.015625 0.01953125
0 0.984375 0.6171875 0.015625 0.01953125
0 0.5703125 0.728515625 0.015625 0.01953125
0 0.621875 0.892578125 0.015625 0.01953125
