0 0.6015625 0.0390625 0.015625 0.01953125
0 0.603125 0.056640625 0.015625 0.01953125
0 0.6015625 0.080078125 0.015625 0.01953125
0 0.5828125 0.068359375 0.015625 0.01953125
0 0.5734375 0.037109375 0.015625 0.01953125
0 0.5515625 0.037109375 0.015625 0.01953125
0 0.546875 0.013671875 0.015625 0.01953125
0 0.528125 0.052734375 0.015625 0.01953125
0 0.50625 0.099609375 0.015625 0.01953125
0 0.5484375 0.09765625 0.015625 0.01953125
0 0.528125 0.13671875 0.015625 0.01953125
0 0.509375 0.138671875 0.015625 0.01953125
0 0.50625 0.154296875 0.015625 0.01953125
0 0.5 0.16796875 0.015625 0.01953125
0 0.5234375 0.171875 0.015625 0.01953125
0 0.5390625 0.15625 0.015625 0.01953125
0 0.5546875 0.150390625 0.015625 0.01953125
0 0.559375 0.1328125 0.015625 0.01953125
0 0.565625 0.11328125 0.015625 0.01953125
0 0.5765625 0.140625 0.015625 0.01953125
0 0.596875 0.146484375 0.015625 0.01953125
0 0.54375 0.27734375 0.015625 0.01953125
0 0.528125 0.28125 0.015625 0.01953125
0 0.50625 0.28515625 0.015625 0.01953125
0 0.5 0.298828125 0.015625 0.01953125
0 0.4734375 0.322265625 0.015625 0.01953125
0 0.4671875 0.34765625 0.015625 0.01953125
0 0.4859375 0.353515625 0.015625 0.01953125
0 0.4953125 0.34765625 0.015625 0.01953125
0 0.5296875 0.392578125 0.015625 0.01953125
0 0.5484375 0.37109375 0.015625 0.01953125
0 0.5609375 0.30078125 0.015625 0.01953125
0 0.5734375 0.29296875 0.015625 0.01953125
0 0.596875 0.294921875 0.015625 0.01953125
0 0.5828125 0.326171875 0.015625 0.01953125
0 0.5546875 0.3125 0.015625 0.01953125
0 0.5796875 0.2265625 0.015625 0.01953125
0 0.596875 0.228515625 0.015625 0.01953125
0 0.54375 0.23046875 0.015625 0.01953125
0 0.5125 0.23828125 0.015625 0.01953125
0 0.625 0.201171875 0.015625 0.01953125
0 0.6328125 0.28125 0.015625 0.01953125
0 0.646875 0.275390625 0.015625 0.01953125
0 0.6625 0.275390625 0.015625 0.01953125
0 0.684375 0.265625 0.015625 0.01953125
0 0.6984375 0.265625 0.015625 0.01953125
0 0.7109375 0.25390625 0.015625 0.01953125
0 0.7265625 0.248046875 0.015625 0.01953125
0 0.73125 0.2265625 0.015625 0.01953125
0 0.7390625 0.212890625 0.015625 0.01953125
0 0.75625 0.201171875 0.015625 0.01953125
0 0.715625 0.208984375 0.015625 0.01953125
0 0.70625 0.19140625 0.015625 0.01953125
0 0.7046875 0.17578125 0.015625 0.01953125
0 0.6953125 0.1875 0.015625 0.01953125
0 0.684375 0.220703125 0.015625 0.01953125
0 0.6671875 0.216796875 0.015625 0.01953125
0 0.6453125 0.1796875 0.015625 0.01953125
0 0.6765625 0.1796875 0.015625 0.01953125
0 0.728125 0.158203125 0.015625 0.01953125
0 0.7640625 0.126953125 0.015625 0.01953125
0 0.7640625 0.15234375 0.015625 0.01953125
0 0.775 0.10546875 0.015625 0.01953125
0 0.784375 0.091796875 0.015625 0.01953125
0 0.771875 0.07421875 0.015625 0.01953125
0 0.8296875 0.09375 0.015625 0.01953125
0 0.8140625 0.05859375 0.015625 0.01953125
0 0.80625 0.03125 0.015625 0.01953125
0 0.828125 0.05078125 0.015625 0.01953125
0 0.8390625 0.037109375 0.015625 0.01953125
0 0.85625 0.0390625 0.015625 0.01953125
0 0.865625 0.052734375 0.015625 0.01953125
0 0.853125 0.00390625 0.015625 0.01953125
0 0.875 0.001953125 0.015625 0.01953125
0 0.75625 0.072265625 0.015625 0.01953125
0 0.74375 0.0546875 0.015625 0.01953125
0 0.7234375 0.0625 0.015625 0.01953125
0 0.753125 0.033203125 0.015625 0.01953125
0 0.7625 0.00390625 0.015625 0.01953125
0 0.7 0.06640625 0.015625 0.01953125
0 0.7171875 0.10546875 0.015625 0.01953125
0 0.6921875 0.08984375 0.015625 0.01953125
0 0.709375 0.0390625 0.015625 0.01953125
0 0.634375 0.126953125 0.015625 0.01953125
0 0.609375 0.1171875 0.015625 0.01953125
0 0.609375 0.1328125 0.015625 0.01953125
0 0.6171875 0.099609375 0.015625 0.01953125
0 0.653125 0.107421875 0.015625 0.01953125
0 0.665625 0.091796875 0.015625 0.01953125
0 0.49375 0.013671875 0.015625 0.01953125
0 0.4859375 0.09375 0.015625 0.01953125
0 0.4515625 0.12890625 0.015625 0.01953125
0 0.45 0.10546875 0.015625 0.01953125
0 0.4203125 0.119140625 0.015625 0.01953125
0 0.409375 0.146484375 0.015625 0.01953125
0 0.3640625 0.162109375 0.015625 0.01953125
0 0.3390625 0.146484375 0.015625 0.01953125
0 0.3125 0.140625 0.015625 0.01953125
0 0.3265625 0.072265625 0.015625 0.01953125
0 0.3125 0.0859375 0.015625 0.01953125
0 0.3078125 0.06640625 0.015625 0.01953125
0 0.3203125 0.05078125 0.015625 0.01953125
0 0.30625 0.02734375 0.015625 0.01953125
0 0.303125 0.001953125 0.015625 0.01953125
0 0.246875 0.041015625 0.015625 0.01953125
0 0.2671875 0.11328125 0.015625 0.01953125
0 0.2453125 0.099609375 0.015625 0.01953125
0 0.4171875 0.404296875 0.015625 0.01953125
0 0.4234375 0.42578125 0.015625 0.01953125
0 0.4109375 0.361328125 0.015625 0.01953125
0 0.4203125 0.33984375 0.015625 0.01953125
0 0.4375 0.357421875 0.015625 0.01953125
0 0.3734375 0.40234375 0.015625 0.01953125
0 0.3640625 0.4296875 0.015625 0.01953125
0 0.3453125 0.462890625 0.015625 0.01953125
0 0.4 0.455078125 0.015625 0.01953125
0 0.41875 0.486328125 0.015625 0.01953125
0 0.3875 0.421875 0.015625 0.01953125
0 0.4359375 0.537109375 0.015625 0.01953125
0 0.4546875 0.537109375 0.015625 0.01953125
0 0.584375 0.427734375 0.015625 0.01953125
0 0.5796875 0.36328125 0.015625 0.01953125
0 0.6078125 0.35546875 0.015625 0.01953125
0 0.615625 0.318359375 0.015625 0.01953125
0 0.6375 0.298828125 0.015625 0.01953125
0 0.678125 0.322265625 0.015625 0.01953125
0 0.753125 0.375 0.015625 0.01953125
0 0.815625 0.34765625 0.015625 0.01953125
0 0.8234375 0.283203125 0.015625 0.01953125
0 0.8390625 0.2578125 0.015625 0.01953125
0 0.859375 0.2265625 0.015625 0.01953125
0 0.853125 0.173828125 0.015625 0.01953125
0 0.9484375 0.251953125 0.015625 0.01953125
0 0.8671875 0.287109375 0.015625 0.01953125
0 0.8515625 0.294921875 0.015625 0.01953125
0 0.859375 0.359375 0.015625 0.01953125
0 0.834375 0.375 0.015625 0.01953125
0 0.8859375 0.359375 0.015625 0.01953125
0 0.8921875 0.478515625 0.015625 0.01953125
0 0.9734375 0.501953125 0.015625 0.01953125
0 0.9921875 0.791015625 0.015625 0.01953125
0 0.84375 0.63671875 0.015625 0.01953125
0 0.7921875 0.7109375 0.015625 0.01953125
0 0.7328125 0.509765625 0.015625 0.01953125
0 0.7046875 0.552734375 0.015625 0.01953125
0 0.7015625 0.5703125 0.015625 0.01953125
0 0.6859375 0.55078125 0.015625 0.01953125
0 0.6671875 0.544921875 0.015625 0.01953125
0 0.665625 0.67578125 0.015625 0.01953125
0 0.6828125 0.677734375 0.015625 0.01953125
0 0.696875 0.6875 0.015625 0.01953125
0 0.6703125 0.728515625 0.015625 0.01953125
0 0.746875 0.7734375 0.015625 0.01953125
0 0.66875 0.8125 0.015625 0.01953125
0 0.678125 0.8359375 0.015625 0.01953125
0 0.7078125 0.9375 0.015625 0.01953125
0 0.625 0.951171875 0.015625 0.01953125
0 0.634375 0.984375 0.015625 0.01953125
0 0.4796875 0.955078125 0.015625 0.01953125
0 0.484375 0.876953125 0.015625 0.01953125
0 0.5328125 0.826171875 0.015625 0.01953125
0 0.5 0.712890625 0.015625 0.01953125
0 0.5515625 0.64453125 0.015625 0.01953125
0 0.6296875 0.634765625 0.015625 0.01953125
0 0.5203125 0.58984375 0.015625 0.01953125
0 0.5109375 0.556640625 0.015625 0.01953125
0 0.396875 0.5703125 0.015625 0.01953125
0 0.378125 0.587890625 0.015625 0.01953125
0 0.3671875 0.578125 0.015625 0.01953125
0 0.3609375 0.603515625 0.015625 0.01953125
0 0.3609375 0.685546875 0.015625 0.01953125
0 0.3640625 0.7109375 0.015625 0.01953125
0 0.3765625 0.771484375 0.015625 0.01953125
0 0.253125 0.853515625 0.015625 0.01953125
0 0.265625 0.87890625 0.015625 0.01953125
0 0.3234375 0.984375 0.015625 0.01953125
0 0.215625 0.783203125 0.015625 0.01953125
0 0.246875 0.728515625 0.015625 0.01953125
0 0.2046875 0.642578125 0.015625 0.01953125
0 0.2578125 0.5703125 0.015625 0.01953125
0 0.228125 0.564453125 0.015625 0.01953125
0 0.2359375 0.546875 0.015625 0.01953125
0 0.2203125 0.591796875 0.015625 0.01953125
0 0.225 0.630859375 0.015625 0.01953125
0 0.2890625 0.62109375 0.015625 0.01953125
0 0.296875 0.591796875 0.015625 0.01953125
0 0.3015625 0.669921875 0.015625 0.01953125
0 0.303125 0.64453125 0.015625 0.01953125
0 0.25625 0.67578125 0.015625 0.01953125
0 0.2953125 0.703125 0.015625 0.01953125
0 0.2796875 0.72265625 0.015625 0.01953125
0 0.34375 0.677734375 0.015625 0.01953125
0 0.26875 0.427734375 0.015625 0.01953125
0 0.2953125 0.416015625 0.015625 0.01953125
0 0.26875 0.470703125 0.015625 0.01953125
0 0.253125 0.5 0.015625 0.01953125
0 0.2578125 0.521484375 0.015625 0.01953125
0 0.234375 0.484375 0.015625 0.01953125
0 0.2109375 0.50390625 0.015625 0.01953125
0 0.1875 0.482421875 0.015625 0.01953125
0 0.209375 0.45703125 0.015625 0.01953125
0 0.209375 0.421875 0.015625 0.01953125
0 0.2203125 0.404296875 0.015625 0.01953125
0 0.271875 0.3125 0.015625 0.01953125
0 0.2953125 0.314453125 0.015625 0.01953125
0 0.3171875 0.310546875 0.015625 0.01953125
0 0.365625 0.28515625 0.015625 0.01953125
0 0.3578125 0.240234375 0.015625 0.01953125
0 0.2546875 0.263671875 0.015625 0.01953125
0 0.146875 0.12109375 0.015625 0.01953125
0 0.0859375 0.20703125 0.015625 0.01953125
0 0.1671875 0.0390625 0.015625 0.01953125
0 0.0671875 0.353515625 0.015625 0.01953125
0 0.0484375 0.421875 0.015625 0.01953125
0 0.0375 0.470703125 0.015625 0.01953125
0 0.0265625 0.466796875 0.015625 0.01953125
0 0.078125 0.4765625 0.015625 0.01953125
0 0.1015625 0.5078125 0.015625 0.01953125
0 0.09375 0.3828125 0.015625 0.01953125
0 0.11875 0.3828125 0.015625 0.01953125
0 0.171875 0.390625 0.015625 0.01953125
0 0.1765625 0.41796875 0.015625 0.01953125
0 0.19375 0.396484375 0.015625 0.01953125
0 0.171875 0.45703125 0.015625 0.01953125
0 0.0625 0.7578125 0.015625 0.01953125
0 0.0265625 0.751953125 0.015625 0.01953125
0 0.040625 0.755859375 0.015625 0.01953125
0 0.03125 0.703125 0.015625 0.01953125
0 0.01875 0.708984375 0.015625 0.01953125
0 0.01875 0.873046875 0.015625 0.01953125
0 0.034375 0.873046875 0.015625 0.01953125
0 0.0546875 0.876953125 0.015625 0.01953125
0 0.040625 0.927734375 0.015625 0.01953125
0 0.0 0.841796875 0.015625 0.01953125
0 0.01875 0.833984375 0.015625 0.01953125
0 0.0421875 0.833984375 0.015625 0.01953125
0 0.009375 0.8125 0.015625 0.01953125
0 0.9609375 0.06640625 0.015625 0.01953125
0 0.9953125 0.0546875 0.015625 0.01953125
0 0.6390625 0.0546875 0.015625 0.01953125
0 0.634375 0.03125 0.015625 0.01953125
0 0.65625 0.01171875 0.015625 0.01953125
0 0.6234375 0.005859375 0.015625 0.01953125
0 0.590625 0.1875 0.015625 0.01953125
0 0.45 0.240234375 0.015625 0.01953125
0 0.4515625 0.20703125 0.015625 0.01953125
0 0.69375 0.138671875 0.015625 0.01953125
0 0.3328125 0.490234375 0.015625 0.01953125
0 0.3203125 0.47265625 0.015625 0.01953125
0 0.4140625 0.44921875 0.015625 0.01953125
0 0.446875 0.328125 0.015625 0.01953125
0 0.43125 0.310546875 0.015625 0.01953125
0 0.4484375 0.298828125 0.015625 0.01953125
0 0.4875 0.26171875 0.015625 0.01953125
0 0.3734375 0.271484375 0.015625 0.01953125
0 0.35 0.3046875 0.015625 0.01953125
0 0.3125 0.408203125 0.015625 0.01953125
0 0.0796875 0.341796875 0.015625 0.01953125
0 0.421875 0.2265625 0.015625 0.01953125
0 0.3984375 0.25 0.015625 0.01953125
0 0.471875 0.181640625 0.015625 0.01953125
0 0.4515625 0.185546875 0.015625 0.01953125
0 0.4328125 0.203125 0.015625 0.01953125
0 0.221875 0.671875 0.015625 0.01953125
