0 0.225 0.025390625 0.015625 0.01953125
0 0.2375 0.029296875 0.015625 0.01953125
0 0.24375 0.044921875 0.015625 0.01953125
0 0.2625 0.017578125 0.015625 0.01953125
0 0.275 0.017578125 0.015625 0.01953125
0 0.2828125 0.033203125 0.015625 0.01953125
0 0.2625 0.046875 0.015625 0.01953125
0 0.290625 0.064453125 0.015625 0.01953125
0 0.3078125 0.0234375 0.015625 0.01953125
0 0.325 0.025390625 0.015625 0.01953125
0 0.3171875 0.091796875 0.015625 0.01953125
0 0.3359375 0.09375 0.015625 0.01953125
0 0.3625 0.109375 0.015625 0.01953125
0 0.3984375 0.083984375 0.015625 0.01953125
0 0.3765625 0.05859375 0.015625 0.01953125
0 0.3484375 0.001953125 0.015625 0.01953125
0 0.2203125 0.07421875 0.015625 0.01953125
0 0.2359375 0.083984375 0.015625 0.01953125
0 0.2140625 0.126953125 0.015625 0.01953125
0 0.1921875 0.138671875 0.015625 0.01953125
0 0.184375 0.162109375 0.015625 0.01953125
0 0.171875 0.173828125 0.015625 0.01953125
0 0.1671875 0.1484375 0.015625 0.01953125
0 0.14375 0.103515625 0.015625 0.01953125
0 0.2828125 0.15234375 0.015625 0.01953125
0 0.275 0.169921875 0.015625 0.01953125
0 0.3609375 0.1328125 0.015625 0.01953125
0 0.375 0.208984375 0.015625 0.01953125
0 0.3765625 0.177734375 0.015625 0.01953125
0 0.365625 0.154296875 0.015625 0.01953125
0 0.43125 0.07421875 0.015625 0.01953125
0 0.4140625 0.041015625 0.015625 0.01953125
0 0.403125 0.048828125 0.015625 0.01953125
0 0.3875 0.033203125 0.015625 0.01953125
0 0.3921875 0.01171875 0.015625 0.01953125
0 0.4625 0.078125 0.015625 0.01953125
0 0.4734375 0.052734375 0.015625 0.01953125
0 0.48125 0.0390625 0.015625 0.01953125
0 0.4703125 0.10546875 0.015625 0.01953125
0 0.49375 0.166015625 0.015625 0.01953125
0 0.484375 0.201171875 0.015625 0.01953125
0 0.49375 0.18359375 0.015625 0.01953125
0 0.4875 0.138671875 0.015625 0.01953125
0 0.4796875 0.119140625 0.015625 0.01953125
0 0.3265625 0.212890625 0.015625 0.01953125
0 0.2578125 0.220703125 0.015625 0.01953125
0 0.2734375 0.2265625 0.015625 0.01953125
0 0.2875 0.21875 0.015625 0.01953125
0 0.2375 0.201171875 0.015625 0.01953125
0 0.2234375 0.212890625 0.015625 0.01953125
0 0.1875 0.2109375 0.015625 0.01953125
0 0.1671875 0.240234375 0.015625 0.01953125
0 0.1421875 0.21484375 0.015625 0.01953125
0 0.1296875 0.23828125 0.015625 0.01953125
0 0.10625 0.2265625 0.015625 0.01953125
0 0.090625 0.255859375 0.015625 0.01953125
0 0.06875 0.236328125 0.015625 0.01953125
0 0.071875 0.28125 0.015625 0.01953125
0 0.0828125 0.28125 0.015625 0.01953125
0 0.1953125 0.3125 0.015625 0.01953125
0 0.2265625 0.265625 0.015625 0.01953125
0 0.2359375 0.2421875 0.015625 0.01953125
0 0.2796875 0.28125 0.015625 0.01953125
0 0.3078125 0.29296875 0.015625 0.01953125
0 0.328125 0.30859375 0.015625 0.01953125
0 0.3234375 0.236328125 0.015625 0.01953125
0 0.2796875 0.322265625 0.015625 0.01953125
0 0.0640625 0.380859375 0.015625 0.01953125
0 0.0828125 0.45703125 0.015625 0.01953125
0 0.1 0.45703125 0.015625 0.01953125
0 0.1 0.48046875 0.015625 0.01953125
0 0.1125 0.482421875 0.015625 0.01953125
0 0.03125 0.470703125 0.015625 0.01953125
0 0.015625 0.46875 0.015625 0.01953125
0 0.0109375 0.484375 0.015625 0.01953125
0 0.0265625 0.494140625 0.015625 0.01953125
0 0.153125 0.52734375 0.015625 0.01953125
0 0.1609375 0.533203125 0.015625 0.01953125
0 0.140625 0.546875 0.015625 0.01953125
0 0.2359375 0.48046875 0.015625 0.01953125
0 0.2453125 0.48046875 0.015625 0.01953125
0 0.2546875 0.44921875 0.015625 0.01953125
0 0.2890625 0.427734375 0.015625 0.01953125
0 0.3 0.486328125 0.015625 0.01953125
0 0.3171875 0.4296875 0.015625 0.01953125
0 0.325 0.4296875 0.015625 0.01953125
0 0.346875 0.421875 0.015625 0.01953125
0 0.321875 0.375 0.015625 0.01953125
0 0.3296875 0.3671875 0.015625 0.01953125
0 0.290625 0.37890625 0.015625 0.01953125
0 0.365625 0.369140625 0.015625 0.01953125
0 0.36875 0.396484375 0.015625 0.01953125
0 0.409375 0.328125 0.015625 0.01953125
0 0.3765625 0.306640625 0.015625 0.01953125
0 0.3625 0.318359375 0.015625 0.01953125
0 0.4203125 0.25390625 0.015625 0.01953125
0 0.4359375 0.294921875 0.015625 0.01953125
0 0.4734375 0.26953125 0.015625 0.01953125
0 0.4125 0.396484375 0.015625 0.01953125
0 0.4078125 0.373046875 0.015625 0.01953125
0 0.35 0.48046875 0.015625 0.01953125
0 0.34375 0.4453125 0.015625 0.01953125
0 0.3 0.513671875 0.015625 0.01953125
0 0.2796875 0.513671875 0.015625 0.01953125
0 0.275 0.541015625 0.015625 0.01953125
0 0.2671875 0.5703125 0.015625 0.01953125
0 0.2640625 0.607421875 0.015625 0.01953125
0 0.3046875 0.5546875 0.015625 0.01953125
0 0.4453125 0.193359375 0.015625 0.01953125
0 0.446875 0.216796875 0.015625 0.01953125
0 0.4578125 0.240234375 0.015625 0.01953125
0 0.0109375 0.34375 0.015625 0.01953125
0 0.0125 0.32421875 0.015625 0.01953125
0 0.0234375 0.314453125 0.015625 0.01953125
0 0.0265625 0.2890625 0.015625 0.01953125
0 0.1390625 0.41796875 0.015625 0.01953125
0 0.134375 0.3671875 0.015625 0.01953125
0 0.1546875 0.375 0.015625 0.01953125
0 0.175 0.470703125 0.015625 0.01953125
0 0.2046875 0.40234375 0.015625 0.01953125
0 0.2265625 0.390625 0.015625 0.01953125
0 0.23125 0.541015625 0.015625 0.01953125
0 0.2203125 0.55859375 0.015625 0.01953125
0 0.228125 0.625 0.015625 0.01953125
0 0.2515625 0.64453125 0.015625 0.01953125
0 0.2484375 0.666015625 0.015625 0.01953125
0 0.19375 0.685546875 0.015625 0.01953125
0 0.1703125 0.72265625 0.015625 0.01953125
0 0.1375 0.701171875 0.015625 0.01953125
0 0.19375 0.72265625 0.015625 0.01953125
0 0.0703125 0.595703125 0.015625 0.01953125
0 0.0578125 0.5546875 0.015625 0.01953125
0 0.046875 0.521484375 0.015625 0.01953125
0 0.425 0.33984375 0.015625 0.01953125
0 0.446875 0.322265625 0.015625 0.01953125
0 0.484375 0.314453125 0.015625 0.01953125
0 0.48125 0.359375 0.015625 0.01953125
0 0.5015625 0.341796875 0.015625 0.01953125
0 0.5140625 0.333984375 0.015625 0.01953125
0 0.5015625 0.365234375 0.015625 0.01953125
0 0.2421875 0.81640625 0.015625 0.01953125
0 0.215625 0.84765625 0.015625 0.01953125
0 0.13125 0.849609375 0.015625 0.01953125
0 0.1296875 0.86328125 0.015625 0.01953125
0 0.128125 0.900390625 0.015625 0.01953125
0 0.1609375 0.880859375 0.015625 0.01953125
0 0.13125 0.93359375 0.015625 0.01953125
0 0.15625 0.9609375 0.015625 0.01953125
0 0.19375 0.947265625 0.015625 0.01953125
0 0.16875 0.91796875 0.015625 0.01953125
0 0.2046875 0.9140625 0.015625 0.01953125
0 0.0546875 0.904296875 0.015625 0.01953125
0 0.1015625 0.88671875 0.015625 0.01953125
0 0.084375 0.884765625 0.015625 0.01953125
0 0.015625 0.98046875 0.015625 0.01953125
0 0.0015625 0.98828125 0.015625 0.01953125
0 0.028125 0.927734375 0.015625 0.01953125
0 0.0109375 0.89453125 0.015625 0.01953125
0 0.2265625 0.916015625 0.015625 0.01953125
0 0.2375 0.93359375 0.015625 0.01953125
0 0.2484375 0.951171875 0.015625 0.01953125
0 0.2734375 0.98828125 0.015625 0.01953125
0 0.240625 0.986328125 0.015625 0.01953125
0 0.309375 0.984375 0.015625 0.01953125
0 0.3015625 0.833984375 0.015625 0.01953125
0 0.540625 0.958984375 0.015625 0.01953125
0 0.5578125 0.9609375 0.015625 0.01953125
0 0.5390625 0.876953125 0.015625 0.01953125
0 0.5328125 0.83984375 0.015625 0.01953125
0 0.5328125 0.822265625 0.015625 0.01953125
0 0.496875 0.80859375 0.015625 0.01953125
0 0.8078125 0.7734375 0.015625 0.01953125
0 0.365625 0.61328125 0.015625 0.01953125
0 0.50625 0.650390625 0.015625 0.01953125
0 0.59375 0.71875 0.015625 0.01953125
0 0.6078125 0.712890625 0.015625 0.01953125
0 0.6171875 0.64453125 0.015625 0.01953125
0 0.6671875 0.626953125 0.015625 0.01953125
0 0.721875 0.69921875 0.015625 0.01953125
0 0.875 0.591796875 0.015625 0.01953125
0 0.890625 0.568359375 0.015625 0.01953125
0 0.89375 0.55078125 0.015625 0.01953125
0 0.9484375 0.546875 0.015625 0.01953125
0 0.9625 0.5234375 0.015625 0.01953125
0 0.9546875 0.53515625 0.015625 0.01953125
0 0.959375 0.376953125 0.015625 0.01953125
0 0.69375 0.283203125 0.015625 0.01953125
0 0.7578125 0.25 0.015625 0.01953125
0 0.8671875 0.1796875 0.015625 0.01953125
0 0.975 0.0234375 0.015625 0.01953125
0 0.890625 0.39453125 0.015625 0.01953125
0 0.8296875 0.4140625 0.015625 0.01953125
0 0.746875 0.427734375 0.015625 0.01953125
0 0.7640625 0.42578125 0.015625 0.01953125
0 0.7578125 0.396484375 0.015625 0.01953125
0 0.7421875 0.4765625 0.015625 0.01953125
0 0.6359375 0.490234375 0.015625 0.01953125
0 0.628125 0.572265625 0.015625 0.01953125
0 0.5921875 0.54296875 0.015625 0.01953125
0 0.546875 0.490234375 0.015625 0.01953125
0 0.5625 0.482421875 0.015625 0.01953125
0 0.5203125 0.017578125 0.015625 0.01953125
0 0.5484375 0.033203125 0.015625 0.01953125
0 0.54375 0.052734375 0.015625 0.01953125
0 0.5546875 0.091796875 0.015625 0.01953125
0 0.59375 0.1953125 0.015625 0.01953125
0 0.646875 0.1875 0.015625 0.01953125
0 0.6578125 0.17578125 0.015625 0.01953125
0 0.665625 0.125 0.015625 0.01953125
0 0.721875 0.041015625 0.015625 0.01953125
0 0.7375 0.017578125 0.015625 0.01953125
0 0.771875 0.03125 0.015625 0.01953125
0 0.55625 0.26953125 0.015625 0.01953125
0 0.540625 0.2265625 0.015625 0.01953125
0 0.54375 0.201171875 0.015625 0.01953125
0 0.534375 0.26171875 0.015625 0.01953125
0 0.6203125 0.873046875 0.015625 0.01953125
0 0.6890625 0.833984375 0.015625 0.01953125
0 0.703125 0.822265625 0.015625 0.01953125
0 0.715625 0.8125 0.015625 0.01953125
0 0.71875 0.87109375 0.015625 0.01953125
0 0.8484375 0.841796875 0.015625 0.01953125
0 0.8890625 0.9765625 0.015625 0.01953125
0 0.5796875 0.318359375 0.015625 0.01953125
0 0.5546875 0.11328125 0.015625 0.01953125
0 0.55625 0.142578125 0.015625 0.01953125
0 0.5703125 0.05078125 0.015625 0.01953125
0 0.5921875 0.03125 0.015625 0.01953125
0 0.5703125 0.095703125 0.015625 0.01953125
0 0.5796875 0.0078125 0.015625 0.01953125
0 0.290625 0.85546875 0.015625 0.01953125
0 0.309375 0.869140625 0.015625 0.01953125
0 0.421875 0.83984375 0.015625 0.01953125
0 0.309375 0.69140625 0.015625 0.01953125
0 0.4421875 0.53125 0.015625 0.01953125
0 0.459375 0.5234375 0.015625 0.01953125
0 0.403125 0.537109375 0.015625 0.01953125
0 0.4515625 0.40234375 0.015625 0.01953125
0 0.4203125 0.458984375 0.015625 0.01953125
0 0.4421875 0.470703125 0.015625 0.01953125
0 0.375 0.55859375 0.015625 0.01953125
0 0.3328125 0.63671875 0.015625 0.01953125
0 0.40625 0.498046875 0.015625 0.01953125
0 0.390625 0.625 0.015625 0.01953125
