0 0.15625 0.03125 0.015625 0.01953125
0 0.1875 0.02734375 0.015625 0.01953125
0 0.2 0.001953125 0.015625 0.01953125
0 0.1765625 0.05859375 0.015625 0.01953125
0 0.1390625 0.078125 0.015625 0.01953125
0 0.11875 0.1015625 0.015625 0.01953125
0 0.090625 0.1015625 0.015625 0.01953125
0 0.0609375 0.138671875 0.015625 0.01953125
0 0.065625 0.1640625 0.015625 0.01953125
0 0.0046875 0.1796875 0.015625 0.01953125
0 0.1625 0.11328125 0.015625 0.01953125
0 0.1609375 0.087890625 0.015625 0.01953125
0 0.2015625 0.05859375 0.015625 0.01953125
0 0.2203125 0.064453125 0.015625 0.01953125
0 0.28125 0.005859375 0.015625 0.01953125
0 0.2671875 0.0859375 0.015625 0.01953125
0 0.290625 0.091796875 0.015625 0.01953125
0 0.2671875 0.138671875 0.015625 0.01953125
0 0.2375 0.173828125 0.015625 0.01953125
0 0.2515625 0.189453125 0.015625 0.01953125
0 0.2640625 0.189453125 0.015625 0.01953125
0 0.2109375 0.119140625 0.015625 0.01953125
0 0.215625 0.146484375 0.015625 0.01953125
0 0.1921875 0.173828125 0.015625 0.01953125
0 0.371875 0.080078125 0.015625 0.01953125
0 0.36875 0.09375 0.015625 0.01953125
0 0.321875 0.09375 0.015625 0.01953125
0 0.334375 0.091796875 0.015625 0.01953125
0 0.3171875 0.138671875 0.015625 0.01953125
0 0.309375 0.16015625 0.015625 0.01953125
0 0.3609375 0.15234375 0.015625 0.01953125
0 0.3125 0.21875 0.015625 0.01953125
0 0.3546875 0.232421875 0.015625 0.01953125
0 0.4 0.1796875 0.015625 0.01953125
0 0.4328125 0.166015625 0.015625 0.01953125
0 0.334375 0.27734375 0.015625 0.01953125
0 0.303125 0.28125 0.015625 0.01953125
0 0.2734375 0.283203125 0.015625 0.01953125
0 0.215625 0.333984375 0.015625 0.01953125
0 0.234375 0.322265625 0.015625 0.01953125
0 0.2515625 0.294921875 0.015625 0.01953125
0 0.221875 0.24609375 0.015625 0.01953125
0 0.10625 0.22265625 0.015625 0.01953125
0 0.1234375 0.23828125 0.015625 0.01953125
0 0.128125 0.279296875 0.015625 0.01953125
0 0.05625 0.259765625 0.015625 0.01953125
0 0.040625 0.248046875 0.015625 0.01953125
0 0.09375 0.3359375 0.015625 0.01953125
0 0.1015625 0.34765625 0.015625 0.01953125
0 0.1140625 0.3515625 0.015625 0.01953125
0 0.1234375 0.40234375 0.015625 0.01953125
0 0.1375 0.416015625 0.015625 0.01953125
0 0.01875 0.37890625 0.015625 0.01953125
0 0.0375 0.3828125 0.015625 0.01953125
0 0.0453125 0.42578125 0.015625 0.01953125
0 0.0234375 0.44921875 0.015625 0.01953125
0 0.1734375 0.255859375 0.015625 0.01953125
0 0.1875 0.251953125 0.015625 0.01953125
0 0.1609375 0.30078125 0.015625 0.01953125
0 0.19375 0.29296875 0.015625 0.01953125
0 0.171875 0.314453125 0.015625 0.01953125
0 0.425 0.04296875 0.015625 0.01953125
0 0.4390625 0.05859375 0.015625 0.01953125
0 0.4453125 0.072265625 0.015625 0.01953125
0 0.465625 0.072265625 0.015625 0.01953125
0 0.4859375 0.017578125 0.015625 0.01953125
0 0.359375 0.00390625 0.015625 0.01953125
0 0.375 0.00390625 0.015625 0.01953125
0 0.340625 0.01171875 0.015625 0.01953125
0 0.3453125 0.03515625 0.015625 0.01953125
0 0.371875 0.029296875 0.015625 0.01953125
0 0.196875 0.4140625 0.015625 0.01953125
0 0.2109375 0.41796875 0.015625 0.01953125
0 0.1734375 0.55078125 0.015625 0.01953125
0 0.1234375 0.568359375 0.015625 0.01953125
0 0.1578125 0.583984375 0.015625 0.01953125
0 0.171875 0.591796875 0.015625 0.01953125
0 0.7015625 0.056640625 0.015625 0.01953125
0 0.7625 0.10546875 0.015625 0.01953125
0 0.875 0.017578125 0.015625 0.01953125
0 0.7609375 0.236328125 0.015625 0.01953125
0 0.7578125 0.28125 0.015625 0.01953125
0 0.8234375 0.40234375 0.015625 0.01953125
0 0.9671875 0.439453125 0.015625 0.01953125
0 0.971875 0.455078125 0.015625 0.01953125
0 0.809375 0.63671875 0.015625 0.01953125
0 0.81875 0.64453125 0.015625 0.01953125
0 0.890625 0.642578125 0.015625 0.01953125
0 0.909375 0.640625 0.015625 0.01953125
0 0.71875 0.6796875 0.015625 0.01953125
0 0.7046875 0.68359375 0.015625 0.01953125
0 0.6890625 0.708984375 0.015625 0.01953125
0 0.7234375 0.736328125 0.015625 0.01953125
0 0.5390625 0.830078125 0.015625 0.01953125
0 0.5546875 0.828125 0.015625 0.01953125
0 0.553125 0.810546875 0.015625 0.01953125
0 0.640625 0.66796875 0.015625 0.01953125
0 0.503125 0.689453125 0.015625 0.01953125
0 0.4828125 0.671875 0.015625 0.01953125
0 0.5171875 0.685546875 0.015625 0.01953125
0 0.5796875 0.607421875 0.015625 0.01953125
0 0.6125 0.5 0.015625 0.01953125
0 0.578125 0.529296875 0.015625 0.01953125
0 0.503125 0.509765625 0.015625 0.01953125
0 0.5796875 0.439453125 0.015625 0.01953125
0 0.6078125 0.44921875 0.015625 0.01953125
0 0.6328125 0.34765625 0.015625 0.01953125
0 0.65 0.47265625 0.015625 0.01953125
0 0.6734375 0.20703125 0.015625 0.01953125
0 0.54375 0.34765625 0.015625 0.01953125
0 0.559375 0.34375 0.015625 0.01953125
0 0.51875 0.169921875 0.015625 0.01953125
0 0.521875 0.10546875 0.015625 0.01953125
0 0.540625 0.07421875 0.015625 0.01953125
0 0.5171875 0.052734375 0.015625 0.01953125
0 0.58125 0.01171875 0.015625 0.01953125
0 0.6078125 0.0234375 0.015625 0.01953125
0 0.55625 0.015625 0.015625 0.01953125
0 0.5671875 0.03125 0.015625 0.01953125
0 0.5796875 0.037109375 0.015625 0.01953125
0 0.9625 0.900390625 0.015625 0.01953125
0 0.8703125 0.955078125 0.015625 0.01953125
0 0.8609375 0.982421875 0.015625 0.01953125
0 0.821875 0.9765625 0.015625 0.01953125
0 0.6921875 0.986328125 0.015625 0.01953125
0 0.5328125 0.74609375 0.015625 0.01953125
0 0.40625 0.916015625 0.015625 0.01953125
0 0.2265625 0.689453125 0.015625 0.01953125
0 0.234375 0.537109375 0.015625 0.01953125
0 0.2359375 0.517578125 0.015625 0.01953125
0 0.203125 0.4765625 0.015625 0.01953125
0 0.246875 0.466796875 0.015625 0.01953125
0 0.240625 0.423828125 0.015625 0.01953125
0 0.265625 0.396484375 0.015625 0.01953125
0 0.2828125 0.345703125 0.015625 0.01953125
0 0.0796875 0.078125 0.015625 0.01953125
0 0.0734375 0.11328125 0.015625 0.01953125
0 0.128125 0.052734375 0.015625 0.01953125
0 0.2953125 0.021484375 0.015625 0.01953125
0 0.3171875 0.2890625 0.015625 0.01953125
0 0.0890625 0.30078125 0.015625 0.01953125
0 0.0671875 0.28125 0.015625 0.01953125
0 0.1078125 0.71875 0.015625 0.01953125
0 0.1921875 0.71875 0.015625 0.01953125
0 0.2171875 0.759765625 0.015625 0.01953125
0 0.2171875 0.791015625 0.015625 0.01953125
0 0.221875 0.8046875 0.015625 0.01953125
0 0.234375 0.8203125 0.015625 0.01953125
0 0.19375 0.787109375 0.015625 0.01953125
0 0.171875 0.79296875 0.015625 0.01953125
0 0.153125 0.783203125 0.015625 0.01953125
0 0.128125 0.7578125 0.015625 0.01953125
0 0.10625 0.767578125 0.015625 0.01953125
0 0.1171875 0.802734375 0.015625 0.01953125
0 0.1296875 0.826171875 0.015625 0.01953125
0 0.0875 0.732421875 0.015625 0.01953125
0 0.0484375 0.78125 0.015625 0.01953125
0 0.03125 0.77734375 0.015625 0.01953125
0 0.021875 0.796875 0.015625 0.01953125
0 0.0109375 0.798828125 0.015625 0.01953125
0 0.0296875 0.892578125 0.015625 0.01953125
0 0.059375 0.9140625 0.015625 0.01953125
0 0.075 0.91015625 0.015625 0.01953125
0 0.225 0.85546875 0.015625 0.01953125
0 0.225 0.8828125 0.015625 0.01953125
0 0.225 0.90234375 0.015625 0.01953125
0 0.23125 0.970703125 0.015625 0.01953125
0 0.2578125 0.986328125 0.015625 0.01953125
0 0.25 0.9453125 0.015625 0.01953125
0 0.2578125 0.86328125 0.015625 0.01953125
0 0.3015625 0.853515625 0.015625 0.01953125
0 0.334375 0.927734375 0.015625 0.01953125
0 0.3046875 0.88671875 0.015625 0.01953125
0 0.3546875 0.478515625 0.015625 0.01953125
0 0.371875 0.521484375 0.015625 0.01953125
0 0.39375 0.3984375 0.015625 0.01953125
0 0.44375 0.255859375 0.015625 0.01953125
0 0.515625 0.271484375 0.015625 0.01953125
0 0.5015625 0.232421875 0.015625 0.01953125
0 0.4734375 0.244140625 0.015625 0.01953125
0 0.3359375 0.548828125 0.015625 0.01953125
0 0.7765625 0.328125 0.015625 0.01953125
0 0.846875 0.240234375 0.015625 0.01953125
0 0.834375 0.201171875 0.015625 0.01953125
0 0.99375 0.25 0.015625 0.01953125
0 0.3484375 0.98828125 0.015625 0.01953125
0 0.3515625 0.966796875 0.015625 0.01953125
0 0.0625 0.765625 0.015625 0.01953125
0 0.4828125 0.220703125 0.015625 0.01953125
0 0.4375 0.390625 0.015625 0.01953125
0 0.4265625 0.408203125 0.015625 0.01953125
0 0.4625 0.388671875 0.015625 0.01953125
0 0.4125 0.3203125 0.015625 0.01953125
0 0.43125 0.31640625 0.015625 0.01953125
0 0.3125 0.544921875 0.015625 0.01953125
0 0.6734375 0.578125 0.015625 0.01953125
0 0.659375 0.5625 0.015625 0.01953125
0 0.075 0.8828125 0.015625 0.01953125
0 0.0640625 0.89453125 0.015625 0.01953125
