0 0.1921875 0.8671875 0.015625 0.01953125
0 0.1953125 0.845703125 0.015625 0.01953125
0 0.1703125 0.814453125 0.015625 0.01953125
0 0.159375 0.78515625 0.015625 0.01953125
0 0.15 0.767578125 0.015625 0.01953125
0 0.140625 0.73828125 0.015625 0.01953125
0 0.253125 0.79296875 0.015625 0.01953125
0 0.2640625 0.591796875 0.015625 0.01953125
0 0.275 0.5703125 0.015625 0.01953125
0 0.3296875 0.556640625 0.015625 0.01953125
0 0.3546875 0.56640625 0.015625 0.01953125
0 0.3625 0.5859375 0.015625 0.01953125
0 0.3828125 0.69921875 0.015625 0.01953125
0 0.4 0.7109375 0.015625 0.01953125
0 0.3953125 0.68359375 0.015625 0.01953125
0 0.1296875 0.615234375 0.015625 0.01953125
0 0.134375 0.578125 0.015625 0.01953125
0 0.1390625 0.53125 0.015625 0.01953125
0 0.128125 0.5078125 0.015625 0.01953125
0 0.15 0.435546875 0.015625 0.01953125
0 0.1546875 0.408203125 0.015625 0.01953125
0 0.1484375 0.369140625 0.015625 0.01953125
0 0.171875 0.373046875 0.015625 0.01953125
0 0.19375 0.3515625 0.015625 0.01953125
0 0.215625 0.384765625 0.015625 0.01953125
0 0.228125 0.3671875 0.015625 0.01953125
0 0.1875 0.30078125 0.015625 0.01953125
0 0.2125 0.294921875 0.015625 0.01953125
0 0.203125 0.318359375 0.015625 0.01953125
0 0.228125 0.283203125 0.015625 0.01953125
0 0.2484375 0.279296875 0.015625 0.01953125
0 0.26875 0.279296875 0.015625 0.01953125
0 0.24375 0.30078125 0.015625 0.01953125
0 0.228125 0.32421875 0.015625 0.01953125
0 0.275 0.267578125 0.015625 0.01953125
0 0.2921875 0.25390625 0.015625 0.01953125
0 0.234375 0.21484375 0.015625 0.01953125
0 0.228125 0.240234375 0.015625 0.01953125
0 0.3078125 0.26171875 0.015625 0.01953125
0 0.3484375 0.388671875 0.015625 0.01953125
0 0.4203125 0.36328125 0.015625 0.01953125
0 0.434375 0.37109375 0.015625 0.01953125
0 0.4328125 0.32421875 0.015625 0.01953125
0 0.390625 0.212890625 0.015625 0.01953125
0 0.3390625 0.1015625 0.015625 0.01953125
0 0.3328125 0.12109375 0.015625 0.01953125
0 0.3578125 0.13671875 0.015625 0.01953125
0 0.3546875 0.103515625 0.015625 0.01953125
0 0.3578125 0.080078125 0.015625 0.01953125
0 0.334375 0.072265625 0.015625 0.01953125
0 0.315625 0.083984375 0.015625 0.01953125
0 0.29375 0.130859375 0.015625 0.01953125
0 0.278125 0.12890625 0.015625 0.01953125
0 0.2640625 0.173828125 0.015625 0.01953125
0 0.2515625 0.193359375 0.015625 0.01953125
0 0.1953125 0.25390625 0.015625 0.01953125
0 0.165625 0.310546875 0.015625 0.01953125
0 0.1625 0.341796875 0.015625 0.01953125
0 0.175 0.416015625 0.015625 0.01953125
0 0.075 0.578125 0.015625 0.01953125
0 0.075 0.55078125 0.015625 0.01953125
0 0.0234375 0.599609375 0.015625 0.01953125
0 0.0546875 0.6328125 0.015625 0.01953125
0 0.0609375 0.736328125 0.015625 0.01953125
0 0.0609375 0.759765625 0.015625 0.01953125
0 0.0640625 0.78125 0.015625 0.01953125
0 0.0734375 0.806640625 0.015625 0.01953125
0 0.0859375 0.82421875 0.015625 0.01953125
0 0.0703125 0.85546875 0.015625 0.01953125
0 0.1015625 0.865234375 0.015625 0.01953125
0 0.1328125 0.919921875 0.015625 0.01953125
0 0.1484375 0.89453125 0.015625 0.01953125
0 0.1484375 0.96875 0.015625 0.01953125
0 0.1 0.755859375 0.015625 0.01953125
0 0.1078125 0.73046875 0.015625 0.01953125
0 0.0765625 0.693359375 0.015625 0.01953125
0 0.059375 0.685546875 0.015625 0.01953125
0 0.04375 0.669921875 0.015625 0.01953125
0 0.0203125 0.669921875 0.015625 0.01953125
0 0.0 0.671875 0.015625 0.01953125
0 0.0078125 0.484375 0.015625 0.01953125
0 0.0078125 0.4296875 0.015625 0.01953125
0 0.075 0.421875 0.015625 0.01953125
0 0.0796875 0.40234375 0.015625 0.01953125
0 0.075 0.388671875 0.015625 0.01953125
0 0.0421875 0.373046875 0.015625 0.01953125
0 0.03125 0.36328125 0.015625 0.01953125
0 0.0703125 0.3515625 0.015625 0.01953125
0 0.0875 0.30859375 0.015625 0.01953125
0 0.0828125 0.2890625 0.015625 0.01953125
0 0.11875 0.298828125 0.015625 0.01953125
0 0.1296875 0.248046875 0.015625 0.01953125
0 0.1625 0.232421875 0.015625 0.01953125
0 0.134375 0.283203125 0.015625 0.01953125
0 0.1234375 0.220703125 0.015625 0.01953125
0 0.1203125 0.16015625 0.015625 0.01953125
0 0.1484375 0.171875 0.015625 0.01953125
0 0.1609375 0.14453125 0.015625 0.01953125
0 0.184375 0.158203125 0.015625 0.01953125
0 0.190625 0.142578125 0.015625 0.01953125
0 0.2015625 0.119140625 0.015625 0.01953125
0 0.1984375 0.099609375 0.015625 0.01953125
0 0.2203125 0.111328125 0.015625 0.01953125
0 0.240625 0.138671875 0.015625 0.01953125
0 0.2453125 0.111328125 0.015625 0.01953125
0 0.2390625 0.06640625 0.015625 0.01953125
0 0.26875 0.06640625 0.015625 0.01953125
0 0.271875 0.03515625 0.015625 0.01953125
0 0.209375 0.017578125 0.015625 0.01953125
0 0.0265625 0.28515625 0.015625 0.01953125
0 0.0703125 0.1796875 0.015625 0.01953125
0 0.06875 0.166015625 0.015625 0.01953125
0 0.059375 0.126953125 0.015625 0.01953125
0 0.10625 0.087890625 0.015625 0.01953125
0 0.1453125 0.083984375 0.015625 0.01953125
0 0.1515625 0.0234375 0.015625 0.01953125
0 0.090625 0.0546875 0.015625 0.01953125
0 0.11875 0.025390625 0.015625 0.01953125
0 0.221875 0.044921875 0.015625 0.01953125
0 0.0125 0.212890625 0.015625 0.01953125
0 0.0375 0.193359375 0.015625 0.01953125
0 0.040625 0.07421875 0.015625 0.01953125
0 0.29375 0.017578125 0.015625 0.01953125
0 0.3296875 0.005859375 0.015625 0.01953125
0 0.3171875 0.03515625 0.015625 0.01953125
0 0.3078125 0.00390625 0.015625 0.01953125
0 0.484375 0.212890625 0.015625 0.01953125
0 0.4546875 0.291015625 0.015625 0.01953125
0 0.4921875 0.33984375 0.015625 0.01953125
0 0.45625 0.45703125 0.015625 0.01953125
0 0.4421875 0.435546875 0.015625 0.01953125
0 0.5265625 0.466796875 0.015625 0.01953125
0 0.46875 0.53125 0.015625 0.01953125
0 0.453125 0.55078125 0.015625 0.01953125
0 0.565625 0.548828125 0.015625 0.01953125
0 0.54375 0.564453125 0.015625 0.01953125
0 0.5375 0.58203125 0.015625 0.01953125
0 0.56875 0.603515625 0.015625 0.01953125
0 0.6625 0.50390625 0.015625 0.01953125
0 0.80625 0.44140625 0.015625 0.01953125
0 0.89375 0.447265625 0.015625 0.01953125
0 0.890625 0.3359375 0.015625 0.01953125
0 0.6140625 0.228515625 0.015625 0.01953125
0 0.6296875 0.212890625 0.015625 0.01953125
0 0.60625 0.146484375 0.015625 0.01953125
0 0.609375 0.10546875 0.015625 0.01953125
0 0.6421875 0.091796875 0.015625 0.01953125
0 0.6828125 0.04296875 0.015625 0.01953125
0 0.8296875 0.083984375 0.015625 0.01953125
0 0.7609375 0.271484375 0.015625 0.01953125
0 0.6671875 0.20703125 0.015625 0.01953125
0 0.765625 0.294921875 0.015625 0.01953125
0 0.7921875 0.4296875 0.015625 0.01953125
0 0.715625 0.83203125 0.015625 0.01953125
0 0.8828125 0.80859375 0.015625 0.01953125
0 0.9390625 0.689453125 0.015625 0.01953125
0 0.5703125 0.83984375 0.015625 0.01953125
0 0.678125 0.853515625 0.015625 0.01953125
0 0.6671875 0.87890625 0.015625 0.01953125
0 0.6984375 0.869140625 0.015625 0.01953125
0 0.7921875 0.947265625 0.015625 0.01953125
0 0.4578125 0.892578125 0.015625 0.01953125
0 0.4734375 0.873046875 0.015625 0.01953125
0 0.4765625 0.935546875 0.015625 0.01953125
0 0.4875 0.962890625 0.015625 0.01953125
0 0.4359375 0.982421875 0.015625 0.01953125
0 0.4875 0.9140625 0.015625 0.01953125
0 0.28125 0.701171875 0.015625 0.01953125
0 0.059375 0.5703125 0.015625 0.01953125
0 0.1140625 0.857421875 0.015625 0.01953125
0 0.3109375 0.29296875 0.015625 0.01953125
0 0.3609375 0.048828125 0.015625 0.01953125
0 0.3625 0.01171875 0.015625 0.01953125
