0 0.8125 0.033203125 0.015625 0.01953125
0 0.759375 0.052734375 0.015625 0.01953125
0 0.8421875 0.00390625 0.015625 0.01953125
0 0.8265625 0.095703125 0.015625 0.01953125
0 0.815625 0.119140625 0.015625 0.01953125
0 0.85 0.171875 0.015625 0.01953125
0 0.8953125 0.19921875 0.015625 0.01953125
0 0.921875 0.216796875 0.015625 0.01953125
0 0.9359375 0.185546875 0.015625 0.01953125
0 0.928125 0.12109375 0.015625 0.01953125
0 0.9125 0.150390625 0.015625 0.01953125
0 0.9859375 0.24609375 0.015625 0.01953125
0 0.9484375 0.25390625 0.015625 0.01953125
0 0.978125 0.3125 0.015625 0.01953125
0 0.99375 0.29296875 0.015625 0.01953125
0 0.909375 0.390625 0.015625 0.01953125
0 0.9375 0.427734375 0.015625 0.01953125
0 0.953125 0.466796875 0.015625 0.01953125
0 0.9265625 0.517578125 0.015625 0.01953125
0 0.8671875 0.322265625 0.015625 0.01953125
0 0.8359375 0.357421875 0.015625 0.01953125
0 0.81875 0.35546875 0.015625 0.01953125
0 0.784375 0.34765625 0.015625 0.01953125
0 0.7828125 0.373046875 0.015625 0.01953125
0 0.790625 0.3125 0.015625 0.01953125
0 0.8 0.466796875 0.015625 0.01953125
0 0.8484375 0.421875 0.015625 0.01953125
0 0.784375 0.44140625 0.015625 0.01953125
0 0.7140625 0.341796875 0.015625 0.01953125
0 0.7109375 0.3203125 0.015625 0.01953125
0 0.6953125 0.197265625 0.015625 0.01953125
0 0.684375 0.1875 0.015625 0.01953125
0 0.646875 0.220703125 0.015625 0.01953125
0 0.6078125 0.171875 0.015625 0.01953125
0 0.5609375 0.25390625 0.015625 0.01953125
0 0.625 0.36328125 0.015625 0.01953125
0 0.6515625 0.384765625 0.015625 0.01953125
0 0.66875 0.390625 0.015625 0.01953125
0 0.6734375 0.427734375 0.015625 0.01953125
0 0.6203125 0.416015625 0.015625 0.01953125
0 0.6078125 0.41015625 0.015625 0.01953125
0 0.5875 0.443359375 0.015625 0.01953125
0 0.821875 0.642578125 0.015625 0.01953125
0 0.834375 0.685546875 0.015625 0.01953125
0 0.8609375 0.693359375 0.015625 0.01953125
0 0.975 0.765625 0.015625 0.01953125
0 0.9140625 0.640625 0.015625 0.01953125
0 0.878125 0.556640625 0.015625 0.01953125
0 0.76875 0.689453125 0.015625 0.01953125
0 0.76875 0.71875 0.015625 0.01953125
0 0.990625 0.9609375 0.015625 0.01953125
0 0.33125 0.91796875 0.015625 0.01953125
0 0.321875 0.90234375 0.015625 0.01953125
0 0.30625 0.88671875 0.015625 0.01953125
0 0.4515625 0.8984375 0.015625 0.01953125
0 0.2546875 0.78125 0.015625 0.01953125
0 0.2421875 0.76171875 0.015625 0.01953125
0 0.1859375 0.744140625 0.015625 0.01953125
0 0.08125 0.81640625 0.015625 0.01953125
0 0.0859375 0.84375 0.015625 0.01953125
0 0.090625 0.921875 0.015625 0.01953125
0 0.2453125 0.306640625 0.015625 0.01953125
0 0.2671875 0.3203125 0.015625 0.01953125
0 0.190625 0.123046875 0.015625 0.01953125
0 0.1453125 0.12890625 0.015625 0.01953125
0 0.253125 0.03125 0.015625 0.01953125
0 0.234375 0.005859375 0.015625 0.01953125
0 0.4921875 0.25 0.015625 0.01953125
0 0.4828125 0.126953125 0.015625 0.01953125
0 0.8140625 0.052734375 0.015625 0.01953125
0 0.871875 0.021484375 0.015625 0.01953125
0 0.8828125 0.0078125 0.015625 0.01953125
0 0.971875 0.0859375 0.015625 0.01953125
0 0.909375 0.916015625 0.015625 0.01953125
0 0.85 0.732421875 0.015625 0.01953125
0 0.4484375 0.54296875 0.015625 0.01953125
0 0.478125 0.556640625 0.015625 0.01953125
