0 0.5140625 0.3671875 0.015625 0.01953125
0 0.4953125 0.37890625 0.015625 0.01953125
0 0.4875 0.349609375 0.015625 0.01953125
0 0.496875 0.412109375 0.015625 0.01953125
0 0.4796875 0.44140625 0.015625 0.01953125
0 0.446875 0.443359375 0.015625 0.01953125
0 0.321875 0.439453125 0.015625 0.01953125
0 0.3390625 0.50390625 0.015625 0.01953125
0 0.490625 0.650390625 0.015625 0.01953125
0 0.5109375 0.64453125 0.015625 0.01953125
0 0.490625 0.75 0.015625 0.01953125
0 0.3875 0.703125 0.015625 0.01953125
0 0.48125 0.857421875 0.015625 0.01953125
0 0.3984375 0.875 0.015625 0.01953125
0 0.296875 0.87109375 0.015625 0.01953125
0 0.0703125 0.98828125 0.015625 0.01953125
0 0.6 0.9140625 0.015625 0.01953125
0 0.625 0.908203125 0.015625 0.01953125
0 0.6140625 0.955078125 0.015625 0.01953125
0 0.5578125 0.767578125 0.015625 0.01953125
0 0.5765625 0.76171875 0.015625 0.01953125
0 0.59375 0.732421875 0.015625 0.01953125
0 0.6578125 0.708984375 0.015625 0.01953125
0 0.6359375 0.64453125 0.015625 0.01953125
0 0.6734375 0.61328125 0.015625 0.01953125
0 0.6953125 0.603515625 0.015625 0.01953125
0 0.7109375 0.587890625 0.015625 0.01953125
0 0.5484375 0.474609375 0.015625 0.01953125
0 0.63125 0.380859375 0.015625 0.01953125
0 0.6734375 0.416015625 0.015625 0.01953125
0 0.6953125 0.408203125 0.015625 0.01953125
0 0.6828125 0.353515625 0.015625 0.01953125
0 0.640625 0.330078125 0.015625 0.01953125
0 0.66875 0.26171875 0.015625 0.01953125
0 0.7328125 0.220703125 0.015625 0.01953125
0 0.753125 0.244140625 0.015625 0.01953125
0 0.5984375 0.1953125 0.015625 0.01953125
0 0.6046875 0.162109375 0.015625 0.01953125
0 0.6171875 0.173828125 0.015625 0.01953125
0 0.5765625 0.166015625 0.015625 0.01953125
0 0.5765625 0.234375 0.015625 0.01953125
0 0.3921875 0.2421875 0.015625 0.01953125
0 0.35 0.115234375 0.015625 0.01953125
0 0.346875 0.03515625 0.015625 0.01953125
0 0.2625 0.0625 0.015625 0.01953125
0 0.11875 0.033203125 0.015625 0.01953125
0 0.1 0.021484375 0.015625 0.01953125
0 0.00625 0.080078125 0.015625 0.01953125
0 0.7 0.05078125 0.015625 0.01953125
0 0.646875 0.021484375 0.015625 0.01953125
0 0.828125 0.06640625 0.015625 0.01953125
0 0.8890625 0.123046875 0.015625 0.01953125
0 0.909375 0.130859375 0.015625 0.01953125
0 0.9484375 0.05078125 0.015625 0.01953125
0 0.965625 0.05859375 0.015625 0.01953125
0 0.896875 0.236328125 0.015625 0.01953125
0 0.8890625 0.255859375 0.015625 0.01953125
0 0.9125 0.2734375 0.015625 0.01953125
0 0.9640625 0.275390625 0.015625 0.01953125
0 0.98125 0.30078125 0.015625 0.01953125
0 0.9 0.298828125 0.015625 0.01953125
0 0.88125 0.30859375 0.015625 0.01953125
0 0.834375 0.30078125 0.015625 0.01953125
0 0.8296875 0.3125 0.015625 0.01953125
0 0.8265625 0.32421875 0.015625 0.01953125
0 0.871875 0.361328125 0.015625 0.01953125
0 0.878125 0.376953125 0.015625 0.01953125
0 0.953125 0.392578125 0.015625 0.01953125
0 0.95625 0.353515625 0.015625 0.01953125
0 0.9109375 0.4296875 0.015625 0.01953125
0 0.878125 0.47265625 0.015625 0.01953125
0 0.890625 0.5390625 0.015625 0.01953125
0 0.9421875 0.53125 0.015625 0.01953125
0 0.9453125 0.583984375 0.015625 0.01953125
0 0.9703125 0.5546875 0.015625 0.01953125
0 0.7796875 0.4609375 0.015625 0.01953125
0 0.775 0.4375 0.015625 0.01953125
0 0.709375 0.474609375 0.015625 0.01953125
0 0.7640625 0.5546875 0.015625 0.01953125
0 0.7046875 0.69921875 0.015625 0.01953125
0 0.721875 0.6796875 0.015625 0.01953125
0 0.7515625 0.673828125 0.015625 0.01953125
0 0.84375 0.84375 0.015625 0.01953125
0 0.865625 0.8671875 0.015625 0.01953125
0 0.8671875 0.9453125 0.015625 0.01953125
0 0.8828125 0.978515625 0.015625 0.01953125
0 0.81875 0.591796875 0.015625 0.01953125
0 0.8671875 0.669921875 0.015625 0.01953125
0 0.8484375 0.61328125 0.015625 0.01953125
0 0.9265625 0.77734375 0.015625 0.01953125
0 0.7640625 0.3359375 0.015625 0.01953125
0 0.8078125 0.341796875 0.015625 0.01953125
0 0.6765625 0.099609375 0.015625 0.01953125
0 0.9265625 0.46484375 0.015625 0.01953125
0 0.9921875 0.47265625 0.015625 0.01953125
0 0.9921875 0.564453125 0.015625 0.01953125
0 0.925 0.107421875 0.015625 0.01953125
0 0.4625 0.818359375 0.015625 0.01953125
0 0.603125 0.736328125 0.015625 0.01953125
0 0.50625 0.4296875 0.015625 0.01953125
0 0.5375 0.361328125 0.015625 0.01953125
0 0.6421875 0.42578125 0.015625 0.01953125
0 0.9015625 0.392578125 0.015625 0.01953125
