0 0.1734375 0.025390625 0.015625 0.01953125
0 0.1609375 0.1484375 0.015625 0.01953125
0 0.2875 0.052734375 0.015625 0.01953125
0 0.2953125 0.07421875 0.015625 0.01953125
0 0.2828125 0.103515625 0.015625 0.01953125
0 0.3453125 0.162109375 0.015625 0.01953125
0 0.3515625 0.2265625 0.015625 0.01953125
0 0.4140625 0.216796875 0.015625 0.01953125
0 0.4203125 0.267578125 0.015625 0.01953125
0 0.3828125 0.390625 0.015625 0.01953125
0 0.403125 0.37109375 0.015625 0.01953125
0 0.4 0.4140625 0.015625 0.01953125
0 0.3640625 0.408203125 0.015625 0.01953125
0 0.384375 0.455078125 0.015625 0.01953125
0 0.484375 0.412109375 0.015625 0.01953125
0 0.490625 0.44921875 0.015625 0.01953125
0 0.5171875 0.3359375 0.015625 0.01953125
0 0.553125 0.33203125 0.015625 0.01953125
0 0.2046875 0.53125 0.015625 0.01953125
0 0.140625 0.51953125 0.015625 0.01953125
0 0.103125 0.466796875 0.015625 0.01953125
0 0.040625 0.458984375 0.015625 0.01953125
0 0.0 0.486328125 0.015625 0.01953125
0 0.26875 0.8125 0.015625 0.01953125
0 0.39375 0.669921875 0.015625 0.01953125
0 0.4109375 0.673828125 0.015625 0.01953125
0 0.36875 0.64453125 0.015625 0.01953125
0 0.4640625 0.6640625 0.015625 0.01953125
0 0.4125 0.80078125 0.015625 0.01953125
0 0.515625 0.8671875 0.015625 0.01953125
0 0.58125 0.97265625 0.015625 0.01953125
0 0.684375 0.814453125 0.015625 0.01953125
0 0.6421875 0.86328125 0.015625 0.01953125
0 0.628125 0.875 0.015625 0.01953125
0 0.6953125 0.826171875 0.015625 0.01953125
0 0.5828125 0.8828125 0.015625 0.01953125
0 0.6328125 0.677734375 0.015625 0.01953125
0 0.6125 0.712890625 0.015625 0.01953125
0 0.684375 0.69921875 0.015625 0.01953125
0 0.675 0.712890625 0.015625 0.01953125
0 0.678125 0.671875 0.015625 0.01953125
0 0.74375 0.7109375 0.015625 0.01953125
0 0.6546875 0.578125 0.015625 0.01953125
0 0.615625 0.564453125 0.015625 0.01953125
0 0.50625 0.544921875 0.015625 0.01953125
0 0.490625 0.478515625 0.015625 0.01953125
0 0.5390625 0.4921875 0.015625 0.01953125
0 0.5546875 0.466796875 0.015625 0.01953125
0 0.596875 0.40625 0.015625 0.01953125
0 0.6359375 0.388671875 0.015625 0.01953125
0 0.575 0.408203125 0.015625 0.01953125
0 0.58125 0.419921875 0.015625 0.01953125
0 0.5984375 0.4296875 0.015625 0.01953125
0 0.6375 0.462890625 0.015625 0.01953125
0 0.6578125 0.494140625 0.015625 0.01953125
0 0.6734375 0.509765625 0.015625 0.01953125
0 0.75625 0.44921875 0.015625 0.01953125
0 0.721875 0.412109375 0.015625 0.01953125
0 0.696875 0.404296875 0.015625 0.01953125
0 0.6921875 0.3828125 0.015625 0.01953125
0 0.690625 0.359375 0.015625 0.01953125
0 0.678125 0.314453125 0.015625 0.01953125
0 0.7140625 0.287109375 0.015625 0.01953125
0 0.6703125 0.23046875 0.015625 0.01953125
0 0.6296875 0.109375 0.015625 0.01953125
0 0.5296875 0.146484375 0.015625 0.01953125
0 0.615625 0.037109375 0.015625 0.01953125
0 0.6375 0.01171875 0.015625 0.01953125
0 0.70625 0.93359375 0.015625 0.01953125
0 0.759375 0.58984375 0.015625 0.01953125
0 0.796875 0.587890625 0.015625 0.01953125
0 0.8328125 0.6171875 0.015625 0.01953125
0 0.865625 0.677734375 0.015625 0.01953125
0 0.9328125 0.671875 0.015625 0.01953125
0 0.9625 0.544921875 0.015625 0.01953125
0 0.975 0.564453125 0.015625 0.01953125
0 0.9390625 0.4609375 0.015625 0.01953125
0 0.9546875 0.439453125 0.015625 0.01953125
0 0.9375 0.400390625 0.015625 0.01953125
0 0.9046875 0.4765625 0.015625 0.01953125
0 0.8625 0.4921875 0.015625 0.01953125
0 0.796875 0.49609375 0.015625 0.01953125
0 0.8375 0.45703125 0.015625 0.01953125
0 0.8078125 0.443359375 0.015625 0.01953125
0 0.7734375 0.3828125 0.015625 0.01953125
0 0.7578125 0.26171875 0.015625 0.01953125
0 0.7484375 0.248046875 0.015625 0.01953125
0 0.74375 0.22265625 0.015625 0.01953125
0 0.7140625 0.1796875 0.015625 0.01953125
0 0.696875 0.1953125 0.015625 0.01953125
0 0.753125 0.140625 0.015625 0.01953125
0 0.721875 0.052734375 0.015625 0.01953125
0 0.7265625 0.08984375 0.015625 0.01953125
0 0.7171875 0.0234375 0.015625 0.01953125
0 0.78125 0.0 0.015625 0.01953125
0 0.8078125 0.076171875 0.015625 0.01953125
0 0.7984375 0.099609375 0.015625 0.01953125
0 0.8046875 0.12890625 0.015625 0.01953125
0 0.7921875 0.193359375 0.015625 0.01953125
0 0.753125 0.173828125 0.015625 0.01953125
0 0.8234375 0.154296875 0.015625 0.01953125
0 0.8421875 0.1953125 0.015625 0.01953125
0 0.8703125 0.212890625 0.015625 0.01953125
0 0.8421875 0.236328125 0.015625 0.01953125
0 0.815625 0.2109375 0.015625 0.01953125
0 0.8 0.2578125 0.015625 0.01953125
0 0.7609375 0.287109375 0.015625 0.01953125
0 0.8984375 0.28125 0.015625 0.01953125
0 0.8640625 0.2578125 0.015625 0.01953125
0 0.8890625 0.24609375 0.015625 0.01953125
0 0.928125 0.24609375 0.015625 0.01953125
0 0.95625 0.25390625 0.015625 0.01953125
0 0.9828125 0.271484375 0.015625 0.01953125
0 0.93125 0.291015625 0.015625 0.01953125
0 0.9578125 0.388671875 0.015625 0.01953125
0 0.975 0.37109375 0.015625 0.01953125
0 0.9359375 0.201171875 0.015625 0.01953125
0 0.9015625 0.201171875 0.015625 0.01953125
0 0.871875 0.146484375 0.015625 0.01953125
0 0.84375 0.095703125 0.015625 0.01953125
0 0.8484375 0.0390625 0.015625 0.01953125
0 0.8859375 0.068359375 0.015625 0.01953125
0 0.909375 0.052734375 0.015625 0.01953125
0 0.946875 0.083984375 0.015625 0.01953125
0 0.934375 0.099609375 0.015625 0.01953125
0 0.96875 0.08984375 0.015625 0.01953125
0 0.9625 0.126953125 0.015625 0.01953125
0 0.96875 0.162109375 0.015625 0.01953125
0 0.921875 0.146484375 0.015625 0.01953125
0 0.9859375 0.134765625 0.015625 0.01953125
0 0.88125 0.1015625 0.015625 0.01953125
0 0.9046875 0.1328125 0.015625 0.01953125
0 0.978125 0.056640625 0.015625 0.01953125
0 0.9578125 0.025390625 0.015625 0.01953125
0 0.9375 0.02734375 0.015625 0.01953125
0 0.93125 0.0546875 0.015625 0.01953125
0 0.95 0.05859375 0.015625 0.01953125
0 0.88125 0.015625 0.015625 0.01953125
0 0.9421875 0.001953125 0.015625 0.01953125
0 0.959375 0.318359375 0.015625 0.01953125
0 0.8609375 0.373046875 0.015625 0.01953125
0 0.8953125 0.39453125 0.015625 0.01953125
0 0.784375 0.3359375 0.015625 0.01953125
0 0.8859375 0.447265625 0.015625 0.01953125
0 0.7703125 0.4609375 0.015625 0.01953125
0 0.89375 0.79296875 0.015625 0.01953125
0 0.9203125 0.798828125 0.015625 0.01953125
0 0.953125 0.869140625 0.015625 0.01953125
0 0.9828125 0.8828125 0.015625 0.01953125
0 0.96875 0.75390625 0.015625 0.01953125
0 0.81875 0.041015625 0.015625 0.01953125
