0 0.15 0.23046875 0.015625 0.01953125
0 0.203125 0.123046875 0.015625 0.01953125
0 0.284375 0.095703125 0.015625 0.01953125
0 0.2375 0.265625 0.015625 0.01953125
0 0.0375 0.4296875 0.015625 0.01953125
0 0.05625 0.4453125 0.015625 0.01953125
0 0.059375 0.46875 0.015625 0.01953125
0 0.1734375 0.556640625 0.015625 0.01953125
0 0.228125 0.529296875 0.015625 0.01953125
0 0.2265625 0.55859375 0.015625 0.01953125
0 0.2359375 0.57421875 0.015625 0.01953125
0 0.190625 0.498046875 0.015625 0.01953125
0 0.28125 0.69140625 0.015625 0.01953125
0 0.24375 0.69921875 0.015625 0.01953125
0 0.2578125 0.7265625 0.015625 0.01953125
0 0.2796875 0.7265625 0.015625 0.01953125
0 0.31875 0.689453125 0.015625 0.01953125
0 0.34375 0.689453125 0.015625 0.01953125
0 0.3859375 0.703125 0.015625 0.01953125
0 0.3875 0.724609375 0.015625 0.01953125
0 0.375 0.744140625 0.015625 0.01953125
0 0.3328125 0.74609375 0.015625 0.01953125
0 0.26875 0.763671875 0.015625 0.01953125
0 0.3328125 0.8828125 0.015625 0.01953125
0 0.3234375 0.927734375 0.015625 0.01953125
0 0.328125 0.94140625 0.015625 0.01953125
0 0.3296875 0.966796875 0.015625 0.01953125
0 0.3453125 0.94921875 0.015625 0.01953125
0 0.3546875 0.9375 0.015625 0.01953125
0 0.3546875 0.974609375 0.015625 0.01953125
0 0.0421875 0.947265625 0.015625 0.01953125
0 0.0484375 0.875 0.015625 0.01953125
0 0.30625 0.412109375 0.015625 0.01953125
0 0.390625 0.3359375 0.015625 0.01953125
0 0.3578125 0.263671875 0.015625 0.01953125
0 0.375 0.24609375 0.015625 0.01953125
0 0.45 0.193359375 0.015625 0.01953125
0 0.4296875 0.126953125 0.015625 0.01953125
0 0.4046875 0.05859375 0.015625 0.01953125
0 0.5078125 0.154296875 0.015625 0.01953125
0 0.4859375 0.2421875 0.015625 0.01953125
0 0.4765625 0.2734375 0.015625 0.01953125
0 0.478125 0.30078125 0.015625 0.01953125
0 0.503125 0.34765625 0.015625 0.01953125
0 0.4890625 0.357421875 0.015625 0.01953125
0 0.471875 0.4140625 0.015625 0.01953125
0 0.4625 0.439453125 0.015625 0.01953125
0 0.521875 0.30859375 0.015625 0.01953125
0 0.5125 0.267578125 0.015625 0.01953125
0 0.528125 0.3359375 0.015625 0.01953125
0 0.528125 0.375 0.015625 0.01953125
0 0.55 0.359375 0.015625 0.01953125
0 0.53125 0.45703125 0.015625 0.01953125
0 0.50625 0.48828125 0.015625 0.01953125
0 0.5328125 0.53125 0.015625 0.01953125
0 0.49375 0.59765625 0.015625 0.01953125
0 0.3984375 0.5703125 0.015625 0.01953125
0 0.3546875 0.59375 0.015625 0.01953125
0 0.453125 0.62890625 0.015625 0.01953125
0 0.540625 0.671875 0.015625 0.01953125
0 0.559375 0.685546875 0.015625 0.01953125
0 0.5171875 0.625 0.015625 0.01953125
0 0.5234375 0.787109375 0.015625 0.01953125
0 0.4125 0.791015625 0.015625 0.01953125
0 0.415625 0.927734375 0.015625 0.01953125
0 0.425 0.94140625 0.015625 0.01953125
0 0.6328125 0.84765625 0.015625 0.01953125
0 0.6796875 0.984375 0.015625 0.01953125
0 0.84375 0.84765625 0.015625 0.01953125
0 0.6859375 0.69921875 0.015625 0.01953125
0 0.7 0.697265625 0.015625 0.01953125
0 0.6046875 0.599609375 0.015625 0.01953125
0 0.621875 0.59765625 0.015625 0.01953125
0 0.6140625 0.5625 0.015625 0.01953125
0 0.5921875 0.5625 0.015625 0.01953125
0 0.6078125 0.47265625 0.015625 0.01953125
0 0.628125 0.41796875 0.015625 0.01953125
0 0.646875 0.416015625 0.015625 0.01953125
0 0.59375 0.384765625 0.015625 0.01953125
0 0.6265625 0.3515625 0.015625 0.01953125
0 0.596875 0.337890625 0.015625 0.01953125
0 0.6515625 0.314453125 0.015625 0.01953125
0 0.6578125 0.36328125 0.015625 0.01953125
0 0.61875 0.3828125 0.015625 0.01953125
0 0.578125 0.439453125 0.015625 0.01953125
0 0.56875 0.50390625 0.015625 0.01953125
0 0.709375 0.5234375 0.015625 0.01953125
0 0.6890625 0.556640625 0.015625 0.01953125
0 0.665625 0.6171875 0.015625 0.01953125
0 0.7296875 0.580078125 0.015625 0.01953125
0 0.7640625 0.5390625 0.015625 0.01953125
0 0.7328125 0.517578125 0.015625 0.01953125
0 0.7953125 0.521484375 0.015625 0.01953125
0 0.796875 0.490234375 0.015625 0.01953125
0 0.796875 0.455078125 0.015625 0.01953125
0 0.584375 0.841796875 0.015625 0.01953125
0 0.565625 0.83984375 0.015625 0.01953125
0 0.6015625 0.69140625 0.015625 0.01953125
0 0.7359375 0.71875 0.015625 0.01953125
0 0.8375 0.572265625 0.015625 0.01953125
0 0.8546875 0.59765625 0.015625 0.01953125
0 0.8609375 0.517578125 0.015625 0.01953125
0 0.940625 0.611328125 0.015625 0.01953125
0 0.9234375 0.626953125 0.015625 0.01953125
0 0.8421875 0.71875 0.015625 0.01953125
0 0.878125 0.84765625 0.015625 0.01953125
0 0.9484375 0.89453125 0.015625 0.01953125
0 0.93125 0.787109375 0.015625 0.01953125
0 0.9484375 0.7890625 0.015625 0.01953125
0 0.9125 0.80859375 0.015625 0.01953125
0 0.8984375 0.783203125 0.015625 0.01953125
0 0.9390625 0.453125 0.015625 0.01953125
0 0.9171875 0.3671875 0.015625 0.01953125
0 0.840625 0.40234375 0.015625 0.01953125
0 0.8296875 0.396484375 0.015625 0.01953125
0 0.8296875 0.421875 0.015625 0.01953125
0 0.7796875 0.4375 0.015625 0.01953125
0 0.721875 0.458984375 0.015625 0.01953125
0 0.68125 0.46875 0.015625 0.01953125
0 0.709375 0.47265625 0.015625 0.01953125
0 0.7640625 0.361328125 0.015625 0.01953125
0 0.728125 0.375 0.015625 0.01953125
0 0.6890625 0.361328125 0.015625 0.01953125
0 0.76875 0.294921875 0.015625 0.01953125
0 0.809375 0.294921875 0.015625 0.01953125
0 0.8359375 0.26953125 0.015625 0.01953125
0 0.85625 0.306640625 0.015625 0.01953125
0 0.8390625 0.333984375 0.015625 0.01953125
0 0.7953125 0.359375 0.015625 0.01953125
0 0.996875 0.220703125 0.015625 0.01953125
0 0.909375 0.2265625 0.015625 0.01953125
0 0.89375 0.201171875 0.015625 0.01953125
0 0.928125 0.107421875 0.015625 0.01953125
0 0.86875 0.21484375 0.015625 0.01953125
0 0.9609375 0.03515625 0.015625 0.01953125
0 0.9734375 0.009765625 0.015625 0.01953125
0 0.925 0.017578125 0.015625 0.01953125
0 0.6078125 0.529296875 0.015625 0.01953125
0 0.55625 0.5859375 0.015625 0.01953125
0 0.475 0.693359375 0.015625 0.01953125
0 0.490625 0.685546875 0.015625 0.01953125
0 0.846875 0.52734375 0.015625 0.01953125
0 0.953125 0.2890625 0.015625 0.01953125
0 0.8734375 0.130859375 0.015625 0.01953125
0 0.8453125 0.146484375 0.015625 0.01953125
0 0.8234375 0.193359375 0.015625 0.01953125
0 0.8296875 0.12109375 0.015625 0.01953125
0 0.7875 0.099609375 0.015625 0.01953125
0 0.7734375 0.134765625 0.015625 0.01953125
0 0.775 0.1796875 0.015625 0.01953125
0 0.7078125 0.96875 0.015625 0.01953125
0 0.521875 0.044921875 0.015625 0.01953125
0 0.5390625 0.087890625 0.015625 0.01953125
0 0.5765625 0.154296875 0.015625 0.01953125
0 0.6140625 0.162109375 0.015625 0.01953125
0 0.58125 0.193359375 0.015625 0.01953125
0 0.5984375 0.22265625 0.015625 0.01953125
0 0.546875 0.234375 0.015625 0.01953125
0 0.5546875 0.25390625 0.015625 0.01953125
0 0.56875 0.2734375 0.015625 0.01953125
0 0.5828125 0.298828125 0.015625 0.01953125
0 0.5734375 0.337890625 0.015625 0.01953125
0 0.628125 0.2578125 0.015625 0.01953125
0 0.61875 0.3125 0.015625 0.01953125
0 0.6359375 0.283203125 0.015625 0.01953125
0 0.659375 0.23046875 0.015625 0.01953125
0 0.68125 0.2265625 0.015625 0.01953125
0 0.725 0.224609375 0.015625 0.01953125
0 0.7109375 0.287109375 0.015625 0.01953125
0 0.709375 0.322265625 0.015625 0.01953125
0 0.625 0.220703125 0.015625 0.01953125
0 0.553125 0.185546875 0.015625 0.01953125
0 0.55 0.20703125 0.015625 0.01953125
0 0.7140625 0.197265625 0.015625 0.01953125
0 0.7421875 0.193359375 0.015625 0.01953125
0 0.8671875 0.09765625 0.015625 0.01953125
0 0.9421875 0.0859375 0.015625 0.01953125
0 0.84375 0.16796875 0.015625 0.01953125
0 0.8171875 0.13671875 0.015625 0.01953125
0 0.5734375 0.029296875 0.015625 0.01953125
0 0.5546875 0.10546875 0.015625 0.01953125
0 0.6796875 0.0703125 0.015625 0.01953125
0 0.7375 0.06640625 0.015625 0.01953125
0 0.709375 0.02734375 0.015625 0.01953125
0 0.7203125 0.0078125 0.015625 0.01953125
0 0.7359375 0.009765625 0.015625 0.01953125
0 0.7546875 0.083984375 0.015625 0.01953125
0 0.703125 0.1484375 0.015625 0.01953125
0 0.7421875 0.140625 0.015625 0.01953125
0 0.725 0.140625 0.015625 0.01953125
0 0.7390625 0.119140625 0.015625 0.01953125
0 0.85625 0.0703125 0.015625 0.01953125
0 0.803125 0.013671875 0.015625 0.01953125
0 0.78125 0.0078125 0.015625 0.01953125
0 0.771875 0.03515625 0.015625 0.01953125
0 0.7 0.0703125 0.015625 0.01953125
0 0.678125 0.037109375 0.015625 0.01953125
0 0.6625 0.021484375 0.015625 0.01953125
0 0.63125 0.025390625 0.015625 0.01953125
0 0.609375 0.072265625 0.015625 0.01953125
0 0.61875 0.115234375 0.015625 0.01953125
0 0.628125 0.0625 0.015625 0.01953125
0 0.5671875 0.126953125 0.015625 0.01953125
0 0.5859375 0.08203125 0.015625 0.01953125
0 0.55625 0.07421875 0.015625 0.01953125
0 0.5953125 0.048828125 0.015625 0.01953125
0 0.859375 0.03125 0.015625 0.01953125
0 0.875 0.044921875 0.015625 0.01953125
0 0.88125 0.021484375 0.015625 0.01953125
0 0.746875 0.0390625 0.015625 0.01953125
0 0.6078125 0.021484375 0.015625 0.01953125
0 0.6359375 0.009765625 0.015625 0.01953125
0 0.8265625 0.01171875 0.015625 0.01953125
0 0.8296875 0.09765625 0.015625 0.01953125
0 0.8421875 0.064453125 0.015625 0.01953125
0 0.8421875 0.0859375 0.015625 0.01953125
0 0.840625 0.013671875 0.015625 0.01953125
0 0.6625 0.103515625 0.015625 0.01953125
0 0.6328125 0.140625 0.015625 0.01953125
0 0.6578125 0.1484375 0.015625 0.01953125
0 0.653125 0.12890625 0.015625 0.01953125
0 0.6734375 0.12109375 0.015625 0.01953125
0 0.6953125 0.130859375 0.015625 0.01953125
0 0.6796875 0.146484375 0.015625 0.01953125
0 0.684375 0.1796875 0.015625 0.01953125
0 0.7140625 0.107421875 0.015625 0.01953125
0 0.6046875 0.091796875 0.015625 0.01953125
0 0.7703125 0.06640625 0.015625 0.01953125
0 0.8125 0.06640625 0.015625 0.01953125
0 0.8125 0.033203125 0.015625 0.01953125
0 0.6796875 0.001953125 0.015625 0.01953125
0 0.5921875 0.0078125 0.015625 0.01953125
0 0.678125 0.845703125 0.015625 0.01953125
0 0.65625 0.72265625 0.015625 0.01953125
0 0.45 0.8125 0.015625 0.01953125
0 0.840625 0.236328125 0.015625 0.01953125
0 0.871875 0.35546875 0.015625 0.01953125
0 0.9765625 0.595703125 0.015625 0.01953125
