0 0.2421875 0.14453125 0.015625 0.01953125
0 0.2640625 0.14453125 0.015625 0.01953125
0 0.11875 0.111328125 0.015625 0.01953125
0 0.1875 0.091796875 0.015625 0.01953125
0 0.2765625 0.103515625 0.015625 0.01953125
0 0.2796875 0.12109375 0.015625 0.01953125
0 0.3453125 0.10546875 0.015625 0.01953125
0 0.3125 0.138671875 0.015625 0.01953125
0 0.4140625 0.107421875 0.015625 0.01953125
0 0.3796875 0.16796875 0.015625 0.01953125
0 0.4890625 0.099609375 0.015625 0.01953125
0 0.5015625 0.123046875 0.015625 0.01953125
0 0.515625 0.1171875 0.015625 0.01953125
0 0.528125 0.111328125 0.015625 0.01953125
0 0.5671875 0.11328125 0.015625 0.01953125
0 0.45625 0.142578125 0.015625 0.01953125
0 0.4734375 0.146484375 0.015625 0.01953125
0 0.4484375 0.171875 0.015625 0.01953125
0 0.4796875 0.16796875 0.015625 0.01953125
0 0.471875 0.1796875 0.015625 0.01953125
0 0.4703125 0.20703125 0.015625 0.01953125
0 0.45 0.20703125 0.015625 0.01953125
0 0.4453125 0.244140625 0.015625 0.01953125
0 0.5203125 0.1953125 0.015625 0.01953125
0 0.0578125 0.54296875 0.015625 0.01953125
0 0.159375 0.55078125 0.015625 0.01953125
0 0.1390625 0.865234375 0.015625 0.01953125
0 0.1828125 0.814453125 0.015625 0.01953125
0 0.196875 0.8515625 0.015625 0.01953125
0 0.2546875 0.677734375 0.015625 0.01953125
0 0.328125 0.583984375 0.015625 0.01953125
0 0.2828125 0.51953125 0.015625 0.01953125
0 0.2984375 0.4921875 0.015625 0.01953125
0 0.2796875 0.412109375 0.015625 0.01953125
0 0.1125 0.4140625 0.015625 0.01953125
0 0.246875 0.3125 0.015625 0.01953125
0 0.275 0.26171875 0.015625 0.01953125
0 0.3453125 0.2890625 0.015625 0.01953125
0 0.390625 0.337890625 0.015625 0.01953125
0 0.425 0.287109375 0.015625 0.01953125
0 0.4453125 0.27734375 0.015625 0.01953125
0 0.4515625 0.298828125 0.015625 0.01953125
0 0.4515625 0.326171875 0.015625 0.01953125
0 0.478125 0.2890625 0.015625 0.01953125
0 0.465625 0.3359375 0.015625 0.01953125
0 0.4828125 0.373046875 0.015625 0.01953125
0 0.4640625 0.388671875 0.015625 0.01953125
0 0.41875 0.375 0.015625 0.01953125
0 0.4796875 0.263671875 0.015625 0.01953125
0 0.49375 0.240234375 0.015625 0.01953125
0 0.4921875 0.20703125 0.015625 0.01953125
0 0.4953125 0.173828125 0.015625 0.01953125
0 0.5109375 0.16015625 0.015625 0.01953125
0 0.50625 0.13671875 0.015625 0.01953125
0 0.50625 0.201171875 0.015625 0.01953125
0 0.5203125 0.224609375 0.015625 0.01953125
0 0.5453125 0.22265625 0.015625 0.01953125
0 0.5515625 0.20703125 0.015625 0.01953125
0 0.5453125 0.1875 0.015625 0.01953125
0 0.55 0.15625 0.015625 0.01953125
0 0.5640625 0.19140625 0.015625 0.01953125
0 0.5609375 0.228515625 0.015625 0.01953125
0 0.5921875 0.220703125 0.015625 0.01953125
0 0.5765625 0.201171875 0.015625 0.01953125
0 0.5859375 0.25390625 0.015625 0.01953125
0 0.5671875 0.267578125 0.015625 0.01953125
0 0.596875 0.2734375 0.015625 0.01953125
0 0.5234375 0.2578125 0.015625 0.01953125
0 0.503125 0.26171875 0.015625 0.01953125
0 0.4984375 0.287109375 0.015625 0.01953125
0 0.51875 0.3125 0.015625 0.01953125
0 0.5390625 0.35546875 0.015625 0.01953125
0 0.5203125 0.361328125 0.015625 0.01953125
0 0.4625 0.427734375 0.015625 0.01953125
0 0.4765625 0.427734375 0.015625 0.01953125
0 0.5078125 0.435546875 0.015625 0.01953125
0 0.5375 0.412109375 0.015625 0.01953125
0 0.5484375 0.44921875 0.015625 0.01953125
0 0.5921875 0.421875 0.015625 0.01953125
0 0.6328125 0.3984375 0.015625 0.01953125
0 0.61875 0.373046875 0.015625 0.01953125
0 0.65 0.3671875 0.015625 0.01953125
0 0.6046875 0.3359375 0.015625 0.01953125
0 0.61875 0.314453125 0.015625 0.01953125
0 0.596875 0.31640625 0.015625 0.01953125
0 0.575 0.306640625 0.015625 0.01953125
0 0.5515625 0.298828125 0.015625 0.01953125
0 0.55 0.314453125 0.015625 0.01953125
0 0.55625 0.34375 0.015625 0.01953125
0 0.6046875 0.251953125 0.015625 0.01953125
0 0.51875 0.283203125 0.015625 0.01953125
0 0.590625 0.185546875 0.015625 0.01953125
0 0.5765625 0.166015625 0.015625 0.01953125
0 0.665625 0.126953125 0.015625 0.01953125
0 0.7 0.10546875 0.015625 0.01953125
0 0.6921875 0.15234375 0.015625 0.01953125
0 0.6953125 0.1796875 0.015625 0.01953125
0 0.6953125 0.19921875 0.015625 0.01953125
0 0.6890625 0.24609375 0.015625 0.01953125
0 0.7484375 0.212890625 0.015625 0.01953125
0 0.7625 0.1953125 0.015625 0.01953125
0 0.7609375 0.173828125 0.015625 0.01953125
0 0.7359375 0.1875 0.015625 0.01953125
0 0.7171875 0.17578125 0.015625 0.01953125
0 0.6328125 0.2890625 0.015625 0.01953125
0 0.640625 0.26171875 0.015625 0.01953125
0 0.621875 0.248046875 0.015625 0.01953125
0 0.6375 0.205078125 0.015625 0.01953125
0 0.61875 0.1796875 0.015625 0.01953125
0 0.6625 0.177734375 0.015625 0.01953125
0 0.65 0.15234375 0.015625 0.01953125
0 0.6953125 0.224609375 0.015625 0.01953125
0 0.7125 0.234375 0.015625 0.01953125
0 0.7265625 0.220703125 0.015625 0.01953125
0 0.73125 0.244140625 0.015625 0.01953125
0 0.721875 0.275390625 0.015625 0.01953125
0 0.746875 0.298828125 0.015625 0.01953125
0 0.7671875 0.27734375 0.015625 0.01953125
0 0.753125 0.244140625 0.015625 0.01953125
0 0.8015625 0.154296875 0.015625 0.01953125
0 0.7953125 0.12109375 0.015625 0.01953125
0 0.7359375 0.119140625 0.015625 0.01953125
0 0.75 0.1484375 0.015625 0.01953125
0 0.790625 0.044921875 0.015625 0.01953125
0 0.8296875 0.052734375 0.015625 0.01953125
0 0.8515625 0.15234375 0.015625 0.01953125
0 0.9078125 0.166015625 0.015625 0.01953125
0 0.9265625 0.25390625 0.015625 0.01953125
0 0.8671875 0.27734375 0.015625 0.01953125
0 0.8515625 0.28125 0.015625 0.01953125
0 0.796875 0.32421875 0.015625 0.01953125
0 0.7859375 0.267578125 0.015625 0.01953125
0 0.715625 0.298828125 0.015625 0.01953125
0 0.6453125 0.31640625 0.015625 0.01953125
0 0.665625 0.306640625 0.015625 0.01953125
0 0.7515625 0.33203125 0.015625 0.01953125
0 0.728125 0.361328125 0.015625 0.01953125
0 0.721875 0.337890625 0.015625 0.01953125
0 0.7 0.484375 0.015625 0.01953125
0 0.734375 0.4609375 0.015625 0.01953125
0 0.753125 0.423828125 0.015625 0.01953125
0 0.7859375 0.4609375 0.015625 0.01953125
0 0.915625 0.361328125 0.015625 0.01953125
0 0.953125 0.31640625 0.015625 0.01953125
0 0.9421875 0.1640625 0.015625 0.01953125
0 0.953125 0.185546875 0.015625 0.01953125
0 0.990625 0.16796875 0.015625 0.01953125
0 0.7546875 0.029296875 0.015625 0.01953125
0 0.365625 0.443359375 0.015625 0.01953125
0 0.39375 0.482421875 0.015625 0.01953125
0 0.40625 0.5 0.015625 0.01953125
0 0.40625 0.54296875 0.015625 0.01953125
0 0.45 0.525390625 0.015625 0.01953125
0 0.48125 0.517578125 0.015625 0.01953125
0 0.5109375 0.5 0.015625 0.01953125
0 0.565625 0.482421875 0.015625 0.01953125
0 0.5484375 0.5078125 0.015625 0.01953125
0 0.6078125 0.48046875 0.015625 0.01953125
0 0.634375 0.466796875 0.015625 0.01953125
0 0.528125 0.546875 0.015625 0.01953125
0 0.5625 0.55078125 0.015625 0.01953125
0 0.58125 0.5234375 0.015625 0.01953125
0 0.5921875 0.560546875 0.015625 0.01953125
0 0.6109375 0.529296875 0.015625 0.01953125
0 0.621875 0.564453125 0.015625 0.01953125
0 0.653125 0.607421875 0.015625 0.01953125
0 0.6578125 0.2109375 0.015625 0.01953125
0 0.65625 0.240234375 0.015625 0.01953125
0 0.6609375 0.556640625 0.015625 0.01953125
0 0.696875 0.541015625 0.015625 0.01953125
0 0.6671875 0.4921875 0.015625 0.01953125
0 0.6359375 0.49609375 0.015625 0.01953125
0 0.728125 0.5234375 0.015625 0.01953125
0 0.8484375 0.513671875 0.015625 0.01953125
0 0.7984375 0.49609375 0.015625 0.01953125
0 0.7765625 0.50390625 0.015625 0.01953125
0 0.7625 0.490234375 0.015625 0.01953125
0 0.7671875 0.541015625 0.015625 0.01953125
0 0.7796875 0.56640625 0.015625 0.01953125
0 0.76875 0.578125 0.015625 0.01953125
0 0.759375 0.6171875 0.015625 0.01953125
0 0.8875 0.583984375 0.015625 0.01953125
0 0.8140625 0.666015625 0.015625 0.01953125
0 0.7515625 0.658203125 0.015625 0.01953125
0 0.7484375 0.685546875 0.015625 0.01953125
0 0.803125 0.740234375 0.015625 0.01953125
0 0.81875 0.751953125 0.015625 0.01953125
0 0.90625 0.751953125 0.015625 0.01953125
0 0.559375 0.587890625 0.015625 0.01953125
0 0.5375 0.607421875 0.015625 0.01953125
0 0.49375 0.58203125 0.015625 0.01953125
0 0.5046875 0.54296875 0.015625 0.01953125
0 0.459375 0.548828125 0.015625 0.01953125
0 0.4375 0.578125 0.015625 0.01953125
0 0.4578125 0.599609375 0.015625 0.01953125
0 0.425 0.60546875 0.015625 0.01953125
0 0.4828125 0.669921875 0.015625 0.01953125
0 0.525 0.65625 0.015625 0.01953125
0 0.5546875 0.6796875 0.015625 0.01953125
0 0.5625 0.732421875 0.015625 0.01953125
0 0.5921875 0.732421875 0.015625 0.01953125
0 0.6625 0.712890625 0.015625 0.01953125
0 0.6546875 0.74609375 0.015625 0.01953125
0 0.6515625 0.78125 0.015625 0.01953125
0 0.6375 0.806640625 0.015625 0.01953125
0 0.603125 0.810546875 0.015625 0.01953125
0 0.5875 0.798828125 0.015625 0.01953125
0 0.4921875 0.755859375 0.015625 0.01953125
0 0.4140625 0.671875 0.015625 0.01953125
0 0.4203125 0.638671875 0.015625 0.01953125
0 0.4609375 0.72265625 0.015625 0.01953125
0 0.65 0.65234375 0.015625 0.01953125
0 0.66875 0.65234375 0.015625 0.01953125
0 0.365625 0.818359375 0.015625 0.01953125
0 0.3234375 0.861328125 0.015625 0.01953125
0 0.4546875 0.837890625 0.015625 0.01953125
0 0.4875 0.828125 0.015625 0.01953125
0 0.525 0.79296875 0.015625 0.01953125
0 0.5171875 0.900390625 0.015625 0.01953125
0 0.534375 0.908203125 0.015625 0.01953125
0 0.4296875 0.873046875 0.015625 0.01953125
0 0.3265625 0.947265625 0.015625 0.01953125
0 0.2890625 0.96875 0.015625 0.01953125
0 0.2765625 0.978515625 0.015625 0.01953125
0 0.878125 0.416015625 0.015625 0.01953125
0 0.8640625 0.458984375 0.015625 0.01953125
0 0.8890625 0.462890625 0.015625 0.01953125
0 0.896875 0.927734375 0.015625 0.01953125
0 0.825 0.876953125 0.015625 0.01953125
0 0.78125 0.94140625 0.015625 0.01953125
0 0.6796875 0.888671875 0.015625 0.01953125
0 0.725 0.8984375 0.015625 0.01953125
0 0.6109375 0.8984375 0.015625 0.01953125
0 0.690625 0.759765625 0.015625 0.01953125
0 0.7203125 0.71484375 0.015625 0.01953125
0 0.6890625 0.685546875 0.015625 0.01953125
0 0.96875 0.341796875 0.015625 0.01953125
0 0.99375 0.451171875 0.015625 0.01953125
0 0.525 0.72265625 0.015625 0.01953125
0 0.6953125 0.375 0.015625 0.01953125
0 0.6734375 0.35546875 0.015625 0.01953125
0 0.409375 0.138671875 0.015625 0.01953125
0 0.4375 0.14453125 0.015625 0.01953125
0 0.9734375 0.36328125 0.015625 0.01953125
0 0.909375 0.58984375 0.015625 0.01953125
0 0.9375 0.71484375 0.015625 0.01953125
0 0.3265625 0.623046875 0.015625 0.01953125
0 0.196875 0.79296875 0.015625 0.01953125
0 0.625 0.08984375 0.015625 0.01953125
0 0.621875 0.1171875 0.015625 0.01953125
0 0.6765625 0.05859375 0.015625 0.01953125
0 0.640625 0.052734375 0.015625 0.01953125
0 0.634375 0.603515625 0.015625 0.01953125
0 0.9265625 0.140625 0.015625 0.01953125
0 0.6484375 0.916015625 0.015625 0.01953125
0 0.6515625 0.11328125 0.015625 0.01953125
0 0.890625 0.771484375 0.015625 0.01953125
0 0.20625 0.865234375 0.015625 0.01953125
0 0.5875 0.90625 0.015625 0.01953125
