0 0.19375 0.240234375 0.015625 0.01953125
0 0.2171875 0.23828125 0.015625 0.01953125
0 0.265625 0.23046875 0.015625 0.01953125
0 0.2875 0.18359375 0.015625 0.01953125
0 0.2875 0.201171875 0.015625 0.01953125
0 0.334375 0.220703125 0.015625 0.01953125
0 0.3359375 0.240234375 0.015625 0.01953125
0 0.365625 0.220703125 0.015625 0.01953125
0 0.3578125 0.171875 0.015625 0.01953125
0 0.4296875 0.2265625 0.015625 0.01953125
0 0.4578125 0.203125 0.015625 0.01953125
0 0.440625 0.1796875 0.015625 0.01953125
0 0.490625 0.19140625 0.015625 0.01953125
0 0.471875 0.201171875 0.015625 0.01953125
0 0.46875 0.22265625 0.015625 0.01953125
0 0.46875 0.251953125 0.015625 0.01953125
0 0.4828125 0.283203125 0.015625 0.01953125
0 0.4796875 0.30859375 0.015625 0.01953125
0 0.4625 0.283203125 0.015625 0.01953125
0 0.45 0.271484375 0.015625 0.01953125
0 0.4265625 0.265625 0.015625 0.01953125
0 0.4359375 0.25 0.015625 0.01953125
0 0.409375 0.267578125 0.015625 0.01953125
0 0.4078125 0.298828125 0.015625 0.01953125
0 0.4046875 0.318359375 0.015625 0.01953125
0 0.409375 0.33984375 0.015625 0.01953125
0 0.4328125 0.33984375 0.015625 0.01953125
0 0.4359375 0.37890625 0.015625 0.01953125
0 0.421875 0.3828125 0.015625 0.01953125
0 0.4484375 0.333984375 0.015625 0.01953125
0 0.446875 0.296875 0.015625 0.01953125
0 0.4296875 0.298828125 0.015625 0.01953125
0 0.515625 0.287109375 0.015625 0.01953125
0 0.5 0.283203125 0.015625 0.01953125
0 0.5015625 0.306640625 0.015625 0.01953125
0 0.521875 0.318359375 0.015625 0.01953125
0 0.546875 0.341796875 0.015625 0.01953125
0 0.51875 0.345703125 0.015625 0.01953125
0 0.5484375 0.294921875 0.015625 0.01953125
0 0.553125 0.27734375 0.015625 0.01953125
0 0.54375 0.267578125 0.015625 0.01953125
0 0.5703125 0.26953125 0.015625 0.01953125
0 0.5984375 0.287109375 0.015625 0.01953125
0 0.5828125 0.322265625 0.015625 0.01953125
0 0.6109375 0.326171875 0.015625 0.01953125
0 0.615625 0.291015625 0.015625 0.01953125
0 0.615625 0.26953125 0.015625 0.01953125
0 0.628125 0.2109375 0.015625 0.01953125
0 0.609375 0.1953125 0.015625 0.01953125
0 0.578125 0.1875 0.015625 0.01953125
0 0.653125 0.193359375 0.015625 0.01953125
0 0.64375 0.2109375 0.015625 0.01953125
0 0.659375 0.232421875 0.015625 0.01953125
0 0.6875 0.205078125 0.015625 0.01953125
0 0.64375 0.263671875 0.015625 0.01953125
0 0.6578125 0.26171875 0.015625 0.01953125
0 0.6734375 0.26171875 0.015625 0.01953125
0 0.7 0.28125 0.015625 0.01953125
0 0.6859375 0.30859375 0.015625 0.01953125
0 0.625 0.361328125 0.015625 0.01953125
0 0.63125 0.404296875 0.015625 0.01953125
0 0.628125 0.435546875 0.015625 0.01953125
0 0.675 0.390625 0.015625 0.01953125
0 0.6796875 0.361328125 0.015625 0.01953125
0 0.7 0.3828125 0.015625 0.01953125
0 0.7359375 0.388671875 0.015625 0.01953125
0 0.728125 0.361328125 0.015625 0.01953125
0 0.7140625 0.333984375 0.015625 0.01953125
0 0.709375 0.298828125 0.015625 0.01953125
0 0.696875 0.322265625 0.015625 0.01953125
0 0.6875 0.3359375 0.015625 0.01953125
0 0.7375 0.263671875 0.015625 0.01953125
0 0.715625 0.267578125 0.015625 0.01953125
0 0.703125 0.23828125 0.015625 0.01953125
0 0.7640625 0.2421875 0.015625 0.01953125
0 0.803125 0.21875 0.015625 0.01953125
0 0.803125 0.236328125 0.015625 0.01953125
0 0.8578125 0.24609375 0.015625 0.01953125
0 0.9 0.255859375 0.015625 0.01953125
0 0.9171875 0.2578125 0.015625 0.01953125
0 0.8375 0.396484375 0.015625 0.01953125
0 0.8234375 0.404296875 0.015625 0.01953125
0 0.8609375 0.435546875 0.015625 0.01953125
0 0.91875 0.4296875 0.015625 0.01953125
0 0.703125 0.408203125 0.015625 0.01953125
0 0.7046875 0.435546875 0.015625 0.01953125
0 0.7375 0.45703125 0.015625 0.01953125
0 0.684375 0.4375 0.015625 0.01953125
0 0.7109375 0.505859375 0.015625 0.01953125
0 0.7484375 0.5234375 0.015625 0.01953125
0 0.7390625 0.54296875 0.015625 0.01953125
0 0.8125 0.58984375 0.015625 0.01953125
0 0.6859375 0.54296875 0.015625 0.01953125
0 0.65625 0.57421875 0.015625 0.01953125
0 0.6171875 0.58203125 0.015625 0.01953125
0 0.5875 0.54296875 0.015625 0.01953125
0 0.59375 0.482421875 0.015625 0.01953125
0 0.603125 0.455078125 0.015625 0.01953125
0 0.58125 0.458984375 0.015625 0.01953125
0 0.5609375 0.42578125 0.015625 0.01953125
0 0.5578125 0.41015625 0.015625 0.01953125
0 0.5765625 0.40625 0.015625 0.01953125
0 0.5984375 0.40625 0.015625 0.01953125
0 0.5890625 0.37109375 0.015625 0.01953125
0 0.6 0.349609375 0.015625 0.01953125
0 0.5640625 0.376953125 0.015625 0.01953125
0 0.5375 0.365234375 0.015625 0.01953125
0 0.53125 0.396484375 0.015625 0.01953125
0 0.5390625 0.4296875 0.015625 0.01953125
0 0.5171875 0.431640625 0.015625 0.01953125
0 0.5078125 0.40625 0.015625 0.01953125
0 0.50625 0.3828125 0.015625 0.01953125
0 0.4859375 0.375 0.015625 0.01953125
0 0.4890625 0.341796875 0.015625 0.01953125
0 0.4671875 0.361328125 0.015625 0.01953125
0 0.4796875 0.40234375 0.015625 0.01953125
0 0.4828125 0.435546875 0.015625 0.01953125
0 0.4578125 0.375 0.015625 0.01953125
0 0.409375 0.412109375 0.015625 0.01953125
0 0.4203125 0.4140625 0.015625 0.01953125
0 0.3859375 0.376953125 0.015625 0.01953125
0 0.440625 0.458984375 0.015625 0.01953125
0 0.421875 0.431640625 0.015625 0.01953125
0 0.4609375 0.435546875 0.015625 0.01953125
0 0.5109375 0.462890625 0.015625 0.01953125
0 0.4765625 0.45703125 0.015625 0.01953125
0 0.6515625 0.31640625 0.015625 0.01953125
0 0.646875 0.287109375 0.015625 0.01953125
0 0.753125 0.58984375 0.015625 0.01953125
0 0.7484375 0.64453125 0.015625 0.01953125
0 0.7390625 0.654296875 0.015625 0.01953125
0 0.728125 0.658203125 0.015625 0.01953125
0 0.7203125 0.69921875 0.015625 0.01953125
0 0.775 0.75390625 0.015625 0.01953125
0 0.559375 0.509765625 0.015625 0.01953125
0 0.534375 0.51171875 0.015625 0.01953125
0 0.503125 0.5078125 0.015625 0.01953125
0 0.46875 0.5234375 0.015625 0.01953125
0 0.446875 0.53125 0.015625 0.01953125
0 0.4234375 0.48046875 0.015625 0.01953125
0 0.409375 0.490234375 0.015625 0.01953125
0 0.4296875 0.5 0.015625 0.01953125
0 0.3921875 0.466796875 0.015625 0.01953125
0 0.5203125 0.568359375 0.015625 0.01953125
0 0.5015625 0.537109375 0.015625 0.01953125
0 0.615625 0.63671875 0.015625 0.01953125
0 0.653125 0.6328125 0.015625 0.01953125
0 0.69375 0.611328125 0.015625 0.01953125
0 0.7171875 0.580078125 0.015625 0.01953125
0 0.7328125 0.603515625 0.015625 0.01953125
0 0.95625 0.541015625 0.015625 0.01953125
0 0.515625 0.646484375 0.015625 0.01953125
0 0.5546875 0.65234375 0.015625 0.01953125
0 0.5890625 0.666015625 0.015625 0.01953125
0 0.5875 0.6875 0.015625 0.01953125
0 0.5921875 0.716796875 0.015625 0.01953125
0 0.4640625 0.6328125 0.015625 0.01953125
0 0.4859375 0.638671875 0.015625 0.01953125
0 0.46875 0.595703125 0.015625 0.01953125
0 0.4296875 0.556640625 0.015625 0.01953125
0 0.4203125 0.5234375 0.015625 0.01953125
0 0.3984375 0.529296875 0.015625 0.01953125
0 0.3578125 0.498046875 0.015625 0.01953125
0 0.3390625 0.34375 0.015625 0.01953125
0 0.23125 0.34765625 0.015625 0.01953125
0 0.1921875 0.56640625 0.015625 0.01953125
0 0.321875 0.53125 0.015625 0.01953125
0 0.3609375 0.58984375 0.015625 0.01953125
0 0.371875 0.6328125 0.015625 0.01953125
0 0.4125 0.615234375 0.015625 0.01953125
0 0.415625 0.642578125 0.015625 0.01953125
0 0.4515625 0.67578125 0.015625 0.01953125
0 0.4953125 0.689453125 0.015625 0.01953125
0 0.46875 0.658203125 0.015625 0.01953125
0 0.5171875 0.685546875 0.015625 0.01953125
0 0.484375 0.744140625 0.015625 0.01953125
0 0.5171875 0.775390625 0.015625 0.01953125
0 0.396875 0.671875 0.015625 0.01953125
0 0.3265625 0.603515625 0.015625 0.01953125
0 0.25625 0.583984375 0.015625 0.01953125
0 0.2421875 0.615234375 0.015625 0.01953125
0 0.30625 0.59375 0.015625 0.01953125
0 0.284375 0.685546875 0.015625 0.01953125
0 0.284375 0.71875 0.015625 0.01953125
0 0.134375 0.611328125 0.015625 0.01953125
0 0.0703125 0.517578125 0.015625 0.01953125
0 0.0109375 0.611328125 0.015625 0.01953125
0 0.3703125 0.759765625 0.015625 0.01953125
0 0.440625 0.765625 0.015625 0.01953125
0 0.4203125 0.705078125 0.015625 0.01953125
0 0.4203125 0.81640625 0.015625 0.01953125
0 0.4484375 0.845703125 0.015625 0.01953125
0 0.525 0.822265625 0.015625 0.01953125
0 0.5484375 0.818359375 0.015625 0.01953125
0 0.8421875 0.677734375 0.015625 0.01953125
0 0.7046875 0.748046875 0.015625 0.01953125
0 0.70625 0.779296875 0.015625 0.01953125
0 0.6796875 0.69921875 0.015625 0.01953125
0 0.7578125 0.828125 0.015625 0.01953125
0 0.7734375 0.8359375 0.015625 0.01953125
0 0.85625 0.84765625 0.015625 0.01953125
0 0.7546875 0.9140625 0.015625 0.01953125
0 0.79375 0.962890625 0.015625 0.01953125
0 0.6734375 0.876953125 0.015625 0.01953125
0 0.6875 0.896484375 0.015625 0.01953125
0 0.6140625 0.806640625 0.015625 0.01953125
0 0.6140625 0.845703125 0.015625 0.01953125
0 0.5765625 0.900390625 0.015625 0.01953125
0 0.6015625 0.90234375 0.015625 0.01953125
0 0.5453125 0.888671875 0.015625 0.01953125
0 0.440625 0.8984375 0.015625 0.01953125
0 0.4859375 0.88671875 0.015625 0.01953125
0 0.4078125 0.931640625 0.015625 0.01953125
0 0.3875 0.9609375 0.015625 0.01953125
0 0.321875 0.908203125 0.015625 0.01953125
0 0.2890625 0.9453125 0.015625 0.01953125
0 0.1953125 0.87109375 0.015625 0.01953125
0 0.134375 0.919921875 0.015625 0.01953125
0 0.1625 0.96875 0.015625 0.01953125
0 0.153125 0.951171875 0.015625 0.01953125
0 0.075 0.9765625 0.015625 0.01953125
0 0.5671875 0.5703125 0.015625 0.01953125
0 0.5359375 0.611328125 0.015625 0.01953125
0 0.559375 0.6171875 0.015625 0.01953125
0 0.659375 0.451171875 0.015625 0.01953125
0 0.7859375 0.142578125 0.015625 0.01953125
0 0.74375 0.138671875 0.015625 0.01953125
0 0.6546875 0.15234375 0.015625 0.01953125
0 0.7109375 0.1171875 0.015625 0.01953125
0 0.884375 0.337890625 0.015625 0.01953125
0 0.940625 0.2578125 0.015625 0.01953125
0 0.8703125 0.650390625 0.015625 0.01953125
0 0.8328125 0.501953125 0.015625 0.01953125
0 0.684375 0.4765625 0.015625 0.01953125
0 0.3921875 0.234375 0.015625 0.01953125
0 0.2125 0.77734375 0.015625 0.01953125
0 0.684375 0.98828125 0.015625 0.01953125
0 0.678125 0.8125 0.015625 0.01953125
0 0.628125 0.7421875 0.015625 0.01953125
0 0.609375 0.744140625 0.015625 0.01953125
0 0.6265625 0.982421875 0.015625 0.01953125
0 0.4734375 0.98828125 0.015625 0.01953125
0 0.5390625 0.990234375 0.015625 0.01953125
0 0.9109375 0.404296875 0.015625 0.01953125
0 0.975 0.453125 0.015625 0.01953125
0 0.15 0.20703125 0.015625 0.01953125
0 0.509375 0.599609375 0.015625 0.01953125
0 0.9328125 0.228515625 0.015625 0.01953125
0 0.6890625 0.673828125 0.015625 0.01953125
0 0.63125 0.853515625 0.015625 0.01953125
0 0.65 0.84765625 0.015625 0.01953125
0 0.54375 0.46484375 0.015625 0.01953125
