0 0.178125 0.943359375 0.015625 0.01953125
0 0.1265625 0.79296875 0.015625 0.01953125
0 0.1015625 0.791015625 0.015625 0.01953125
0 0.11875 0.740234375 0.015625 0.01953125
0 0.021875 0.697265625 0.015625 0.01953125
0 0.165625 0.515625 0.015625 0.01953125
0 0.190625 0.76953125 0.015625 0.01953125
0 0.2109375 0.7421875 0.015625 0.01953125
0 0.26875 0.771484375 0.015625 0.01953125
0 0.275 0.787109375 0.015625 0.01953125
0 0.246875 0.83203125 0.015625 0.01953125
0 0.3859375 0.828125 0.015625 0.01953125
0 0.34375 0.9140625 0.015625 0.01953125
0 0.39375 0.953125 0.015625 0.01953125
0 0.434375 0.98828125 0.015625 0.01953125
0 0.4140625 0.908203125 0.015625 0.01953125
0 0.4546875 0.876953125 0.015625 0.01953125
0 0.4953125 0.8984375 0.015625 0.01953125
0 0.4640625 0.947265625 0.015625 0.01953125
0 0.5046875 0.955078125 0.015625 0.01953125
0 0.528125 0.955078125 0.015625 0.01953125
0 0.596875 0.931640625 0.015625 0.01953125
0 0.5875 0.97265625 0.015625 0.01953125
0 0.615625 0.962890625 0.015625 0.01953125
0 0.6265625 0.962890625 0.015625 0.01953125
0 0.6625 0.91796875 0.015625 0.01953125
0 0.625 0.88671875 0.015625 0.01953125
0 0.746875 0.98828125 0.015625 0.01953125
0 0.7578125 0.94140625 0.015625 0.01953125
0 0.740625 0.927734375 0.015625 0.01953125
0 0.746875 0.86328125 0.015625 0.01953125
0 0.675 0.859375 0.015625 0.01953125
0 0.68125 0.88671875 0.015625 0.01953125
0 0.83125 0.927734375 0.015625 0.01953125
0 0.8453125 0.94140625 0.015625 0.01953125
0 0.878125 0.890625 0.015625 0.01953125
0 0.8109375 0.763671875 0.015625 0.01953125
0 0.6953125 0.806640625 0.015625 0.01953125
0 0.69375 0.765625 0.015625 0.01953125
0 0.7046875 0.765625 0.015625 0.01953125
0 0.715625 0.74609375 0.015625 0.01953125
0 0.6984375 0.73828125 0.015625 0.01953125
0 0.6609375 0.779296875 0.015625 0.01953125
0 0.653125 0.8046875 0.015625 0.01953125
0 0.5765625 0.865234375 0.015625 0.01953125
0 0.5609375 0.87109375 0.015625 0.01953125
0 0.53125 0.8125 0.015625 0.01953125
0 0.4625 0.826171875 0.015625 0.01953125
0 0.4140625 0.814453125 0.015625 0.01953125
0 0.43125 0.765625 0.015625 0.01953125
0 0.4484375 0.76953125 0.015625 0.01953125
0 0.4859375 0.7734375 0.015625 0.01953125
0 0.5171875 0.7734375 0.015625 0.01953125
0 0.496875 0.80078125 0.015625 0.01953125
0 0.4859375 0.80859375 0.015625 0.01953125
0 0.58125 0.748046875 0.015625 0.01953125
0 0.5546875 0.77734375 0.015625 0.01953125
0 0.6171875 0.74609375 0.015625 0.01953125
0 0.6484375 0.716796875 0.015625 0.01953125
0 0.6140625 0.68359375 0.015625 0.01953125
0 0.646875 0.65625 0.015625 0.01953125
0 0.584375 0.69140625 0.015625 0.01953125
0 0.565625 0.705078125 0.015625 0.01953125
0 0.528125 0.73828125 0.015625 0.01953125
0 0.4984375 0.73828125 0.015625 0.01953125
0 0.471875 0.73046875 0.015625 0.01953125
0 0.425 0.7265625 0.015625 0.01953125
0 0.3828125 0.771484375 0.015625 0.01953125
0 0.371875 0.751953125 0.015625 0.01953125
0 0.353125 0.81640625 0.015625 0.01953125
0 0.35 0.837890625 0.015625 0.01953125
0 0.334375 0.771484375 0.015625 0.01953125
0 0.321875 0.732421875 0.015625 0.01953125
0 0.3171875 0.701171875 0.015625 0.01953125
0 0.271875 0.6796875 0.015625 0.01953125
0 0.340625 0.6015625 0.015625 0.01953125
0 0.371875 0.66015625 0.015625 0.01953125
0 0.3828125 0.6953125 0.015625 0.01953125
0 0.409375 0.662109375 0.015625 0.01953125
0 0.4265625 0.65625 0.015625 0.01953125
0 0.4578125 0.62890625 0.015625 0.01953125
0 0.4671875 0.669921875 0.015625 0.01953125
0 0.4890625 0.6328125 0.015625 0.01953125
0 0.5109375 0.625 0.015625 0.01953125
0 0.5515625 0.607421875 0.015625 0.01953125
0 0.53125 0.583984375 0.015625 0.01953125
0 0.559375 0.56640625 0.015625 0.01953125
0 0.58125 0.5078125 0.015625 0.01953125
0 0.553125 0.517578125 0.015625 0.01953125
0 0.24375 0.345703125 0.015625 0.01953125
0 0.35 0.291015625 0.015625 0.01953125
0 0.38125 0.31640625 0.015625 0.01953125
0 0.425 0.32421875 0.015625 0.01953125
0 0.4609375 0.314453125 0.015625 0.01953125
0 0.403125 0.333984375 0.015625 0.01953125
0 0.39375 0.3359375 0.015625 0.01953125
0 0.771875 0.6875 0.015625 0.01953125
0 0.9109375 0.615234375 0.015625 0.01953125
0 0.965625 0.681640625 0.015625 0.01953125
0 0.8078125 0.49609375 0.015625 0.01953125
0 0.8015625 0.556640625 0.015625 0.01953125
0 0.8125 0.55078125 0.015625 0.01953125
0 0.871875 0.509765625 0.015625 0.01953125
0 0.8609375 0.486328125 0.015625 0.01953125
0 0.7890625 0.591796875 0.015625 0.01953125
0 0.7046875 0.64453125 0.015625 0.01953125
0 0.696875 0.654296875 0.015625 0.01953125
0 0.68125 0.68359375 0.015625 0.01953125
0 0.6984375 0.6875 0.015625 0.01953125
0 0.6703125 0.611328125 0.015625 0.01953125
0 0.7046875 0.625 0.015625 0.01953125
0 0.684375 0.556640625 0.015625 0.01953125
0 0.684375 0.482421875 0.015625 0.01953125
0 0.603125 0.853515625 0.015625 0.01953125
0 0.8296875 0.4140625 0.015625 0.01953125
0 0.7734375 0.36328125 0.015625 0.01953125
0 0.759375 0.365234375 0.015625 0.01953125
0 0.740625 0.333984375 0.015625 0.01953125
0 0.696875 0.34765625 0.015625 0.01953125
0 0.7953125 0.33984375 0.015625 0.01953125
0 0.8328125 0.33984375 0.015625 0.01953125
0 0.853125 0.33203125 0.015625 0.01953125
0 0.8734375 0.337890625 0.015625 0.01953125
0 0.9421875 0.283203125 0.015625 0.01953125
0 0.88125 0.287109375 0.015625 0.01953125
0 0.8953125 0.30078125 0.015625 0.01953125
0 0.9578125 0.328125 0.015625 0.01953125
0 0.94375 0.296875 0.015625 0.01953125
0 0.8296875 0.759765625 0.015625 0.01953125
0 0.13125 0.400390625 0.015625 0.01953125
0 0.203125 0.3828125 0.015625 0.01953125
0 0.15625 0.392578125 0.015625 0.01953125
0 0.2390625 0.375 0.015625 0.01953125
0 0.2640625 0.388671875 0.015625 0.01953125
0 0.2984375 0.369140625 0.015625 0.01953125
0 0.3296875 0.376953125 0.015625 0.01953125
0 0.353125 0.369140625 0.015625 0.01953125
0 0.40625 0.361328125 0.015625 0.01953125
0 0.459375 0.359375 0.015625 0.01953125
0 0.4125 0.384765625 0.015625 0.01953125
0 0.5171875 0.279296875 0.015625 0.01953125
0 0.521875 0.302734375 0.015625 0.01953125
0 0.5734375 0.25 0.015625 0.01953125
0 0.675 0.240234375 0.015625 0.01953125
0 0.715625 0.240234375 0.015625 0.01953125
0 0.640625 0.2265625 0.015625 0.01953125
0 0.640625 0.294921875 0.015625 0.01953125
0 0.6546875 0.29296875 0.015625 0.01953125
0 0.6265625 0.314453125 0.015625 0.01953125
0 0.5921875 0.30078125 0.015625 0.01953125
0 0.5734375 0.322265625 0.015625 0.01953125
0 0.5578125 0.333984375 0.015625 0.01953125
0 0.546875 0.314453125 0.015625 0.01953125
0 0.5984375 0.341796875 0.015625 0.01953125
0 0.584375 0.349609375 0.015625 0.01953125
0 0.64375 0.34375 0.015625 0.01953125
0 0.3125 0.482421875 0.015625 0.01953125
0 0.3546875 0.47265625 0.015625 0.01953125
0 0.35 0.4296875 0.015625 0.01953125
0 0.35 0.408203125 0.015625 0.01953125
0 0.3734375 0.55078125 0.015625 0.01953125
0 0.3765625 0.583984375 0.015625 0.01953125
0 0.3890625 0.595703125 0.015625 0.01953125
0 0.375 0.61328125 0.015625 0.01953125
0 0.3796875 0.6328125 0.015625 0.01953125
0 0.40625 0.5078125 0.015625 0.01953125
0 0.4390625 0.5703125 0.015625 0.01953125
0 0.4578125 0.515625 0.015625 0.01953125
0 0.4578125 0.5390625 0.015625 0.01953125
0 0.4734375 0.55859375 0.015625 0.01953125
0 0.4859375 0.46484375 0.015625 0.01953125
0 0.4734375 0.486328125 0.015625 0.01953125
0 0.565625 0.486328125 0.015625 0.01953125
0 0.4828125 0.51953125 0.015625 0.01953125
0 0.484375 0.537109375 0.015625 0.01953125
0 0.4953125 0.556640625 0.015625 0.01953125
0 0.5 0.583984375 0.015625 0.01953125
0 0.425 0.537109375 0.015625 0.01953125
0 0.4296875 0.490234375 0.015625 0.01953125
0 0.634375 0.443359375 0.015625 0.01953125
0 0.6671875 0.4140625 0.015625 0.01953125
0 0.65625 0.3828125 0.015625 0.01953125
0 0.6359375 0.380859375 0.015625 0.01953125
0 0.6328125 0.470703125 0.015625 0.01953125
0 0.6171875 0.4765625 0.015625 0.01953125
0 0.61875 0.5078125 0.015625 0.01953125
0 0.653125 0.49609375 0.015625 0.01953125
0 0.6609375 0.537109375 0.015625 0.01953125
0 0.640625 0.552734375 0.015625 0.01953125
0 0.6109375 0.5703125 0.015625 0.01953125
0 0.6328125 0.5859375 0.015625 0.01953125
0 0.50625 0.537109375 0.015625 0.01953125
0 0.5171875 0.52734375 0.015625 0.01953125
0 0.5296875 0.517578125 0.015625 0.01953125
0 0.5453125 0.47265625 0.015625 0.01953125
0 0.54375 0.494140625 0.015625 0.01953125
0 0.509375 0.4609375 0.015625 0.01953125
0 0.5 0.48828125 0.015625 0.01953125
0 0.5171875 0.49609375 0.015625 0.01953125
0 0.59375 0.4296875 0.015625 0.01953125
0 0.5875 0.40234375 0.015625 0.01953125
0 0.5859375 0.376953125 0.015625 0.01953125
0 0.6015625 0.375 0.015625 0.01953125
0 0.5546875 0.384765625 0.015625 0.01953125
0 0.5546875 0.408203125 0.015625 0.01953125
0 0.515625 0.41015625 0.015625 0.01953125
0 0.5328125 0.412109375 0.015625 0.01953125
0 0.540625 0.431640625 0.015625 0.01953125
0 0.5015625 0.4296875 0.015625 0.01953125
0 0.471875 0.435546875 0.015625 0.01953125
0 0.465625 0.46875 0.015625 0.01953125
0 0.4234375 0.44921875 0.015625 0.01953125
0 0.425 0.427734375 0.015625 0.01953125
0 0.440625 0.416015625 0.015625 0.01953125
0 0.4515625 0.435546875 0.015625 0.01953125
0 0.45625 0.408203125 0.015625 0.01953125
0 0.4734375 0.416015625 0.015625 0.01953125
0 0.3921875 0.466796875 0.015625 0.01953125
0 0.39375 0.451171875 0.015625 0.01953125
0 0.4 0.41796875 0.015625 0.01953125
0 0.3765625 0.44921875 0.015625 0.01953125
0 0.36875 0.40625 0.015625 0.01953125
0 0.375 0.388671875 0.015625 0.01953125
0 0.3765625 0.513671875 0.015625 0.01953125
0 0.390625 0.517578125 0.015625 0.01953125
0 0.421875 0.576171875 0.015625 0.01953125
0 0.4375 0.59375 0.015625 0.01953125
0 0.46875 0.591796875 0.015625 0.01953125
0 0.553125 0.669921875 0.015625 0.01953125
0 0.5203125 0.69140625 0.015625 0.01953125
0 0.4859375 0.697265625 0.015625 0.01953125
0 0.18125 0.5234375 0.015625 0.01953125
0 0.3328125 0.39453125 0.015625 0.01953125
0 0.6296875 0.416015625 0.015625 0.01953125
0 0.59375 0.54296875 0.015625 0.01953125
0 0.6625 0.51953125 0.015625 0.01953125
0 0.5609375 0.4375 0.015625 0.01953125
0 0.33125 0.521484375 0.015625 0.01953125
0 0.3578125 0.525390625 0.015625 0.01953125
0 0.3703125 0.43359375 0.015625 0.01953125
0 0.4875 0.388671875 0.015625 0.01953125
0 0.6515625 0.408203125 0.015625 0.01953125
0 0.1390625 0.33984375 0.015625 0.01953125
0 0.8953125 0.259765625 0.015625 0.01953125
0 0.66875 0.46484375 0.015625 0.01953125
0 0.6625 0.443359375 0.015625 0.01953125
0 0.35625 0.666015625 0.015625 0.01953125
0 0.834375 0.1484375 0.015625 0.01953125
0 0.68125 0.205078125 0.015625 0.01953125
0 0.715625 0.205078125 0.015625 0.01953125
0 0.5765625 0.220703125 0.015625 0.01953125
0 0.7296875 0.044921875 0.015625 0.01953125
