0 0.10625 0.990234375 0.015625 0.01953125
0 0.1515625 0.9609375 0.015625 0.01953125
0 0.0765625 0.9140625 0.015625 0.01953125
0 0.0703125 0.896484375 0.015625 0.01953125
0 0.3234375 0.9296875 0.015625 0.01953125
0 0.284375 0.904296875 0.015625 0.01953125
0 0.30625 0.845703125 0.015625 0.01953125
0 0.25625 0.826171875 0.015625 0.01953125
0 0.240625 0.861328125 0.015625 0.01953125
0 0.290625 0.787109375 0.015625 0.01953125
0 0.309375 0.759765625 0.015625 0.01953125
0 0.3640625 0.775390625 0.015625 0.01953125
0 0.35 0.8125 0.015625 0.01953125
0 0.375 0.833984375 0.015625 0.01953125
0 0.39375 0.822265625 0.015625 0.01953125
0 0.390625 0.84375 0.015625 0.01953125
0 0.3609375 0.8984375 0.015625 0.01953125
0 0.4 0.900390625 0.015625 0.01953125
0 0.4203125 0.900390625 0.015625 0.01953125
0 0.3734375 0.970703125 0.015625 0.01953125
0 0.428125 0.9609375 0.015625 0.01953125
0 0.4546875 0.966796875 0.015625 0.01953125
0 0.4828125 0.974609375 0.015625 0.01953125
0 0.4921875 0.908203125 0.015625 0.01953125
0 0.5140625 0.908203125 0.015625 0.01953125
0 0.490625 0.865234375 0.015625 0.01953125
0 0.575 0.8203125 0.015625 0.01953125
0 0.5703125 0.79296875 0.015625 0.01953125
0 0.640625 0.806640625 0.015625 0.01953125
0 0.6390625 0.873046875 0.015625 0.01953125
0 0.6515625 0.88671875 0.015625 0.01953125
0 0.7140625 0.9140625 0.015625 0.01953125
0 0.73125 0.880859375 0.015625 0.01953125
0 0.5875 0.75390625 0.015625 0.01953125
0 0.5953125 0.71875 0.015625 0.01953125
0 0.596875 0.69921875 0.015625 0.01953125
0 0.58125 0.69140625 0.015625 0.01953125
0 0.615625 0.69140625 0.015625 0.01953125
0 0.6625 0.63671875 0.015625 0.01953125
0 0.703125 0.705078125 0.015625 0.01953125
0 0.725 0.70703125 0.015625 0.01953125
0 0.5796875 0.630859375 0.015625 0.01953125
0 0.553125 0.6640625 0.015625 0.01953125
0 0.5171875 0.697265625 0.015625 0.01953125
0 0.475 0.69140625 0.015625 0.01953125
0 0.4515625 0.74609375 0.015625 0.01953125
0 0.446875 0.72265625 0.015625 0.01953125
0 0.4203125 0.720703125 0.015625 0.01953125
0 0.3796875 0.720703125 0.015625 0.01953125
0 0.34375 0.71484375 0.015625 0.01953125
0 0.321875 0.71875 0.015625 0.01953125
0 0.284375 0.72265625 0.015625 0.01953125
0 0.253125 0.76171875 0.015625 0.01953125
0 0.275 0.693359375 0.015625 0.01953125
0 0.228125 0.724609375 0.015625 0.01953125
0 0.2171875 0.69140625 0.015625 0.01953125
0 0.178125 0.7265625 0.015625 0.01953125
0 0.1609375 0.70703125 0.015625 0.01953125
0 0.146875 0.7890625 0.015625 0.01953125
0 0.1546875 0.822265625 0.015625 0.01953125
0 0.0921875 0.712890625 0.015625 0.01953125
0 0.109375 0.69921875 0.015625 0.01953125
0 0.046875 0.65625 0.015625 0.01953125
0 0.50625 0.60546875 0.015625 0.01953125
0 0.5421875 0.603515625 0.015625 0.01953125
0 0.56875 0.55859375 0.015625 0.01953125
0 0.6015625 0.57421875 0.015625 0.01953125
0 0.5953125 0.6015625 0.015625 0.01953125
0 0.478125 0.642578125 0.015625 0.01953125
0 0.45 0.65625 0.015625 0.01953125
0 0.4171875 0.63671875 0.015625 0.01953125
0 0.4515625 0.611328125 0.015625 0.01953125
0 0.428125 0.677734375 0.015625 0.01953125
0 0.3921875 0.685546875 0.015625 0.01953125
0 0.365625 0.681640625 0.015625 0.01953125
0 0.3828125 0.638671875 0.015625 0.01953125
0 0.3609375 0.6171875 0.015625 0.01953125
0 0.3203125 0.671875 0.015625 0.01953125
0 0.284375 0.638671875 0.015625 0.01953125
0 0.2953125 0.6171875 0.015625 0.01953125
0 0.771875 0.826171875 0.015625 0.01953125
0 0.8515625 0.625 0.015625 0.01953125
0 0.80625 0.556640625 0.015625 0.01953125
0 0.728125 0.56640625 0.015625 0.01953125
0 0.68125 0.537109375 0.015625 0.01953125
0 0.69375 0.44140625 0.015625 0.01953125
0 0.753125 0.4453125 0.015625 0.01953125
0 0.6515625 0.408203125 0.015625 0.01953125
0 0.725 0.359375 0.015625 0.01953125
0 0.9578125 0.470703125 0.015625 0.01953125
0 0.9765625 0.30859375 0.015625 0.01953125
0 0.5546875 0.861328125 0.015625 0.01953125
0 0.521875 0.845703125 0.015625 0.01953125
0 0.503125 0.794921875 0.015625 0.01953125
0 0.4765625 0.806640625 0.015625 0.01953125
0 0.4578125 0.8125 0.015625 0.01953125
0 0.3796875 0.75390625 0.015625 0.01953125
0 0.6140625 0.638671875 0.015625 0.01953125
0 0.634375 0.28125 0.015625 0.01953125
0 0.6 0.2265625 0.015625 0.01953125
0 0.609375 0.1875 0.015625 0.01953125
0 0.565625 0.1875 0.015625 0.01953125
0 0.5375 0.169921875 0.015625 0.01953125
0 0.5953125 0.291015625 0.015625 0.01953125
0 0.6953125 0.283203125 0.015625 0.01953125
0 0.7296875 0.283203125 0.015625 0.01953125
0 0.7484375 0.279296875 0.015625 0.01953125
0 0.7734375 0.2890625 0.015625 0.01953125
0 0.78125 0.224609375 0.015625 0.01953125
0 0.796875 0.21875 0.015625 0.01953125
0 0.8484375 0.26953125 0.015625 0.01953125
0 0.8890625 0.267578125 0.015625 0.01953125
0 0.928125 0.263671875 0.015625 0.01953125
0 0.9703125 0.26171875 0.015625 0.01953125
0 0.85625 0.220703125 0.015625 0.01953125
0 0.8375 0.2421875 0.015625 0.01953125
0 0.8046875 0.234375 0.015625 0.01953125
0 0.8078125 0.26171875 0.015625 0.01953125
0 0.778125 0.251953125 0.015625 0.01953125
0 0.9875 0.318359375 0.015625 0.01953125
0 0.5203125 0.265625 0.015625 0.01953125
0 0.4875 0.251953125 0.015625 0.01953125
0 0.578125 0.5 0.015625 0.01953125
0 0.528125 0.537109375 0.015625 0.01953125
0 0.44375 0.556640625 0.015625 0.01953125
0 0.4078125 0.578125 0.015625 0.01953125
0 0.3875 0.583984375 0.015625 0.01953125
0 0.3421875 0.583984375 0.015625 0.01953125
0 0.328125 0.609375 0.015625 0.01953125
0 0.2734375 0.61328125 0.015625 0.01953125
0 0.2546875 0.6171875 0.015625 0.01953125
0 0.178125 0.630859375 0.015625 0.01953125
0 0.2453125 0.55078125 0.015625 0.01953125
0 0.021875 0.34765625 0.015625 0.01953125
0 0.059375 0.4765625 0.015625 0.01953125
0 0.0453125 0.3359375 0.015625 0.01953125
0 0.096875 0.333984375 0.015625 0.01953125
0 0.1390625 0.3046875 0.015625 0.01953125
0 0.1625 0.279296875 0.015625 0.01953125
0 0.296875 0.240234375 0.015625 0.01953125
0 0.1078125 0.267578125 0.015625 0.01953125
0 0.171875 0.341796875 0.015625 0.01953125
0 0.959375 0.802734375 0.015625 0.01953125
0 0.6078125 0.15234375 0.015625 0.01953125
0 0.58125 0.158203125 0.015625 0.01953125
0 0.2265625 0.322265625 0.015625 0.01953125
0 0.2265625 0.33984375 0.015625 0.01953125
0 0.1953125 0.322265625 0.015625 0.01953125
0 0.2484375 0.322265625 0.015625 0.01953125
0 0.2765625 0.271484375 0.015625 0.01953125
0 0.2921875 0.291015625 0.015625 0.01953125
0 0.3078125 0.28515625 0.015625 0.01953125
0 0.3234375 0.275390625 0.015625 0.01953125
0 0.4140625 0.2265625 0.015625 0.01953125
0 0.453125 0.279296875 0.015625 0.01953125
0 0.475 0.2734375 0.015625 0.01953125
0 0.44375 0.267578125 0.015625 0.01953125
0 0.49375 0.291015625 0.015625 0.01953125
0 0.4796875 0.30078125 0.015625 0.01953125
0 0.4734375 0.330078125 0.015625 0.01953125
0 0.4953125 0.326171875 0.015625 0.01953125
0 0.5109375 0.32421875 0.015625 0.01953125
0 0.53125 0.333984375 0.015625 0.01953125
0 0.55 0.3359375 0.015625 0.01953125
0 0.565625 0.369140625 0.015625 0.01953125
0 0.540625 0.376953125 0.015625 0.01953125
0 0.5578125 0.396484375 0.015625 0.01953125
0 0.540625 0.435546875 0.015625 0.01953125
0 0.5453125 0.451171875 0.015625 0.01953125
0 0.5796875 0.4375 0.015625 0.01953125
0 0.5546875 0.466796875 0.015625 0.01953125
0 0.546875 0.48828125 0.015625 0.01953125
0 0.534375 0.5 0.015625 0.01953125
0 0.5171875 0.458984375 0.015625 0.01953125
0 0.4796875 0.474609375 0.015625 0.01953125
0 0.4578125 0.517578125 0.015625 0.01953125
0 0.428125 0.52734375 0.015625 0.01953125
0 0.3953125 0.533203125 0.015625 0.01953125
0 0.365625 0.54296875 0.015625 0.01953125
0 0.3296875 0.54296875 0.015625 0.01953125
0 0.271875 0.57421875 0.015625 0.01953125
0 0.284375 0.54296875 0.015625 0.01953125
0 0.34375 0.513671875 0.015625 0.01953125
0 0.5484375 0.35546875 0.015625 0.01953125
0 0.4578125 0.388671875 0.015625 0.01953125
0 0.4671875 0.421875 0.015625 0.01953125
0 0.4578125 0.353515625 0.015625 0.01953125
0 0.45625 0.326171875 0.015625 0.01953125
0 0.425 0.3984375 0.015625 0.01953125
0 0.4359375 0.443359375 0.015625 0.01953125
0 0.44375 0.41796875 0.015625 0.01953125
0 0.45 0.470703125 0.015625 0.01953125
0 0.4265625 0.478515625 0.015625 0.01953125
0 0.3984375 0.484375 0.015625 0.01953125
0 0.409375 0.498046875 0.015625 0.01953125
0 0.36875 0.5078125 0.015625 0.01953125
0 0.371875 0.46875 0.015625 0.01953125
0 0.359375 0.484375 0.015625 0.01953125
0 0.3515625 0.462890625 0.015625 0.01953125
0 0.384375 0.498046875 0.015625 0.01953125
0 0.3125 0.52734375 0.015625 0.01953125
0 0.3234375 0.486328125 0.015625 0.01953125
0 0.2796875 0.482421875 0.015625 0.01953125
0 0.2828125 0.466796875 0.015625 0.01953125
0 0.26875 0.50390625 0.015625 0.01953125
0 0.234375 0.50390625 0.015625 0.01953125
0 0.2328125 0.4765625 0.015625 0.01953125
0 0.23125 0.462890625 0.015625 0.01953125
0 0.23125 0.443359375 0.015625 0.01953125
0 0.240625 0.41796875 0.015625 0.01953125
0 0.25 0.38671875 0.015625 0.01953125
0 0.2515625 0.353515625 0.015625 0.01953125
0 0.2640625 0.3203125 0.015625 0.01953125
0 0.271875 0.33984375 0.015625 0.01953125
0 0.2671875 0.359375 0.015625 0.01953125
0 0.275 0.3828125 0.015625 0.01953125
0 0.2953125 0.3984375 0.015625 0.01953125
0 0.275 0.400390625 0.015625 0.01953125
0 0.26875 0.419921875 0.015625 0.01953125
0 0.284375 0.4296875 0.015625 0.01953125
0 0.2546875 0.447265625 0.015625 0.01953125
0 0.25625 0.482421875 0.015625 0.01953125
0 0.26875 0.470703125 0.015625 0.01953125
0 0.246875 0.4765625 0.015625 0.01953125
0 0.771875 0.189453125 0.015625 0.01953125
0 0.4125 0.33984375 0.015625 0.01953125
0 0.3921875 0.349609375 0.015625 0.01953125
0 0.3828125 0.416015625 0.015625 0.01953125
0 0.384375 0.443359375 0.015625 0.01953125
0 0.4171875 0.443359375 0.015625 0.01953125
0 0.359375 0.435546875 0.015625 0.01953125
0 0.3609375 0.416015625 0.015625 0.01953125
0 0.303125 0.447265625 0.015625 0.01953125
0 0.321875 0.431640625 0.015625 0.01953125
0 0.334375 0.443359375 0.015625 0.01953125
0 0.3171875 0.40234375 0.015625 0.01953125
0 0.3203125 0.37109375 0.015625 0.01953125
0 0.3125 0.34765625 0.015625 0.01953125
0 0.3 0.365234375 0.015625 0.01953125
0 0.2921875 0.3828125 0.015625 0.01953125
0 0.3390625 0.359375 0.015625 0.01953125
0 0.34375 0.388671875 0.015625 0.01953125
0 0.3578125 0.357421875 0.015625 0.01953125
0 0.3765625 0.359375 0.015625 0.01953125
0 0.365625 0.384765625 0.015625 0.01953125
0 0.3828125 0.37890625 0.015625 0.01953125
0 0.3953125 0.3828125 0.015625 0.01953125
0 0.4390625 0.369140625 0.015625 0.01953125
0 0.4265625 0.369140625 0.015625 0.01953125
0 0.49375 0.359375 0.015625 0.01953125
0 0.5265625 0.365234375 0.015625 0.01953125
0 0.528125 0.388671875 0.015625 0.01953125
0 0.5203125 0.40234375 0.015625 0.01953125
0 0.521875 0.421875 0.015625 0.01953125
0 0.565625 0.4140625 0.015625 0.01953125
0 0.2359375 0.234375 0.015625 0.01953125
0 0.1296875 0.326171875 0.015625 0.01953125
0 0.484375 0.505859375 0.015625 0.01953125
0 0.403125 0.412109375 0.015625 0.01953125
0 0.271875 0.5234375 0.015625 0.01953125
0 0.8 0.287109375 0.015625 0.01953125
0 0.95 0.583984375 0.015625 0.01953125
0 0.8515625 0.53125 0.015625 0.01953125
