0 0.8890625 0.974609375 0.015625 0.01953125
0 0.9265625 0.87109375 0.015625 0.01953125
0 0.9109375 0.78125 0.015625 0.01953125
0 0.965625 0.947265625 0.015625 0.01953125
0 0.94375 0.95703125 0.015625 0.01953125
0 0.7375 0.986328125 0.015625 0.01953125
0 0.571875 0.974609375 0.015625 0.01953125
0 0.5125 0.9375 0.015625 0.01953125
0 0.6140625 0.80859375 0.015625 0.01953125
0 0.5546875 0.806640625 0.015625 0.01953125
0 0.8515625 0.630859375 0.015625 0.01953125
0 0.8296875 0.630859375 0.015625 0.01953125
0 0.8296875 0.607421875 0.015625 0.01953125
0 0.98125 0.390625 0.015625 0.01953125
0 0.975 0.369140625 0.015625 0.01953125
0 0.9421875 0.3359375 0.015625 0.01953125
0 0.9625 0.125 0.015625 0.01953125
0 0.94375 0.12890625 0.015625 0.01953125
0 0.98125 0.123046875 0.015625 0.01953125
0 0.759375 0.310546875 0.015625 0.01953125
0 0.49375 0.388671875 0.015625 0.01953125
0 0.609375 0.421875 0.015625 0.01953125
0 0.5875 0.4453125 0.015625 0.01953125
0 0.603125 0.486328125 0.015625 0.01953125
0 0.65625 0.5390625 0.015625 0.01953125
0 0.58125 0.54296875 0.015625 0.01953125
0 0.578125 0.556640625 0.015625 0.01953125
0 0.521875 0.65234375 0.015625 0.01953125
0 0.5328125 0.625 0.015625 0.01953125
0 0.5390625 0.646484375 0.015625 0.01953125
0 0.4703125 0.580078125 0.015625 0.01953125
0 0.7046875 0.17578125 0.015625 0.01953125
0 0.7796875 0.740234375 0.015625 0.01953125
0 0.6171875 0.9609375 0.015625 0.01953125
0 0.5921875 0.982421875 0.015625 0.01953125
0 0.475 0.82421875 0.015625 0.01953125
0 0.4625 0.806640625 0.015625 0.01953125
0 0.4578125 0.73828125 0.015625 0.01953125
0 0.40625 0.708984375 0.015625 0.01953125
0 0.39375 0.759765625 0.015625 0.01953125
0 0.396875 0.779296875 0.015625 0.01953125
0 0.4078125 0.671875 0.015625 0.01953125
0 0.421875 0.642578125 0.015625 0.01953125
0 0.3578125 0.62109375 0.015625 0.01953125
0 0.325 0.6484375 0.015625 0.01953125
0 0.2953125 0.666015625 0.015625 0.01953125
0 0.26875 0.712890625 0.015625 0.01953125
0 0.2890625 0.779296875 0.015625 0.01953125
0 0.3765625 0.8203125 0.015625 0.01953125
0 0.628125 0.193359375 0.015625 0.01953125
0 0.6625 0.185546875 0.015625 0.01953125
0 0.7390625 0.166015625 0.015625 0.01953125
0 0.7734375 0.16015625 0.015625 0.01953125
0 0.7734375 0.177734375 0.015625 0.01953125
0 0.7828125 0.177734375 0.015625 0.01953125
0 0.853125 0.177734375 0.015625 0.01953125
0 0.85 0.142578125 0.015625 0.01953125
0 0.871875 0.140625 0.015625 0.01953125
0 0.93125 0.142578125 0.015625 0.01953125
0 0.609375 0.146484375 0.015625 0.01953125
0 0.60625 0.166015625 0.015625 0.01953125
0 0.521875 0.185546875 0.015625 0.01953125
0 0.5265625 0.16796875 0.015625 0.01953125
0 0.5 0.166015625 0.015625 0.01953125
0 0.5390625 0.1171875 0.015625 0.01953125
0 0.34375 0.14453125 0.015625 0.01953125
0 0.3765625 0.140625 0.015625 0.01953125
0 0.3765625 0.240234375 0.015625 0.01953125
0 0.3765625 0.25390625 0.015625 0.01953125
0 0.409375 0.236328125 0.015625 0.01953125
0 0.46875 0.2265625 0.015625 0.01953125
0 0.3171875 0.251953125 0.015625 0.01953125
0 0.303125 0.220703125 0.015625 0.01953125
0 0.26875 0.224609375 0.015625 0.01953125
0 0.3390625 0.287109375 0.015625 0.01953125
0 0.35 0.32421875 0.015625 0.01953125
0 0.3515625 0.365234375 0.015625 0.01953125
0 0.371875 0.396484375 0.015625 0.01953125
0 0.440625 0.443359375 0.015625 0.01953125
0 0.453125 0.453125 0.015625 0.01953125
0 0.4078125 0.5234375 0.015625 0.01953125
0 0.3984375 0.544921875 0.015625 0.01953125
0 0.4203125 0.580078125 0.015625 0.01953125
0 0.4296875 0.60546875 0.015625 0.01953125
0 0.3921875 0.58203125 0.015625 0.01953125
0 0.39375 0.64453125 0.015625 0.01953125
0 0.315625 0.767578125 0.015625 0.01953125
0 0.321875 0.7890625 0.015625 0.01953125
0 0.353125 0.873046875 0.015625 0.01953125
0 0.3171875 0.94140625 0.015625 0.01953125
0 0.284375 0.931640625 0.015625 0.01953125
0 0.25625 0.935546875 0.015625 0.01953125
0 0.2484375 0.87109375 0.015625 0.01953125
0 0.2078125 0.826171875 0.015625 0.01953125
0 0.178125 0.802734375 0.015625 0.01953125
0 0.13125 0.83984375 0.015625 0.01953125
0 0.16875 0.880859375 0.015625 0.01953125
0 0.1625 0.91796875 0.015625 0.01953125
0 0.1125 0.900390625 0.015625 0.01953125
0 0.1046875 0.77734375 0.015625 0.01953125
0 0.1296875 0.751953125 0.015625 0.01953125
0 0.134375 0.712890625 0.015625 0.01953125
0 0.1609375 0.705078125 0.015625 0.01953125
0 0.1953125 0.69921875 0.015625 0.01953125
0 0.2265625 0.697265625 0.015625 0.01953125
0 0.2359375 0.662109375 0.015625 0.01953125
0 0.209375 0.666015625 0.015625 0.01953125
0 0.1328125 0.669921875 0.015625 0.01953125
0 0.0859375 0.69140625 0.015625 0.01953125
0 0.040625 0.7265625 0.015625 0.01953125
0 0.021875 0.6953125 0.015625 0.01953125
0 0.071875 0.771484375 0.015625 0.01953125
0 0.075 0.8515625 0.015625 0.01953125
0 0.0890625 0.884765625 0.015625 0.01953125
0 0.11875 0.779296875 0.015625 0.01953125
0 0.3109375 0.578125 0.015625 0.01953125
0 0.29375 0.6171875 0.015625 0.01953125
0 0.2671875 0.625 0.015625 0.01953125
0 0.346875 0.55859375 0.015625 0.01953125
0 0.3703125 0.517578125 0.015625 0.01953125
0 0.3984375 0.50390625 0.015625 0.01953125
0 0.3765625 0.458984375 0.015625 0.01953125
0 0.35 0.44921875 0.015625 0.01953125
0 0.3296875 0.462890625 0.015625 0.01953125
0 0.3390625 0.404296875 0.015625 0.01953125
0 0.315625 0.3828125 0.015625 0.01953125
0 0.509375 0.30078125 0.015625 0.01953125
0 0.5015625 0.220703125 0.015625 0.01953125
0 0.5265625 0.212890625 0.015625 0.01953125
0 0.55 0.212890625 0.015625 0.01953125
0 0.915625 0.033203125 0.015625 0.01953125
0 0.1796875 0.205078125 0.015625 0.01953125
0 0.1640625 0.18359375 0.015625 0.01953125
0 0.1171875 0.20703125 0.015625 0.01953125
0 0.25 0.240234375 0.015625 0.01953125
0 0.23125 0.25 0.015625 0.01953125
0 0.209375 0.240234375 0.015625 0.01953125
0 0.5484375 0.3828125 0.015625 0.01953125
0 0.23125 0.880859375 0.015625 0.01953125
0 0.1953125 0.880859375 0.015625 0.01953125
0 0.1953125 0.9609375 0.015625 0.01953125
0 0.0640625 0.921875 0.015625 0.01953125
0 0.096875 0.6484375 0.015625 0.01953125
0 0.25625 0.58984375 0.015625 0.01953125
0 0.2296875 0.619140625 0.015625 0.01953125
0 0.178125 0.66015625 0.015625 0.01953125
0 0.1796875 0.759765625 0.015625 0.01953125
0 0.246875 0.533203125 0.015625 0.01953125
0 0.2546875 0.498046875 0.015625 0.01953125
0 0.2140625 0.560546875 0.015625 0.01953125
0 0.1875 0.57421875 0.015625 0.01953125
0 0.15625 0.580078125 0.015625 0.01953125
0 0.1765625 0.609375 0.015625 0.01953125
0 0.134375 0.591796875 0.015625 0.01953125
0 0.1078125 0.603515625 0.015625 0.01953125
0 0.0625 0.6328125 0.015625 0.01953125
0 0.071875 0.611328125 0.015625 0.01953125
0 0.0765625 0.5859375 0.015625 0.01953125
0 0.04375 0.55859375 0.015625 0.01953125
0 0.546875 0.61328125 0.015625 0.01953125
0 0.0703125 0.564453125 0.015625 0.01953125
0 0.4234375 0.1015625 0.015625 0.01953125
0 0.5625 0.138671875 0.015625 0.01953125
0 0.56875 0.185546875 0.015625 0.01953125
0 0.3046875 0.873046875 0.015625 0.01953125
0 0.325 0.888671875 0.015625 0.01953125
0 0.0921875 0.54296875 0.015625 0.01953125
0 0.0671875 0.5390625 0.015625 0.01953125
0 0.06875 0.51953125 0.015625 0.01953125
0 0.0640625 0.498046875 0.015625 0.01953125
0 0.3640625 0.486328125 0.015625 0.01953125
0 0.3109375 0.484375 0.015625 0.01953125
0 0.28125 0.478515625 0.015625 0.01953125
0 0.23125 0.51171875 0.015625 0.01953125
0 0.2 0.515625 0.015625 0.01953125
0 0.1453125 0.50390625 0.015625 0.01953125
0 0.134375 0.53125 0.015625 0.01953125
0 0.165625 0.53125 0.015625 0.01953125
0 0.03125 0.49609375 0.015625 0.01953125
0 0.0203125 0.478515625 0.015625 0.01953125
0 0.075 0.466796875 0.015625 0.01953125
0 0.0578125 0.46875 0.015625 0.01953125
0 0.0671875 0.43359375 0.015625 0.01953125
0 0.096875 0.45703125 0.015625 0.01953125
0 0.121875 0.44921875 0.015625 0.01953125
0 0.11875 0.48046875 0.015625 0.01953125
0 0.15 0.458984375 0.015625 0.01953125
0 0.1515625 0.484375 0.015625 0.01953125
0 0.1671875 0.50390625 0.015625 0.01953125
0 0.1921875 0.462890625 0.015625 0.01953125
0 0.215625 0.44921875 0.015625 0.01953125
0 0.2078125 0.482421875 0.015625 0.01953125
0 0.1796875 0.48828125 0.015625 0.01953125
0 0.1734375 0.458984375 0.015625 0.01953125
0 0.2046875 0.421875 0.015625 0.01953125
0 0.225 0.416015625 0.015625 0.01953125
0 0.2421875 0.44921875 0.015625 0.01953125
0 0.26875 0.435546875 0.015625 0.01953125
0 0.2421875 0.361328125 0.015625 0.01953125
0 0.2828125 0.390625 0.015625 0.01953125
0 0.31875 0.41796875 0.015625 0.01953125
0 0.2375 0.337890625 0.015625 0.01953125
0 0.2203125 0.30859375 0.015625 0.01953125
0 0.2609375 0.296875 0.015625 0.01953125
0 0.259375 0.271484375 0.015625 0.01953125
0 0.2765625 0.263671875 0.015625 0.01953125
0 0.296875 0.2890625 0.015625 0.01953125
0 0.2734375 0.322265625 0.015625 0.01953125
0 0.2859375 0.34765625 0.015625 0.01953125
0 0.309375 0.330078125 0.015625 0.01953125
0 0.3328125 0.3359375 0.015625 0.01953125
0 0.31875 0.35546875 0.015625 0.01953125
0 0.3140625 0.310546875 0.015625 0.01953125
0 0.2328125 0.390625 0.015625 0.01953125
0 0.171875 0.396484375 0.015625 0.01953125
0 0.15 0.404296875 0.015625 0.01953125
0 0.15625 0.421875 0.015625 0.01953125
0 0.1984375 0.396484375 0.015625 0.01953125
0 0.2125 0.3828125 0.015625 0.01953125
0 0.2203125 0.353515625 0.015625 0.01953125
0 0.178125 0.361328125 0.015625 0.01953125
0 0.15 0.3828125 0.015625 0.01953125
0 0.109375 0.388671875 0.015625 0.01953125
0 0.121875 0.421875 0.015625 0.01953125
0 0.484375 0.48828125 0.015625 0.01953125
0 0.0953125 0.28125 0.015625 0.01953125
0 0.0921875 0.26171875 0.015625 0.01953125
0 0.06875 0.287109375 0.015625 0.01953125
0 0.078125 0.28125 0.015625 0.01953125
0 0.053125 0.26953125 0.015625 0.01953125
0 0.0265625 0.318359375 0.015625 0.01953125
0 0.0078125 0.333984375 0.015625 0.01953125
0 0.03125 0.388671875 0.015625 0.01953125
0 0.0265625 0.349609375 0.015625 0.01953125
0 0.0234375 0.421875 0.015625 0.01953125
0 0.0234375 0.44921875 0.015625 0.01953125
0 0.0421875 0.478515625 0.015625 0.01953125
0 0.0484375 0.447265625 0.015625 0.01953125
0 0.075 0.416015625 0.015625 0.01953125
0 0.0515625 0.416015625 0.015625 0.01953125
0 0.0765625 0.396484375 0.015625 0.01953125
0 0.0640625 0.400390625 0.015625 0.01953125
0 0.0515625 0.37890625 0.015625 0.01953125
0 0.0859375 0.37109375 0.015625 0.01953125
0 0.1046875 0.361328125 0.015625 0.01953125
0 0.121875 0.34765625 0.015625 0.01953125
0 0.1453125 0.34765625 0.015625 0.01953125
0 0.134375 0.365234375 0.015625 0.01953125
0 0.1515625 0.36328125 0.015625 0.01953125
0 0.1671875 0.353515625 0.015625 0.01953125
0 0.1828125 0.337890625 0.015625 0.01953125
0 0.1671875 0.328125 0.015625 0.01953125
0 0.1953125 0.322265625 0.015625 0.01953125
0 0.11875 0.322265625 0.015625 0.01953125
0 0.09375 0.322265625 0.015625 0.01953125
0 0.075 0.333984375 0.015625 0.01953125
0 0.053125 0.33984375 0.015625 0.01953125
0 0.0421875 0.35546875 0.015625 0.01953125
0 0.05625 0.36328125 0.015625 0.01953125
0 0.046875 0.31640625 0.015625 0.01953125
0 0.0796875 0.30859375 0.015625 0.01953125
0 0.2 0.7421875 0.015625 0.01953125
0 0.1046875 0.7265625 0.015625 0.01953125
0 0.2046875 0.35546875 0.015625 0.01953125
0 0.178125 0.421875 0.015625 0.01953125
0 0.1359375 0.306640625 0.015625 0.01953125
