0 0.9875 0.4921875 0.015625 0.01953125
0 0.990625 0.513671875 0.015625 0.01953125
0 0.9328125 0.642578125 0.015625 0.01953125
0 0.9328125 0.66015625 0.015625 0.01953125
0 0.94375 0.666015625 0.015625 0.01953125
0 0.95625 0.6640625 0.015625 0.01953125
0 0.815625 0.6953125 0.015625 0.01953125
0 0.79375 0.67578125 0.015625 0.01953125
0 0.8640625 0.830078125 0.015625 0.01953125
0 0.8578125 0.99609375 0.015625 0.01953125
0 0.9609375 0.986328125 0.015625 0.01953125
0 0.678125 0.88671875 0.015625 0.01953125
0 0.6484375 0.9609375 0.015625 0.01953125
0 0.625 0.984375 0.015625 0.01953125
0 0.5390625 0.9140625 0.015625 0.01953125
0 0.609375 0.962890625 0.015625 0.01953125
0 0.6125 0.78125 0.015625 0.01953125
0 0.51875 0.78515625 0.015625 0.01953125
0 0.5078125 0.765625 0.015625 0.01953125
0 0.7625 0.607421875 0.015625 0.01953125
0 0.74375 0.583984375 0.015625 0.01953125
0 0.7609375 0.529296875 0.015625 0.01953125
0 0.7046875 0.45703125 0.015625 0.01953125
0 0.703125 0.357421875 0.015625 0.01953125
0 0.5921875 0.607421875 0.015625 0.01953125
0 0.521875 0.69921875 0.015625 0.01953125
0 0.5265625 0.6640625 0.015625 0.01953125
0 0.46875 0.646484375 0.015625 0.01953125
0 0.4484375 0.689453125 0.015625 0.01953125
0 0.4515625 0.71875 0.015625 0.01953125
0 0.428125 0.76171875 0.015625 0.01953125
0 0.3890625 0.7265625 0.015625 0.01953125
0 0.3921875 0.80859375 0.015625 0.01953125
0 0.3734375 0.79296875 0.015625 0.01953125
0 0.3640625 0.814453125 0.015625 0.01953125
0 0.34375 0.814453125 0.015625 0.01953125
0 0.3546875 0.80078125 0.015625 0.01953125
0 0.34375 0.861328125 0.015625 0.01953125
0 0.375 0.943359375 0.015625 0.01953125
0 0.3953125 0.947265625 0.015625 0.01953125
0 0.3046875 0.86328125 0.015625 0.01953125
0 0.284375 0.853515625 0.015625 0.01953125
0 0.3015625 0.990234375 0.015625 0.01953125
0 0.28125 0.9609375 0.015625 0.01953125
0 0.225 0.947265625 0.015625 0.01953125
0 0.209375 0.953125 0.015625 0.01953125
0 0.1078125 0.9296875 0.015625 0.01953125
0 0.134375 0.912109375 0.015625 0.01953125
0 0.1140625 0.953125 0.015625 0.01953125
0 0.0140625 0.90234375 0.015625 0.01953125
0 0.0078125 0.80859375 0.015625 0.01953125
0 0.1 0.78515625 0.015625 0.01953125
0 0.1796875 0.806640625 0.015625 0.01953125
0 0.1375 0.779296875 0.015625 0.01953125
0 0.203125 0.861328125 0.015625 0.01953125
0 0.215625 0.775390625 0.015625 0.01953125
0 0.290625 0.78125 0.015625 0.01953125
0 0.2515625 0.78515625 0.015625 0.01953125
0 0.24375 0.73046875 0.015625 0.01953125
0 0.2078125 0.69140625 0.015625 0.01953125
0 0.1765625 0.712890625 0.015625 0.01953125
0 0.140625 0.736328125 0.015625 0.01953125
0 0.090625 0.7265625 0.015625 0.01953125
0 0.1125 0.69921875 0.015625 0.01953125
0 0.0484375 0.689453125 0.015625 0.01953125
0 0.0375 0.74609375 0.015625 0.01953125
0 0.10625 0.654296875 0.015625 0.01953125
0 0.1140625 0.626953125 0.015625 0.01953125
0 0.1515625 0.646484375 0.015625 0.01953125
0 0.1671875 0.626953125 0.015625 0.01953125
0 0.1484375 0.6015625 0.015625 0.01953125
0 0.1265625 0.583984375 0.015625 0.01953125
0 0.090625 0.580078125 0.015625 0.01953125
0 0.0828125 0.54296875 0.015625 0.01953125
0 0.1421875 0.5546875 0.015625 0.01953125
0 0.1875 0.578125 0.015625 0.01953125
0 0.1875 0.54296875 0.015625 0.01953125
0 0.209375 0.58203125 0.015625 0.01953125
0 0.2234375 0.650390625 0.015625 0.01953125
0 0.253125 0.62890625 0.015625 0.01953125
0 0.24375 0.58984375 0.015625 0.01953125
0 0.284375 0.6015625 0.015625 0.01953125
0 0.325 0.59375 0.015625 0.01953125
0 0.3515625 0.591796875 0.015625 0.01953125
0 0.3328125 0.69921875 0.015625 0.01953125
0 0.3640625 0.69140625 0.015625 0.01953125
0 0.3875 0.5703125 0.015625 0.01953125
0 0.428125 0.546875 0.015625 0.01953125
0 0.4546875 0.5625 0.015625 0.01953125
0 0.471875 0.513671875 0.015625 0.01953125
0 0.4796875 0.525390625 0.015625 0.01953125
0 0.50625 0.515625 0.015625 0.01953125
0 0.5328125 0.5078125 0.015625 0.01953125
0 0.5359375 0.541015625 0.015625 0.01953125
0 0.55625 0.5390625 0.015625 0.01953125
0 0.5046875 0.53515625 0.015625 0.01953125
0 0.4625 0.580078125 0.015625 0.01953125
0 0.471875 0.609375 0.015625 0.01953125
0 0.43125 0.6171875 0.015625 0.01953125
0 0.421875 0.634765625 0.015625 0.01953125
0 0.0359375 0.482421875 0.015625 0.01953125
0 0.3875 0.486328125 0.015625 0.01953125
0 0.359375 0.517578125 0.015625 0.01953125
0 0.3390625 0.529296875 0.015625 0.01953125
0 0.425 0.486328125 0.015625 0.01953125
0 0.4484375 0.45703125 0.015625 0.01953125
0 0.459375 0.435546875 0.015625 0.01953125
0 0.5 0.45703125 0.015625 0.01953125
0 0.484375 0.482421875 0.015625 0.01953125
0 0.61875 0.5859375 0.015625 0.01953125
0 0.6640625 0.3359375 0.015625 0.01953125
0 0.659375 0.3125 0.015625 0.01953125
0 0.6359375 0.2421875 0.015625 0.01953125
0 0.575 0.31640625 0.015625 0.01953125
0 0.5046875 0.142578125 0.015625 0.01953125
0 0.53125 0.107421875 0.015625 0.01953125
0 0.5453125 0.14453125 0.015625 0.01953125
0 0.559375 0.119140625 0.015625 0.01953125
0 0.571875 0.111328125 0.015625 0.01953125
0 0.51875 0.03515625 0.015625 0.01953125
0 0.484375 0.0390625 0.015625 0.01953125
0 0.684375 0.060546875 0.015625 0.01953125
0 0.896875 0.015625 0.015625 0.01953125
0 0.93125 0.1484375 0.015625 0.01953125
0 0.94375 0.173828125 0.015625 0.01953125
0 0.9703125 0.15234375 0.015625 0.01953125
0 0.903125 0.142578125 0.015625 0.01953125
0 0.865625 0.14453125 0.015625 0.01953125
0 0.853125 0.158203125 0.015625 0.01953125
0 0.8203125 0.146484375 0.015625 0.01953125
0 0.7765625 0.146484375 0.015625 0.01953125
0 0.759375 0.123046875 0.015625 0.01953125
0 0.728125 0.115234375 0.015625 0.01953125
0 0.7265625 0.138671875 0.015625 0.01953125
0 0.7 0.12109375 0.015625 0.01953125
0 0.69375 0.154296875 0.015625 0.01953125
0 0.6671875 0.154296875 0.015625 0.01953125
0 0.6484375 0.15234375 0.015625 0.01953125
0 0.6078125 0.1484375 0.015625 0.01953125
0 0.521875 0.318359375 0.015625 0.01953125
0 0.4796875 0.375 0.015625 0.01953125
0 0.478125 0.30859375 0.015625 0.01953125
0 0.4859375 0.267578125 0.015625 0.01953125
0 0.5875 0.421875 0.015625 0.01953125
0 0.1328125 0.490234375 0.015625 0.01953125
0 0.1375 0.46484375 0.015625 0.01953125
0 0.171875 0.482421875 0.015625 0.01953125
0 0.2015625 0.474609375 0.015625 0.01953125
0 0.2375 0.48828125 0.015625 0.01953125
0 0.234375 0.541015625 0.015625 0.01953125
0 0.275 0.556640625 0.015625 0.01953125
0 0.303125 0.56640625 0.015625 0.01953125
0 0.2984375 0.513671875 0.015625 0.01953125
0 0.2546875 0.513671875 0.015625 0.01953125
0 0.325 0.48828125 0.015625 0.01953125
0 0.29375 0.462890625 0.015625 0.01953125
0 0.2625 0.4609375 0.015625 0.01953125
0 0.21875 0.451171875 0.015625 0.01953125
0 0.328125 0.42578125 0.015625 0.01953125
0 0.309375 0.396484375 0.015625 0.01953125
0 0.3421875 0.396484375 0.015625 0.01953125
0 0.425 0.373046875 0.015625 0.01953125
0 0.3765625 0.37109375 0.015625 0.01953125
0 0.41875 0.408203125 0.015625 0.01953125
0 0.403125 0.396484375 0.015625 0.01953125
0 0.453125 0.408203125 0.015625 0.01953125
0 0.43125 0.12890625 0.015625 0.01953125
0 0.39375 0.103515625 0.015625 0.01953125
0 0.371875 0.119140625 0.015625 0.01953125
0 0.3609375 0.140625 0.015625 0.01953125
0 0.38125 0.1484375 0.015625 0.01953125
0 0.396875 0.146484375 0.015625 0.01953125
0 0.440625 0.150390625 0.015625 0.01953125
0 0.4140625 0.19140625 0.015625 0.01953125
0 0.39375 0.171875 0.015625 0.01953125
0 0.371875 0.17578125 0.015625 0.01953125
0 0.325 0.11328125 0.015625 0.01953125
0 0.3265625 0.052734375 0.015625 0.01953125
0 0.3109375 0.0859375 0.015625 0.01953125
0 0.246875 0.0546875 0.015625 0.01953125
0 0.1796875 0.044921875 0.015625 0.01953125
0 0.1609375 0.06640625 0.015625 0.01953125
0 0.1609375 0.109375 0.015625 0.01953125
0 0.171875 0.130859375 0.015625 0.01953125
0 0.1921875 0.125 0.015625 0.01953125
0 0.20625 0.107421875 0.015625 0.01953125
0 0.2140625 0.1328125 0.015625 0.01953125
0 0.2484375 0.11328125 0.015625 0.01953125
0 0.1078125 0.150390625 0.015625 0.01953125
0 0.1265625 0.154296875 0.015625 0.01953125
0 0.153125 0.154296875 0.015625 0.01953125
0 0.0296875 0.154296875 0.015625 0.01953125
0 0.0046875 0.15234375 0.015625 0.01953125
0 0.0703125 0.15234375 0.015625 0.01953125
0 0.1125 0.408203125 0.015625 0.01953125
0 0.15 0.439453125 0.015625 0.01953125
0 0.1390625 0.4140625 0.015625 0.01953125
0 0.0796875 0.40234375 0.015625 0.01953125
0 0.0875 0.390625 0.015625 0.01953125
0 0.0859375 0.291015625 0.015625 0.01953125
0 0.0984375 0.248046875 0.015625 0.01953125
0 0.1234375 0.1953125 0.015625 0.01953125
0 0.096875 0.314453125 0.015625 0.01953125
0 0.1125 0.30859375 0.015625 0.01953125
0 0.1234375 0.279296875 0.015625 0.01953125
0 0.13125 0.24609375 0.015625 0.01953125
0 0.1125 0.341796875 0.015625 0.01953125
0 0.1453125 0.357421875 0.015625 0.01953125
0 0.146875 0.388671875 0.015625 0.01953125
0 0.165625 0.3984375 0.015625 0.01953125
0 0.203125 0.396484375 0.015625 0.01953125
0 0.19375 0.369140625 0.015625 0.01953125
0 0.2265625 0.375 0.015625 0.01953125
0 0.2046875 0.3359375 0.015625 0.01953125
0 0.184375 0.302734375 0.015625 0.01953125
0 0.065625 0.390625 0.015625 0.01953125
0 0.2671875 0.26953125 0.015625 0.01953125
0 0.496875 0.162109375 0.015625 0.01953125
0 0.4515625 0.357421875 0.015625 0.01953125
0 0.45 0.33984375 0.015625 0.01953125
0 0.4453125 0.3203125 0.015625 0.01953125
0 0.409375 0.31640625 0.015625 0.01953125
0 0.4203125 0.275390625 0.015625 0.01953125
0 0.4375 0.23828125 0.015625 0.01953125
0 0.4515625 0.26171875 0.015625 0.01953125
0 0.4390625 0.259765625 0.015625 0.01953125
0 0.4265625 0.25390625 0.015625 0.01953125
0 0.4203125 0.2265625 0.015625 0.01953125
0 0.4296875 0.2109375 0.015625 0.01953125
0 0.4484375 0.1875 0.015625 0.01953125
0 0.39375 0.228515625 0.015625 0.01953125
0 0.3875 0.203125 0.015625 0.01953125
0 0.36875 0.30078125 0.015625 0.01953125
0 0.365625 0.33203125 0.015625 0.01953125
0 0.3390625 0.330078125 0.015625 0.01953125
0 0.328125 0.30859375 0.015625 0.01953125
0 0.3296875 0.28125 0.015625 0.01953125
0 0.3546875 0.248046875 0.015625 0.01953125
0 0.34375 0.21484375 0.015625 0.01953125
0 0.33125 0.1796875 0.015625 0.01953125
0 0.3375 0.197265625 0.015625 0.01953125
0 0.30625 0.296875 0.015625 0.01953125
0 0.3125 0.3359375 0.015625 0.01953125
0 0.290625 0.337890625 0.015625 0.01953125
0 0.2515625 0.365234375 0.015625 0.01953125
0 0.240625 0.341796875 0.015625 0.01953125
0 0.2328125 0.3203125 0.015625 0.01953125
0 0.265625 0.33203125 0.015625 0.01953125
0 0.21875 0.30078125 0.015625 0.01953125
0 0.215625 0.26953125 0.015625 0.01953125
0 0.2390625 0.275390625 0.015625 0.01953125
0 0.2671875 0.294921875 0.015625 0.01953125
0 0.2203125 0.216796875 0.015625 0.01953125
0 0.2296875 0.189453125 0.015625 0.01953125
0 0.15 0.33203125 0.015625 0.01953125
0 0.1578125 0.30859375 0.015625 0.01953125
0 0.146875 0.306640625 0.015625 0.01953125
0 0.15625 0.275390625 0.015625 0.01953125
0 0.1703125 0.2265625 0.015625 0.01953125
0 0.215625 0.240234375 0.015625 0.01953125
0 0.284375 0.234375 0.015625 0.01953125
0 0.265625 0.18359375 0.015625 0.01953125
0 0.296875 0.189453125 0.015625 0.01953125
0 0.3234375 0.2109375 0.015625 0.01953125
0 0.3078125 0.25390625 0.015625 0.01953125
0 0.271875 0.21875 0.015625 0.01953125
0 0.1984375 0.240234375 0.015625 0.01953125
0 0.2 0.208984375 0.015625 0.01953125
0 0.153125 0.20703125 0.015625 0.01953125
0 0.1546875 0.234375 0.015625 0.01953125
0 0.16875 0.251953125 0.015625 0.01953125
0 0.19375 0.19140625 0.015625 0.01953125
0 0.1828125 0.1484375 0.015625 0.01953125
0 0.171875 0.173828125 0.015625 0.01953125
0 0.146875 0.173828125 0.015625 0.01953125
0 0.153125 0.20703125 0.015625 0.01953125
0 0.1875 0.166015625 0.015625 0.01953125
0 0.246875 0.240234375 0.015625 0.01953125
0 0.253125 0.2265625 0.015625 0.01953125
0 0.2734375 0.24609375 0.015625 0.01953125
0 0.2984375 0.2109375 0.015625 0.01953125
0 0.25 0.205078125 0.015625 0.01953125
0 0.2359375 0.2265625 0.015625 0.01953125
0 0.28125 0.1953125 0.015625 0.01953125
0 0.45 0.28515625 0.015625 0.01953125
0 0.440625 0.3046875 0.015625 0.01953125
0 0.290625 0.361328125 0.015625 0.01953125
0 0.271875 0.35546875 0.015625 0.01953125
0 0.24375 0.396484375 0.015625 0.01953125
0 0.2765625 0.3984375 0.015625 0.01953125
0 0.2515625 0.083984375 0.015625 0.01953125
