0 0.965625 0.91796875 0.015625 0.01953125
0 0.9953125 0.96875 0.015625 0.01953125
0 0.9421875 0.982421875 0.015625 0.01953125
0 0.9046875 0.78125 0.015625 0.01953125
0 0.78125 0.994140625 0.015625 0.01953125
0 0.9578125 0.5625 0.015625 0.01953125
0 0.9515625 0.572265625 0.015625 0.01953125
0 0.9328125 0.5703125 0.015625 0.01953125
0 0.940625 0.55078125 0.015625 0.01953125
0 0.9078125 0.572265625 0.015625 0.01953125
0 0.878125 0.5546875 0.015625 0.01953125
0 0.878125 0.533203125 0.015625 0.01953125
0 0.93125 0.4296875 0.015625 0.01953125
0 0.934375 0.458984375 0.015625 0.01953125
0 0.803125 0.529296875 0.015625 0.01953125
0 0.7484375 0.43359375 0.015625 0.01953125
0 0.7078125 0.359375 0.015625 0.01953125
0 0.803125 0.55078125 0.015625 0.01953125
0 0.640625 0.703125 0.015625 0.01953125
0 0.609375 0.689453125 0.015625 0.01953125
0 0.5984375 0.708984375 0.015625 0.01953125
0 0.596875 0.88671875 0.015625 0.01953125
0 0.5265625 0.841796875 0.015625 0.01953125
0 0.353125 0.8671875 0.015625 0.01953125
0 0.20625 0.9296875 0.015625 0.01953125
0 0.20625 0.86328125 0.015625 0.01953125
0 0.1734375 0.86328125 0.015625 0.01953125
0 0.5109375 0.69921875 0.015625 0.01953125
0 0.5046875 0.673828125 0.015625 0.01953125
0 0.50625 0.599609375 0.015625 0.01953125
0 0.58125 0.5859375 0.015625 0.01953125
0 0.590625 0.513671875 0.015625 0.01953125
0 0.61875 0.517578125 0.015625 0.01953125
0 0.6171875 0.4921875 0.015625 0.01953125
0 0.5453125 0.4765625 0.015625 0.01953125
0 0.5328125 0.494140625 0.015625 0.01953125
0 0.515625 0.4921875 0.015625 0.01953125
0 0.46875 0.509765625 0.015625 0.01953125
0 0.459375 0.4921875 0.015625 0.01953125
0 0.4484375 0.47265625 0.015625 0.01953125
0 0.446875 0.455078125 0.015625 0.01953125
0 0.4609375 0.43359375 0.015625 0.01953125
0 0.4578125 0.408203125 0.015625 0.01953125
0 0.471875 0.375 0.015625 0.01953125
0 0.484375 0.357421875 0.015625 0.01953125
0 0.571875 0.365234375 0.015625 0.01953125
0 0.571875 0.34765625 0.015625 0.01953125
0 0.5765625 0.32421875 0.015625 0.01953125
0 0.5515625 0.283203125 0.015625 0.01953125
0 0.5875 0.2265625 0.015625 0.01953125
0 0.53125 0.234375 0.015625 0.01953125
0 0.6671875 0.248046875 0.015625 0.01953125
0 0.6859375 0.240234375 0.015625 0.01953125
0 0.7078125 0.240234375 0.015625 0.01953125
0 0.634375 0.13671875 0.015625 0.01953125
0 0.4328125 0.619140625 0.015625 0.01953125
0 0.4375 0.59765625 0.015625 0.01953125
0 0.4578125 0.55859375 0.015625 0.01953125
0 0.409375 0.666015625 0.015625 0.01953125
0 0.375 0.72265625 0.015625 0.01953125
0 0.353125 0.712890625 0.015625 0.01953125
0 0.340625 0.712890625 0.015625 0.01953125
0 0.328125 0.734375 0.015625 0.01953125
0 0.3390625 0.744140625 0.015625 0.01953125
0 0.321875 0.767578125 0.015625 0.01953125
0 0.3765625 0.859375 0.015625 0.01953125
0 0.2359375 0.78515625 0.015625 0.01953125
0 0.259375 0.76171875 0.015625 0.01953125
0 0.1546875 0.716796875 0.015625 0.01953125
0 0.2046875 0.689453125 0.015625 0.01953125
0 0.1875 0.75390625 0.015625 0.01953125
0 0.2375 0.693359375 0.015625 0.01953125
0 0.265625 0.68359375 0.015625 0.01953125
0 0.225 0.630859375 0.015625 0.01953125
0 0.1890625 0.595703125 0.015625 0.01953125
0 0.1515625 0.6171875 0.015625 0.01953125
0 0.121875 0.623046875 0.015625 0.01953125
0 0.1203125 0.677734375 0.015625 0.01953125
0 0.1 0.80859375 0.015625 0.01953125
0 0.0859375 0.845703125 0.015625 0.01953125
0 0.065625 0.685546875 0.015625 0.01953125
0 0.00625 0.779296875 0.015625 0.01953125
0 0.0671875 0.625 0.015625 0.01953125
0 0.090625 0.591796875 0.015625 0.01953125
0 0.1078125 0.548828125 0.015625 0.01953125
0 0.128125 0.560546875 0.015625 0.01953125
0 0.15 0.52734375 0.015625 0.01953125
0 0.196875 0.55078125 0.015625 0.01953125
0 0.2296875 0.53125 0.015625 0.01953125
0 0.2671875 0.49609375 0.015625 0.01953125
0 0.2953125 0.49609375 0.015625 0.01953125
0 0.334375 0.47265625 0.015625 0.01953125
0 0.3765625 0.4765625 0.015625 0.01953125
0 0.415625 0.447265625 0.015625 0.01953125
0 0.3515625 0.59765625 0.015625 0.01953125
0 0.3296875 0.6015625 0.015625 0.01953125
0 0.11875 0.447265625 0.015625 0.01953125
0 0.0859375 0.53125 0.015625 0.01953125
0 0.078125 0.55078125 0.015625 0.01953125
0 0.1296875 0.49609375 0.015625 0.01953125
0 0.1671875 0.4765625 0.015625 0.01953125
0 0.1875 0.482421875 0.015625 0.01953125
0 0.16875 0.44140625 0.015625 0.01953125
0 0.21875 0.44140625 0.015625 0.01953125
0 0.253125 0.462890625 0.015625 0.01953125
0 0.2234375 0.4921875 0.015625 0.01953125
0 0.2796875 0.4609375 0.015625 0.01953125
0 0.321875 0.421875 0.015625 0.01953125
0 0.35 0.423828125 0.015625 0.01953125
0 0.378125 0.376953125 0.015625 0.01953125
0 0.4203125 0.384765625 0.015625 0.01953125
0 0.446875 0.34375 0.015625 0.01953125
0 0.4890625 0.419921875 0.015625 0.01953125
0 0.4984375 0.443359375 0.015625 0.01953125
0 0.275 0.404296875 0.015625 0.01953125
0 0.2421875 0.419921875 0.015625 0.01953125
0 0.3109375 0.3828125 0.015625 0.01953125
0 0.2640625 0.337890625 0.015625 0.01953125
0 0.2390625 0.345703125 0.015625 0.01953125
0 0.221875 0.375 0.015625 0.01953125
0 0.1828125 0.375 0.015625 0.01953125
0 0.2 0.34375 0.015625 0.01953125
0 0.15625 0.357421875 0.015625 0.01953125
0 0.115625 0.365234375 0.015625 0.01953125
0 0.109375 0.38671875 0.015625 0.01953125
0 0.053125 0.435546875 0.015625 0.01953125
0 0.0671875 0.462890625 0.015625 0.01953125
0 0.015625 0.59375 0.015625 0.01953125
0 0.0015625 0.650390625 0.015625 0.01953125
0 0.0078125 0.375 0.015625 0.01953125
0 0.121875 0.32421875 0.015625 0.01953125
0 0.0875 0.30078125 0.015625 0.01953125
0 0.1140625 0.306640625 0.015625 0.01953125
0 0.14375 0.287109375 0.015625 0.01953125
0 0.1234375 0.279296875 0.015625 0.01953125
0 0.1171875 0.26171875 0.015625 0.01953125
0 0.18125 0.26953125 0.015625 0.01953125
0 0.20625 0.26953125 0.015625 0.01953125
0 0.290625 0.294921875 0.015625 0.01953125
0 0.3078125 0.32421875 0.015625 0.01953125
0 0.3296875 0.283203125 0.015625 0.01953125
0 0.3609375 0.267578125 0.015625 0.01953125
0 0.4140625 0.26171875 0.015625 0.01953125
0 0.4390625 0.248046875 0.015625 0.01953125
0 0.4703125 0.28125 0.015625 0.01953125
0 0.440625 0.30859375 0.015625 0.01953125
0 0.4015625 0.306640625 0.015625 0.01953125
0 0.428125 0.205078125 0.015625 0.01953125
0 0.403125 0.216796875 0.015625 0.01953125
0 0.3609375 0.212890625 0.015625 0.01953125
0 0.34375 0.234375 0.015625 0.01953125
0 0.325 0.2265625 0.015625 0.01953125
0 0.29375 0.228515625 0.015625 0.01953125
0 0.275 0.228515625 0.015625 0.01953125
0 0.275 0.255859375 0.015625 0.01953125
0 0.253125 0.255859375 0.015625 0.01953125
0 0.2265625 0.26171875 0.015625 0.01953125
0 0.2140625 0.23828125 0.015625 0.01953125
0 0.2203125 0.208984375 0.015625 0.01953125
0 0.25 0.21875 0.015625 0.01953125
0 0.2859375 0.197265625 0.015625 0.01953125
0 0.315625 0.197265625 0.015625 0.01953125
0 0.321875 0.169921875 0.015625 0.01953125
0 0.4078125 0.169921875 0.015625 0.01953125
0 0.440625 0.177734375 0.015625 0.01953125
0 0.4625 0.15234375 0.015625 0.01953125
0 0.4453125 0.14453125 0.015625 0.01953125
0 0.4296875 0.130859375 0.015625 0.01953125
0 0.415625 0.140625 0.015625 0.01953125
0 0.4125 0.115234375 0.015625 0.01953125
0 0.4359375 0.10546875 0.015625 0.01953125
0 0.4453125 0.080078125 0.015625 0.01953125
0 0.4203125 0.09765625 0.015625 0.01953125
0 0.496875 0.044921875 0.015625 0.01953125
0 0.540625 0.037109375 0.015625 0.01953125
0 0.6078125 0.052734375 0.015625 0.01953125
0 0.65 0.05078125 0.015625 0.01953125
0 0.66875 0.044921875 0.015625 0.01953125
0 0.696875 0.05078125 0.015625 0.01953125
0 0.70625 0.017578125 0.015625 0.01953125
0 0.7640625 0.021484375 0.015625 0.01953125
0 0.7828125 0.04296875 0.015625 0.01953125
0 0.83125 0.037109375 0.015625 0.01953125
0 0.8703125 0.044921875 0.015625 0.01953125
0 0.915625 0.05859375 0.015625 0.01953125
0 0.98125 0.01953125 0.015625 0.01953125
0 0.9859375 0.060546875 0.015625 0.01953125
0 0.7375 0.03125 0.015625 0.01953125
0 0.453125 0.017578125 0.015625 0.01953125
0 0.4296875 0.03125 0.015625 0.01953125
0 0.403125 0.080078125 0.015625 0.01953125
0 0.3796875 0.126953125 0.015625 0.01953125
0 0.3734375 0.099609375 0.015625 0.01953125
0 0.3671875 0.05859375 0.015625 0.01953125
0 0.365625 0.03515625 0.015625 0.01953125
0 0.384375 0.025390625 0.015625 0.01953125
0 0.3875 0.0703125 0.015625 0.01953125
0 0.3359375 0.138671875 0.015625 0.01953125
0 0.3 0.154296875 0.015625 0.01953125
0 0.309375 0.109375 0.015625 0.01953125
0 0.3390625 0.1015625 0.015625 0.01953125
0 0.3234375 0.076171875 0.015625 0.01953125
0 0.3203125 0.05859375 0.015625 0.01953125
0 0.3421875 0.013671875 0.015625 0.01953125
0 0.2796875 0.16796875 0.015625 0.01953125
0 0.253125 0.189453125 0.015625 0.01953125
0 0.253125 0.15625 0.015625 0.01953125
0 0.209375 0.166015625 0.015625 0.01953125
0 0.221875 0.15234375 0.015625 0.01953125
0 0.2359375 0.1328125 0.015625 0.01953125
0 0.215625 0.11328125 0.015625 0.01953125
0 0.2578125 0.109375 0.015625 0.01953125
0 0.234375 0.09765625 0.015625 0.01953125
0 0.2703125 0.087890625 0.015625 0.01953125
0 0.29375 0.08203125 0.015625 0.01953125
0 0.253125 0.068359375 0.015625 0.01953125
0 0.221875 0.06640625 0.015625 0.01953125
0 0.2359375 0.052734375 0.015625 0.01953125
0 0.1984375 0.078125 0.015625 0.01953125
0 0.1875 0.103515625 0.015625 0.01953125
0 0.1859375 0.1328125 0.015625 0.01953125
0 0.171875 0.20703125 0.015625 0.01953125
0 0.13125 0.22265625 0.015625 0.01953125
0 0.096875 0.22265625 0.015625 0.01953125
0 0.0578125 0.216796875 0.015625 0.01953125
0 0.0796875 0.201171875 0.015625 0.01953125
0 0.11875 0.1953125 0.015625 0.01953125
0 0.134375 0.201171875 0.015625 0.01953125
0 0.1328125 0.16796875 0.015625 0.01953125
0 0.1078125 0.173828125 0.015625 0.01953125
0 0.090625 0.16015625 0.015625 0.01953125
0 0.1421875 0.140625 0.015625 0.01953125
0 0.11875 0.146484375 0.015625 0.01953125
0 0.13125 0.12109375 0.015625 0.01953125
0 0.146875 0.111328125 0.015625 0.01953125
0 0.1609375 0.091796875 0.015625 0.01953125
0 0.140625 0.080078125 0.015625 0.01953125
0 0.15625 0.05859375 0.015625 0.01953125
0 0.1765625 0.052734375 0.015625 0.01953125
0 0.1703125 0.02734375 0.015625 0.01953125
0 0.1390625 0.04296875 0.015625 0.01953125
0 0.11875 0.068359375 0.015625 0.01953125
0 0.1171875 0.0859375 0.015625 0.01953125
0 0.1015625 0.07421875 0.015625 0.01953125
0 0.0734375 0.1328125 0.015625 0.01953125
0 0.1015625 0.03515625 0.015625 0.01953125
0 0.134375 0.017578125 0.015625 0.01953125
0 0.15 0.009765625 0.015625 0.01953125
0 0.1859375 0.0078125 0.015625 0.01953125
0 0.0796875 0.041015625 0.015625 0.01953125
0 0.0625 0.0390625 0.015625 0.01953125
0 0.0484375 0.03515625 0.015625 0.01953125
0 0.0125 0.05078125 0.015625 0.01953125
0 0.29375 0.025390625 0.015625 0.01953125
