0 0.0421875 0.984375 0.015625 0.01953125
0 0.0578125 0.970703125 0.015625 0.01953125
0 0.084375 0.931640625 0.015625 0.01953125
0 0.059375 0.880859375 0.015625 0.01953125
0 0.075 0.884765625 0.015625 0.01953125
0 0.121875 0.833984375 0.015625 0.01953125
0 0.2125 0.73828125 0.015625 0.01953125
0 0.2046875 0.791015625 0.015625 0.01953125
0 0.159375 0.927734375 0.015625 0.01953125
0 0.33125 0.955078125 0.015625 0.01953125
0 0.3390625 0.94140625 0.015625 0.01953125
0 0.2578125 0.81640625 0.015625 0.01953125
0 0.34375 0.79296875 0.015625 0.01953125
0 0.359375 0.703125 0.015625 0.01953125
0 0.3953125 0.779296875 0.015625 0.01953125
0 0.4046875 0.826171875 0.015625 0.01953125
0 0.41875 0.8515625 0.015625 0.01953125
0 0.3984375 0.955078125 0.015625 0.01953125
0 0.434375 0.95703125 0.015625 0.01953125
0 0.559375 0.732421875 0.015625 0.01953125
0 0.5421875 0.720703125 0.015625 0.01953125
0 0.5515625 0.6640625 0.015625 0.01953125
0 0.5765625 0.65234375 0.015625 0.01953125
0 0.646875 0.69140625 0.015625 0.01953125
0 0.6 0.591796875 0.015625 0.01953125
0 0.640625 0.5625 0.015625 0.01953125
0 0.696875 0.73828125 0.015625 0.01953125
0 0.7328125 0.69140625 0.015625 0.01953125
0 0.646875 0.890625 0.015625 0.01953125
0 0.715625 0.931640625 0.015625 0.01953125
0 0.8546875 0.712890625 0.015625 0.01953125
0 0.884375 0.68359375 0.015625 0.01953125
0 0.865625 0.66796875 0.015625 0.01953125
0 0.9046875 0.6953125 0.015625 0.01953125
0 0.9265625 0.75390625 0.015625 0.01953125
0 0.9921875 0.689453125 0.015625 0.01953125
0 0.996875 0.640625 0.015625 0.01953125
0 0.95625 0.609375 0.015625 0.01953125
0 0.9421875 0.458984375 0.015625 0.01953125
0 0.6171875 0.5859375 0.015625 0.01953125
0 0.528125 0.517578125 0.015625 0.01953125
0 0.4578125 0.58984375 0.015625 0.01953125
0 0.36875 0.54296875 0.015625 0.01953125
0 0.34375 0.548828125 0.015625 0.01953125
0 0.190625 0.546875 0.015625 0.01953125
0 0.1625 0.544921875 0.015625 0.01953125
0 0.1234375 0.634765625 0.015625 0.01953125
0 0.0828125 0.74609375 0.015625 0.01953125
0 0.0421875 0.7421875 0.015625 0.01953125
0 0.06875 0.53515625 0.015625 0.01953125
0 0.078125 0.478515625 0.015625 0.01953125
0 0.1390625 0.400390625 0.015625 0.01953125
0 0.209375 0.447265625 0.015625 0.01953125
0 0.2484375 0.44921875 0.015625 0.01953125
0 0.2984375 0.453125 0.015625 0.01953125
0 0.3390625 0.458984375 0.015625 0.01953125
0 0.35 0.4296875 0.015625 0.01953125
0 0.3484375 0.396484375 0.015625 0.01953125
0 0.328125 0.390625 0.015625 0.01953125
0 0.3796875 0.419921875 0.015625 0.01953125
0 0.4125 0.34375 0.015625 0.01953125
0 0.3703125 0.32421875 0.015625 0.01953125
0 0.4265625 0.294921875 0.015625 0.01953125
0 0.4203125 0.271484375 0.015625 0.01953125
0 0.4953125 0.2890625 0.015625 0.01953125
0 0.4828125 0.26171875 0.015625 0.01953125
0 0.45 0.24609375 0.015625 0.01953125
0 0.4515625 0.181640625 0.015625 0.01953125
0 0.44375 0.15234375 0.015625 0.01953125
0 0.4234375 0.189453125 0.015625 0.01953125
0 0.39375 0.2265625 0.015625 0.01953125
0 0.340625 0.27734375 0.015625 0.01953125
0 0.3140625 0.294921875 0.015625 0.01953125
0 0.3015625 0.287109375 0.015625 0.01953125
0 0.2515625 0.37890625 0.015625 0.01953125
0 0.2234375 0.375 0.015625 0.01953125
0 0.1828125 0.36328125 0.015625 0.01953125
0 0.2109375 0.318359375 0.015625 0.01953125
0 0.171875 0.287109375 0.015625 0.01953125
0 0.1453125 0.29296875 0.015625 0.01953125
0 0.1109375 0.296875 0.015625 0.01953125
0 0.096875 0.365234375 0.015625 0.01953125
0 0.078125 0.3515625 0.015625 0.01953125
0 0.059375 0.33203125 0.015625 0.01953125
0 0.0421875 0.310546875 0.015625 0.01953125
0 0.0609375 0.228515625 0.015625 0.01953125
0 0.0671875 0.203125 0.015625 0.01953125
0 0.1046875 0.23828125 0.015625 0.01953125
0 0.1296875 0.20703125 0.015625 0.01953125
0 0.1078125 0.169921875 0.015625 0.01953125
0 0.096875 0.1328125 0.015625 0.01953125
0 0.0484375 0.140625 0.015625 0.01953125
0 0.015625 0.10546875 0.015625 0.01953125
0 0.1 0.044921875 0.015625 0.01953125
0 0.090625 0.025390625 0.015625 0.01953125
0 0.1 0.044921875 0.015625 0.01953125
0 0.0859375 0.0546875 0.015625 0.01953125
0 0.153125 0.064453125 0.015625 0.01953125
0 0.1390625 0.005859375 0.015625 0.01953125
0 0.153125 0.064453125 0.015625 0.01953125
0 0.1453125 0.12109375 0.015625 0.01953125
0 0.1390625 0.0390625 0.015625 0.01953125
0 0.2 0.0546875 0.015625 0.01953125
0 0.2140625 0.01953125 0.015625 0.01953125
0 0.225 0.044921875 0.015625 0.01953125
0 0.209375 0.06640625 0.015625 0.01953125
0 0.2046875 0.115234375 0.015625 0.01953125
0 0.175 0.166015625 0.015625 0.01953125
0 0.1453125 0.16015625 0.015625 0.01953125
0 0.1859375 0.2265625 0.015625 0.01953125
0 0.2109375 0.2109375 0.015625 0.01953125
0 0.2078125 0.166015625 0.015625 0.01953125
0 0.23125 0.140625 0.015625 0.01953125
0 0.2546875 0.177734375 0.015625 0.01953125
0 0.2953125 0.1796875 0.015625 0.01953125
0 0.2765625 0.138671875 0.015625 0.01953125
0 0.2671875 0.08984375 0.015625 0.01953125
0 0.25 0.01953125 0.015625 0.01953125
0 0.3046875 0.00390625 0.015625 0.01953125
0 0.296875 0.0625 0.015625 0.01953125
0 0.30625 0.099609375 0.015625 0.01953125
0 0.33125 0.1015625 0.015625 0.01953125
0 0.325 0.150390625 0.015625 0.01953125
0 0.3703125 0.154296875 0.015625 0.01953125
0 0.4078125 0.1328125 0.015625 0.01953125
0 0.365625 0.06640625 0.015625 0.01953125
0 0.415625 0.05859375 0.015625 0.01953125
0 0.490625 0.103515625 0.015625 0.01953125
0 0.4953125 0.125 0.015625 0.01953125
0 0.46875 0.05859375 0.015625 0.01953125
0 0.4421875 0.017578125 0.015625 0.01953125
0 0.575 0.009765625 0.015625 0.01953125
0 0.5625 0.025390625 0.015625 0.01953125
0 0.609375 0.021484375 0.015625 0.01953125
0 0.540625 0.1875 0.015625 0.01953125
0 0.5171875 0.212890625 0.015625 0.01953125
0 0.5 0.357421875 0.015625 0.01953125
0 0.5140625 0.3828125 0.015625 0.01953125
0 0.6078125 0.373046875 0.015625 0.01953125
0 0.6078125 0.373046875 0.015625 0.01953125
0 0.596875 0.3984375 0.015625 0.01953125
0 0.603125 0.3046875 0.015625 0.01953125
0 0.653125 0.287109375 0.015625 0.01953125
0 0.5921875 0.201171875 0.015625 0.01953125
0 0.615625 0.1875 0.015625 0.01953125
0 0.7625 0.11328125 0.015625 0.01953125
0 0.7140625 0.0390625 0.015625 0.01953125
0 0.871875 0.1640625 0.015625 0.01953125
0 0.865625 0.26171875 0.015625 0.01953125
0 0.9421875 0.244140625 0.015625 0.01953125
0 0.959375 0.2578125 0.015625 0.01953125
0 0.9484375 0.16015625 0.015625 0.01953125
0 0.65 0.3359375 0.015625 0.01953125
