0 0.096875 0.732421875 0.015625 0.01953125
0 0.1171875 0.71484375 0.015625 0.01953125
0 0.1328125 0.708984375 0.015625 0.01953125
0 0.1484375 0.681640625 0.015625 0.01953125
0 0.05625 0.681640625 0.015625 0.01953125
0 0.0765625 0.66015625 0.015625 0.01953125
0 0.025 0.6171875 0.015625 0.01953125
0 0.0484375 0.564453125 0.015625 0.01953125
0 0.0703125 0.5546875 0.015625 0.01953125
0 0.0953125 0.5703125 0.015625 0.01953125
0 0.0953125 0.888671875 0.015625 0.01953125
0 0.128125 0.85546875 0.015625 0.01953125
0 0.33125 0.833984375 0.015625 0.01953125
0 0.54375 0.935546875 0.015625 0.01953125
0 0.5484375 0.67578125 0.015625 0.01953125
0 0.4125 0.59765625 0.015625 0.01953125
0 0.4734375 0.580078125 0.015625 0.01953125
0 0.4296875 0.5234375 0.015625 0.01953125
0 0.4140625 0.45703125 0.015625 0.01953125
0 0.325 0.529296875 0.015625 0.01953125
0 0.3390625 0.599609375 0.015625 0.01953125
0 0.3125 0.4921875 0.015625 0.01953125
0 0.309375 0.466796875 0.015625 0.01953125
0 0.3609375 0.373046875 0.015625 0.01953125
0 0.4625 0.44921875 0.015625 0.01953125
0 0.20625 0.65625 0.015625 0.01953125
0 0.2109375 0.466796875 0.015625 0.01953125
0 0.1640625 0.443359375 0.015625 0.01953125
0 0.128125 0.490234375 0.015625 0.01953125
0 0.0890625 0.4140625 0.015625 0.01953125
0 0.04375 0.40234375 0.015625 0.01953125
0 0.0296875 0.33203125 0.015625 0.01953125
0 0.0046875 0.36328125 0.015625 0.01953125
0 0.0484375 0.26171875 0.015625 0.01953125
0 0.0671875 0.212890625 0.015625 0.01953125
0 0.0765625 0.162109375 0.015625 0.01953125
0 0.1609375 0.20703125 0.015625 0.01953125
0 0.1953125 0.22265625 0.015625 0.01953125
0 0.2078125 0.1171875 0.015625 0.01953125
0 0.1671875 0.111328125 0.015625 0.01953125
0 0.1453125 0.0703125 0.015625 0.01953125
0 0.1453125 0.033203125 0.015625 0.01953125
0 0.075 0.025390625 0.015625 0.01953125
0 0.190625 0.037109375 0.015625 0.01953125
0 0.2296875 0.044921875 0.015625 0.01953125
0 0.259375 0.048828125 0.015625 0.01953125
0 0.25 0.111328125 0.015625 0.01953125
0 0.290625 0.115234375 0.015625 0.01953125
0 0.3234375 0.091796875 0.015625 0.01953125
0 0.325 0.05078125 0.015625 0.01953125
0 0.35 0.0703125 0.015625 0.01953125
0 0.34375 0.111328125 0.015625 0.01953125
0 0.3828125 0.078125 0.015625 0.01953125
0 0.3609375 0.00390625 0.015625 0.01953125
0 0.4 0.017578125 0.015625 0.01953125
0 0.4515625 0.025390625 0.015625 0.01953125
0 0.4671875 0.033203125 0.015625 0.01953125
0 0.5 0.025390625 0.015625 0.01953125
0 0.5125 0.052734375 0.015625 0.01953125
0 0.371875 0.20703125 0.015625 0.01953125
0 0.459375 0.265625 0.015625 0.01953125
0 0.53125 0.177734375 0.015625 0.01953125
0 0.6046875 0.05859375 0.015625 0.01953125
0 0.5578125 0.3359375 0.015625 0.01953125
0 0.58125 0.30859375 0.015625 0.01953125
0 0.51875 0.3828125 0.015625 0.01953125
0 0.4875 0.369140625 0.015625 0.01953125
0 0.646875 0.57421875 0.015625 0.01953125
0 0.6890625 0.525390625 0.015625 0.01953125
0 0.6171875 0.45703125 0.015625 0.01953125
0 0.646875 0.357421875 0.015625 0.01953125
0 0.609375 0.275390625 0.015625 0.01953125
0 0.6 0.240234375 0.015625 0.01953125
0 0.6390625 0.234375 0.015625 0.01953125
0 0.6484375 0.154296875 0.015625 0.01953125
0 0.65 0.009765625 0.015625 0.01953125
0 0.884375 0.28515625 0.015625 0.01953125
0 0.909375 0.30078125 0.015625 0.01953125
0 0.8796875 0.3359375 0.015625 0.01953125
0 0.90625 0.40625 0.015625 0.01953125
0 0.9328125 0.419921875 0.015625 0.01953125
0 0.984375 0.3203125 0.015625 0.01953125
0 0.9703125 0.298828125 0.015625 0.01953125
0 0.984375 0.87109375 0.015625 0.01953125
0 0.98125 0.908203125 0.015625 0.01953125
0 0.84375 0.951171875 0.015625 0.01953125
0 0.8515625 0.98046875 0.015625 0.01953125
0 0.8 0.375 0.015625 0.01953125
0 0.096875 0.029296875 0.015625 0.01953125
