0 0.9796875 0.025390625 0.015625 0.01953125
0 0.896875 0.271484375 0.015625 0.01953125
0 0.8765625 0.294921875 0.015625 0.01953125
0 0.8703125 0.32421875 0.015625 0.01953125
0 0.8546875 0.265625 0.015625 0.01953125
0 0.825 0.240234375 0.015625 0.01953125
0 0.803125 0.224609375 0.015625 0.01953125
0 0.8015625 0.267578125 0.015625 0.01953125
0 0.809375 0.408203125 0.015625 0.01953125
0 0.7421875 0.376953125 0.015625 0.01953125
0 0.8640625 0.73828125 0.015625 0.01953125
0 0.8609375 0.763671875 0.015625 0.01953125
0 0.89375 0.857421875 0.015625 0.01953125
0 0.89375 0.857421875 0.015625 0.01953125
0 0.8671875 0.8671875 0.015625 0.01953125
0 0.865625 0.908203125 0.015625 0.01953125
0 0.9078125 0.83984375 0.015625 0.01953125
0 0.734375 0.96875 0.015625 0.01953125
0 0.7171875 0.94140625 0.015625 0.01953125
0 0.6 0.490234375 0.015625 0.01953125
0 0.459375 0.9609375 0.015625 0.01953125
0 0.4359375 0.671875 0.015625 0.01953125
0 0.4609375 0.564453125 0.015625 0.01953125
0 0.4359375 0.537109375 0.015625 0.01953125
0 0.41875 0.431640625 0.015625 0.01953125
0 0.5328125 0.34765625 0.015625 0.01953125
0 0.4703125 0.30859375 0.015625 0.01953125
0 0.4359375 0.326171875 0.015625 0.01953125
0 0.3984375 0.3359375 0.015625 0.01953125
0 0.4921875 0.259765625 0.015625 0.01953125
0 0.4890625 0.2265625 0.015625 0.01953125
0 0.5296875 0.224609375 0.015625 0.01953125
0 0.5625 0.162109375 0.015625 0.01953125
0 0.503125 0.240234375 0.015625 0.01953125
0 0.3546875 0.35546875 0.015625 0.01953125
0 0.3140625 0.33203125 0.015625 0.01953125
0 0.2453125 0.369140625 0.015625 0.01953125
0 0.24375 0.462890625 0.015625 0.01953125
0 0.271875 0.44921875 0.015625 0.01953125
0 0.3015625 0.51171875 0.015625 0.01953125
0 0.3125 0.56640625 0.015625 0.01953125
0 0.3328125 0.59765625 0.015625 0.01953125
0 0.3234375 0.62109375 0.015625 0.01953125
0 0.2296875 0.595703125 0.015625 0.01953125
0 0.2125 0.611328125 0.015625 0.01953125
0 0.1328125 0.71875 0.015625 0.01953125
0 0.065625 0.69921875 0.015625 0.01953125
0 0.04375 0.7265625 0.015625 0.01953125
0 0.0 0.720703125 0.015625 0.01953125
0 0.0015625 0.751953125 0.015625 0.01953125
0 0.103125 0.5703125 0.015625 0.01953125
0 0.084375 0.451171875 0.015625 0.01953125
0 0.0046875 0.482421875 0.015625 0.01953125
0 0.0046875 0.287109375 0.015625 0.01953125
0 0.040625 0.201171875 0.015625 0.01953125
0 0.0640625 0.201171875 0.015625 0.01953125
0 0.090625 0.1015625 0.015625 0.01953125
0 0.1234375 0.10546875 0.015625 0.01953125
0 0.1734375 0.10546875 0.015625 0.01953125
0 0.2203125 0.0859375 0.015625 0.01953125
0 0.228125 0.046875 0.015625 0.01953125
0 0.209375 0.0390625 0.015625 0.01953125
0 0.0796875 0.052734375 0.015625 0.01953125
0 0.1 0.056640625 0.015625 0.01953125
0 0.1171875 0.02734375 0.015625 0.01953125
0 0.0578125 0.01171875 0.015625 0.01953125
0 0.03125 0.064453125 0.015625 0.01953125
0 0.0078125 0.052734375 0.015625 0.01953125
0 0.046875 0.099609375 0.015625 0.01953125
0 0.153125 0.201171875 0.015625 0.01953125
0 0.26875 0.060546875 0.015625 0.01953125
0 0.25 0.197265625 0.015625 0.01953125
0 0.2984375 0.099609375 0.015625 0.01953125
0 0.3140625 0.123046875 0.015625 0.01953125
0 0.3609375 0.005859375 0.015625 0.01953125
0 0.3828125 0.005859375 0.015625 0.01953125
0 0.4015625 0.03125 0.015625 0.01953125
0 0.490625 0.041015625 0.015625 0.01953125
0 0.4140625 0.169921875 0.015625 0.01953125
0 0.3390625 0.240234375 0.015625 0.01953125
0 0.4984375 0.0234375 0.015625 0.01953125
0 0.6875 0.001953125 0.015625 0.01953125
0 0.8609375 0.005859375 0.015625 0.01953125
0 0.3578125 0.578125 0.015625 0.01953125
0 0.46875 0.5234375 0.015625 0.01953125
