0 0.640625 0.365234375 0.015625 0.01953125
0 0.6265625 0.3515625 0.015625 0.01953125
0 0.640625 0.33984375 0.015625 0.01953125
0 0.6515625 0.349609375 0.015625 0.01953125
0 0.653125 0.32421875 0.015625 0.01953125
0 0.6609375 0.34375 0.015625 0.01953125
0 0.6625 0.32421875 0.015625 0.01953125
0 0.6703125 0.333984375 0.015625 0.01953125
0 0.684375 0.330078125 0.015625 0.01953125
0 0.675 0.3125 0.015625 0.01953125
0 0.690625 0.310546875 0.015625 0.01953125
0 0.703125 0.314453125 0.015625 0.01953125
0 0.7078125 0.291015625 0.015625 0.01953125
0 0.734375 0.2734375 0.015625 0.01953125
0 0.8015625 0.201171875 0.015625 0.01953125
0 0.8140625 0.18359375 0.015625 0.01953125
0 0.79375 0.162109375 0.015625 0.01953125
0 0.7734375 0.1328125 0.015625 0.01953125
0 0.7953125 0.126953125 0.015625 0.01953125
0 0.7984375 0.10546875 0.015625 0.01953125
