0 0.1171875 0.48046875 0.015625 0.01953125
0 0.134375 0.48828125 0.015625 0.01953125
0 0.15 0.474609375 0.015625 0.01953125
0 0.1296875 0.46875 0.015625 0.01953125
0 0.13125 0.447265625 0.015625 0.01953125
0 0.1421875 0.462890625 0.015625 0.01953125
0 0.153125 0.453125 0.015625 0.01953125
0 0.1640625 0.44921875 0.015625 0.01953125
0 0.1453125 0.439453125 0.015625 0.01953125
0 0.1453125 0.427734375 0.015625 0.01953125
0 0.159375 0.419921875 0.015625 0.01953125
0 0.1671875 0.408203125 0.015625 0.01953125
0 0.1765625 0.423828125 0.015625 0.01953125
0 0.1875 0.3984375 0.015625 0.01953125
0 0.171875 0.388671875 0.015625 0.01953125
0 0.15625 0.380859375 0.015625 0.01953125
0 0.240625 0.26953125 0.015625 0.01953125
0 0.228125 0.26171875 0.015625 0.01953125
0 0.221875 0.23046875 0.015625 0.01953125
0 0.20625 0.22265625 0.015625 0.01953125
0 0.053125 0.0546875 0.015625 0.01953125
0 0.440625 0.1875 0.015625 0.01953125
