0 0.6875 0.328125 0.015625 0.01953125
0 0.6765625 0.310546875 0.015625 0.01953125
0 0.69375 0.306640625 0.015625 0.01953125
0 0.7015625 0.32421875 0.015625 0.01953125
0 0.715625 0.314453125 0.015625 0.01953125
0 0.728125 0.31640625 0.015625 0.01953125
0 0.7234375 0.28515625 0.015625 0.01953125
0 0.709375 0.271484375 0.015625 0.01953125
0 0.7421875 0.2734375 0.015625 0.01953125
0 0.7421875 0.3046875 0.015625 0.01953125
0 0.75625 0.29296875 0.015625 0.01953125
0 0.76875 0.263671875 0.015625 0.01953125
0 0.771875 0.28515625 0.015625 0.01953125
0 0.778125 0.28125 0.015625 0.01953125
0 0.7953125 0.263671875 0.015625 0.01953125
0 0.7875 0.2421875 0.015625 0.01953125
0 0.8015625 0.21875 0.015625 0.01953125
0 0.8203125 0.236328125 0.015625 0.01953125
0 0.084375 0.7890625 0.015625 0.01953125
0 0.0609375 0.7421875 0.015625 0.01953125
0 0.8828125 0.17578125 0.015625 0.01953125
0 0.86875 0.111328125 0.015625 0.01953125
0 0.890625 0.095703125 0.015625 0.01953125
0 0.903125 0.0546875 0.015625 0.01953125
