0 0.365625 0.501953125 0.015625 0.01953125
0 0.3484375 0.486328125 0.015625 0.01953125
0 0.3625 0.470703125 0.015625 0.01953125
0 0.3765625 0.482421875 0.015625 0.01953125
0 0.384375 0.470703125 0.015625 0.01953125
0 0.3640625 0.44921875 0.015625 0.01953125
0 0.38125 0.44140625 0.015625 0.01953125
0 0.390625 0.453125 0.015625 0.01953125
0 0.3953125 0.44140625 0.015625 0.01953125
0 0.3796875 0.431640625 0.015625 0.01953125
0 0.3859375 0.41796875 0.015625 0.01953125
0 0.4109375 0.4375 0.015625 0.01953125
0 0.421875 0.412109375 0.015625 0.01953125
0 0.4078125 0.40234375 0.015625 0.01953125
0 0.4328125 0.392578125 0.015625 0.01953125
0 0.3828125 0.3671875 0.015625 0.01953125
0 0.4515625 0.29296875 0.015625 0.01953125
0 0.4671875 0.29296875 0.015625 0.01953125
0 0.475 0.26171875 0.015625 0.01953125
0 0.4796875 0.20703125 0.015625 0.01953125
0 0.290625 0.5703125 0.015625 0.01953125
0 0.2796875 0.576171875 0.015625 0.01953125
