0 0.465625 0.41015625 0.015625 0.01953125
0 0.4984375 0.43359375 0.015625 0.01953125
0 0.48125 0.408203125 0.015625 0.01953125
0 0.496875 0.375 0.015625 0.01953125
0 0.484375 0.341796875 0.015625 0.01953125
0 0.5234375 0.3671875 0.015625 0.01953125
0 0.521875 0.33203125 0.015625 0.01953125
0 0.521875 0.298828125 0.015625 0.01953125
0 0.4890625 0.46875 0.015625 0.01953125
0 0.4703125 0.443359375 0.015625 0.01953125
0 0.4828125 0.484375 0.015625 0.01953125
0 0.45625 0.48046875 0.015625 0.01953125
0 0.459375 0.513671875 0.015625 0.01953125
0 0.45 0.541015625 0.015625 0.01953125
0 0.440625 0.529296875 0.015625 0.01953125
0 0.446875 0.50390625 0.015625 0.01953125
0 0.446875 0.56640625 0.015625 0.01953125
0 0.434375 0.548828125 0.015625 0.01953125
0 0.4046875 0.55078125 0.015625 0.01953125
0 0.3875 0.63671875 0.015625 0.01953125
