0 0.4578125 0.5078125 0.015625 0.01953125
0 0.471875 0.49609375 0.015625 0.01953125
0 0.4546875 0.48046875 0.015625 0.01953125
0 0.453125 0.455078125 0.015625 0.01953125
0 0.4671875 0.470703125 0.015625 0.01953125
0 0.4828125 0.474609375 0.015625 0.01953125
0 0.4796875 0.443359375 0.015625 0.01953125
0 0.4984375 0.4609375 0.015625 0.01953125
0 0.50625 0.4453125 0.015625 0.01953125
0 0.5109375 0.431640625 0.015625 0.01953125
0 0.484375 0.41796875 0.015625 0.01953125
0 0.4890625 0.408203125 0.015625 0.01953125
0 0.5015625 0.380859375 0.015625 0.01953125
0 0.4953125 0.369140625 0.015625 0.01953125
0 0.5203125 0.34765625 0.015625 0.01953125
0 0.5265625 0.32421875 0.015625 0.01953125
0 0.54375 0.330078125 0.015625 0.01953125
0 0.540625 0.345703125 0.015625 0.01953125
0 0.521875 0.380859375 0.015625 0.01953125
0 0.5234375 0.40625 0.015625 0.01953125
0 0.521875 0.267578125 0.015625 0.01953125
0 0.55 0.244140625 0.015625 0.01953125
0 0.6015625 0.19921875 0.015625 0.01953125
0 0.415625 0.568359375 0.015625 0.01953125
