0 0.465625 0.46484375 0.015625 0.01953125
0 0.484375 0.46875 0.015625 0.01953125
0 0.4953125 0.4453125 0.015625 0.01953125
0 0.4765625 0.427734375 0.015625 0.01953125
0 0.4828125 0.419921875 0.015625 0.01953125
0 0.4953125 0.392578125 0.015625 0.01953125
0 0.5078125 0.4296875 0.015625 0.01953125
0 0.521875 0.400390625 0.015625 0.01953125
0 0.5296875 0.375 0.015625 0.01953125
0 0.5125 0.353515625 0.015625 0.01953125
0 0.503125 0.37109375 0.015625 0.01953125
0 0.534375 0.353515625 0.015625 0.01953125
0 0.540625 0.33203125 0.015625 0.01953125
0 0.540625 0.3046875 0.015625 0.01953125
0 0.55 0.296875 0.015625 0.01953125
0 0.53125 0.287109375 0.015625 0.01953125
0 0.5203125 0.310546875 0.015625 0.01953125
0 0.50625 0.3203125 0.015625 0.01953125
0 0.5375 0.267578125 0.015625 0.01953125
0 0.528125 0.224609375 0.015625 0.01953125
0 0.4265625 0.51171875 0.015625 0.01953125
0 0.4703125 0.501953125 0.015625 0.01953125
0 0.446875 0.53125 0.015625 0.01953125
