0 0.3953125 0.595703125 0.015625 0.01953125
0 0.3828125 0.61328125 0.015625 0.01953125
0 0.36875 0.59375 0.015625 0.01953125
0 0.36875 0.607421875 0.015625 0.01953125
0 0.3578125 0.626953125 0.015625 0.01953125
0 0.3859375 0.638671875 0.015625 0.01953125
0 0.3796875 0.658203125 0.015625 0.01953125
0 0.3546875 0.65234375 0.015625 0.01953125
0 0.3296875 0.65625 0.015625 0.01953125
0 0.340625 0.68359375 0.015625 0.01953125
0 0.3671875 0.68359375 0.015625 0.01953125
0 0.365625 0.708984375 0.015625 0.01953125
0 0.346875 0.705078125 0.015625 0.01953125
0 0.346875 0.73046875 0.015625 0.01953125
0 0.3609375 0.736328125 0.015625 0.01953125
0 0.353125 0.763671875 0.015625 0.01953125
0 0.3265625 0.76171875 0.015625 0.01953125
0 0.3234375 0.744140625 0.015625 0.01953125
0 0.31875 0.794921875 0.015625 0.01953125
0 0.34375 0.80078125 0.015625 0.01953125
0 0.3296875 0.826171875 0.015625 0.01953125
0 0.3171875 0.8671875 0.015625 0.01953125
