0 0.4796875 0.662109375 0.015625 0.01953125
0 0.503125 0.671875 0.015625 0.01953125
0 0.5078125 0.654296875 0.015625 0.01953125
0 0.5015625 0.630859375 0.015625 0.01953125
0 0.5265625 0.634765625 0.015625 0.01953125
0 0.528125 0.662109375 0.015625 0.01953125
0 0.5390625 0.619140625 0.015625 0.01953125
0 0.51875 0.603515625 0.015625 0.01953125
0 0.5140625 0.556640625 0.015625 0.01953125
0 0.5296875 0.546875 0.015625 0.01953125
0 0.5140625 0.513671875 0.015625 0.01953125
0 0.5328125 0.478515625 0.015625 0.01953125
0 0.5390625 0.4609375 0.015625 0.01953125
0 0.5109375 0.46875 0.015625 0.01953125
0 0.559375 0.462890625 0.015625 0.01953125
0 0.553125 0.4921875 0.015625 0.01953125
0 0.5515625 0.515625 0.015625 0.01953125
0 0.553125 0.5390625 0.015625 0.01953125
0 0.5484375 0.5625 0.015625 0.01953125
0 0.54375 0.58203125 0.015625 0.01953125
0 0.4875 0.76171875 0.015625 0.01953125
