0 0.4375 0.44140625 0.015625 0.01953125
0 0.415625 0.462890625 0.015625 0.01953125
0 0.4359375 0.484375 0.015625 0.01953125
0 0.459375 0.4609375 0.015625 0.01953125
0 0.4671875 0.4453125 0.015625 0.01953125
0 0.45625 0.42578125 0.015625 0.01953125
0 0.4375 0.41796875 0.015625 0.01953125
0 0.4625 0.39453125 0.015625 0.01953125
0 0.4765625 0.416015625 0.015625 0.01953125
0 0.4921875 0.396484375 0.015625 0.01953125
0 0.4671875 0.376953125 0.015625 0.01953125
0 0.478125 0.337890625 0.015625 0.01953125
0 0.503125 0.337890625 0.015625 0.01953125
0 0.5203125 0.357421875 0.015625 0.01953125
0 0.5296875 0.361328125 0.015625 0.01953125
0 0.5109375 0.3828125 0.015625 0.01953125
0 0.5390625 0.314453125 0.015625 0.01953125
0 0.5453125 0.294921875 0.015625 0.01953125
0 0.56875 0.267578125 0.015625 0.01953125
0 0.55 0.2421875 0.015625 0.01953125
0 0.528125 0.267578125 0.015625 0.01953125
0 0.5171875 0.25 0.015625 0.01953125
0 0.5125 0.291015625 0.015625 0.01953125
0 0.496875 0.296875 0.015625 0.01953125
0 0.4953125 0.314453125 0.015625 0.01953125
