0 0.3203125 0.505859375 0.015625 0.01953125
0 0.3203125 0.52734375 0.015625 0.01953125
0 0.3359375 0.5078125 0.015625 0.01953125
0 0.34375 0.54296875 0.015625 0.01953125
0 0.3625 0.50390625 0.015625 0.01953125
0 0.3640625 0.52734375 0.015625 0.01953125
0 0.36875 0.453125 0.015625 0.01953125
0 0.38125 0.505859375 0.015625 0.01953125
0 0.390625 0.53125 0.015625 0.01953125
0 0.3953125 0.505859375 0.015625 0.01953125
0 0.4078125 0.501953125 0.015625 0.01953125
0 0.409375 0.5390625 0.015625 0.01953125
0 0.4328125 0.4765625 0.015625 0.01953125
0 0.4328125 0.533203125 0.015625 0.01953125
0 0.4625 0.529296875 0.015625 0.01953125
0 0.4625 0.50390625 0.015625 0.01953125
0 0.4625 0.470703125 0.015625 0.01953125
0 0.4984375 0.48828125 0.015625 0.01953125
0 0.4859375 0.525390625 0.015625 0.01953125
0 0.515625 0.48828125 0.015625 0.01953125
0 0.525 0.515625 0.015625 0.01953125
0 0.546875 0.482421875 0.015625 0.01953125
0 0.5390625 0.51171875 0.015625 0.01953125
0 0.5640625 0.470703125 0.015625 0.01953125
0 0.5765625 0.515625 0.015625 0.01953125
0 0.671875 0.44140625 0.015625 0.01953125
0 0.7328125 0.380859375 0.015625 0.01953125
