0 0.8078125 0.75390625 0.015625 0.01953125
0 0.86875 0.76171875 0.015625 0.01953125
0 0.815625 0.822265625 0.015625 0.01953125
0 0.584375 0.966796875 0.015625 0.01953125
0 0.5078125 0.9765625 0.015625 0.01953125
0 0.50625 0.220703125 0.015625 0.01953125
0 0.5546875 0.224609375 0.015625 0.01953125
0 0.575 0.22265625 0.015625 0.01953125
0 0.5640625 0.177734375 0.015625 0.01953125
0 0.5578125 0.138671875 0.015625 0.01953125
0 0.54375 0.14453125 0.015625 0.01953125
0 0.515625 0.140625 0.015625 0.01953125
0 0.475 0.24609375 0.015625 0.01953125
