0 0.1875 0.529296875 0.015625 0.01953125
0 0.1609375 0.53515625 0.015625 0.01953125
0 0.128125 0.544921875 0.015625 0.01953125
0 0.121875 0.509765625 0.015625 0.01953125
0 0.15 0.505859375 0.015625 0.01953125
0 0.15 0.47265625 0.015625 0.01953125
0 0.1171875 0.478515625 0.015625 0.01953125
0 0.121875 0.43359375 0.015625 0.01953125
0 0.1609375 0.435546875 0.015625 0.01953125
0 0.1640625 0.40234375 0.015625 0.01953125
0 0.1265625 0.392578125 0.015625 0.01953125
0 0.10625 0.392578125 0.015625 0.01953125
0 0.140625 0.330078125 0.015625 0.01953125
0 0.1390625 0.36328125 0.015625 0.01953125
0 0.140625 0.298828125 0.015625 0.01953125
0 0.134375 0.314453125 0.015625 0.01953125
0 0.1078125 0.310546875 0.015625 0.01953125
0 0.109375 0.28125 0.015625 0.01953125
0 0.15 0.2734375 0.015625 0.01953125
0 0.1296875 0.25390625 0.015625 0.01953125
0 0.1328125 0.212890625 0.015625 0.01953125
0 0.1046875 0.216796875 0.015625 0.01953125
0 0.1421875 0.166015625 0.015625 0.01953125
0 0.146875 0.12890625 0.015625 0.01953125
0 0.2015625 0.46875 0.015625 0.01953125
0 0.1890625 0.326171875 0.015625 0.01953125
0 0.209375 0.765625 0.015625 0.01953125
0 0.259375 0.806640625 0.015625 0.01953125
0 0.2875 0.78515625 0.015625 0.01953125
