0 0.1140625 0.431640625 0.015625 0.01953125
0 0.1203125 0.4921875 0.015625 0.01953125
0 0.1 0.556640625 0.015625 0.01953125
0 0.140625 0.498046875 0.015625 0.01953125
0 0.159375 0.529296875 0.015625 0.01953125
0 0.1703125 0.494140625 0.015625 0.01953125
0 0.1671875 0.57421875 0.015625 0.01953125
0 0.1546875 0.654296875 0.015625 0.01953125
0 0.1875 0.443359375 0.015625 0.01953125
0 0.1640625 0.404296875 0.015625 0.01953125
0 0.1421875 0.419921875 0.015625 0.01953125
0 0.140625 0.390625 0.015625 0.01953125
0 0.1171875 0.376953125 0.015625 0.01953125
0 0.11875 0.33984375 0.015625 0.01953125
0 0.15 0.337890625 0.015625 0.01953125
0 0.146875 0.31640625 0.015625 0.01953125
0 0.1140625 0.30859375 0.015625 0.01953125
0 0.1125 0.2890625 0.015625 0.01953125
0 0.1453125 0.29296875 0.015625 0.01953125
0 0.115625 0.26171875 0.015625 0.01953125
0 0.115625 0.236328125 0.015625 0.01953125
0 0.1203125 0.189453125 0.015625 0.01953125
0 0.146875 0.232421875 0.015625 0.01953125
0 0.1765625 0.224609375 0.015625 0.01953125
0 0.19375 0.298828125 0.015625 0.01953125
