0 0.29375 0.51171875 0.015625 0.01953125
0 0.2734375 0.5234375 0.015625 0.01953125
0 0.2875 0.484375 0.015625 0.01953125
0 0.24375 0.48828125 0.015625 0.01953125
0 0.296875 0.458984375 0.015625 0.01953125
0 0.24375 0.412109375 0.015625 0.01953125
0 0.221875 0.419921875 0.015625 0.01953125
0 0.28125 0.390625 0.015625 0.01953125
0 0.2609375 0.365234375 0.015625 0.01953125
0 0.228125 0.3671875 0.015625 0.01953125
0 0.2265625 0.333984375 0.015625 0.01953125
0 0.246875 0.328125 0.015625 0.01953125
0 0.246875 0.296875 0.015625 0.01953125
0 0.23125 0.302734375 0.015625 0.01953125
0 0.2234375 0.283203125 0.015625 0.01953125
0 0.303125 0.29296875 0.015625 0.01953125
0 0.2953125 0.25 0.015625 0.01953125
0 0.25 0.61328125 0.015625 0.01953125
0 0.2671875 0.064453125 0.015625 0.01953125
