0 0.36875 0.416015625 0.015625 0.01953125
0 0.3734375 0.4375 0.015625 0.01953125
0 0.3796875 0.46484375 0.015625 0.01953125
0 0.3796875 0.509765625 0.015625 0.01953125
0 0.3703125 0.5703125 0.015625 0.01953125
0 0.4015625 0.560546875 0.015625 0.01953125
0 0.36875 0.61328125 0.015625 0.01953125
0 0.403125 0.634765625 0.015625 0.01953125
0 0.4109375 0.654296875 0.015625 0.01953125
0 0.4421875 0.65234375 0.015625 0.01953125
0 0.421875 0.515625 0.015625 0.01953125
0 0.40625 0.4765625 0.015625 0.01953125
0 0.409375 0.4453125 0.015625 0.01953125
0 0.4203125 0.390625 0.015625 0.01953125
0 0.4296875 0.369140625 0.015625 0.01953125
0 0.4265625 0.412109375 0.015625 0.01953125
0 0.378125 0.333984375 0.015625 0.01953125
0 0.4390625 0.234375 0.015625 0.01953125
