0 0.421875 0.8515625 0.015625 0.01953125
0 0.40625 0.84375 0.015625 0.01953125
0 0.3859375 0.841796875 0.015625 0.01953125
0 0.3578125 0.841796875 0.015625 0.01953125
0 0.3828125 0.8828125 0.015625 0.01953125
0 0.359375 0.8828125 0.015625 0.01953125
0 0.3953125 0.9140625 0.015625 0.01953125
0 0.3484375 0.943359375 0.015625 0.01953125
0 0.35 0.984375 0.015625 0.01953125
0 0.3671875 0.806640625 0.015625 0.01953125
0 0.3546875 0.7890625 0.015625 0.01953125
0 0.365625 0.771484375 0.015625 0.01953125
0 0.3578125 0.7421875 0.015625 0.01953125
0 0.3921875 0.720703125 0.015625 0.01953125
0 0.4 0.75390625 0.015625 0.01953125
0 0.4203125 0.771484375 0.015625 0.01953125
0 0.428125 0.81640625 0.015625 0.01953125
0 0.3875 0.8125 0.015625 0.01953125
