0 0.35 0.46875 0.015625 0.01953125
0 0.371875 0.470703125 0.015625 0.01953125
0 0.35 0.48828125 0.015625 0.01953125
0 0.3609375 0.490234375 0.015625 0.01953125
0 0.346875 0.51953125 0.015625 0.01953125
0 0.375 0.525390625 0.015625 0.01953125
0 0.375 0.552734375 0.015625 0.01953125
0 0.3546875 0.5546875 0.015625 0.01953125
0 0.34375 0.607421875 0.015625 0.01953125
0 0.36875 0.611328125 0.015625 0.01953125
0 0.3421875 0.65234375 0.015625 0.01953125
0 0.3765625 0.671875 0.015625 0.01953125
0 0.3875 0.701171875 0.015625 0.01953125
0 0.4109375 0.677734375 0.015625 0.01953125
0 0.3578125 0.728515625 0.015625 0.01953125
0 0.4140625 0.5390625 0.015625 0.01953125
0 0.4109375 0.505859375 0.015625 0.01953125
0 0.4171875 0.45703125 0.015625 0.01953125
0 0.384375 0.39453125 0.015625 0.01953125
0 0.3546875 0.37890625 0.015625 0.01953125
0 0.3296875 0.375 0.015625 0.01953125
0 0.346875 0.41015625 0.015625 0.01953125
0 0.3796875 0.3046875 0.015625 0.01953125
0 0.396875 0.21484375 0.015625 0.01953125
0 0.3984375 0.1484375 0.015625 0.01953125
