0 0.5328125 0.427734375 0.015625 0.01953125
0 0.5359375 0.384765625 0.015625 0.01953125
0 0.5546875 0.384765625 0.015625 0.01953125
0 0.5625 0.330078125 0.015625 0.01953125
0 0.540625 0.330078125 0.015625 0.01953125
0 0.5328125 0.29296875 0.015625 0.01953125
0 0.534375 0.259765625 0.015625 0.01953125
0 0.50625 0.30078125 0.015625 0.01953125
0 0.51875 0.240234375 0.015625 0.01953125
0 0.55625 0.283203125 0.015625 0.01953125
0 0.5859375 0.298828125 0.015625 0.01953125
0 0.525 0.181640625 0.015625 0.01953125
0 0.528125 0.150390625 0.015625 0.01953125
0 0.55625 0.169921875 0.015625 0.01953125
0 0.575 0.19921875 0.015625 0.01953125
0 0.6015625 0.26953125 0.015625 0.01953125
0 0.6078125 0.3984375 0.015625 0.01953125
0 0.5984375 0.44140625 0.015625 0.01953125
0 0.5765625 0.474609375 0.015625 0.01953125
0 0.5625 0.443359375 0.015625 0.01953125
0 0.34375 0.796875 0.015625 0.01953125
0 0.1859375 0.931640625 0.015625 0.01953125
0 0.140625 0.88671875 0.015625 0.01953125
0 0.1125 0.8515625 0.015625 0.01953125
