0 0.6375 0.74609375 0.015625 0.01953125
0 0.6640625 0.74609375 0.015625 0.01953125
0 0.66875 0.783203125 0.015625 0.01953125
0 0.69375 0.759765625 0.015625 0.01953125
0 0.6578125 0.845703125 0.015625 0.01953125
0 0.6328125 0.86328125 0.015625 0.01953125
0 0.621875 0.884765625 0.015625 0.01953125
0 0.6203125 0.912109375 0.015625 0.01953125
0 0.65625 0.892578125 0.015625 0.01953125
0 0.6359375 0.921875 0.015625 0.01953125
0 0.640625 0.947265625 0.015625 0.01953125
0 0.678125 0.91796875 0.015625 0.01953125
0 0.703125 0.69921875 0.015625 0.01953125
