0 0.696875 0.125 0.015625 0.01953125
0 0.671875 0.125 0.015625 0.01953125
0 0.653125 0.15234375 0.015625 0.01953125
0 0.6640625 0.162109375 0.015625 0.01953125
0 0.65625 0.181640625 0.015625 0.01953125
0 0.6453125 0.1796875 0.015625 0.01953125
0 0.6671875 0.29296875 0.015625 0.01953125
0 0.66875 0.318359375 0.015625 0.01953125
0 0.690625 0.298828125 0.015625 0.01953125
0 0.690625 0.25390625 0.015625 0.01953125
0 0.7234375 0.302734375 0.015625 0.01953125
0 0.7375 0.3203125 0.015625 0.01953125
0 0.7109375 0.337890625 0.015625 0.01953125
0 0.6890625 0.34375 0.015625 0.01953125
0 0.6828125 0.37109375 0.015625 0.01953125
0 0.6890625 0.408203125 0.015625 0.01953125
0 0.7125 0.384765625 0.015625 0.01953125
0 0.7046875 0.412109375 0.015625 0.01953125
0 0.7421875 0.384765625 0.015625 0.01953125
0 0.7375 0.404296875 0.015625 0.01953125
0 0.721875 0.4453125 0.015625 0.01953125
0 0.7 0.4453125 0.015625 0.01953125
0 0.684375 0.51953125 0.015625 0.01953125
0 0.6921875 0.552734375 0.015625 0.01953125
0 0.7125 0.505859375 0.015625 0.01953125
0 0.73125 0.556640625 0.015625 0.01953125
0 0.7453125 0.58984375 0.015625 0.01953125
0 0.7734375 0.521484375 0.015625 0.01953125
0 0.765625 0.546875 0.015625 0.01953125
0 0.8921875 0.798828125 0.015625 0.01953125
0 0.7171875 0.0859375 0.015625 0.01953125
0 0.70625 0.068359375 0.015625 0.01953125
0 0.659375 0.0859375 0.015625 0.01953125
