0 0.6375 0.11328125 0.015625 0.01953125
0 0.6578125 0.109375 0.015625 0.01953125
0 0.703125 0.0625 0.015625 0.01953125
0 0.6265625 0.15234375 0.015625 0.01953125
0 0.640625 0.283203125 0.015625 0.01953125
0 0.684375 0.244140625 0.015625 0.01953125
0 0.6859375 0.283203125 0.015625 0.01953125
0 0.653125 0.287109375 0.015625 0.01953125
0 0.6796875 0.298828125 0.015625 0.01953125
0 0.6609375 0.306640625 0.015625 0.01953125
0 0.6625 0.345703125 0.015625 0.01953125
0 0.6671875 0.3671875 0.015625 0.01953125
0 0.7 0.337890625 0.015625 0.01953125
0 0.703125 0.37109375 0.015625 0.01953125
0 0.6921875 0.36328125 0.015625 0.01953125
0 0.7203125 0.3828125 0.015625 0.01953125
0 0.7390625 0.388671875 0.015625 0.01953125
0 0.7421875 0.37109375 0.015625 0.01953125
0 0.7453125 0.3515625 0.015625 0.01953125
0 0.7453125 0.3984375 0.015625 0.01953125
0 0.7359375 0.412109375 0.015625 0.01953125
0 0.7234375 0.4296875 0.015625 0.01953125
0 0.709375 0.427734375 0.015625 0.01953125
0 0.68125 0.43359375 0.015625 0.01953125
0 0.6796875 0.40625 0.015625 0.01953125
0 0.7109375 0.498046875 0.015625 0.01953125
0 0.68125 0.501953125 0.015625 0.01953125
0 0.6921875 0.54296875 0.015625 0.01953125
0 0.7234375 0.546875 0.015625 0.01953125
0 0.7390625 0.564453125 0.015625 0.01953125
0 0.765625 0.556640625 0.015625 0.01953125
0 0.7546875 0.509765625 0.015625 0.01953125
