0 0.628125 0.41015625 0.015625 0.01953125
0 0.646875 0.41796875 0.015625 0.01953125
0 0.6359375 0.392578125 0.015625 0.01953125
0 0.659375 0.404296875 0.015625 0.01953125
0 0.640625 0.37109375 0.015625 0.01953125
0 0.609375 0.369140625 0.015625 0.01953125
0 0.6515625 0.34375 0.015625 0.01953125
0 0.6640625 0.34765625 0.015625 0.01953125
0 0.6640625 0.3671875 0.015625 0.01953125
0 0.6921875 0.365234375 0.015625 0.01953125
0 0.690625 0.345703125 0.015625 0.01953125
0 0.7109375 0.337890625 0.015625 0.01953125
0 0.7234375 0.3515625 0.015625 0.01953125
0 0.6890625 0.390625 0.015625 0.01953125
0 0.7484375 0.375 0.015625 0.01953125
0 0.7453125 0.40234375 0.015625 0.01953125
0 0.759375 0.404296875 0.015625 0.01953125
0 0.778125 0.376953125 0.015625 0.01953125
0 0.8015625 0.326171875 0.015625 0.01953125
0 0.834375 0.3671875 0.015625 0.01953125
0 0.80625 0.412109375 0.015625 0.01953125
