0 0.6296875 0.41796875 0.015625 0.01953125
0 0.646875 0.435546875 0.015625 0.01953125
0 0.65 0.400390625 0.015625 0.01953125
0 0.6140625 0.361328125 0.015625 0.01953125
0 0.6421875 0.384765625 0.015625 0.01953125
0 0.6390625 0.34765625 0.015625 0.01953125
0 0.675 0.34375 0.015625 0.01953125
0 0.6765625 0.3671875 0.015625 0.01953125
0 0.671875 0.416015625 0.015625 0.01953125
0 0.70625 0.40234375 0.015625 0.01953125
0 0.7046875 0.373046875 0.015625 0.01953125
0 0.7125 0.345703125 0.015625 0.01953125
0 0.734375 0.337890625 0.015625 0.01953125
0 0.7703125 0.384765625 0.015625 0.01953125
0 0.765625 0.40625 0.015625 0.01953125
0 0.7859375 0.408203125 0.015625 0.01953125
0 0.8015625 0.390625 0.015625 0.01953125
0 0.8234375 0.33203125 0.015625 0.01953125
0 0.8625 0.369140625 0.015625 0.01953125
0 0.83125 0.419921875 0.015625 0.01953125
