0 0.6453125 0.40625 0.015625 0.01953125
0 0.65625 0.427734375 0.015625 0.01953125
0 0.6578125 0.404296875 0.015625 0.01953125
0 0.659375 0.37109375 0.015625 0.01953125
0 0.63125 0.359375 0.015625 0.01953125
0 0.6703125 0.365234375 0.015625 0.01953125
0 0.69375 0.359375 0.015625 0.01953125
0 0.675 0.330078125 0.015625 0.01953125
0 0.696875 0.33203125 0.015625 0.01953125
0 0.715625 0.36328125 0.015625 0.01953125
0 0.71875 0.404296875 0.015625 0.01953125
0 0.765625 0.310546875 0.015625 0.01953125
0 0.803125 0.37109375 0.015625 0.01953125
0 0.796875 0.396484375 0.015625 0.01953125
0 0.8203125 0.404296875 0.015625 0.01953125
0 0.8453125 0.384765625 0.015625 0.01953125
0 0.903125 0.359375 0.015625 0.01953125
0 0.871875 0.4140625 0.015625 0.01953125
