0 0.440625 0.3671875 0.015625 0.01953125
0 0.55625 0.3515625 0.015625 0.01953125
0 0.634375 0.326171875 0.015625 0.01953125
0 0.6609375 0.349609375 0.015625 0.01953125
0 0.6703125 0.384765625 0.015625 0.01953125
0 0.65625 0.40234375 0.015625 0.01953125
0 0.675 0.419921875 0.015625 0.01953125
0 0.69375 0.39453125 0.015625 0.01953125
0 0.703125 0.34765625 0.015625 0.01953125
0 0.6890625 0.34375 0.015625 0.01953125
0 0.6953125 0.30859375 0.015625 0.01953125
0 0.7203125 0.3203125 0.015625 0.01953125
0 0.7390625 0.35546875 0.015625 0.01953125
0 0.7359375 0.400390625 0.015625 0.01953125
0 0.771875 0.326171875 0.015625 0.01953125
0 0.7921875 0.287109375 0.015625 0.01953125
0 0.834375 0.3515625 0.015625 0.01953125
0 0.828125 0.375 0.015625 0.01953125
0 0.8796875 0.357421875 0.015625 0.01953125
0 0.85625 0.39453125 0.015625 0.01953125
0 0.9234375 0.412109375 0.015625 0.01953125
0 0.953125 0.34375 0.015625 0.01953125
