0 0.6171875 0.32421875 0.015625 0.01953125
0 0.6515625 0.28125 0.015625 0.01953125
0 0.590625 0.287109375 0.015625 0.01953125
0 0.5546875 0.291015625 0.015625 0.01953125
0 0.584375 0.3359375 0.015625 0.01953125
0 0.5125 0.32421875 0.015625 0.01953125
0 0.521875 0.27734375 0.015625 0.01953125
0 0.4296875 0.3359375 0.015625 0.01953125
0 0.7125 0.2890625 0.015625 0.01953125
0 0.7359375 0.26953125 0.015625 0.01953125
0 0.75625 0.302734375 0.015625 0.01953125
0 0.7453125 0.35546875 0.015625 0.01953125
0 0.8484375 0.341796875 0.015625 0.01953125
0 0.8515625 0.31640625 0.015625 0.01953125
0 0.9265625 0.32421875 0.015625 0.01953125
0 0.8953125 0.359375 0.015625 0.01953125
0 0.965625 0.3671875 0.015625 0.01953125
0 0.95 0.25390625 0.015625 0.01953125
0 0.8359375 0.232421875 0.015625 0.01953125
0 0.79375 0.263671875 0.015625 0.01953125
0 0.7890625 0.244140625 0.015625 0.01953125
0 0.778125 0.22265625 0.015625 0.01953125
0 0.6640625 0.375 0.015625 0.01953125
0 0.65 0.3203125 0.015625 0.01953125
0 0.5640625 0.34375 0.015625 0.01953125
