0 0.65625 0.3359375 0.015625 0.01953125
0 0.66875 0.3046875 0.015625 0.01953125
0 0.7203125 0.32421875 0.015625 0.01953125
0 0.759375 0.30859375 0.015625 0.01953125
0 0.75 0.3515625 0.015625 0.01953125
0 0.771875 0.318359375 0.015625 0.01953125
0 0.8421875 0.3125 0.015625 0.01953125
0 0.8328125 0.318359375 0.015625 0.01953125
0 0.8171875 0.337890625 0.015625 0.01953125
0 0.8609375 0.330078125 0.015625 0.01953125
0 0.934375 0.32421875 0.015625 0.01953125
0 0.953125 0.376953125 0.015625 0.01953125
0 0.971875 0.333984375 0.015625 0.01953125
