0 0.778125 0.41796875 0.015625 0.01953125
0 0.7640625 0.419921875 0.015625 0.01953125
0 0.8453125 0.30078125 0.015625 0.01953125
0 0.896875 0.314453125 0.015625 0.01953125
0 0.771875 0.330078125 0.015625 0.01953125
0 0.7234375 0.35546875 0.015625 0.01953125
0 0.7265625 0.390625 0.015625 0.01953125
0 0.85 0.34765625 0.015625 0.01953125
0 0.421875 0.6953125 0.015625 0.01953125
0 0.378125 0.76953125 0.015625 0.01953125
0 0.33125 0.76953125 0.015625 0.01953125
0 0.328125 0.802734375 0.015625 0.01953125
0 0.9390625 0.216796875 0.015625 0.01953125
0 0.9734375 0.13671875 0.015625 0.01953125
0 0.99375 0.21875 0.015625 0.01953125
0 0.9640625 0.328125 0.015625 0.01953125
0 0.890625 0.2421875 0.015625 0.01953125
