0 0.6296875 0.412109375 0.015625 0.01953125
0 0.621875 0.3125 0.015625 0.01953125
0 0.6421875 0.291015625 0.015625 0.01953125
0 0.7140625 0.27734375 0.015625 0.01953125
0 0.728125 0.3125 0.015625 0.01953125
0 0.690625 0.318359375 0.015625 0.01953125
0 0.559375 0.271484375 0.015625 0.01953125
0 0.553125 0.2265625 0.015625 0.01953125
0 0.8546875 0.197265625 0.015625 0.01953125
0 0.884375 0.15625 0.015625 0.01953125
0 0.9078125 0.1640625 0.015625 0.01953125
0 0.9375 0.12109375 0.015625 0.01953125
0 0.6359375 0.61328125 0.015625 0.01953125
0 0.6125 0.623046875 0.015625 0.01953125
0 0.6640625 0.75 0.015625 0.01953125
0 0.659375 0.697265625 0.015625 0.01953125
0 0.74375 0.61328125 0.015625 0.01953125
0 0.7671875 0.59375 0.015625 0.01953125
0 0.80625 0.689453125 0.015625 0.01953125
0 0.7890625 0.701171875 0.015625 0.01953125
