0 0.6375 0.61328125 0.015625 0.01953125
0 0.659375 0.58984375 0.015625 0.01953125
0 0.671875 0.634765625 0.015625 0.01953125
0 0.7296875 0.638671875 0.015625 0.01953125
0 0.7390625 0.599609375 0.015625 0.01953125
0 0.8046875 0.63671875 0.015625 0.01953125
0 0.84375 0.677734375 0.015625 0.01953125
0 0.603125 0.56640625 0.015625 0.01953125
0 0.5375 0.48046875 0.015625 0.01953125
0 0.4953125 0.40234375 0.015625 0.01953125
0 0.58125 0.41015625 0.015625 0.01953125
0 0.6265625 0.447265625 0.015625 0.01953125
0 0.590625 0.349609375 0.015625 0.01953125
0 0.6046875 0.390625 0.015625 0.01953125
0 0.66875 0.322265625 0.015625 0.01953125
0 0.7234375 0.322265625 0.015625 0.01953125
0 0.628125 0.271484375 0.015625 0.01953125
0 0.5921875 0.271484375 0.015625 0.01953125
0 0.6078125 0.2265625 0.015625 0.01953125
0 0.63125 0.23046875 0.015625 0.01953125
0 0.521875 0.27734375 0.015625 0.01953125
0 0.521875 0.248046875 0.015625 0.01953125
0 0.490625 0.236328125 0.015625 0.01953125
