0 0.7234375 0.4765625 0.015625 0.01953125
0 0.7421875 0.50390625 0.015625 0.01953125
0 0.6734375 0.509765625 0.015625 0.01953125
0 0.7671875 0.51171875 0.015625 0.01953125
0 0.7890625 0.517578125 0.015625 0.01953125
0 0.80625 0.458984375 0.015625 0.01953125
0 0.7875 0.4453125 0.015625 0.01953125
0 0.7578125 0.44921875 0.015625 0.01953125
0 0.890625 0.462890625 0.015625 0.01953125
0 0.8140625 0.5 0.015625 0.01953125
0 0.234375 0.337890625 0.015625 0.01953125
0 0.2109375 0.412109375 0.015625 0.01953125
0 0.1859375 0.421875 0.015625 0.01953125
0 0.1953125 0.36328125 0.015625 0.01953125
0 0.2265625 0.296875 0.015625 0.01953125
0 0.23125 0.2578125 0.015625 0.01953125
0 0.234375 0.2265625 0.015625 0.01953125
0 0.2171875 0.169921875 0.015625 0.01953125
0 0.2234375 0.1328125 0.015625 0.01953125
0 0.2515625 0.1796875 0.015625 0.01953125
0 0.1046875 0.509765625 0.015625 0.01953125
0 0.1171875 0.482421875 0.015625 0.01953125
