0 0.55625 0.251953125 0.015625 0.01953125
0 0.4828125 0.248046875 0.015625 0.01953125
0 0.3546875 0.21484375 0.015625 0.01953125
0 0.353125 0.25 0.015625 0.01953125
0 0.3359375 0.17578125 0.015625 0.01953125
0 0.284375 0.203125 0.015625 0.01953125
0 0.2765625 0.248046875 0.015625 0.01953125
0 0.86875 0.23828125 0.015625 0.01953125
0 0.871875 0.27734375 0.015625 0.01953125
0 0.8109375 0.28515625 0.015625 0.01953125
0 0.98125 0.28515625 0.015625 0.01953125
0 0.153125 0.03125 0.015625 0.01953125
0 0.0984375 0.015625 0.015625 0.01953125
