0 0.2890625 0.431640625 0.015625 0.01953125
0 0.3203125 0.408203125 0.015625 0.01953125
0 0.346875 0.443359375 0.015625 0.01953125
0 0.3546875 0.46484375 0.015625 0.01953125
0 0.4609375 0.458984375 0.015625 0.01953125
0 0.5125 0.458984375 0.015625 0.01953125
0 0.7421875 0.478515625 0.015625 0.01953125
0 0.778125 0.42578125 0.015625 0.01953125
0 0.7890625 0.458984375 0.015625 0.01953125
0 0.890625 0.455078125 0.015625 0.01953125
0 0.13125 0.271484375 0.015625 0.01953125
0 0.1765625 0.279296875 0.015625 0.01953125
