0 0.0734375 0.927734375 0.015625 0.01953125
0 0.271875 0.150390625 0.015625 0.01953125
0 0.4703125 0.169921875 0.015625 0.01953125
0 0.7296875 0.150390625 0.015625 0.01953125
0 0.8109375 0.103515625 0.015625 0.01953125
0 0.8703125 0.0703125 0.015625 0.01953125
0 0.9265625 0.080078125 0.015625 0.01953125
0 0.7734375 0.0625 0.015625 0.01953125
0 0.7734375 0.03515625 0.015625 0.01953125
0 0.69375 0.072265625 0.015625 0.01953125
0 0.71875 0.115234375 0.015625 0.01953125
0 0.7375 0.09765625 0.015625 0.01953125
0 0.7578125 0.1328125 0.015625 0.01953125
0 0.596875 0.052734375 0.015625 0.01953125
0 0.5859375 0.037109375 0.015625 0.01953125
0 0.5203125 0.013671875 0.015625 0.01953125
0 0.4578125 0.0625 0.015625 0.01953125
0 0.459375 0.0390625 0.015625 0.01953125
0 0.471875 0.0859375 0.015625 0.01953125
0 0.346875 0.0859375 0.015625 0.01953125
0 0.4046875 0.111328125 0.015625 0.01953125
0 0.3375 0.03515625 0.015625 0.01953125
0 0.0609375 0.072265625 0.015625 0.01953125
0 0.090625 0.01953125 0.015625 0.01953125
0 0.80625 0.0078125 0.015625 0.01953125
0 0.846875 0.033203125 0.015625 0.01953125
0 0.9515625 0.01171875 0.015625 0.01953125
0 0.3734375 0.19140625 0.015625 0.01953125
0 0.36875 0.1640625 0.015625 0.01953125
0 0.3875 0.146484375 0.015625 0.01953125
0 0.6078125 0.203125 0.015625 0.01953125
0 0.8453125 0.205078125 0.015625 0.01953125
0 0.7671875 0.623046875 0.015625 0.01953125
0 0.8828125 0.37890625 0.015625 0.01953125
0 0.8875 0.39453125 0.015625 0.01953125
0 0.8875 0.416015625 0.015625 0.01953125
0 0.8703125 0.431640625 0.015625 0.01953125
