0 0.3203125 0.1640625 0.015625 0.01953125
0 0.3140625 0.2578125 0.015625 0.01953125
0 0.26875 0.265625 0.015625 0.01953125
0 0.1421875 0.3203125 0.015625 0.01953125
0 0.0640625 0.15234375 0.015625 0.01953125
0 0.1125 0.73046875 0.015625 0.01953125
0 0.0609375 0.755859375 0.015625 0.01953125
0 0.0421875 0.8125 0.015625 0.01953125
0 0.0421875 0.876953125 0.015625 0.01953125
0 0.1015625 0.8046875 0.015625 0.01953125
0 0.209375 0.71875 0.015625 0.01953125
0 0.2640625 0.771484375 0.015625 0.01953125
0 0.2609375 0.45703125 0.015625 0.01953125
0 0.2484375 0.3828125 0.015625 0.01953125
0 0.2703125 0.3125 0.015625 0.01953125
0 0.3078125 0.3125 0.015625 0.01953125
0 0.2671875 0.328125 0.015625 0.01953125
0 0.434375 0.267578125 0.015625 0.01953125
0 0.43125 0.34375 0.015625 0.01953125
0 0.4234375 0.4140625 0.015625 0.01953125
0 0.346875 0.412109375 0.015625 0.01953125
0 0.3546875 0.455078125 0.015625 0.01953125
0 0.4265625 0.48046875 0.015625 0.01953125
0 0.4171875 0.5546875 0.015625 0.01953125
0 0.378125 0.5546875 0.015625 0.01953125
0 0.2609375 0.603515625 0.015625 0.01953125
0 0.2765625 0.583984375 0.015625 0.01953125
0 0.4484375 0.609375 0.015625 0.01953125
0 0.5203125 0.591796875 0.015625 0.01953125
0 0.5109375 0.494140625 0.015625 0.01953125
0 0.5109375 0.412109375 0.015625 0.01953125
0 0.515625 0.34765625 0.015625 0.01953125
0 0.515625 0.2734375 0.015625 0.01953125
0 0.578125 0.248046875 0.015625 0.01953125
0 0.4453125 0.17578125 0.015625 0.01953125
0 0.4640625 0.05859375 0.015625 0.01953125
0 0.65625 0.095703125 0.015625 0.01953125
0 0.66875 0.08984375 0.015625 0.01953125
0 0.7828125 0.0546875 0.015625 0.01953125
0 0.671875 0.158203125 0.015625 0.01953125
0 0.7015625 0.171875 0.015625 0.01953125
0 0.696875 0.21484375 0.015625 0.01953125
0 0.68125 0.236328125 0.015625 0.01953125
0 0.68125 0.310546875 0.015625 0.01953125
0 0.678125 0.333984375 0.015625 0.01953125
0 0.6734375 0.376953125 0.015625 0.01953125
0 0.6671875 0.44140625 0.015625 0.01953125
0 0.6046875 0.447265625 0.015625 0.01953125
0 0.6078125 0.376953125 0.015625 0.01953125
0 0.759375 0.40625 0.015625 0.01953125
0 0.6921875 0.5078125 0.015625 0.01953125
0 0.7640625 0.54296875 0.015625 0.01953125
0 0.728125 0.73828125 0.015625 0.01953125
0 0.7171875 0.71875 0.015625 0.01953125
0 0.634375 0.73046875 0.015625 0.01953125
0 0.5921875 0.71875 0.015625 0.01953125
0 0.5296875 0.7421875 0.015625 0.01953125
0 0.4734375 0.755859375 0.015625 0.01953125
0 0.4125 0.869140625 0.015625 0.01953125
0 0.4046875 0.78515625 0.015625 0.01953125
0 0.553125 0.806640625 0.015625 0.01953125
0 0.5609375 0.84765625 0.015625 0.01953125
0 0.5734375 0.892578125 0.015625 0.01953125
0 0.6234375 0.896484375 0.015625 0.01953125
0 0.6203125 0.86328125 0.015625 0.01953125
0 0.634375 0.8203125 0.015625 0.01953125
0 0.6984375 0.845703125 0.015625 0.01953125
0 0.83125 0.751953125 0.015625 0.01953125
0 0.859375 0.791015625 0.015625 0.01953125
0 0.8734375 0.818359375 0.015625 0.01953125
0 0.89375 0.7890625 0.015625 0.01953125
0 0.8984375 0.728515625 0.015625 0.01953125
0 0.8953125 0.69921875 0.015625 0.01953125
0 0.9140625 0.68359375 0.015625 0.01953125
0 0.878125 0.677734375 0.015625 0.01953125
0 0.8703125 0.66015625 0.015625 0.01953125
0 0.965625 0.65625 0.015625 0.01953125
0 0.953125 0.630859375 0.015625 0.01953125
0 0.9421875 0.814453125 0.015625 0.01953125
0 0.9828125 0.966796875 0.015625 0.01953125
0 0.85625 0.888671875 0.015625 0.01953125
0 0.36875 0.947265625 0.015625 0.01953125
0 0.3359375 0.94140625 0.015625 0.01953125
0 0.315625 0.94921875 0.015625 0.01953125
0 0.2859375 0.9453125 0.015625 0.01953125
0 0.2203125 0.943359375 0.015625 0.01953125
0 0.3046875 0.98046875 0.015625 0.01953125
0 0.3421875 0.966796875 0.015625 0.01953125
0 0.3734375 0.96875 0.015625 0.01953125
0 0.415625 0.94140625 0.015625 0.01953125
0 0.48125 0.951171875 0.015625 0.01953125
0 0.13125 0.943359375 0.015625 0.01953125
0 0.040625 0.94140625 0.015625 0.01953125
0 0.7578125 0.28125 0.015625 0.01953125
0 0.8 0.1953125 0.015625 0.01953125
0 0.825 0.21484375 0.015625 0.01953125
0 0.85 0.197265625 0.015625 0.01953125
0 0.8703125 0.22265625 0.015625 0.01953125
0 0.8734375 0.32421875 0.015625 0.01953125
0 0.978125 0.408203125 0.015625 0.01953125
0 0.89375 0.3984375 0.015625 0.01953125
0 0.6640625 0.92578125 0.015625 0.01953125
0 0.5578125 0.93359375 0.015625 0.01953125
0 0.7203125 0.947265625 0.015625 0.01953125
0 0.7640625 0.984375 0.015625 0.01953125
0 0.721875 0.970703125 0.015625 0.01953125
0 0.75625 0.9609375 0.015625 0.01953125
0 0.7765625 0.9375 0.015625 0.01953125
0 0.9109375 0.03125 0.015625 0.01953125
0 0.0234375 0.451171875 0.015625 0.01953125
