0 0.409375 0.455078125 0.015625 0.01953125
0 0.396875 0.380859375 0.015625 0.01953125
0 0.2953125 0.2734375 0.015625 0.01953125
0 0.2078125 0.18359375 0.015625 0.01953125
0 0.0875 0.134765625 0.015625 0.01953125
0 0.05625 0.23828125 0.015625 0.01953125
0 0.0515625 0.25390625 0.015625 0.01953125
0 0.0859375 0.30078125 0.015625 0.01953125
0 0.034375 0.462890625 0.015625 0.01953125
0 0.128125 0.41796875 0.015625 0.01953125
0 0.0359375 0.76171875 0.015625 0.01953125
0 0.028125 0.822265625 0.015625 0.01953125
0 0.1734375 0.8203125 0.015625 0.01953125
0 0.08125 0.849609375 0.015625 0.01953125
0 0.084375 0.791015625 0.015625 0.01953125
0 0.171875 0.87890625 0.015625 0.01953125
0 0.2515625 0.892578125 0.015625 0.01953125
0 0.2765625 0.755859375 0.015625 0.01953125
0 0.3390625 0.8203125 0.015625 0.01953125
0 0.3515625 0.75 0.015625 0.01953125
0 0.4328125 0.728515625 0.015625 0.01953125
0 0.5296875 0.775390625 0.015625 0.01953125
0 0.6984375 0.7578125 0.015625 0.01953125
0 0.6734375 0.791015625 0.015625 0.01953125
0 0.640625 0.87890625 0.015625 0.01953125
0 0.63125 0.955078125 0.015625 0.01953125
0 0.55625 0.951171875 0.015625 0.01953125
0 0.528125 0.953125 0.015625 0.01953125
0 0.4859375 0.953125 0.015625 0.01953125
0 0.465625 0.951171875 0.015625 0.01953125
0 0.4359375 0.9609375 0.015625 0.01953125
0 0.3703125 0.9609375 0.015625 0.01953125
0 0.2796875 0.953125 0.015625 0.01953125
0 0.1875 0.943359375 0.015625 0.01953125
0 0.4640625 0.99609375 0.015625 0.01953125
0 0.7203125 0.94921875 0.015625 0.01953125
0 0.84375 0.908203125 0.015625 0.01953125
0 0.834375 0.8828125 0.015625 0.01953125
0 0.778125 0.896484375 0.015625 0.01953125
0 0.8015625 0.861328125 0.015625 0.01953125
0 0.7828125 0.810546875 0.015625 0.01953125
0 0.7859375 0.751953125 0.015625 0.01953125
0 0.809375 0.724609375 0.015625 0.01953125
0 0.671875 0.71875 0.015625 0.01953125
0 0.684375 0.69140625 0.015625 0.01953125
0 0.584375 0.619140625 0.015625 0.01953125
0 0.5703125 0.560546875 0.015625 0.01953125
0 0.53125 0.560546875 0.015625 0.01953125
0 0.58125 0.46875 0.015625 0.01953125
0 0.5078125 0.453125 0.015625 0.01953125
0 0.4921875 0.41015625 0.015625 0.01953125
0 0.459375 0.330078125 0.015625 0.01953125
0 0.43125 0.33203125 0.015625 0.01953125
0 0.4171875 0.263671875 0.015625 0.01953125
0 0.4625 0.26171875 0.015625 0.01953125
0 0.46875 0.162109375 0.015625 0.01953125
0 0.6078125 0.177734375 0.015625 0.01953125
0 0.5890625 0.263671875 0.015625 0.01953125
0 0.5828125 0.328125 0.015625 0.01953125
0 0.575 0.40234375 0.015625 0.01953125
0 0.671875 0.33203125 0.015625 0.01953125
0 0.6578125 0.263671875 0.015625 0.01953125
0 0.659375 0.404296875 0.015625 0.01953125
0 0.6625 0.48828125 0.015625 0.01953125
0 0.6765625 0.59375 0.015625 0.01953125
0 0.7703125 0.447265625 0.015625 0.01953125
0 0.7421875 0.380859375 0.015625 0.01953125
0 0.7296875 0.255859375 0.015625 0.01953125
0 0.615625 0.0703125 0.015625 0.01953125
0 0.79375 0.111328125 0.015625 0.01953125
0 0.81875 0.1015625 0.015625 0.01953125
0 0.821875 0.169921875 0.015625 0.01953125
0 0.8453125 0.208984375 0.015625 0.01953125
0 0.834375 0.23828125 0.015625 0.01953125
0 0.8203125 0.33203125 0.015625 0.01953125
0 0.834375 0.310546875 0.015625 0.01953125
0 0.825 0.37109375 0.015625 0.01953125
0 0.825 0.439453125 0.015625 0.01953125
0 0.909375 0.26953125 0.015625 0.01953125
0 0.9109375 0.404296875 0.015625 0.01953125
0 0.9125 0.525390625 0.015625 0.01953125
0 0.8421875 0.505859375 0.015625 0.01953125
0 0.94375 0.15234375 0.015625 0.01953125
0 0.99375 0.236328125 0.015625 0.01953125
0 0.9453125 0.703125 0.015625 0.01953125
0 0.95625 0.728515625 0.015625 0.01953125
0 0.8765625 0.724609375 0.015625 0.01953125
0 0.8640625 0.8671875 0.015625 0.01953125
0 0.878125 0.96875 0.015625 0.01953125
0 0.8765625 0.94140625 0.015625 0.01953125
0 0.834375 0.94140625 0.015625 0.01953125
0 0.91875 0.986328125 0.015625 0.01953125
0 0.9140625 0.96484375 0.015625 0.01953125
