0 0.8015625 0.501953125 0.015625 0.01953125
0 0.7296875 0.482421875 0.015625 0.01953125
0 0.7234375 0.431640625 0.015625 0.01953125
0 0.678125 0.34375 0.015625 0.01953125
0 0.6890625 0.279296875 0.015625 0.01953125
0 0.64375 0.275390625 0.015625 0.01953125
0 0.6484375 0.33203125 0.015625 0.01953125
0 0.6171875 0.392578125 0.015625 0.01953125
0 0.6296875 0.482421875 0.015625 0.01953125
0 0.5625 0.5390625 0.015625 0.01953125
0 0.5578125 0.556640625 0.015625 0.01953125
0 0.484375 0.822265625 0.015625 0.01953125
0 0.4828125 0.845703125 0.015625 0.01953125
0 0.378125 0.853515625 0.015625 0.01953125
0 0.359375 0.826171875 0.015625 0.01953125
0 0.3796875 0.796875 0.015625 0.01953125
0 0.353125 0.802734375 0.015625 0.01953125
0 0.2421875 0.76953125 0.015625 0.01953125
0 0.2359375 0.8203125 0.015625 0.01953125
0 0.1609375 0.783203125 0.015625 0.01953125
0 0.159375 0.802734375 0.015625 0.01953125
0 0.1625 0.8359375 0.015625 0.01953125
0 0.04375 0.890625 0.015625 0.01953125
0 0.03125 0.859375 0.015625 0.01953125
0 0.0046875 0.369140625 0.015625 0.01953125
0 0.0046875 0.34375 0.015625 0.01953125
0 0.2796875 0.25390625 0.015625 0.01953125
0 0.28125 0.265625 0.015625 0.01953125
0 0.1703125 0.1015625 0.015625 0.01953125
0 0.2953125 0.396484375 0.015625 0.01953125
0 0.228125 0.353515625 0.015625 0.01953125
0 0.234375 0.478515625 0.015625 0.01953125
0 0.5265625 0.232421875 0.015625 0.01953125
0 0.425 0.17578125 0.015625 0.01953125
0 0.4453125 0.115234375 0.015625 0.01953125
0 0.3421875 0.08984375 0.015625 0.01953125
0 0.334375 0.125 0.015625 0.01953125
0 0.303125 0.130859375 0.015625 0.01953125
0 0.828125 0.07421875 0.015625 0.01953125
0 0.6828125 0.1640625 0.015625 0.01953125
0 0.828125 0.19921875 0.015625 0.01953125
0 0.815625 0.296875 0.015625 0.01953125
0 0.8125 0.353515625 0.015625 0.01953125
0 0.79375 0.4296875 0.015625 0.01953125
0 0.8015625 0.564453125 0.015625 0.01953125
0 0.7515625 0.56640625 0.015625 0.01953125
0 0.8078125 0.63671875 0.015625 0.01953125
0 0.7421875 0.748046875 0.015625 0.01953125
0 0.671875 0.7578125 0.015625 0.01953125
0 0.690625 0.779296875 0.015625 0.01953125
0 0.5609375 0.7578125 0.015625 0.01953125
0 0.6421875 0.83984375 0.015625 0.01953125
0 0.5 0.9140625 0.015625 0.01953125
0 0.503125 0.96484375 0.015625 0.01953125
0 0.5953125 0.96484375 0.015625 0.01953125
0 0.4078125 0.955078125 0.015625 0.01953125
0 0.659375 0.96484375 0.015625 0.01953125
0 0.7109375 0.9609375 0.015625 0.01953125
0 0.69375 0.958984375 0.015625 0.01953125
0 0.7390625 0.951171875 0.015625 0.01953125
0 0.7546875 0.962890625 0.015625 0.01953125
0 0.7828125 0.95703125 0.015625 0.01953125
0 0.71875 0.984375 0.015625 0.01953125
0 0.853125 0.95703125 0.015625 0.01953125
0 0.8671875 0.7890625 0.015625 0.01953125
0 0.903125 0.71484375 0.015625 0.01953125
0 0.8984375 0.599609375 0.015625 0.01953125
0 0.9046875 0.689453125 0.015625 0.01953125
0 0.8890625 0.71484375 0.015625 0.01953125
0 0.890625 0.505859375 0.015625 0.01953125
0 0.88125 0.419921875 0.015625 0.01953125
0 0.8890625 0.34765625 0.015625 0.01953125
0 0.890625 0.296875 0.015625 0.01953125
0 0.9484375 0.2734375 0.015625 0.01953125
0 0.965625 0.404296875 0.015625 0.01953125
0 0.984375 0.45703125 0.015625 0.01953125
0 0.9875 0.76953125 0.015625 0.01953125
0 0.9921875 0.798828125 0.015625 0.01953125
0 0.9328125 0.87890625 0.015625 0.01953125
0 0.9328125 0.951171875 0.015625 0.01953125
0 0.946875 0.95703125 0.015625 0.01953125
