0 0.8109375 0.8046875 0.015625 0.01953125
0 0.7921875 0.771484375 0.015625 0.01953125
0 0.7921875 0.71484375 0.015625 0.01953125
0 0.6625 0.623046875 0.015625 0.01953125
0 0.6671875 0.640625 0.015625 0.01953125
0 0.615625 0.75390625 0.015625 0.01953125
0 0.5890625 0.708984375 0.015625 0.01953125
0 0.6578125 0.791015625 0.015625 0.01953125
0 0.7078125 0.85546875 0.015625 0.01953125
0 0.7984375 0.873046875 0.015625 0.01953125
0 0.8625 0.85546875 0.015625 0.01953125
0 0.925 0.775390625 0.015625 0.01953125
0 0.946875 0.771484375 0.015625 0.01953125
0 0.9515625 0.78515625 0.015625 0.01953125
0 0.95625 0.7265625 0.015625 0.01953125
0 0.875 0.431640625 0.015625 0.01953125
0 0.8375 0.298828125 0.015625 0.01953125
0 0.9234375 0.216796875 0.015625 0.01953125
0 0.9140625 0.240234375 0.015625 0.01953125
0 0.928125 0.15625 0.015625 0.01953125
0 0.940625 0.119140625 0.015625 0.01953125
0 0.9671875 0.10546875 0.015625 0.01953125
0 0.1671875 0.7421875 0.015625 0.01953125
0 0.1140625 0.724609375 0.015625 0.01953125
0 0.08125 0.84375 0.015625 0.01953125
0 0.078125 0.939453125 0.015625 0.01953125
0 0.146875 0.958984375 0.015625 0.01953125
0 0.3546875 0.9609375 0.015625 0.01953125
0 0.3375 0.947265625 0.015625 0.01953125
0 0.3375 0.890625 0.015625 0.01953125
0 0.3203125 0.8359375 0.015625 0.01953125
0 0.2703125 0.849609375 0.015625 0.01953125
0 0.2578125 0.865234375 0.015625 0.01953125
0 0.346875 0.791015625 0.015625 0.01953125
0 0.3375 0.779296875 0.015625 0.01953125
0 0.2953125 0.76953125 0.015625 0.01953125
0 0.265625 0.7421875 0.015625 0.01953125
0 0.046875 0.373046875 0.015625 0.01953125
0 0.05625 0.341796875 0.015625 0.01953125
0 0.0296875 0.330078125 0.015625 0.01953125
0 0.215625 0.16015625 0.015625 0.01953125
0 0.6484375 0.349609375 0.015625 0.01953125
0 0.621875 0.359375 0.015625 0.01953125
0 0.59375 0.31640625 0.015625 0.01953125
0 0.553125 0.4765625 0.015625 0.01953125
0 0.5359375 0.46484375 0.015625 0.01953125
0 0.4546875 0.787109375 0.015625 0.01953125
0 0.43125 0.7109375 0.015625 0.01953125
0 0.340625 0.61328125 0.015625 0.01953125
0 0.4640625 0.609375 0.015625 0.01953125
0 0.54375 0.935546875 0.015625 0.01953125
0 0.63125 0.96875 0.015625 0.01953125
0 0.66875 0.94140625 0.015625 0.01953125
0 0.5359375 0.943359375 0.015625 0.01953125
