0 0.7953125 0.767578125 0.015625 0.01953125
0 0.796875 0.748046875 0.015625 0.01953125
0 0.803125 0.734375 0.015625 0.01953125
0 0.75 0.71875 0.015625 0.01953125
0 0.8921875 0.68359375 0.015625 0.01953125
0 0.8375 0.58984375 0.015625 0.01953125
0 0.775 0.59375 0.015625 0.01953125
0 0.965625 0.521484375 0.015625 0.01953125
0 0.928125 0.49609375 0.015625 0.01953125
0 0.9859375 0.33203125 0.015625 0.01953125
0 0.9640625 0.28515625 0.015625 0.01953125
0 0.984375 0.25 0.015625 0.01953125
0 0.625 0.1796875 0.015625 0.01953125
0 0.3890625 0.302734375 0.015625 0.01953125
0 0.39375 0.330078125 0.015625 0.01953125
0 0.30625 0.23046875 0.015625 0.01953125
0 0.234375 0.126953125 0.015625 0.01953125
0 0.3921875 0.091796875 0.015625 0.01953125
0 0.6171875 0.728515625 0.015625 0.01953125
0 0.6140625 0.748046875 0.015625 0.01953125
0 0.55625 0.703125 0.015625 0.01953125
0 0.4546875 0.708984375 0.015625 0.01953125
0 0.4703125 0.685546875 0.015625 0.01953125
0 0.4125 0.7109375 0.015625 0.01953125
0 0.3640625 0.779296875 0.015625 0.01953125
0 0.3640625 0.8046875 0.015625 0.01953125
0 0.2734375 0.8359375 0.015625 0.01953125
0 0.146875 0.736328125 0.015625 0.01953125
0 0.08125 0.765625 0.015625 0.01953125
0 0.0375 0.751953125 0.015625 0.01953125
0 0.034375 0.775390625 0.015625 0.01953125
0 0.15 0.9609375 0.015625 0.01953125
0 0.5640625 0.81640625 0.015625 0.01953125
0 0.575 0.765625 0.015625 0.01953125
0 0.6890625 0.84375 0.015625 0.01953125
0 0.7609375 0.822265625 0.015625 0.01953125
0 0.7875 0.85546875 0.015625 0.01953125
0 0.721875 0.908203125 0.015625 0.01953125
0 0.7078125 0.91796875 0.015625 0.01953125
0 0.7671875 0.908203125 0.015625 0.01953125
0 0.73125 0.9375 0.015625 0.01953125
0 0.91875 0.900390625 0.015625 0.01953125
0 0.7015625 0.822265625 0.015625 0.01953125
0 0.090625 0.37109375 0.015625 0.01953125
0 0.0671875 0.349609375 0.015625 0.01953125
0 0.0421875 0.333984375 0.015625 0.01953125
0 0.0296875 0.30078125 0.015625 0.01953125
0 0.03125 0.275390625 0.015625 0.01953125
0 0.046875 0.173828125 0.015625 0.01953125
0 0.04375 0.140625 0.015625 0.01953125
0 0.021875 0.138671875 0.015625 0.01953125
0 0.0140625 0.177734375 0.015625 0.01953125
0 0.025 0.162109375 0.015625 0.01953125
0 0.0171875 0.333984375 0.015625 0.01953125
0 0.0140625 0.37890625 0.015625 0.01953125
0 0.0703125 0.19921875 0.015625 0.01953125
0 0.084375 0.169921875 0.015625 0.01953125
0 0.0875 0.138671875 0.015625 0.01953125
0 0.0796875 0.05859375 0.015625 0.01953125
0 0.14375 0.07421875 0.015625 0.01953125
0 0.1453125 0.013671875 0.015625 0.01953125
0 0.265625 0.03125 0.015625 0.01953125
0 0.3234375 0.50390625 0.015625 0.01953125
0 0.3640625 0.45703125 0.015625 0.01953125
0 0.01875 0.251953125 0.015625 0.01953125
0 0.0921875 0.216796875 0.015625 0.01953125
