0 0.8359375 0.78125 0.015625 0.01953125
0 0.8078125 0.798828125 0.015625 0.01953125
0 0.965625 0.716796875 0.015625 0.01953125
0 0.990625 0.69921875 0.015625 0.01953125
0 0.9828125 0.681640625 0.015625 0.01953125
0 0.925 0.681640625 0.015625 0.01953125
0 0.8125 0.908203125 0.015625 0.01953125
0 0.7375 0.837890625 0.015625 0.01953125
0 0.5984375 0.759765625 0.015625 0.01953125
0 0.5375 0.796875 0.015625 0.01953125
0 0.4296875 0.783203125 0.015625 0.01953125
0 0.415625 0.763671875 0.015625 0.01953125
0 0.4328125 0.712890625 0.015625 0.01953125
0 0.4546875 0.67578125 0.015625 0.01953125
0 0.4 0.591796875 0.015625 0.01953125
0 0.328125 0.59375 0.015625 0.01953125
0 0.325 0.603515625 0.015625 0.01953125
0 0.303125 0.544921875 0.015625 0.01953125
0 0.2921875 0.560546875 0.015625 0.01953125
0 0.234375 0.578125 0.015625 0.01953125
0 0.1671875 0.490234375 0.015625 0.01953125
0 0.1515625 0.455078125 0.015625 0.01953125
0 0.159375 0.439453125 0.015625 0.01953125
0 0.1859375 0.40625 0.015625 0.01953125
0 0.1484375 0.38671875 0.015625 0.01953125
0 0.1328125 0.3125 0.015625 0.01953125
0 0.034375 0.087890625 0.015625 0.01953125
0 0.103125 0.45703125 0.015625 0.01953125
0 0.090625 0.455078125 0.015625 0.01953125
0 0.0421875 0.435546875 0.015625 0.01953125
0 0.009375 0.345703125 0.015625 0.01953125
0 0.065625 0.798828125 0.015625 0.01953125
0 0.0578125 0.76171875 0.015625 0.01953125
0 0.01875 0.86328125 0.015625 0.01953125
0 0.0359375 0.92578125 0.015625 0.01953125
0 0.0515625 0.95703125 0.015625 0.01953125
0 0.0171875 0.888671875 0.015625 0.01953125
0 0.10625 0.984375 0.015625 0.01953125
0 0.1453125 0.990234375 0.015625 0.01953125
0 0.1515625 0.970703125 0.015625 0.01953125
0 0.0703125 0.982421875 0.015625 0.01953125
0 0.3375 0.970703125 0.015625 0.01953125
0 0.35625 0.96484375 0.015625 0.01953125
0 0.2640625 0.970703125 0.015625 0.01953125
0 0.515625 0.9609375 0.015625 0.01953125
0 0.5375 0.990234375 0.015625 0.01953125
0 0.41875 0.90234375 0.015625 0.01953125
0 0.3296875 0.73828125 0.015625 0.01953125
0 0.328125 0.705078125 0.015625 0.01953125
0 0.2421875 0.69921875 0.015625 0.01953125
0 0.3 0.1015625 0.015625 0.01953125
0 0.2953125 0.115234375 0.015625 0.01953125
0 0.2859375 0.177734375 0.015625 0.01953125
0 0.2859375 0.197265625 0.015625 0.01953125
0 0.2921875 0.24609375 0.015625 0.01953125
0 0.28125 0.24609375 0.015625 0.01953125
0 0.2859375 0.296875 0.015625 0.01953125
0 0.29375 0.361328125 0.015625 0.01953125
0 0.328125 0.3515625 0.015625 0.01953125
0 0.35625 0.375 0.015625 0.01953125
0 0.35 0.4296875 0.015625 0.01953125
0 0.375 0.400390625 0.015625 0.01953125
0 0.3828125 0.37890625 0.015625 0.01953125
0 0.371875 0.3515625 0.015625 0.01953125
0 0.378125 0.322265625 0.015625 0.01953125
0 0.378125 0.29296875 0.015625 0.01953125
0 0.3375 0.298828125 0.015625 0.01953125
0 0.3375 0.3203125 0.015625 0.01953125
0 0.4 0.31640625 0.015625 0.01953125
0 0.390625 0.2890625 0.015625 0.01953125
0 0.390625 0.25390625 0.015625 0.01953125
0 0.3765625 0.248046875 0.015625 0.01953125
0 0.353125 0.17578125 0.015625 0.01953125
0 0.3296875 0.224609375 0.015625 0.01953125
0 0.3765625 0.15234375 0.015625 0.01953125
0 0.378125 0.1328125 0.015625 0.01953125
0 0.34375 0.10546875 0.015625 0.01953125
0 0.446875 0.12890625 0.015625 0.01953125
0 0.44375 0.16796875 0.015625 0.01953125
0 0.434375 0.201171875 0.015625 0.01953125
0 0.453125 0.212890625 0.015625 0.01953125
0 0.4078125 0.173828125 0.015625 0.01953125
0 0.4 0.119140625 0.015625 0.01953125
0 0.45 0.03125 0.015625 0.01953125
0 0.4484375 0.001953125 0.015625 0.01953125
0 0.5609375 0.09375 0.015625 0.01953125
0 0.7515625 0.291015625 0.015625 0.01953125
0 0.7515625 0.30859375 0.015625 0.01953125
0 0.7140625 0.26953125 0.015625 0.01953125
0 0.709375 0.453125 0.015625 0.01953125
0 0.690625 0.48828125 0.015625 0.01953125
0 0.4390625 0.44921875 0.015625 0.01953125
0 0.4234375 0.43359375 0.015625 0.01953125
0 0.8359375 0.146484375 0.015625 0.01953125
