0 0.3375 0.11328125 0.015625 0.01953125
0 0.34375 0.296875 0.015625 0.01953125
0 0.3390625 0.390625 0.015625 0.01953125
0 0.4375 0.013671875 0.015625 0.01953125
0 0.5375 0.060546875 0.015625 0.01953125
0 0.653125 0.17578125 0.015625 0.01953125
0 0.803125 0.5 0.015625 0.01953125
0 0.740625 0.67578125 0.015625 0.01953125
0 0.484375 0.7421875 0.015625 0.01953125
0 0.4640625 0.734375 0.015625 0.01953125
0 0.359375 0.953125 0.015625 0.01953125
0 0.478125 0.974609375 0.015625 0.01953125
0 0.4890625 0.9921875 0.015625 0.01953125
0 0.5578125 0.92578125 0.015625 0.01953125
0 0.5796875 0.9609375 0.015625 0.01953125
0 0.634375 0.912109375 0.015625 0.01953125
0 0.7375 0.970703125 0.015625 0.01953125
0 0.9171875 0.9921875 0.015625 0.01953125
0 0.975 0.990234375 0.015625 0.01953125
0 0.9578125 0.4140625 0.015625 0.01953125
0 0.925 0.171875 0.015625 0.01953125
0 0.96875 0.10546875 0.015625 0.01953125
0 0.940625 0.154296875 0.015625 0.01953125
0 0.6984375 0.00390625 0.015625 0.01953125
0 0.7515625 0.00390625 0.015625 0.01953125
0 0.553125 0.05078125 0.015625 0.01953125
0 0.584375 0.068359375 0.015625 0.01953125
0 0.4484375 0.125 0.015625 0.01953125
0 0.39375 0.306640625 0.015625 0.01953125
0 0.3984375 0.37109375 0.015625 0.01953125
0 0.415625 0.373046875 0.015625 0.01953125
0 0.421875 0.32421875 0.015625 0.01953125
0 0.434375 0.318359375 0.015625 0.01953125
0 0.453125 0.33203125 0.015625 0.01953125
0 0.4296875 0.3515625 0.015625 0.01953125
0 0.45 0.375 0.015625 0.01953125
0 0.5015625 0.330078125 0.015625 0.01953125
0 0.521875 0.345703125 0.015625 0.01953125
0 0.484375 0.365234375 0.015625 0.01953125
0 0.478125 0.40234375 0.015625 0.01953125
0 0.5046875 0.421875 0.015625 0.01953125
0 0.421875 0.439453125 0.015625 0.01953125
0 0.384375 0.427734375 0.015625 0.01953125
0 0.3390625 0.44921875 0.015625 0.01953125
0 0.3390625 0.51171875 0.015625 0.01953125
0 0.3453125 0.56640625 0.015625 0.01953125
0 0.4109375 0.638671875 0.015625 0.01953125
0 0.4234375 0.611328125 0.015625 0.01953125
0 0.403125 0.5859375 0.015625 0.01953125
0 0.3796875 0.5625 0.015625 0.01953125
0 0.3953125 0.5390625 0.015625 0.01953125
0 0.3875 0.51171875 0.015625 0.01953125
0 0.4203125 0.525390625 0.015625 0.01953125
0 0.4234375 0.55859375 0.015625 0.01953125
0 0.4296875 0.5859375 0.015625 0.01953125
0 0.446875 0.541015625 0.015625 0.01953125
0 0.4453125 0.51953125 0.015625 0.01953125
0 0.440625 0.5078125 0.015625 0.01953125
0 0.4546875 0.48046875 0.015625 0.01953125
0 0.440625 0.466796875 0.015625 0.01953125
0 0.434375 0.830078125 0.015625 0.01953125
0 0.4171875 0.798828125 0.015625 0.01953125
0 0.4234375 0.775390625 0.015625 0.01953125
0 0.4359375 0.9140625 0.015625 0.01953125
0 0.4375 0.943359375 0.015625 0.01953125
0 0.196875 0.69921875 0.015625 0.01953125
0 0.25 0.65625 0.015625 0.01953125
0 0.3 0.6796875 0.015625 0.01953125
0 0.1484375 0.712890625 0.015625 0.01953125
0 0.0203125 0.40625 0.015625 0.01953125
0 0.0203125 0.15234375 0.015625 0.01953125
0 0.00625 0.15625 0.015625 0.01953125
0 0.0015625 0.39453125 0.015625 0.01953125
