0 0.3546875 0.15234375 0.015625 0.01953125
0 0.3046875 0.228515625 0.015625 0.01953125
0 0.421875 0.251953125 0.015625 0.01953125
0 0.4625 0.265625 0.015625 0.01953125
0 0.4875 0.279296875 0.015625 0.01953125
0 0.3671875 0.103515625 0.015625 0.01953125
0 0.3796875 0.162109375 0.015625 0.01953125
0 0.7109375 0.24609375 0.015625 0.01953125
0 0.721875 0.26953125 0.015625 0.01953125
0 0.7 0.3359375 0.015625 0.01953125
0 0.640625 0.26953125 0.015625 0.01953125
0 0.728125 0.283203125 0.015625 0.01953125
0 0.6015625 0.1015625 0.015625 0.01953125
0 0.0484375 0.5234375 0.015625 0.01953125
0 0.003125 0.53515625 0.015625 0.01953125
0 0.0796875 0.66015625 0.015625 0.01953125
0 0.0796875 0.73046875 0.015625 0.01953125
0 0.0625 0.73828125 0.015625 0.01953125
0 0.0375 0.73828125 0.015625 0.01953125
0 0.015625 0.01953125 0.015625 0.01953125
0 0.028125 0.078125 0.015625 0.01953125
0 0.0046875 0.1640625 0.015625 0.01953125
0 0.034375 0.005859375 0.015625 0.01953125
0 0.0671875 0.013671875 0.015625 0.01953125
0 0.9328125 0.078125 0.015625 0.01953125
0 0.9625 0.091796875 0.015625 0.01953125
0 0.94375 0.0546875 0.015625 0.01953125
0 0.965625 0.216796875 0.015625 0.01953125
0 0.990625 0.197265625 0.015625 0.01953125
0 0.978125 0.44140625 0.015625 0.01953125
0 0.8078125 0.7578125 0.015625 0.01953125
0 0.7484375 0.91796875 0.015625 0.01953125
0 0.74375 0.955078125 0.015625 0.01953125
0 0.33125 0.984375 0.015625 0.01953125
0 0.1546875 0.734375 0.015625 0.01953125
0 0.3515625 0.37890625 0.015625 0.01953125
0 0.3953125 0.333984375 0.015625 0.01953125
0 0.35625 0.5625 0.015625 0.01953125
0 0.353125 0.587890625 0.015625 0.01953125
0 0.34375 0.66796875 0.015625 0.01953125
0 0.3671875 0.552734375 0.015625 0.01953125
0 0.5125 0.59375 0.015625 0.01953125
0 0.5015625 0.63671875 0.015625 0.01953125
0 0.4921875 0.66796875 0.015625 0.01953125
0 0.509375 0.67578125 0.015625 0.01953125
0 0.4046875 0.634765625 0.015625 0.01953125
0 0.4265625 0.63671875 0.015625 0.01953125
0 0.39375 0.693359375 0.015625 0.01953125
0 0.3421875 0.716796875 0.015625 0.01953125
0 0.34375 0.76953125 0.015625 0.01953125
0 0.3609375 0.83203125 0.015625 0.01953125
0 0.3609375 0.849609375 0.015625 0.01953125
0 0.421875 0.896484375 0.015625 0.01953125
0 0.4296875 0.87109375 0.015625 0.01953125
0 0.4140625 0.84765625 0.015625 0.01953125
0 0.4046875 0.798828125 0.015625 0.01953125
0 0.3984375 0.7734375 0.015625 0.01953125
0 0.45 0.763671875 0.015625 0.01953125
0 0.434375 0.708984375 0.015625 0.01953125
0 0.459375 0.70703125 0.015625 0.01953125
0 0.4609375 0.783203125 0.015625 0.01953125
0 0.4328125 0.787109375 0.015625 0.01953125
0 0.4328125 0.818359375 0.015625 0.01953125
0 0.4421875 0.83984375 0.015625 0.01953125
0 0.4359375 0.591796875 0.015625 0.01953125
0 0.45 0.583984375 0.015625 0.01953125
0 0.4625 0.587890625 0.015625 0.01953125
0 0.4546875 0.611328125 0.015625 0.01953125
0 0.44375 0.615234375 0.015625 0.01953125
0 0.4609375 0.6328125 0.015625 0.01953125
0 0.4375 0.52734375 0.015625 0.01953125
0 0.4046875 0.576171875 0.015625 0.01953125
