0 0.0484375 0.015625 0.015625 0.01953125
0 0.00625 0.1015625 0.015625 0.01953125
0 0.190625 0.080078125 0.015625 0.01953125
0 0.16875 0.080078125 0.015625 0.01953125
0 0.1125 0.11328125 0.015625 0.01953125
0 0.0890625 0.09375 0.015625 0.01953125
0 0.0546875 0.126953125 0.015625 0.01953125
0 0.0609375 0.158203125 0.015625 0.01953125
0 0.1828125 0.0078125 0.015625 0.01953125
0 0.0328125 0.310546875 0.015625 0.01953125
0 0.059375 0.322265625 0.015625 0.01953125
0 0.0234375 0.375 0.015625 0.01953125
0 0.0046875 0.380859375 0.015625 0.01953125
0 0.028125 0.43359375 0.015625 0.01953125
0 0.0703125 0.40625 0.015625 0.01953125
0 0.05 0.396484375 0.015625 0.01953125
0 0.0125 0.525390625 0.015625 0.01953125
0 0.0203125 0.876953125 0.015625 0.01953125
0 0.0515625 0.8046875 0.015625 0.01953125
0 0.0921875 0.900390625 0.015625 0.01953125
0 0.315625 0.48828125 0.015625 0.01953125
0 0.3390625 0.55859375 0.015625 0.01953125
0 0.3484375 0.65234375 0.015625 0.01953125
0 0.365625 0.650390625 0.015625 0.01953125
0 0.378125 0.744140625 0.015625 0.01953125
0 0.4 0.744140625 0.015625 0.01953125
0 0.3625 0.85546875 0.015625 0.01953125
0 0.36875 0.833984375 0.015625 0.01953125
0 0.3734375 0.818359375 0.015625 0.01953125
0 0.365625 0.91796875 0.015625 0.01953125
0 0.353125 0.93359375 0.015625 0.01953125
0 0.3625 0.982421875 0.015625 0.01953125
0 0.4109375 0.845703125 0.015625 0.01953125
0 0.41875 0.90625 0.015625 0.01953125
0 0.4421875 0.900390625 0.015625 0.01953125
0 0.4546875 0.892578125 0.015625 0.01953125
0 0.4375 0.861328125 0.015625 0.01953125
0 0.4609375 0.8515625 0.015625 0.01953125
0 0.471875 0.869140625 0.015625 0.01953125
0 0.4734375 0.8984375 0.015625 0.01953125
0 0.521875 0.859375 0.015625 0.01953125
0 0.509375 0.90625 0.015625 0.01953125
0 0.5046875 0.93359375 0.015625 0.01953125
0 0.525 0.94921875 0.015625 0.01953125
0 0.4734375 0.9765625 0.015625 0.01953125
0 0.459375 0.978515625 0.015625 0.01953125
0 0.44375 0.970703125 0.015625 0.01953125
0 0.5640625 0.82421875 0.015625 0.01953125
0 0.6546875 0.546875 0.015625 0.01953125
0 0.5734375 0.44921875 0.015625 0.01953125
0 0.5375 0.435546875 0.015625 0.01953125
0 0.559375 0.47265625 0.015625 0.01953125
0 0.43125 0.5234375 0.015625 0.01953125
0 0.4546875 0.552734375 0.015625 0.01953125
0 0.4765625 0.5625 0.015625 0.01953125
0 0.48125 0.5390625 0.015625 0.01953125
0 0.490625 0.529296875 0.015625 0.01953125
0 0.3578125 0.412109375 0.015625 0.01953125
0 0.3828125 0.37109375 0.015625 0.01953125
0 0.39375 0.44140625 0.015625 0.01953125
0 0.265625 0.15234375 0.015625 0.01953125
0 0.284375 0.15625 0.015625 0.01953125
0 0.353125 0.19921875 0.015625 0.01953125
0 0.3921875 0.07421875 0.015625 0.01953125
0 0.50625 0.1328125 0.015625 0.01953125
0 0.475 0.234375 0.015625 0.01953125
0 0.49375 0.1484375 0.015625 0.01953125
0 0.7703125 0.0234375 0.015625 0.01953125
0 0.7984375 0.03125 0.015625 0.01953125
0 0.775 0.0 0.015625 0.01953125
0 0.9296875 0.251953125 0.015625 0.01953125
0 0.946875 0.26953125 0.015625 0.01953125
0 0.9453125 0.328125 0.015625 0.01953125
0 0.946875 0.3515625 0.015625 0.01953125
0 0.9625 0.451171875 0.015625 0.01953125
0 0.9703125 0.482421875 0.015625 0.01953125
0 0.71875 0.57421875 0.015625 0.01953125
0 0.709375 0.546875 0.015625 0.01953125
0 0.775 0.564453125 0.015625 0.01953125
0 0.7328125 0.51953125 0.015625 0.01953125
