0 0.225 0.46875 0.015625 0.01953125
0 0.2421875 0.4609375 0.015625 0.01953125
0 0.2640625 0.466796875 0.015625 0.01953125
0 0.03125 0.55078125 0.015625 0.01953125
0 0.034375 0.650390625 0.015625 0.01953125
0 0.0453125 0.681640625 0.015625 0.01953125
0 0.034375 0.771484375 0.015625 0.01953125
0 0.0078125 0.73046875 0.015625 0.01953125
0 0.0109375 0.896484375 0.015625 0.01953125
0 0.028125 0.87890625 0.015625 0.01953125
0 0.3609375 0.68359375 0.015625 0.01953125
0 0.328125 0.732421875 0.015625 0.01953125
0 0.2921875 0.732421875 0.015625 0.01953125
0 0.3546875 0.8984375 0.015625 0.01953125
0 0.021875 0.015625 0.015625 0.01953125
0 0.05 0.021484375 0.015625 0.01953125
0 0.14375 0.078125 0.015625 0.01953125
0 0.3046875 0.025390625 0.015625 0.01953125
0 0.146875 0.171875 0.015625 0.01953125
0 0.13125 0.197265625 0.015625 0.01953125
0 0.171875 0.24609375 0.015625 0.01953125
0 0.153125 0.25390625 0.015625 0.01953125
0 0.1359375 0.26171875 0.015625 0.01953125
0 0.1109375 0.26171875 0.015625 0.01953125
0 0.1296875 0.322265625 0.015625 0.01953125
0 0.0765625 0.310546875 0.015625 0.01953125
0 0.06875 0.263671875 0.015625 0.01953125
0 0.0890625 0.26953125 0.015625 0.01953125
0 0.0078125 0.287109375 0.015625 0.01953125
0 0.0046875 0.3515625 0.015625 0.01953125
0 0.0296875 0.35546875 0.015625 0.01953125
0 0.0546875 0.4140625 0.015625 0.01953125
0 0.0796875 0.435546875 0.015625 0.01953125
0 0.0375 0.462890625 0.015625 0.01953125
0 0.6203125 0.17578125 0.015625 0.01953125
0 0.6265625 0.2109375 0.015625 0.01953125
0 0.503125 0.373046875 0.015625 0.01953125
0 0.509375 0.41015625 0.015625 0.01953125
0 0.421875 0.359375 0.015625 0.01953125
0 0.425 0.470703125 0.015625 0.01953125
0 0.61875 0.51953125 0.015625 0.01953125
0 0.58125 0.63671875 0.015625 0.01953125
0 0.565625 0.6484375 0.015625 0.01953125
0 0.5390625 0.615234375 0.015625 0.01953125
0 0.696875 0.76171875 0.015625 0.01953125
0 0.678125 0.78515625 0.015625 0.01953125
0 0.721875 0.7421875 0.015625 0.01953125
0 0.71875 0.859375 0.015625 0.01953125
0 0.8078125 0.8046875 0.015625 0.01953125
0 0.653125 0.951171875 0.015625 0.01953125
0 0.9640625 0.712890625 0.015625 0.01953125
0 0.95 0.59765625 0.015625 0.01953125
0 0.95 0.57421875 0.015625 0.01953125
0 0.925 0.525390625 0.015625 0.01953125
0 0.7734375 0.228515625 0.015625 0.01953125
0 0.771875 0.263671875 0.015625 0.01953125
0 0.803125 0.263671875 0.015625 0.01953125
0 0.659375 0.0703125 0.015625 0.01953125
0 0.678125 0.064453125 0.015625 0.01953125
0 0.6890625 0.05078125 0.015625 0.01953125
0 0.434375 0.76953125 0.015625 0.01953125
0 0.4625 0.77734375 0.015625 0.01953125
0 0.4828125 0.76953125 0.015625 0.01953125
0 0.4953125 0.7578125 0.015625 0.01953125
0 0.9515625 0.0546875 0.015625 0.01953125
0 0.8984375 0.134765625 0.015625 0.01953125
0 0.953125 0.203125 0.015625 0.01953125
