0 0.3734375 0.546875 0.015625 0.01953125
0 0.2578125 0.7109375 0.015625 0.01953125
0 0.228125 0.76171875 0.015625 0.01953125
0 0.1453125 0.69140625 0.015625 0.01953125
0 0.121875 0.57421875 0.015625 0.01953125
0 0.109375 0.568359375 0.015625 0.01953125
0 0.09375 0.58984375 0.015625 0.01953125
0 0.0046875 0.45703125 0.015625 0.01953125
0 0.01875 0.373046875 0.015625 0.01953125
0 0.0671875 0.283203125 0.015625 0.01953125
0 0.0796875 0.255859375 0.015625 0.01953125
0 0.0171875 0.22265625 0.015625 0.01953125
0 0.1140625 0.130859375 0.015625 0.01953125
0 0.1421875 0.15234375 0.015625 0.01953125
0 0.4421875 0.076171875 0.015625 0.01953125
0 0.5140625 0.220703125 0.015625 0.01953125
0 0.515625 0.25 0.015625 0.01953125
0 0.340625 0.4296875 0.015625 0.01953125
0 0.390625 0.427734375 0.015625 0.01953125
0 0.3984375 0.4453125 0.015625 0.01953125
0 0.3296875 0.822265625 0.015625 0.01953125
0 0.3515625 0.796875 0.015625 0.01953125
0 0.3765625 0.8125 0.015625 0.01953125
0 0.2546875 0.9375 0.015625 0.01953125
0 0.559375 0.82421875 0.015625 0.01953125
0 0.678125 0.849609375 0.015625 0.01953125
0 0.6875 0.87890625 0.015625 0.01953125
0 0.58125 0.79296875 0.015625 0.01953125
0 0.609375 0.798828125 0.015625 0.01953125
0 0.6375 0.6640625 0.015625 0.01953125
0 0.4640625 0.6171875 0.015625 0.01953125
0 0.4484375 0.5859375 0.015625 0.01953125
0 0.665625 0.283203125 0.015625 0.01953125
0 0.6609375 0.306640625 0.015625 0.01953125
0 0.7078125 0.306640625 0.015625 0.01953125
0 0.7921875 0.5546875 0.015625 0.01953125
0 0.853125 0.61328125 0.015625 0.01953125
0 0.8421875 0.640625 0.015625 0.01953125
0 0.9015625 0.734375 0.015625 0.01953125
0 0.9046875 0.755859375 0.015625 0.01953125
0 0.871875 0.7421875 0.015625 0.01953125
0 0.8671875 0.767578125 0.015625 0.01953125
0 0.89375 0.169921875 0.015625 0.01953125
0 0.8453125 0.15625 0.015625 0.01953125
0 0.84375 0.1015625 0.015625 0.01953125
0 0.98125 0.978515625 0.015625 0.01953125
0 0.953125 0.984375 0.015625 0.01953125
0 0.596875 0.904296875 0.015625 0.01953125
0 0.5859375 0.09375 0.015625 0.01953125
0 0.58125 0.111328125 0.015625 0.01953125
0 0.55 0.10546875 0.015625 0.01953125
