0 0.1125 0.83203125 0.015625 0.01953125
0 0.1609375 0.80078125 0.015625 0.01953125
0 0.2296875 0.845703125 0.015625 0.01953125
0 0.2875 0.83203125 0.015625 0.01953125
0 0.2796875 0.763671875 0.015625 0.01953125
0 0.18125 0.853515625 0.015625 0.01953125
0 0.40625 0.62109375 0.015625 0.01953125
0 0.4046875 0.650390625 0.015625 0.01953125
0 0.3234375 0.564453125 0.015625 0.01953125
0 0.465625 0.7578125 0.015625 0.01953125
0 0.4171875 0.76953125 0.015625 0.01953125
0 0.0875 0.236328125 0.015625 0.01953125
0 0.0828125 0.265625 0.015625 0.01953125
0 0.1265625 0.12109375 0.015625 0.01953125
0 0.021875 0.126953125 0.015625 0.01953125
0 0.146875 0.107421875 0.015625 0.01953125
0 0.409375 0.115234375 0.015625 0.01953125
0 0.7078125 0.046875 0.015625 0.01953125
0 0.7625 0.041015625 0.015625 0.01953125
0 0.8046875 0.048828125 0.015625 0.01953125
0 0.840625 0.044921875 0.015625 0.01953125
0 0.940625 0.04296875 0.015625 0.01953125
0 0.88125 0.046875 0.015625 0.01953125
0 0.9078125 0.046875 0.015625 0.01953125
0 0.23125 0.29296875 0.015625 0.01953125
0 0.2171875 0.31640625 0.015625 0.01953125
0 0.24375 0.34375 0.015625 0.01953125
0 0.2625 0.322265625 0.015625 0.01953125
0 0.70625 0.642578125 0.015625 0.01953125
0 0.7078125 0.673828125 0.015625 0.01953125
0 0.7328125 0.6875 0.015625 0.01953125
0 0.7953125 0.68359375 0.015625 0.01953125
0 0.825 0.6953125 0.015625 0.01953125
0 0.8609375 0.697265625 0.015625 0.01953125
0 0.8875 0.6953125 0.015625 0.01953125
0 0.9234375 0.697265625 0.015625 0.01953125
0 0.9609375 0.703125 0.015625 0.01953125
0 0.953125 0.763671875 0.015625 0.01953125
0 0.9046875 0.75390625 0.015625 0.01953125
0 0.9421875 0.8203125 0.015625 0.01953125
0 0.8640625 0.8046875 0.015625 0.01953125
0 0.8140625 0.818359375 0.015625 0.01953125
0 0.7109375 0.798828125 0.015625 0.01953125
0 0.665625 0.736328125 0.015625 0.01953125
0 0.709375 0.73828125 0.015625 0.01953125
0 0.75625 0.74609375 0.015625 0.01953125
0 0.796875 0.75390625 0.015625 0.01953125
0 0.753125 0.80078125 0.015625 0.01953125
0 0.678125 0.9140625 0.015625 0.01953125
0 0.609375 0.681640625 0.015625 0.01953125
0 0.640625 0.66796875 0.015625 0.01953125
0 0.940625 0.57421875 0.015625 0.01953125
0 0.934375 0.478515625 0.015625 0.01953125
0 0.0171875 0.53125 0.015625 0.01953125
0 0.015625 0.552734375 0.015625 0.01953125
