0 0.4671875 0.572265625 0.015625 0.01953125
0 0.4734375 0.484375 0.015625 0.01953125
0 0.540625 0.392578125 0.015625 0.01953125
0 0.5453125 0.458984375 0.015625 0.01953125
0 0.54375 0.51953125 0.015625 0.01953125
0 0.5453125 0.576171875 0.015625 0.01953125
0 0.5390625 0.662109375 0.015625 0.01953125
0 0.5296875 0.6875 0.015625 0.01953125
0 0.496875 0.720703125 0.015625 0.01953125
0 0.459375 0.697265625 0.015625 0.01953125
0 0.434375 0.705078125 0.015625 0.01953125
0 0.3953125 0.705078125 0.015625 0.01953125
0 0.3578125 0.705078125 0.015625 0.01953125
0 0.3109375 0.705078125 0.015625 0.01953125
0 0.2734375 0.701171875 0.015625 0.01953125
0 0.23125 0.650390625 0.015625 0.01953125
0 0.2390625 0.6875 0.015625 0.01953125
0 0.2109375 0.6328125 0.015625 0.01953125
0 0.14375 0.6953125 0.015625 0.01953125
0 0.1609375 0.72265625 0.015625 0.01953125
0 0.1953125 0.736328125 0.015625 0.01953125
0 0.2390625 0.744140625 0.015625 0.01953125
0 0.3015625 0.75390625 0.015625 0.01953125
0 0.3265625 0.76171875 0.015625 0.01953125
0 0.35625 0.763671875 0.015625 0.01953125
0 0.4 0.76171875 0.015625 0.01953125
0 0.4359375 0.76171875 0.015625 0.01953125
0 0.478125 0.765625 0.015625 0.01953125
0 0.5390625 0.79296875 0.015625 0.01953125
0 0.58125 0.626953125 0.015625 0.01953125
0 0.5796875 0.4921875 0.015625 0.01953125
0 0.584375 0.552734375 0.015625 0.01953125
0 0.5828125 0.587890625 0.015625 0.01953125
0 0.5828125 0.39453125 0.015625 0.01953125
0 0.5828125 0.357421875 0.015625 0.01953125
0 0.2390625 0.046875 0.015625 0.01953125
0 0.28125 0.05078125 0.015625 0.01953125
0 0.3234375 0.0546875 0.015625 0.01953125
0 0.3671875 0.05078125 0.015625 0.01953125
0 0.4078125 0.04296875 0.015625 0.01953125
0 0.4703125 0.041015625 0.015625 0.01953125
0 0.515625 0.05078125 0.015625 0.01953125
0 0.25 0.005859375 0.015625 0.01953125
0 0.290625 0.005859375 0.015625 0.01953125
0 0.3296875 0.0 0.015625 0.01953125
0 0.3890625 0.0078125 0.015625 0.01953125
0 0.4296875 0.00390625 0.015625 0.01953125
0 0.484375 0.001953125 0.015625 0.01953125
0 0.5453125 0.0 0.015625 0.01953125
0 0.5828125 0.046875 0.015625 0.01953125
0 0.5796875 0.125 0.015625 0.01953125
0 0.5828125 0.171875 0.015625 0.01953125
0 0.5828125 0.21484375 0.015625 0.01953125
0 0.5859375 0.26953125 0.015625 0.01953125
0 0.540625 0.171875 0.015625 0.01953125
0 0.546875 0.119140625 0.015625 0.01953125
0 0.5453125 0.23046875 0.015625 0.01953125
0 0.715625 0.080078125 0.015625 0.01953125
0 0.7453125 0.107421875 0.015625 0.01953125
0 0.625 0.16015625 0.015625 0.01953125
0 0.640625 0.208984375 0.015625 0.01953125
0 0.6328125 0.34765625 0.015625 0.01953125
0 0.6390625 0.51171875 0.015625 0.01953125
0 0.6296875 0.55078125 0.015625 0.01953125
0 0.6328125 0.6640625 0.015625 0.01953125
0 0.628125 0.771484375 0.015625 0.01953125
0 0.54375 0.76953125 0.015625 0.01953125
0 0.525 0.8359375 0.015625 0.01953125
0 0.475 0.828125 0.015625 0.01953125
0 0.4015625 0.830078125 0.015625 0.01953125
0 0.3359375 0.830078125 0.015625 0.01953125
0 0.2890625 0.822265625 0.015625 0.01953125
0 0.24375 0.818359375 0.015625 0.01953125
0 0.153125 0.875 0.015625 0.01953125
0 0.103125 0.990234375 0.015625 0.01953125
0 0.8984375 0.50390625 0.015625 0.01953125
0 0.7421875 0.66796875 0.015625 0.01953125
0 0.7296875 0.81640625 0.015625 0.01953125
0 0.8171875 0.8828125 0.015625 0.01953125
0 0.7234375 0.7890625 0.015625 0.01953125
0 0.965625 0.39453125 0.015625 0.01953125
0 0.934375 0.369140625 0.015625 0.01953125
0 0.9359375 0.392578125 0.015625 0.01953125
0 0.9296875 0.306640625 0.015625 0.01953125
0 0.99375 0.23828125 0.015625 0.01953125
0 0.9484375 0.103515625 0.015625 0.01953125
0 0.8375 0.25 0.015625 0.01953125
0 0.7640625 0.203125 0.015625 0.01953125
0 0.8109375 0.14453125 0.015625 0.01953125
0 0.7265625 0.1953125 0.015625 0.01953125
0 0.725 0.23828125 0.015625 0.01953125
0 0.75 0.021484375 0.015625 0.01953125
0 0.803125 0.009765625 0.015625 0.01953125
0 0.678125 0.056640625 0.015625 0.01953125
0 0.628125 0.05078125 0.015625 0.01953125
0 0.63125 0.111328125 0.015625 0.01953125
0 0.996875 0.052734375 0.015625 0.01953125
