0 0.05625 0.69921875 0.015625 0.01953125
0 0.1203125 0.748046875 0.015625 0.01953125
0 0.159375 0.759765625 0.015625 0.01953125
0 0.2078125 0.76171875 0.015625 0.01953125
0 0.253125 0.759765625 0.015625 0.01953125
0 0.325 0.765625 0.015625 0.01953125
0 0.3578125 0.76171875 0.015625 0.01953125
0 0.4109375 0.76171875 0.015625 0.01953125
0 0.4125 0.71484375 0.015625 0.01953125
0 0.171875 0.8125 0.015625 0.01953125
0 0.2046875 0.802734375 0.015625 0.01953125
0 0.26875 0.828125 0.015625 0.01953125
0 0.3234375 0.826171875 0.015625 0.01953125
0 0.3984375 0.83203125 0.015625 0.01953125
0 0.4484375 0.802734375 0.015625 0.01953125
0 0.4734375 0.83203125 0.015625 0.01953125
0 0.534375 0.8203125 0.015625 0.01953125
0 0.6921875 0.888671875 0.015625 0.01953125
0 0.5921875 0.845703125 0.015625 0.01953125
0 0.6078125 0.8671875 0.015625 0.01953125
0 0.609375 0.81640625 0.015625 0.01953125
0 0.6265625 0.740234375 0.015625 0.01953125
0 0.5375 0.748046875 0.015625 0.01953125
0 0.5390625 0.708984375 0.015625 0.01953125
0 0.54375 0.646484375 0.015625 0.01953125
0 0.5375 0.533203125 0.015625 0.01953125
0 0.540625 0.5 0.015625 0.01953125
0 0.4921875 0.46484375 0.015625 0.01953125
0 0.496875 0.537109375 0.015625 0.01953125
0 0.496875 0.609375 0.015625 0.01953125
0 0.5 0.697265625 0.015625 0.01953125
0 0.453125 0.6328125 0.015625 0.01953125
0 0.4484375 0.671875 0.015625 0.01953125
0 0.4484375 0.5546875 0.015625 0.01953125
0 0.4515625 0.505859375 0.015625 0.01953125
0 0.45625 0.453125 0.015625 0.01953125
0 0.4375 0.380859375 0.015625 0.01953125
0 0.490625 0.251953125 0.015625 0.01953125
0 0.4953125 0.19140625 0.015625 0.01953125
0 0.484375 0.1484375 0.015625 0.01953125
0 0.490625 0.09375 0.015625 0.01953125
0 0.453125 0.1015625 0.015625 0.01953125
0 0.4515625 0.15625 0.015625 0.01953125
0 0.375 0.044921875 0.015625 0.01953125
0 0.2703125 0.048828125 0.015625 0.01953125
0 0.234375 0.052734375 0.015625 0.01953125
0 0.2875 0.005859375 0.015625 0.01953125
0 0.328125 0.00390625 0.015625 0.01953125
0 0.44375 0.001953125 0.015625 0.01953125
0 0.4953125 0.015625 0.015625 0.01953125
0 0.5375 0.021484375 0.015625 0.01953125
0 0.528125 0.07421875 0.015625 0.01953125
0 0.5328125 0.123046875 0.015625 0.01953125
0 0.5328125 0.203125 0.015625 0.01953125
0 0.5328125 0.23828125 0.015625 0.01953125
0 0.54375 0.310546875 0.015625 0.01953125
0 0.5 0.318359375 0.015625 0.01953125
0 0.5 0.375 0.015625 0.01953125
0 0.6765625 0.208984375 0.015625 0.01953125
0 0.6140625 0.224609375 0.015625 0.01953125
0 0.615625 0.18359375 0.015625 0.01953125
0 0.6 0.126953125 0.015625 0.01953125
0 0.6171875 0.072265625 0.015625 0.01953125
0 0.653125 0.1015625 0.015625 0.01953125
0 0.7125 0.1484375 0.015625 0.01953125
0 0.7296875 0.24609375 0.015625 0.01953125
0 0.8609375 0.10546875 0.015625 0.01953125
0 0.9171875 0.046875 0.015625 0.01953125
0 0.9609375 0.091796875 0.015625 0.01953125
0 0.9125 0.232421875 0.015625 0.01953125
0 0.8375 0.306640625 0.015625 0.01953125
0 0.840625 0.36328125 0.015625 0.01953125
0 0.85 0.39453125 0.015625 0.01953125
0 0.875 0.39453125 0.015625 0.01953125
0 0.8140625 0.501953125 0.015625 0.01953125
0 0.90625 0.705078125 0.015625 0.01953125
0 0.0265625 0.84765625 0.015625 0.01953125
0 0.0421875 0.98828125 0.015625 0.01953125
0 0.1625 0.69140625 0.015625 0.01953125
0 0.1953125 0.69921875 0.015625 0.01953125
0 0.2453125 0.701171875 0.015625 0.01953125
0 0.2734375 0.701171875 0.015625 0.01953125
0 0.346875 0.703125 0.015625 0.01953125
0 0.3140625 0.70703125 0.015625 0.01953125
0 0.3875 0.7109375 0.015625 0.01953125
0 0.1390625 0.662109375 0.015625 0.01953125
0 0.121875 0.642578125 0.015625 0.01953125
0 0.0765625 0.771484375 0.015625 0.01953125
0 0.3765625 0.5703125 0.015625 0.01953125
0 0.38125 0.478515625 0.015625 0.01953125
0 0.2359375 0.0 0.015625 0.01953125
0 0.2046875 0.013671875 0.015625 0.01953125
0 0.1484375 0.009765625 0.015625 0.01953125
0 0.1125 0.0078125 0.015625 0.01953125
0 0.146875 0.060546875 0.015625 0.01953125
0 0.1890625 0.0546875 0.015625 0.01953125
0 0.3109375 0.052734375 0.015625 0.01953125
0 0.340625 0.056640625 0.015625 0.01953125
0 0.40625 0.0546875 0.015625 0.01953125
