0 0.028125 0.712890625 0.015625 0.01953125
0 0.0859375 0.7109375 0.015625 0.01953125
0 0.1234375 0.708984375 0.015625 0.01953125
0 0.1546875 0.71875 0.015625 0.01953125
0 0.184375 0.71875 0.015625 0.01953125
0 0.2609375 0.728515625 0.015625 0.01953125
0 0.28125 0.67578125 0.015625 0.01953125
0 0.278125 0.6328125 0.015625 0.01953125
0 0.28125 0.560546875 0.015625 0.01953125
0 0.2984375 0.513671875 0.015625 0.01953125
0 0.28125 0.447265625 0.015625 0.01953125
0 0.2828125 0.392578125 0.015625 0.01953125
0 0.2234375 0.482421875 0.015625 0.01953125
0 0.209375 0.572265625 0.015625 0.01953125
0 0.375 0.5234375 0.015625 0.01953125
0 0.3359375 0.537109375 0.015625 0.01953125
0 0.3296875 0.474609375 0.015625 0.01953125
0 0.3265625 0.37109375 0.015625 0.01953125
0 0.3234375 0.32421875 0.015625 0.01953125
0 0.3265625 0.25 0.015625 0.01953125
0 0.3234375 0.189453125 0.015625 0.01953125
0 0.328125 0.138671875 0.015625 0.01953125
0 0.2828125 0.208984375 0.015625 0.01953125
0 0.2828125 0.16015625 0.015625 0.01953125
0 0.2859375 0.11328125 0.015625 0.01953125
0 0.253125 0.078125 0.015625 0.01953125
0 0.20625 0.07421875 0.015625 0.01953125
0 0.1203125 0.076171875 0.015625 0.01953125
0 0.0734375 0.068359375 0.015625 0.01953125
0 0.1515625 0.068359375 0.015625 0.01953125
0 0.1765625 0.0703125 0.015625 0.01953125
0 0.0421875 0.02734375 0.015625 0.01953125
0 0.084375 0.021484375 0.015625 0.01953125
0 0.1203125 0.015625 0.015625 0.01953125
0 0.1640625 0.015625 0.015625 0.01953125
0 0.21875 0.0234375 0.015625 0.01953125
0 0.265625 0.02734375 0.015625 0.01953125
0 0.3203125 0.025390625 0.015625 0.01953125
0 0.3671875 0.0234375 0.015625 0.01953125
0 0.4703125 0.087890625 0.015625 0.01953125
0 0.365625 0.080078125 0.015625 0.01953125
0 0.3671875 0.12890625 0.015625 0.01953125
0 0.3203125 0.111328125 0.015625 0.01953125
0 0.365625 0.197265625 0.015625 0.01953125
0 0.3640625 0.25 0.015625 0.01953125
0 0.36875 0.3125 0.015625 0.01953125
0 0.3765625 0.484375 0.015625 0.01953125
0 0.3796875 0.568359375 0.015625 0.01953125
0 0.3796875 0.62890625 0.015625 0.01953125
0 0.378125 0.712890625 0.015625 0.01953125
0 0.371875 0.74609375 0.015625 0.01953125
0 0.0171875 0.765625 0.015625 0.01953125
0 0.059375 0.765625 0.015625 0.01953125
0 0.0984375 0.765625 0.015625 0.01953125
0 0.1375 0.7734375 0.015625 0.01953125
0 0.1640625 0.771484375 0.015625 0.01953125
0 0.20625 0.76953125 0.015625 0.01953125
0 0.0296875 0.818359375 0.015625 0.01953125
0 0.0515625 0.814453125 0.015625 0.01953125
0 0.109375 0.83203125 0.015625 0.01953125
0 0.175 0.8359375 0.015625 0.01953125
0 0.253125 0.849609375 0.015625 0.01953125
0 0.25625 0.78125 0.015625 0.01953125
0 0.2921875 0.822265625 0.015625 0.01953125
0 0.3140625 0.8359375 0.015625 0.01953125
0 0.3171875 0.779296875 0.015625 0.01953125
0 0.325 0.609375 0.015625 0.01953125
0 0.3296875 0.703125 0.015625 0.01953125
0 0.3828125 0.802734375 0.015625 0.01953125
0 0.3890625 0.90625 0.015625 0.01953125
0 0.384375 0.875 0.015625 0.01953125
0 0.425 0.810546875 0.015625 0.01953125
0 0.4953125 0.92578125 0.015625 0.01953125
0 0.403125 0.85546875 0.015625 0.01953125
0 0.65 0.513671875 0.015625 0.01953125
0 0.4359375 0.251953125 0.015625 0.01953125
0 0.4734375 0.259765625 0.015625 0.01953125
0 0.53125 0.259765625 0.015625 0.01953125
0 0.515625 0.21484375 0.015625 0.01953125
0 0.4609375 0.126953125 0.015625 0.01953125
0 0.553125 0.15625 0.015625 0.01953125
0 0.46875 0.00390625 0.015625 0.01953125
0 0.54375 0.01953125 0.015625 0.01953125
0 0.4796875 0.00390625 0.015625 0.01953125
0 0.703125 0.1171875 0.015625 0.01953125
0 0.75625 0.048828125 0.015625 0.01953125
0 0.7515625 0.134765625 0.015625 0.01953125
0 0.7484375 0.248046875 0.015625 0.01953125
0 0.6796875 0.318359375 0.015625 0.01953125
0 0.6859375 0.380859375 0.015625 0.01953125
0 0.709375 0.41015625 0.015625 0.01953125
0 0.7515625 0.728515625 0.015625 0.01953125
0 0.928125 0.640625 0.015625 0.01953125
0 0.878125 0.265625 0.015625 0.01953125
0 0.984375 0.197265625 0.015625 0.01953125
0 0.9421875 0.728515625 0.015625 0.01953125
0 0.7953125 0.705078125 0.015625 0.01953125
0 0.36875 0.400390625 0.015625 0.01953125
