0 0.0984375 0.6171875 0.015625 0.01953125
0 0.15 0.623046875 0.015625 0.01953125
0 0.225 0.623046875 0.015625 0.01953125
0 0.3046875 0.68359375 0.015625 0.01953125
0 0.4265625 0.71875 0.015625 0.01953125
0 0.35 0.63671875 0.015625 0.01953125
0 0.25625 0.587890625 0.015625 0.01953125
0 0.23125 0.5546875 0.015625 0.01953125
0 0.18125 0.552734375 0.015625 0.01953125
0 0.1375 0.552734375 0.015625 0.01953125
0 0.0765625 0.55859375 0.015625 0.01953125
0 0.0265625 0.59375 0.015625 0.01953125
0 0.05625 0.49609375 0.015625 0.01953125
0 0.090625 0.486328125 0.015625 0.01953125
0 0.153125 0.5 0.015625 0.01953125
0 0.1265625 0.49609375 0.015625 0.01953125
0 0.234375 0.48828125 0.015625 0.01953125
0 0.2125 0.498046875 0.015625 0.01953125
0 0.2546875 0.44921875 0.015625 0.01953125
0 0.253125 0.400390625 0.015625 0.01953125
0 0.1796875 0.35546875 0.015625 0.01953125
0 0.178125 0.265625 0.015625 0.01953125
0 0.253125 0.166015625 0.015625 0.01953125
0 0.253125 0.22265625 0.015625 0.01953125
0 0.2546875 0.28515625 0.015625 0.01953125
0 0.246875 0.333984375 0.015625 0.01953125
0 0.3046875 0.03125 0.015625 0.01953125
0 0.3359375 0.013671875 0.015625 0.01953125
0 0.3390625 0.087890625 0.015625 0.01953125
0 0.340625 0.166015625 0.015625 0.01953125
0 0.3359375 0.2578125 0.015625 0.01953125
0 0.34375 0.2890625 0.015625 0.01953125
0 0.346875 0.333984375 0.015625 0.01953125
0 0.340625 0.396484375 0.015625 0.01953125
0 0.34375 0.48046875 0.015625 0.01953125
0 0.3359375 0.521484375 0.015625 0.01953125
0 0.29375 0.560546875 0.015625 0.01953125
0 0.2875 0.61328125 0.015625 0.01953125
0 0.33125 0.671875 0.015625 0.01953125
0 0.3109375 0.705078125 0.015625 0.01953125
0 0.4328125 0.8671875 0.015625 0.01953125
0 0.4875 0.828125 0.015625 0.01953125
0 0.484375 0.892578125 0.015625 0.01953125
0 0.6515625 0.861328125 0.015625 0.01953125
0 0.6890625 0.83984375 0.015625 0.01953125
0 0.70625 0.8359375 0.015625 0.01953125
0 0.721875 0.466796875 0.015625 0.01953125
0 0.7953125 0.9765625 0.015625 0.01953125
0 0.8421875 0.916015625 0.015625 0.01953125
0 0.89375 0.984375 0.015625 0.01953125
0 0.971875 0.943359375 0.015625 0.01953125
0 0.9109375 0.505859375 0.015625 0.01953125
0 0.8953125 0.421875 0.015625 0.01953125
0 0.990625 0.478515625 0.015625 0.01953125
0 0.615625 0.2890625 0.015625 0.01953125
0 0.678125 0.19140625 0.015625 0.01953125
0 0.659375 0.181640625 0.015625 0.01953125
0 0.6453125 0.15625 0.015625 0.01953125
0 0.6453125 0.099609375 0.015625 0.01953125
0 0.6890625 0.015625 0.015625 0.01953125
0 0.4 0.087890625 0.015625 0.01953125
0 0.4984375 0.044921875 0.015625 0.01953125
0 0.29375 0.466796875 0.015625 0.01953125
0 0.2953125 0.4296875 0.015625 0.01953125
0 0.2921875 0.375 0.015625 0.01953125
0 0.2890625 0.23828125 0.015625 0.01953125
0 0.29375 0.09375 0.015625 0.01953125
0 0.296875 0.14453125 0.015625 0.01953125
0 0.2953125 0.310546875 0.015625 0.01953125
0 0.8421875 0.05078125 0.015625 0.01953125
0 0.0046875 0.833984375 0.015625 0.01953125
