0 0.0328125 0.193359375 0.015625 0.01953125
0 0.0984375 0.203125 0.015625 0.01953125
0 0.15 0.197265625 0.015625 0.01953125
0 0.23125 0.201171875 0.015625 0.01953125
0 0.2453125 0.169921875 0.015625 0.01953125
0 0.23125 0.134765625 0.015625 0.01953125
0 0.1796875 0.142578125 0.015625 0.01953125
0 0.1515625 0.142578125 0.015625 0.01953125
0 0.115625 0.14453125 0.015625 0.01953125
0 0.075 0.140625 0.015625 0.01953125
0 0.040625 0.1484375 0.015625 0.01953125
0 0.0625 0.083984375 0.015625 0.01953125
0 0.0984375 0.08203125 0.015625 0.01953125
0 0.1234375 0.0859375 0.015625 0.01953125
0 0.1703125 0.087890625 0.015625 0.01953125
0 0.2203125 0.091796875 0.015625 0.01953125
0 0.2390625 0.060546875 0.015625 0.01953125
0 0.240625 0.021484375 0.015625 0.01953125
0 0.2734375 0.234375 0.015625 0.01953125
0 0.2609375 0.26171875 0.015625 0.01953125
0 0.2453125 0.28515625 0.015625 0.01953125
0 0.2890625 0.19921875 0.015625 0.01953125
0 0.284375 0.119140625 0.015625 0.01953125
0 0.33125 0.08203125 0.015625 0.01953125
0 0.328125 0.037109375 0.015625 0.01953125
0 0.33125 0.138671875 0.015625 0.01953125
0 0.446875 0.435546875 0.015625 0.01953125
0 0.384375 0.31640625 0.015625 0.01953125
0 0.4875 0.4140625 0.015625 0.01953125
0 0.4671875 0.4765625 0.015625 0.01953125
0 0.1265625 0.52734375 0.015625 0.01953125
0 0.0875 0.697265625 0.015625 0.01953125
0 0.109375 0.650390625 0.015625 0.01953125
0 0.134375 0.720703125 0.015625 0.01953125
0 0.1125 0.724609375 0.015625 0.01953125
0 0.134375 0.693359375 0.015625 0.01953125
0 0.13125 0.865234375 0.015625 0.01953125
0 0.309375 0.779296875 0.015625 0.01953125
0 0.3734375 0.703125 0.015625 0.01953125
0 0.403125 0.58984375 0.015625 0.01953125
0 0.51875 0.794921875 0.015625 0.01953125
0 0.40625 0.60546875 0.015625 0.01953125
0 0.6 0.458984375 0.015625 0.01953125
0 0.696875 0.396484375 0.015625 0.01953125
0 0.7125 0.033203125 0.015625 0.01953125
0 0.753125 0.0703125 0.015625 0.01953125
0 0.85625 0.017578125 0.015625 0.01953125
0 0.8890625 0.09765625 0.015625 0.01953125
0 0.96875 0.06640625 0.015625 0.01953125
0 0.984375 0.087890625 0.015625 0.01953125
0 0.9703125 0.349609375 0.015625 0.01953125
0 0.959375 0.52734375 0.015625 0.01953125
0 0.8265625 0.48828125 0.015625 0.01953125
0 0.778125 0.5625 0.015625 0.01953125
0 0.7765625 0.62109375 0.015625 0.01953125
0 0.8203125 0.626953125 0.015625 0.01953125
0 0.8828125 0.5703125 0.015625 0.01953125
0 0.95 0.626953125 0.015625 0.01953125
0 0.9453125 0.69140625 0.015625 0.01953125
0 0.9375 0.76953125 0.015625 0.01953125
0 0.953125 0.845703125 0.015625 0.01953125
0 0.9359375 0.91015625 0.015625 0.01953125
0 0.95 0.974609375 0.015625 0.01953125
0 0.89375 0.9140625 0.015625 0.01953125
0 0.86875 0.828125 0.015625 0.01953125
0 0.871875 0.794921875 0.015625 0.01953125
0 0.7765625 0.828125 0.015625 0.01953125
0 0.759375 0.74609375 0.015625 0.01953125
0 0.7796875 0.677734375 0.015625 0.01953125
0 0.8140625 0.689453125 0.015625 0.01953125
