0 0.1015625 0.873046875 0.015625 0.01953125
0 0.115625 0.904296875 0.015625 0.01953125
0 0.0109375 0.8125 0.015625 0.01953125
0 0.146875 0.615234375 0.015625 0.01953125
0 0.1203125 0.470703125 0.015625 0.01953125
0 0.1421875 0.45703125 0.015625 0.01953125
0 0.14375 0.427734375 0.015625 0.01953125
0 0.1171875 0.384765625 0.015625 0.01953125
0 0.0984375 0.431640625 0.015625 0.01953125
0 0.15625 0.6171875 0.015625 0.01953125
0 0.2171875 0.361328125 0.015625 0.01953125
0 0.04375 0.044921875 0.015625 0.01953125
0 0.209375 0.046875 0.015625 0.01953125
0 0.2328125 0.046875 0.015625 0.01953125
0 0.2171875 0.037109375 0.015625 0.01953125
0 0.365625 0.080078125 0.015625 0.01953125
0 0.5171875 0.15625 0.015625 0.01953125
0 0.4859375 0.185546875 0.015625 0.01953125
0 0.4171875 0.341796875 0.015625 0.01953125
0 0.40625 0.3203125 0.015625 0.01953125
0 0.3703125 0.43359375 0.015625 0.01953125
0 0.3546875 0.43359375 0.015625 0.01953125
0 0.3578125 0.544921875 0.015625 0.01953125
0 0.328125 0.576171875 0.015625 0.01953125
0 0.6484375 0.1171875 0.015625 0.01953125
0 0.684375 0.12890625 0.015625 0.01953125
0 0.7796875 0.28515625 0.015625 0.01953125
0 0.7703125 0.353515625 0.015625 0.01953125
0 0.815625 0.3515625 0.015625 0.01953125
0 0.8109375 0.396484375 0.015625 0.01953125
0 0.784375 0.412109375 0.015625 0.01953125
0 0.7640625 0.46484375 0.015625 0.01953125
0 0.784375 0.552734375 0.015625 0.01953125
0 0.8640625 0.552734375 0.015625 0.01953125
0 0.875 0.53515625 0.015625 0.01953125
0 0.928125 0.4921875 0.015625 0.01953125
0 0.94375 0.412109375 0.015625 0.01953125
0 0.9421875 0.353515625 0.015625 0.01953125
0 0.871875 0.302734375 0.015625 0.01953125
0 0.8265625 0.22265625 0.015625 0.01953125
0 0.9140625 0.115234375 0.015625 0.01953125
0 0.9828125 0.12109375 0.015625 0.01953125
0 0.9625 0.259765625 0.015625 0.01953125
0 0.8953125 0.65234375 0.015625 0.01953125
0 0.9359375 0.64453125 0.015625 0.01953125
0 0.9515625 0.69921875 0.015625 0.01953125
0 0.9671875 0.734375 0.015625 0.01953125
0 0.9390625 0.953125 0.015625 0.01953125
0 0.90625 0.916015625 0.015625 0.01953125
0 0.9015625 0.900390625 0.015625 0.01953125
0 0.8921875 0.875 0.015625 0.01953125
0 0.8125 0.85546875 0.015625 0.01953125
0 0.753125 0.83984375 0.015625 0.01953125
0 0.7484375 0.86328125 0.015625 0.01953125
0 0.74375 0.88671875 0.015625 0.01953125
0 0.78125 0.896484375 0.015625 0.01953125
0 0.746875 0.92578125 0.015625 0.01953125
0 0.709375 0.966796875 0.015625 0.01953125
0 0.703125 0.943359375 0.015625 0.01953125
0 0.6703125 0.94921875 0.015625 0.01953125
0 0.4859375 0.970703125 0.015625 0.01953125
0 0.4875 0.9453125 0.015625 0.01953125
0 0.48125 0.92578125 0.015625 0.01953125
0 0.4671875 0.89453125 0.015625 0.01953125
0 0.4296875 0.96484375 0.015625 0.01953125
0 0.3921875 0.8984375 0.015625 0.01953125
0 0.3328125 0.95703125 0.015625 0.01953125
0 0.4796875 0.841796875 0.015625 0.01953125
0 0.578125 0.8359375 0.015625 0.01953125
0 0.6015625 0.830078125 0.015625 0.01953125
0 0.5734375 0.822265625 0.015625 0.01953125
0 0.6109375 0.751953125 0.015625 0.01953125
0 0.665625 0.75 0.015625 0.01953125
0 0.9515625 0.576171875 0.015625 0.01953125
0 0.99375 0.84375 0.015625 0.01953125
