0 0.246875 0.970703125 0.015625 0.01953125
0 0.3203125 0.93359375 0.015625 0.01953125
0 0.303125 0.970703125 0.015625 0.01953125
0 0.3359375 0.900390625 0.015625 0.01953125
0 0.3171875 0.853515625 0.015625 0.01953125
0 0.2453125 0.900390625 0.015625 0.01953125
0 0.15 0.958984375 0.015625 0.01953125
0 0.4 0.84375 0.015625 0.01953125
0 0.3859375 0.822265625 0.015625 0.01953125
0 0.3046875 0.75 0.015625 0.01953125
0 0.4375 0.7578125 0.015625 0.01953125
0 0.4859375 0.734375 0.015625 0.01953125
0 0.5234375 0.810546875 0.015625 0.01953125
0 0.5140625 0.8671875 0.015625 0.01953125
0 0.5234375 0.9296875 0.015625 0.01953125
0 0.5484375 0.978515625 0.015625 0.01953125
0 0.609375 0.94140625 0.015625 0.01953125
0 0.6296875 0.955078125 0.015625 0.01953125
0 0.5953125 0.90625 0.015625 0.01953125
0 0.6234375 0.90625 0.015625 0.01953125
0 0.5921875 0.875 0.015625 0.01953125
0 0.596875 0.853515625 0.015625 0.01953125
0 0.6671875 0.7109375 0.015625 0.01953125
0 0.665625 0.658203125 0.015625 0.01953125
0 0.61875 0.609375 0.015625 0.01953125
0 0.6 0.623046875 0.015625 0.01953125
0 0.5421875 0.556640625 0.015625 0.01953125
0 0.53125 0.47265625 0.015625 0.01953125
0 0.55 0.412109375 0.015625 0.01953125
0 0.578125 0.40234375 0.015625 0.01953125
0 0.59375 0.359375 0.015625 0.01953125
0 0.5359375 0.357421875 0.015625 0.01953125
0 0.5515625 0.287109375 0.015625 0.01953125
0 0.1265625 0.4453125 0.015625 0.01953125
0 0.01875 0.44140625 0.015625 0.01953125
0 0.1578125 0.54296875 0.015625 0.01953125
0 0.1734375 0.349609375 0.015625 0.01953125
0 0.175 0.33203125 0.015625 0.01953125
0 0.1109375 0.125 0.015625 0.01953125
0 0.2796875 0.181640625 0.015625 0.01953125
0 0.2984375 0.18359375 0.015625 0.01953125
0 0.44375 0.119140625 0.015625 0.01953125
0 0.446875 0.05859375 0.015625 0.01953125
0 0.6296875 0.150390625 0.015625 0.01953125
0 0.5921875 0.228515625 0.015625 0.01953125
0 0.7703125 0.166015625 0.015625 0.01953125
0 0.93125 0.068359375 0.015625 0.01953125
0 0.928125 0.15234375 0.015625 0.01953125
0 0.7328125 0.263671875 0.015625 0.01953125
0 0.64375 0.3046875 0.015625 0.01953125
0 0.7203125 0.357421875 0.015625 0.01953125
0 0.715625 0.427734375 0.015625 0.01953125
0 0.709375 0.501953125 0.015625 0.01953125
0 0.721875 0.576171875 0.015625 0.01953125
0 0.7078125 0.646484375 0.015625 0.01953125
0 0.7265625 0.705078125 0.015625 0.01953125
0 0.73125 0.88671875 0.015625 0.01953125
0 0.7453125 0.90625 0.015625 0.01953125
0 0.746875 0.921875 0.015625 0.01953125
0 0.790625 0.95703125 0.015625 0.01953125
0 0.85625 0.958984375 0.015625 0.01953125
0 0.8609375 0.986328125 0.015625 0.01953125
0 0.86875 0.931640625 0.015625 0.01953125
0 0.8453125 0.8828125 0.015625 0.01953125
0 0.934375 0.8984375 0.015625 0.01953125
0 0.9125 0.810546875 0.015625 0.01953125
0 0.915625 0.787109375 0.015625 0.01953125
0 0.9375 0.744140625 0.015625 0.01953125
0 0.9515625 0.69921875 0.015625 0.01953125
0 0.9796875 0.576171875 0.015625 0.01953125
0 0.95 0.521484375 0.015625 0.01953125
0 0.953125 0.46875 0.015625 0.01953125
0 0.9546875 0.40625 0.015625 0.01953125
0 0.9421875 0.361328125 0.015625 0.01953125
0 0.94375 0.244140625 0.015625 0.01953125
0 0.9609375 0.279296875 0.015625 0.01953125
0 0.9421875 0.279296875 0.015625 0.01953125
0 0.79375 0.36328125 0.015625 0.01953125
0 0.7890625 0.42578125 0.015625 0.01953125
0 0.7875 0.494140625 0.015625 0.01953125
0 0.79375 0.59375 0.015625 0.01953125
0 0.8078125 0.681640625 0.015625 0.01953125
0 0.85625 0.32421875 0.015625 0.01953125
0 0.8859375 0.515625 0.015625 0.01953125
