0 0.3609375 0.404296875 0.015625 0.01953125
0 0.371875 0.353515625 0.015625 0.01953125
0 0.31875 0.34765625 0.015625 0.01953125
0 0.33125 0.39453125 0.015625 0.01953125
0 0.328125 0.416015625 0.015625 0.01953125
0 0.3203125 0.470703125 0.015625 0.01953125
0 0.3328125 0.556640625 0.015625 0.01953125
0 0.35625 0.671875 0.015625 0.01953125
0 0.396875 0.67578125 0.015625 0.01953125
0 0.3765625 0.697265625 0.015625 0.01953125
0 0.340625 0.732421875 0.015625 0.01953125
0 0.303125 0.734375 0.015625 0.01953125
0 0.253125 0.828125 0.015625 0.01953125
0 0.2359375 0.85546875 0.015625 0.01953125
0 0.2203125 0.91015625 0.015625 0.01953125
0 0.184375 0.921875 0.015625 0.01953125
0 0.1234375 0.890625 0.015625 0.01953125
0 0.1734375 0.8359375 0.015625 0.01953125
0 0.1484375 0.962890625 0.015625 0.01953125
0 0.0953125 0.9609375 0.015625 0.01953125
0 0.39375 0.802734375 0.015625 0.01953125
0 0.4609375 0.84765625 0.015625 0.01953125
0 0.4625 0.86328125 0.015625 0.01953125
0 0.4109375 0.93359375 0.015625 0.01953125
0 0.403125 0.96875 0.015625 0.01953125
0 0.40625 0.982421875 0.015625 0.01953125
0 0.4890625 0.943359375 0.015625 0.01953125
0 0.4734375 0.90234375 0.015625 0.01953125
0 0.4984375 0.892578125 0.015625 0.01953125
0 0.5484375 0.904296875 0.015625 0.01953125
0 0.596875 0.88671875 0.015625 0.01953125
0 0.6078125 0.900390625 0.015625 0.01953125
0 0.615625 0.921875 0.015625 0.01953125
0 0.665625 0.95703125 0.015625 0.01953125
0 0.7015625 0.953125 0.015625 0.01953125
0 0.70625 0.970703125 0.015625 0.01953125
0 0.721875 0.90234375 0.015625 0.01953125
0 0.7625 0.912109375 0.015625 0.01953125
0 0.7921875 0.919921875 0.015625 0.01953125
0 0.765625 0.82421875 0.015625 0.01953125
0 0.76875 0.810546875 0.015625 0.01953125
0 0.7875 0.765625 0.015625 0.01953125
0 0.9015625 0.818359375 0.015625 0.01953125
0 0.8984375 0.77734375 0.015625 0.01953125
0 0.9640625 0.771484375 0.015625 0.01953125
0 0.9625 0.7890625 0.015625 0.01953125
0 0.971875 0.796875 0.015625 0.01953125
0 0.95625 0.82421875 0.015625 0.01953125
0 0.9453125 0.912109375 0.015625 0.01953125
0 0.990625 0.982421875 0.015625 0.01953125
0 0.978125 0.724609375 0.015625 0.01953125
0 0.83125 0.607421875 0.015625 0.01953125
0 0.7671875 0.580078125 0.015625 0.01953125
0 0.9078125 0.59375 0.015625 0.01953125
0 0.9671875 0.408203125 0.015625 0.01953125
0 0.8578125 0.28515625 0.015625 0.01953125
0 0.8359375 0.29296875 0.015625 0.01953125
0 0.828125 0.359375 0.015625 0.01953125
0 0.7453125 0.40234375 0.015625 0.01953125
0 0.740625 0.466796875 0.015625 0.01953125
0 0.7390625 0.515625 0.015625 0.01953125
0 0.6640625 0.509765625 0.015625 0.01953125
0 0.5734375 0.48828125 0.015625 0.01953125
0 0.4890625 0.49609375 0.015625 0.01953125
0 0.503125 0.34375 0.015625 0.01953125
0 0.4296875 0.302734375 0.015625 0.01953125
0 0.33125 0.29296875 0.015625 0.01953125
0 0.38125 0.22265625 0.015625 0.01953125
0 0.36875 0.18359375 0.015625 0.01953125
0 0.24375 0.12109375 0.015625 0.01953125
0 0.2171875 0.12109375 0.015625 0.01953125
0 0.0875 0.19921875 0.015625 0.01953125
0 0.090625 0.1796875 0.015625 0.01953125
0 0.2359375 0.099609375 0.015625 0.01953125
0 0.559375 0.166015625 0.015625 0.01953125
0 0.528125 0.263671875 0.015625 0.01953125
0 0.571875 0.357421875 0.015625 0.01953125
0 0.578125 0.416015625 0.015625 0.01953125
0 0.578125 0.583984375 0.015625 0.01953125
0 0.5953125 0.6796875 0.015625 0.01953125
0 0.5140625 0.70703125 0.015625 0.01953125
0 0.490625 0.640625 0.015625 0.01953125
0 0.45 0.646484375 0.015625 0.01953125
0 0.671875 0.7109375 0.015625 0.01953125
0 0.690625 0.74609375 0.015625 0.01953125
0 0.73125 0.2421875 0.015625 0.01953125
0 0.75625 0.271484375 0.015625 0.01953125
0 0.7734375 0.095703125 0.015625 0.01953125
0 0.79375 0.171875 0.015625 0.01953125
0 0.725 0.05859375 0.015625 0.01953125
0 0.95625 0.021484375 0.015625 0.01953125
0 0.9859375 0.107421875 0.015625 0.01953125
0 0.95625 0.361328125 0.015625 0.01953125
0 0.05 0.64453125 0.015625 0.01953125
