0 0.084375 0.171875 0.015625 0.01953125
0 0.0109375 0.2265625 0.015625 0.01953125
0 0.1375 0.126953125 0.015625 0.01953125
0 0.1375 0.099609375 0.015625 0.01953125
0 0.2171875 0.23046875 0.015625 0.01953125
0 0.2359375 0.2890625 0.015625 0.01953125
0 0.271875 0.345703125 0.015625 0.01953125
0 0.2578125 0.400390625 0.015625 0.01953125
0 0.234375 0.404296875 0.015625 0.01953125
0 0.2171875 0.470703125 0.015625 0.01953125
0 0.234375 0.556640625 0.015625 0.01953125
0 0.2328125 0.646484375 0.015625 0.01953125
0 0.21875 0.72265625 0.015625 0.01953125
0 0.2203125 0.828125 0.015625 0.01953125
0 0.1375 0.83984375 0.015625 0.01953125
0 0.0828125 0.81640625 0.015625 0.01953125
0 0.1171875 0.892578125 0.015625 0.01953125
0 0.1609375 0.919921875 0.015625 0.01953125
0 0.0484375 0.94921875 0.015625 0.01953125
0 0.21875 0.91796875 0.015625 0.01953125
0 0.234375 0.953125 0.015625 0.01953125
0 0.3734375 0.80859375 0.015625 0.01953125
0 0.440625 0.853515625 0.015625 0.01953125
0 0.36875 0.966796875 0.015625 0.01953125
0 0.3984375 0.9375 0.015625 0.01953125
0 0.340625 0.939453125 0.015625 0.01953125
0 0.4578125 0.904296875 0.015625 0.01953125
0 0.4890625 0.9375 0.015625 0.01953125
0 0.58125 0.86328125 0.015625 0.01953125
0 0.5703125 0.896484375 0.015625 0.01953125
0 0.5859375 0.900390625 0.015625 0.01953125
0 0.5890625 0.921875 0.015625 0.01953125
0 0.6265625 0.970703125 0.015625 0.01953125
0 0.6609375 0.958984375 0.015625 0.01953125
0 0.7 0.921875 0.015625 0.01953125
0 0.725 0.859375 0.015625 0.01953125
0 0.740625 0.83984375 0.015625 0.01953125
0 0.759375 0.908203125 0.015625 0.01953125
0 0.7546875 0.947265625 0.015625 0.01953125
0 0.8484375 0.947265625 0.015625 0.01953125
0 0.8421875 0.923828125 0.015625 0.01953125
0 0.9609375 0.802734375 0.015625 0.01953125
0 0.93125 0.806640625 0.015625 0.01953125
0 0.9390625 0.775390625 0.015625 0.01953125
0 0.928125 0.767578125 0.015625 0.01953125
0 0.9234375 0.744140625 0.015625 0.01953125
0 0.8859375 0.765625 0.015625 0.01953125
0 0.8859375 0.728515625 0.015625 0.01953125
0 0.6890625 0.771484375 0.015625 0.01953125
0 0.7078125 0.732421875 0.015625 0.01953125
0 0.6625 0.5703125 0.015625 0.01953125
0 0.6328125 0.501953125 0.015625 0.01953125
0 0.5640625 0.4921875 0.015625 0.01953125
0 0.4703125 0.484375 0.015625 0.01953125
0 0.390625 0.484375 0.015625 0.01953125
0 0.4046875 0.546875 0.015625 0.01953125
0 0.3890625 0.642578125 0.015625 0.01953125
0 0.3421875 0.634765625 0.015625 0.01953125
0 0.4015625 0.69921875 0.015625 0.01953125
0 0.49375 0.67578125 0.015625 0.01953125
0 0.4796875 0.56640625 0.015625 0.01953125
0 0.4765625 0.40234375 0.015625 0.01953125
0 0.3953125 0.40625 0.015625 0.01953125
0 0.409375 0.333984375 0.015625 0.01953125
0 0.4734375 0.337890625 0.015625 0.01953125
0 0.4125 0.25 0.015625 0.01953125
0 0.325 0.302734375 0.015625 0.01953125
0 0.275 0.228515625 0.015625 0.01953125
0 0.4546875 0.166015625 0.015625 0.01953125
0 0.5453125 0.30859375 0.015625 0.01953125
0 0.63125 0.24609375 0.015625 0.01953125
0 0.6484375 0.275390625 0.015625 0.01953125
0 0.7234375 0.3359375 0.015625 0.01953125
0 0.64375 0.390625 0.015625 0.01953125
0 0.6296875 0.44140625 0.015625 0.01953125
0 0.73125 0.59375 0.015625 0.01953125
0 0.8078125 0.65625 0.015625 0.01953125
0 0.834375 0.35546875 0.015625 0.01953125
0 0.7703125 0.3125 0.015625 0.01953125
0 0.7390625 0.30078125 0.015625 0.01953125
0 0.759375 0.29296875 0.015625 0.01953125
0 0.746875 0.28515625 0.015625 0.01953125
0 0.7078125 0.16796875 0.015625 0.01953125
0 0.6234375 0.05859375 0.015625 0.01953125
0 0.7 0.0390625 0.015625 0.01953125
0 0.9109375 0.0546875 0.015625 0.01953125
0 0.8546875 0.015625 0.015625 0.01953125
0 0.878125 0.1015625 0.015625 0.01953125
0 0.925 0.30078125 0.015625 0.01953125
0 0.865625 0.384765625 0.015625 0.01953125
0 0.8578125 0.3515625 0.015625 0.01953125
0 0.9234375 0.3984375 0.015625 0.01953125
0 0.95625 0.443359375 0.015625 0.01953125
0 0.99375 0.41015625 0.015625 0.01953125
0 0.9609375 0.373046875 0.015625 0.01953125
0 0.9578125 0.314453125 0.015625 0.01953125
0 0.975 0.849609375 0.015625 0.01953125
0 0.975 0.826171875 0.015625 0.01953125
