0 0.1796875 0.921875 0.015625 0.01953125
0 0.1921875 0.90625 0.015625 0.01953125
0 0.259375 0.828125 0.015625 0.01953125
0 0.2421875 0.748046875 0.015625 0.01953125
0 0.2609375 0.68359375 0.015625 0.01953125
0 0.2875 0.681640625 0.015625 0.01953125
0 0.2984375 0.625 0.015625 0.01953125
0 0.25625 0.62890625 0.015625 0.01953125
0 0.2671875 0.57421875 0.015625 0.01953125
0 0.2125 0.556640625 0.015625 0.01953125
0 0.0671875 0.580078125 0.015625 0.01953125
0 0.11875 0.43359375 0.015625 0.01953125
0 0.15625 0.361328125 0.015625 0.01953125
0 0.1484375 0.349609375 0.015625 0.01953125
0 0.1703125 0.1796875 0.015625 0.01953125
0 0.209375 0.03515625 0.015625 0.01953125
0 0.459375 0.06640625 0.015625 0.01953125
0 0.4796875 0.076171875 0.015625 0.01953125
0 0.6375 0.052734375 0.015625 0.01953125
0 0.6890625 0.27734375 0.015625 0.01953125
0 0.65 0.3203125 0.015625 0.01953125
0 0.7453125 0.28125 0.015625 0.01953125
0 0.7359375 0.357421875 0.015625 0.01953125
0 0.9515625 0.31640625 0.015625 0.01953125
0 0.896875 0.271484375 0.015625 0.01953125
0 0.9078125 0.36328125 0.015625 0.01953125
0 0.8515625 0.13671875 0.015625 0.01953125
0 0.8578125 0.033203125 0.015625 0.01953125
0 0.753125 0.037109375 0.015625 0.01953125
0 0.871875 0.591796875 0.015625 0.01953125
0 0.8484375 0.587890625 0.015625 0.01953125
0 0.7828125 0.583984375 0.015625 0.01953125
0 0.790625 0.619140625 0.015625 0.01953125
0 0.775 0.6796875 0.015625 0.01953125
0 0.803125 0.642578125 0.015625 0.01953125
0 0.75 0.6328125 0.015625 0.01953125
0 0.6640625 0.685546875 0.015625 0.01953125
0 0.6609375 0.74609375 0.015625 0.01953125
0 0.66875 0.791015625 0.015625 0.01953125
0 0.5859375 0.79296875 0.015625 0.01953125
0 0.4953125 0.767578125 0.015625 0.01953125
0 0.4203125 0.775390625 0.015625 0.01953125
0 0.4265625 0.689453125 0.015625 0.01953125
0 0.421875 0.62890625 0.015625 0.01953125
0 0.5046875 0.640625 0.015625 0.01953125
0 0.4953125 0.689453125 0.015625 0.01953125
0 0.5109375 0.861328125 0.015625 0.01953125
0 0.440625 0.85546875 0.015625 0.01953125
0 0.409375 0.92578125 0.015625 0.01953125
0 0.375 0.919921875 0.015625 0.01953125
0 0.4328125 0.984375 0.015625 0.01953125
0 0.5125 0.95703125 0.015625 0.01953125
0 0.6890625 0.853515625 0.015625 0.01953125
0 0.7578125 0.890625 0.015625 0.01953125
0 0.75 0.755859375 0.015625 0.01953125
0 0.9671875 0.943359375 0.015625 0.01953125
0 0.984375 0.958984375 0.015625 0.01953125
0 0.9953125 0.98046875 0.015625 0.01953125
0 0.9765625 0.70703125 0.015625 0.01953125
0 0.9484375 0.666015625 0.015625 0.01953125
0 0.8875 0.6328125 0.015625 0.01953125
0 0.9640625 0.58203125 0.015625 0.01953125
0 0.9515625 0.56640625 0.015625 0.01953125
0 0.99375 0.64453125 0.015625 0.01953125
0 0.4828125 0.4296875 0.015625 0.01953125
0 0.4421875 0.53515625 0.015625 0.01953125
0 0.30625 0.49609375 0.015625 0.01953125
0 0.353125 0.587890625 0.015625 0.01953125
0 0.5671875 0.599609375 0.015625 0.01953125
0 0.640625 0.552734375 0.015625 0.01953125
0 0.6828125 0.548828125 0.015625 0.01953125
0 0.8140625 0.232421875 0.015625 0.01953125
