0 0.1375 0.46484375 0.015625 0.01953125
0 0.13125 0.484375 0.015625 0.01953125
0 0.071875 0.333984375 0.015625 0.01953125
0 0.109375 0.283203125 0.015625 0.01953125
0 0.1046875 0.24609375 0.015625 0.01953125
0 0.10625 0.15625 0.015625 0.01953125
0 0.1140625 0.048828125 0.015625 0.01953125
0 0.2921875 0.296875 0.015625 0.01953125
0 0.1609375 0.642578125 0.015625 0.01953125
0 0.15 0.83203125 0.015625 0.01953125
0 0.109375 0.830078125 0.015625 0.01953125
0 0.2953125 0.96875 0.015625 0.01953125
0 0.4765625 0.904296875 0.015625 0.01953125
0 0.478125 0.546875 0.015625 0.01953125
0 0.4546875 0.5234375 0.015625 0.01953125
0 0.5703125 0.12890625 0.015625 0.01953125
0 0.5515625 0.1484375 0.015625 0.01953125
0 0.5578125 0.1328125 0.015625 0.01953125
0 0.6015625 0.326171875 0.015625 0.01953125
0 0.7078125 0.3515625 0.015625 0.01953125
0 0.6890625 0.3671875 0.015625 0.01953125
0 0.63125 0.525390625 0.015625 0.01953125
0 0.6296875 0.5703125 0.015625 0.01953125
0 0.6453125 0.80078125 0.015625 0.01953125
0 0.6921875 0.8125 0.015625 0.01953125
0 0.7234375 0.7734375 0.015625 0.01953125
0 0.740625 0.7578125 0.015625 0.01953125
0 0.8140625 0.697265625 0.015625 0.01953125
0 0.8234375 0.412109375 0.015625 0.01953125
0 0.759375 0.4765625 0.015625 0.01953125
0 0.8890625 0.427734375 0.015625 0.01953125
0 0.834375 0.056640625 0.015625 0.01953125
0 0.85625 0.02734375 0.015625 0.01953125
0 0.8296875 0.03515625 0.015625 0.01953125
0 0.853125 0.041015625 0.015625 0.01953125
0 0.8421875 0.01953125 0.015625 0.01953125
0 0.821875 0.01953125 0.015625 0.01953125
0 0.9640625 0.181640625 0.015625 0.01953125
0 0.9640625 0.162109375 0.015625 0.01953125
0 0.975 0.1171875 0.015625 0.01953125
0 0.9484375 0.78515625 0.015625 0.01953125
0 0.8953125 0.82421875 0.015625 0.01953125
