0 0.090625 0.310546875 0.015625 0.01953125
0 0.05 0.15234375 0.015625 0.01953125
0 0.14375 0.064453125 0.015625 0.01953125
0 0.1765625 0.134765625 0.015625 0.01953125
0 0.1640625 0.1484375 0.015625 0.01953125
0 0.0640625 0.603515625 0.015625 0.01953125
0 0.0703125 0.552734375 0.015625 0.01953125
0 0.0640625 0.7265625 0.015625 0.01953125
0 0.0640625 0.748046875 0.015625 0.01953125
0 0.128125 0.89453125 0.015625 0.01953125
0 0.2734375 0.59765625 0.015625 0.01953125
0 0.440625 0.794921875 0.015625 0.01953125
0 0.459375 0.818359375 0.015625 0.01953125
0 0.528125 0.740234375 0.015625 0.01953125
0 0.6125 0.822265625 0.015625 0.01953125
0 0.615625 0.8828125 0.015625 0.01953125
0 0.58125 0.591796875 0.015625 0.01953125
0 0.68125 0.640625 0.015625 0.01953125
0 0.7046875 0.626953125 0.015625 0.01953125
0 0.8109375 0.697265625 0.015625 0.01953125
0 0.76875 0.740234375 0.015625 0.01953125
0 0.8609375 0.78515625 0.015625 0.01953125
0 0.884375 0.75 0.015625 0.01953125
0 0.8296875 0.869140625 0.015625 0.01953125
0 0.796875 0.970703125 0.015625 0.01953125
0 0.809375 0.96875 0.015625 0.01953125
0 0.5625 0.404296875 0.015625 0.01953125
0 0.5484375 0.3984375 0.015625 0.01953125
0 0.54375 0.416015625 0.015625 0.01953125
0 0.6578125 0.248046875 0.015625 0.01953125
0 0.6453125 0.232421875 0.015625 0.01953125
0 0.8625 0.25 0.015625 0.01953125
0 0.8734375 0.263671875 0.015625 0.01953125
0 0.8453125 0.29296875 0.015625 0.01953125
0 0.8328125 0.2734375 0.015625 0.01953125
0 0.815625 0.2890625 0.015625 0.01953125
0 0.8234375 0.30859375 0.015625 0.01953125
0 0.834375 0.322265625 0.015625 0.01953125
0 0.9578125 0.4375 0.015625 0.01953125
0 0.9609375 0.390625 0.015625 0.01953125
0 0.028125 0.046875 0.015625 0.01953125
