0 0.0390625 0.09375 0.015625 0.01953125
0 0.05 0.12109375 0.015625 0.01953125
0 0.075 0.115234375 0.015625 0.01953125
0 0.0640625 0.068359375 0.015625 0.01953125
0 0.153125 0.109375 0.015625 0.01953125
0 0.125 0.22265625 0.015625 0.01953125
0 0.0765625 0.1796875 0.015625 0.01953125
0 0.025 0.203125 0.015625 0.01953125
0 0.0375 0.236328125 0.015625 0.01953125
0 0.1078125 0.32421875 0.015625 0.01953125
0 0.0734375 0.384765625 0.015625 0.01953125
0 0.075 0.431640625 0.015625 0.01953125
0 0.034375 0.4296875 0.015625 0.01953125
0 0.0328125 0.51171875 0.015625 0.01953125
0 0.06875 0.47265625 0.015625 0.01953125
0 0.075 0.51953125 0.015625 0.01953125
0 0.0765625 0.60546875 0.015625 0.01953125
0 0.06875 0.64453125 0.015625 0.01953125
0 0.0734375 0.7109375 0.015625 0.01953125
0 0.059375 0.841796875 0.015625 0.01953125
0 0.0140625 0.8359375 0.015625 0.01953125
0 0.0125 0.896484375 0.015625 0.01953125
0 0.0296875 0.77734375 0.015625 0.01953125
0 0.0703125 0.787109375 0.015625 0.01953125
0 0.040625 0.69921875 0.015625 0.01953125
0 0.0234375 0.63671875 0.015625 0.01953125
0 0.2921875 0.697265625 0.015625 0.01953125
0 0.290625 0.728515625 0.015625 0.01953125
0 0.3515625 0.587890625 0.015625 0.01953125
0 0.3578125 0.564453125 0.015625 0.01953125
0 0.3453125 0.54296875 0.015625 0.01953125
0 0.371875 0.375 0.015625 0.01953125
0 0.3765625 0.263671875 0.015625 0.01953125
0 0.1953125 0.240234375 0.015625 0.01953125
0 0.209375 0.310546875 0.015625 0.01953125
0 0.2421875 0.16015625 0.015625 0.01953125
0 0.2328125 0.087890625 0.015625 0.01953125
0 0.2171875 0.09375 0.015625 0.01953125
0 0.33125 0.111328125 0.015625 0.01953125
0 0.4515625 0.08203125 0.015625 0.01953125
0 0.5640625 0.564453125 0.015625 0.01953125
0 0.4078125 0.873046875 0.015625 0.01953125
0 0.7765625 0.701171875 0.015625 0.01953125
0 0.8890625 0.8046875 0.015625 0.01953125
0 0.8921875 0.869140625 0.015625 0.01953125
0 0.871875 0.556640625 0.015625 0.01953125
0 0.96875 0.59375 0.015625 0.01953125
0 0.9859375 0.59765625 0.015625 0.01953125
0 0.846875 0.375 0.015625 0.01953125
0 0.8375 0.369140625 0.015625 0.01953125
0 0.8328125 0.392578125 0.015625 0.01953125
0 0.928125 0.212890625 0.015625 0.01953125
0 0.9203125 0.1953125 0.015625 0.01953125
0 0.94375 0.208984375 0.015625 0.01953125
0 0.9234375 0.677734375 0.015625 0.01953125
