0 0.04375 0.2265625 0.015625 0.01953125
0 0.05 0.17578125 0.015625 0.01953125
0 0.05625 0.123046875 0.015625 0.01953125
0 0.0078125 0.115234375 0.015625 0.01953125
0 0.0203125 0.177734375 0.015625 0.01953125
0 0.0078125 0.232421875 0.015625 0.01953125
0 0.00625 0.064453125 0.015625 0.01953125
0 0.0359375 0.02734375 0.015625 0.01953125
0 0.1125 0.04296875 0.015625 0.01953125
0 0.0796875 0.083984375 0.015625 0.01953125
0 0.134375 0.083984375 0.015625 0.01953125
0 0.1203125 0.140625 0.015625 0.01953125
0 0.0890625 0.169921875 0.015625 0.01953125
0 0.0890625 0.244140625 0.015625 0.01953125
0 0.1578125 0.12890625 0.015625 0.01953125
0 0.18125 0.078125 0.015625 0.01953125
0 0.15625 0.021484375 0.015625 0.01953125
0 0.1953125 0.021484375 0.015625 0.01953125
0 0.203125 0.12890625 0.015625 0.01953125
0 0.23125 0.126953125 0.015625 0.01953125
0 0.2421875 0.076171875 0.015625 0.01953125
0 0.2625 0.126953125 0.015625 0.01953125
0 0.2875 0.0703125 0.015625 0.01953125
0 0.2875 0.03125 0.015625 0.01953125
0 0.3203125 0.01171875 0.015625 0.01953125
0 0.328125 0.076171875 0.015625 0.01953125
0 0.3125 0.130859375 0.015625 0.01953125
0 0.3484375 0.125 0.015625 0.01953125
0 0.3765625 0.12890625 0.015625 0.01953125
0 0.378125 0.07421875 0.015625 0.01953125
0 0.378125 0.01953125 0.015625 0.01953125
0 0.4078125 0.009765625 0.015625 0.01953125
0 0.4015625 0.083984375 0.015625 0.01953125
0 0.43125 0.083984375 0.015625 0.01953125
0 0.4515625 0.11328125 0.015625 0.01953125
0 0.4734375 0.087890625 0.015625 0.01953125
0 0.465625 0.044921875 0.015625 0.01953125
0 0.475 0.166015625 0.015625 0.01953125
0 0.4328125 0.19921875 0.015625 0.01953125
0 0.44375 0.2265625 0.015625 0.01953125
0 0.4796875 0.30078125 0.015625 0.01953125
0 0.3953125 0.34765625 0.015625 0.01953125
0 0.4296875 0.365234375 0.015625 0.01953125
0 0.4828125 0.37890625 0.015625 0.01953125
0 0.4765625 0.421875 0.015625 0.01953125
0 0.4328125 0.4296875 0.015625 0.01953125
0 0.3984375 0.40234375 0.015625 0.01953125
0 0.4 0.482421875 0.015625 0.01953125
0 0.325 0.484375 0.015625 0.01953125
0 0.3828125 0.5390625 0.015625 0.01953125
0 0.3875 0.58984375 0.015625 0.01953125
0 0.3875 0.626953125 0.015625 0.01953125
0 0.3875 0.677734375 0.015625 0.01953125
0 0.3875 0.701171875 0.015625 0.01953125
0 0.3859375 0.73046875 0.015625 0.01953125
0 0.3859375 0.771484375 0.015625 0.01953125
0 0.3234375 0.796875 0.015625 0.01953125
0 0.25 0.775390625 0.015625 0.01953125
0 0.196875 0.78515625 0.015625 0.01953125
0 0.159375 0.775390625 0.015625 0.01953125
0 0.1953125 0.83984375 0.015625 0.01953125
0 0.2375 0.83984375 0.015625 0.01953125
0 0.2953125 0.84765625 0.015625 0.01953125
0 0.2640625 0.892578125 0.015625 0.01953125
0 0.1375 0.888671875 0.015625 0.01953125
0 0.06875 0.98046875 0.015625 0.01953125
0 0.290625 0.900390625 0.015625 0.01953125
0 0.328125 0.849609375 0.015625 0.01953125
0 0.3546875 0.849609375 0.015625 0.01953125
0 0.3890625 0.853515625 0.015625 0.01953125
0 0.375 0.916015625 0.015625 0.01953125
0 0.4265625 0.91015625 0.015625 0.01953125
0 0.4265625 0.8359375 0.015625 0.01953125
0 0.434375 0.779296875 0.015625 0.01953125
0 0.4375 0.517578125 0.015625 0.01953125
0 0.440625 0.626953125 0.015625 0.01953125
0 0.478125 0.654296875 0.015625 0.01953125
0 0.4734375 0.609375 0.015625 0.01953125
0 0.478125 0.517578125 0.015625 0.01953125
0 0.4265625 0.47265625 0.015625 0.01953125
0 0.478125 0.46875 0.015625 0.01953125
0 0.5234375 0.208984375 0.015625 0.01953125
0 0.525 0.140625 0.015625 0.01953125
0 0.5515625 0.091796875 0.015625 0.01953125
0 0.5484375 0.107421875 0.015625 0.01953125
0 0.559375 0.037109375 0.015625 0.01953125
0 0.5328125 0.021484375 0.015625 0.01953125
0 0.6421875 0.115234375 0.015625 0.01953125
0 0.6328125 0.125 0.015625 0.01953125
0 0.646875 0.1640625 0.015625 0.01953125
0 0.7890625 0.275390625 0.015625 0.01953125
0 0.6046875 0.240234375 0.015625 0.01953125
0 0.5421875 0.24609375 0.015625 0.01953125
0 0.61875 0.31640625 0.015625 0.01953125
0 0.7828125 0.37890625 0.015625 0.01953125
0 0.7609375 0.548828125 0.015625 0.01953125
0 0.7609375 0.564453125 0.015625 0.01953125
0 0.7609375 0.58203125 0.015625 0.01953125
0 0.9671875 0.5703125 0.015625 0.01953125
0 0.8234375 0.048828125 0.015625 0.01953125
0 0.821875 0.05859375 0.015625 0.01953125
0 0.85625 0.875 0.015625 0.01953125
0 0.8703125 0.947265625 0.015625 0.01953125
0 0.64375 0.734375 0.015625 0.01953125
0 0.646875 0.755859375 0.015625 0.01953125
0 0.4828125 0.693359375 0.015625 0.01953125
0 0.484375 0.78515625 0.015625 0.01953125
0 0.4890625 0.8359375 0.015625 0.01953125
