0 0.0984375 0.67578125 0.015625 0.01953125
0 0.096875 0.69140625 0.015625 0.01953125
0 0.1640625 0.80078125 0.015625 0.01953125
0 0.14375 0.8125 0.015625 0.01953125
0 0.109375 0.849609375 0.015625 0.01953125
0 0.1203125 0.908203125 0.015625 0.01953125
0 0.1203125 0.927734375 0.015625 0.01953125
0 0.3734375 0.9140625 0.015625 0.01953125
0 0.1953125 0.978515625 0.015625 0.01953125
0 0.496875 0.845703125 0.015625 0.01953125
0 0.478125 0.75390625 0.015625 0.01953125
0 0.540625 0.810546875 0.015625 0.01953125
0 0.578125 0.80859375 0.015625 0.01953125
0 0.596875 0.859375 0.015625 0.01953125
0 0.64375 0.880859375 0.015625 0.01953125
0 0.61875 0.8203125 0.015625 0.01953125
0 0.6640625 0.8125 0.015625 0.01953125
0 0.66875 0.763671875 0.015625 0.01953125
0 0.7 0.822265625 0.015625 0.01953125
0 0.71875 0.8828125 0.015625 0.01953125
0 0.7703125 0.873046875 0.015625 0.01953125
0 0.7421875 0.82421875 0.015625 0.01953125
0 0.7578125 0.779296875 0.015625 0.01953125
0 0.8015625 0.794921875 0.015625 0.01953125
0 0.8046875 0.734375 0.015625 0.01953125
0 0.7484375 0.71875 0.015625 0.01953125
0 0.7078125 0.7109375 0.015625 0.01953125
0 0.7046875 0.68359375 0.015625 0.01953125
0 0.7109375 0.654296875 0.015625 0.01953125
0 0.7140625 0.62890625 0.015625 0.01953125
0 0.571875 0.650390625 0.015625 0.01953125
0 0.5421875 0.404296875 0.015625 0.01953125
0 0.4 0.22265625 0.015625 0.01953125
0 0.3546875 0.216796875 0.015625 0.01953125
0 0.3109375 0.22265625 0.015625 0.01953125
0 0.1359375 0.169921875 0.015625 0.01953125
0 0.1453125 0.134765625 0.015625 0.01953125
0 0.315625 0.14453125 0.015625 0.01953125
0 0.3078125 0.095703125 0.015625 0.01953125
0 0.309375 0.048828125 0.015625 0.01953125
0 0.3703125 0.048828125 0.015625 0.01953125
0 0.3625 0.1015625 0.015625 0.01953125
0 0.3625 0.150390625 0.015625 0.01953125
0 0.396875 0.15625 0.015625 0.01953125
0 0.4171875 0.095703125 0.015625 0.01953125
0 0.43125 0.05078125 0.015625 0.01953125
0 0.484375 0.04296875 0.015625 0.01953125
0 0.4609375 0.095703125 0.015625 0.01953125
0 0.5015625 0.099609375 0.015625 0.01953125
0 0.53125 0.08984375 0.015625 0.01953125
0 0.5625 0.09765625 0.015625 0.01953125
0 0.5421875 0.04296875 0.015625 0.01953125
0 0.59375 0.037109375 0.015625 0.01953125
0 0.6109375 0.091796875 0.015625 0.01953125
0 0.634375 0.044921875 0.015625 0.01953125
0 0.690625 0.08984375 0.015625 0.01953125
0 0.7078125 0.044921875 0.015625 0.01953125
0 0.675 0.04296875 0.015625 0.01953125
0 0.740625 0.044921875 0.015625 0.01953125
0 0.7640625 0.080078125 0.015625 0.01953125
0 0.759375 0.140625 0.015625 0.01953125
0 0.7640625 0.171875 0.015625 0.01953125
0 0.725 0.1015625 0.015625 0.01953125
0 0.7859375 0.0390625 0.015625 0.01953125
0 0.7953125 0.115234375 0.015625 0.01953125
0 0.8046875 0.216796875 0.015625 0.01953125
0 0.796875 0.3203125 0.015625 0.01953125
0 0.75 0.30078125 0.015625 0.01953125
0 0.7109375 0.298828125 0.015625 0.01953125
0 0.7109375 0.357421875 0.015625 0.01953125
0 0.64375 0.451171875 0.015625 0.01953125
0 0.75625 0.4609375 0.015625 0.01953125
0 0.8 0.45703125 0.015625 0.01953125
0 0.7984375 0.416015625 0.015625 0.01953125
0 0.7984375 0.359375 0.015625 0.01953125
0 0.759375 0.36328125 0.015625 0.01953125
0 0.715625 0.482421875 0.015625 0.01953125
0 0.7109375 0.537109375 0.015625 0.01953125
0 0.7046875 0.580078125 0.015625 0.01953125
0 0.7609375 0.5703125 0.015625 0.01953125
0 0.7984375 0.591796875 0.015625 0.01953125
0 0.8 0.546875 0.015625 0.01953125
0 0.7515625 0.646484375 0.015625 0.01953125
0 0.8 0.654296875 0.015625 0.01953125
0 0.9125 0.73046875 0.015625 0.01953125
0 0.90625 0.76171875 0.015625 0.01953125
0 0.8375 0.185546875 0.015625 0.01953125
0 0.834375 0.259765625 0.015625 0.01953125
0 0.83125 0.154296875 0.015625 0.01953125
0 0.8421875 0.109375 0.015625 0.01953125
0 0.8703125 0.078125 0.015625 0.01953125
0 0.9546875 0.091796875 0.015625 0.01953125
0 0.95 0.130859375 0.015625 0.01953125
0 0.909375 0.216796875 0.015625 0.01953125
0 0.93125 0.2890625 0.015625 0.01953125
