0 0.0515625 0.494140625 0.015625 0.01953125
0 0.05625 0.517578125 0.015625 0.01953125
0 0.109375 0.501953125 0.015625 0.01953125
0 0.134375 0.541015625 0.015625 0.01953125
0 0.090625 0.5859375 0.015625 0.01953125
0 0.1078125 0.57421875 0.015625 0.01953125
0 0.053125 0.96875 0.015625 0.01953125
0 0.0953125 0.861328125 0.015625 0.01953125
0 0.1765625 0.85546875 0.015625 0.01953125
0 0.19375 0.865234375 0.015625 0.01953125
0 0.2171875 0.9140625 0.015625 0.01953125
0 0.184375 0.9140625 0.015625 0.01953125
0 0.2765625 0.60546875 0.015625 0.01953125
0 0.3125 0.361328125 0.015625 0.01953125
0 0.3453125 0.36328125 0.015625 0.01953125
0 0.3296875 0.33984375 0.015625 0.01953125
0 0.1765625 0.287109375 0.015625 0.01953125
0 0.184375 0.103515625 0.015625 0.01953125
0 0.196875 0.05859375 0.015625 0.01953125
0 0.53125 0.162109375 0.015625 0.01953125
0 0.521875 0.15234375 0.015625 0.01953125
0 0.7203125 0.013671875 0.015625 0.01953125
0 0.715625 0.048828125 0.015625 0.01953125
0 0.71875 0.099609375 0.015625 0.01953125
0 0.715625 0.16015625 0.015625 0.01953125
0 0.721875 0.228515625 0.015625 0.01953125
0 0.76875 0.22265625 0.015625 0.01953125
0 0.7703125 0.16015625 0.015625 0.01953125
0 0.76875 0.103515625 0.015625 0.01953125
0 0.7734375 0.0390625 0.015625 0.01953125
0 0.8109375 0.103515625 0.015625 0.01953125
0 0.809375 0.162109375 0.015625 0.01953125
0 0.8078125 0.228515625 0.015625 0.01953125
0 0.85625 0.103515625 0.015625 0.01953125
0 0.88125 0.05078125 0.015625 0.01953125
0 0.8265625 0.0546875 0.015625 0.01953125
0 0.8953125 0.10546875 0.015625 0.01953125
0 0.93125 0.109375 0.015625 0.01953125
0 0.9609375 0.109375 0.015625 0.01953125
0 0.93125 0.0546875 0.015625 0.01953125
0 0.9390625 0.005859375 0.015625 0.01953125
0 0.909375 0.744140625 0.015625 0.01953125
0 0.953125 0.787109375 0.015625 0.01953125
0 0.925 0.81640625 0.015625 0.01953125
0 0.734375 0.849609375 0.015625 0.01953125
0 0.990625 0.79296875 0.015625 0.01953125
0 0.9953125 0.099609375 0.015625 0.01953125
0 0.5078125 0.6875 0.015625 0.01953125
0 0.5765625 0.810546875 0.015625 0.01953125
0 0.54375 0.8359375 0.015625 0.01953125
0 0.5515625 0.814453125 0.015625 0.01953125
0 0.56875 0.919921875 0.015625 0.01953125
0 0.571875 0.931640625 0.015625 0.01953125
0 0.584375 0.9609375 0.015625 0.01953125
0 0.6046875 0.9765625 0.015625 0.01953125
0 0.59375 0.990234375 0.015625 0.01953125
