0 0.5796875 0.751953125 0.015625 0.01953125
0 0.61875 0.767578125 0.015625 0.01953125
0 0.5921875 0.734375 0.015625 0.01953125
0 0.3265625 0.90234375 0.015625 0.01953125
0 0.3171875 0.923828125 0.015625 0.01953125
0 0.3609375 0.974609375 0.015625 0.01953125
0 0.396875 0.978515625 0.015625 0.01953125
0 0.4484375 0.33203125 0.015625 0.01953125
0 0.3546875 0.34375 0.015625 0.01953125
0 0.2609375 0.41015625 0.015625 0.01953125
0 0.228125 0.36328125 0.015625 0.01953125
0 0.2703125 0.3125 0.015625 0.01953125
0 0.1515625 0.244140625 0.015625 0.01953125
0 0.1515625 0.21484375 0.015625 0.01953125
0 0.1390625 0.18359375 0.015625 0.01953125
0 0.1578125 0.185546875 0.015625 0.01953125
0 0.7234375 0.234375 0.015625 0.01953125
0 0.6984375 0.17578125 0.015625 0.01953125
0 0.584375 0.11328125 0.015625 0.01953125
0 0.6953125 0.1171875 0.015625 0.01953125
0 0.79375 0.248046875 0.015625 0.01953125
0 0.7828125 0.265625 0.015625 0.01953125
0 0.775 0.310546875 0.015625 0.01953125
0 0.7515625 0.193359375 0.015625 0.01953125
0 0.06875 0.5546875 0.015625 0.01953125
0 0.065625 0.60546875 0.015625 0.01953125
0 0.0171875 0.654296875 0.015625 0.01953125
0 0.16875 0.8203125 0.015625 0.01953125
0 0.446875 0.705078125 0.015625 0.01953125
0 0.44375 0.677734375 0.015625 0.01953125
0 0.421875 0.5390625 0.015625 0.01953125
0 0.440625 0.4453125 0.015625 0.01953125
0 0.76875 0.5625 0.015625 0.01953125
0 0.8140625 0.5546875 0.015625 0.01953125
0 0.440625 0.29296875 0.015625 0.01953125
0 0.3828125 0.232421875 0.015625 0.01953125
0 0.340625 0.203125 0.015625 0.01953125
0 0.2984375 0.158203125 0.015625 0.01953125
0 0.0625 0.19140625 0.015625 0.01953125
0 0.0109375 0.19140625 0.015625 0.01953125
0 0.990625 0.498046875 0.015625 0.01953125
0 0.990625 0.560546875 0.015625 0.01953125
0 0.9875 0.447265625 0.015625 0.01953125
0 0.578125 0.2265625 0.015625 0.01953125
0 0.434375 0.2109375 0.015625 0.01953125
0 0.428125 0.18359375 0.015625 0.01953125
0 0.1234375 0.501953125 0.015625 0.01953125
0 0.0875 0.53515625 0.015625 0.01953125
0 0.08125 0.515625 0.015625 0.01953125
0 0.0515625 0.466796875 0.015625 0.01953125
0 0.0703125 0.400390625 0.015625 0.01953125
0 0.1265625 0.412109375 0.015625 0.01953125
0 0.090625 0.41796875 0.015625 0.01953125
0 0.134375 0.34765625 0.015625 0.01953125
0 0.815625 0.201171875 0.015625 0.01953125
0 0.865625 0.15234375 0.015625 0.01953125
0 0.8671875 0.06640625 0.015625 0.01953125
0 0.7421875 0.0859375 0.015625 0.01953125
0 0.99375 0.388671875 0.015625 0.01953125
0 0.99375 0.25390625 0.015625 0.01953125
0 0.4484375 0.896484375 0.015625 0.01953125
