0 0.25625 0.63671875 0.015625 0.01953125
0 0.3765625 0.58203125 0.015625 0.01953125
0 0.3578125 0.529296875 0.015625 0.01953125
0 0.40625 0.521484375 0.015625 0.01953125
0 0.396875 0.501953125 0.015625 0.01953125
0 0.446875 0.552734375 0.015625 0.01953125
0 0.4984375 0.546875 0.015625 0.01953125
0 0.4578125 0.583984375 0.015625 0.01953125
0 0.4734375 0.607421875 0.015625 0.01953125
0 0.1625 0.8125 0.015625 0.01953125
0 0.1484375 0.79296875 0.015625 0.01953125
0 0.1390625 0.77734375 0.015625 0.01953125
0 0.10625 0.71484375 0.015625 0.01953125
0 0.10625 0.677734375 0.015625 0.01953125
0 0.059375 0.740234375 0.015625 0.01953125
0 0.0203125 0.728515625 0.015625 0.01953125
0 0.09375 0.859375 0.015625 0.01953125
0 0.0234375 0.98828125 0.015625 0.01953125
0 0.271875 0.873046875 0.015625 0.01953125
0 0.578125 0.859375 0.015625 0.01953125
0 0.621875 0.802734375 0.015625 0.01953125
0 0.85625 0.77734375 0.015625 0.01953125
0 0.803125 0.748046875 0.015625 0.01953125
0 0.8859375 0.73046875 0.015625 0.01953125
0 0.9453125 0.72265625 0.015625 0.01953125
0 0.85 0.6796875 0.015625 0.01953125
0 0.878125 0.66796875 0.015625 0.01953125
0 0.83125 0.65625 0.015625 0.01953125
0 0.8640625 0.654296875 0.015625 0.01953125
0 0.871875 0.630859375 0.015625 0.01953125
0 0.9140625 0.623046875 0.015625 0.01953125
0 0.9625 0.583984375 0.015625 0.01953125
0 0.9078125 0.564453125 0.015625 0.01953125
0 0.8296875 0.578125 0.015625 0.01953125
0 0.8109375 0.5859375 0.015625 0.01953125
0 0.8203125 0.5625 0.015625 0.01953125
0 0.8328125 0.544921875 0.015625 0.01953125
0 0.753125 0.58984375 0.015625 0.01953125
0 0.765625 0.607421875 0.015625 0.01953125
0 0.6640625 0.46875 0.015625 0.01953125
0 0.7109375 0.4609375 0.015625 0.01953125
0 0.7421875 0.39453125 0.015625 0.01953125
0 0.76875 0.3671875 0.015625 0.01953125
0 0.7359375 0.337890625 0.015625 0.01953125
0 0.5640625 0.392578125 0.015625 0.01953125
0 0.4203125 0.423828125 0.015625 0.01953125
0 0.546875 0.12890625 0.015625 0.01953125
0 0.625 0.103515625 0.015625 0.01953125
0 0.6375 0.12890625 0.015625 0.01953125
0 0.9234375 0.3671875 0.015625 0.01953125
0 0.9453125 0.412109375 0.015625 0.01953125
0 0.94375 0.3203125 0.015625 0.01953125
0 0.8375 0.49609375 0.015625 0.01953125
0 0.8875 0.490234375 0.015625 0.01953125
0 0.5640625 0.65234375 0.015625 0.01953125
0 0.96875 0.5078125 0.015625 0.01953125
0 0.9890625 0.458984375 0.015625 0.01953125
