0 0.3421875 0.681640625 0.015625 0.01953125
0 0.3359375 0.7734375 0.015625 0.01953125
0 0.3140625 0.822265625 0.015625 0.01953125
0 0.2859375 0.7890625 0.015625 0.01953125
0 0.278125 0.759765625 0.015625 0.01953125
0 0.2671875 0.72265625 0.015625 0.01953125
0 0.1828125 0.873046875 0.015625 0.01953125
0 0.5 0.779296875 0.015625 0.01953125
0 0.4828125 0.73828125 0.015625 0.01953125
0 0.425 0.6015625 0.015625 0.01953125
0 0.490625 0.564453125 0.015625 0.01953125
0 0.5046875 0.4765625 0.015625 0.01953125
0 0.51875 0.408203125 0.015625 0.01953125
0 0.6484375 0.287109375 0.015625 0.01953125
0 0.6671875 0.224609375 0.015625 0.01953125
0 0.715625 0.169921875 0.015625 0.01953125
0 0.7703125 0.10546875 0.015625 0.01953125
0 0.7296875 0.0546875 0.015625 0.01953125
0 0.690625 0.0390625 0.015625 0.01953125
0 0.64375 0.125 0.015625 0.01953125
0 0.6140625 0.115234375 0.015625 0.01953125
0 0.646875 0.849609375 0.015625 0.01953125
0 0.6 0.921875 0.015625 0.01953125
0 0.6671875 0.837890625 0.015625 0.01953125
0 0.6109375 0.802734375 0.015625 0.01953125
0 0.6140625 0.78125 0.015625 0.01953125
0 0.603125 0.765625 0.015625 0.01953125
0 0.5859375 0.734375 0.015625 0.01953125
0 0.5515625 0.736328125 0.015625 0.01953125
0 0.51875 0.73828125 0.015625 0.01953125
0 0.4984375 0.740234375 0.015625 0.01953125
0 0.6359375 0.7421875 0.015625 0.01953125
0 0.621875 0.71484375 0.015625 0.01953125
0 0.525 0.66015625 0.015625 0.01953125
0 0.5875 0.60546875 0.015625 0.01953125
0 0.64375 0.5390625 0.015625 0.01953125
0 0.709375 0.560546875 0.015625 0.01953125
0 0.6921875 0.552734375 0.015625 0.01953125
0 0.6734375 0.634765625 0.015625 0.01953125
0 0.9109375 0.357421875 0.015625 0.01953125
0 0.89375 0.359375 0.015625 0.01953125
0 0.8390625 0.390625 0.015625 0.01953125
0 0.821875 0.484375 0.015625 0.01953125
0 0.8015625 0.36328125 0.015625 0.01953125
0 0.7515625 0.380859375 0.015625 0.01953125
0 0.6921875 0.365234375 0.015625 0.01953125
0 0.71875 0.337890625 0.015625 0.01953125
0 0.6484375 0.3515625 0.015625 0.01953125
0 0.6296875 0.419921875 0.015625 0.01953125
0 0.7921875 0.2734375 0.015625 0.01953125
0 0.7703125 0.267578125 0.015625 0.01953125
0 0.8625 0.2734375 0.015625 0.01953125
0 0.846875 0.294921875 0.015625 0.01953125
0 0.884375 0.294921875 0.015625 0.01953125
0 0.909375 0.24609375 0.015625 0.01953125
0 0.9421875 0.26953125 0.015625 0.01953125
0 0.965625 0.22265625 0.015625 0.01953125
0 0.828125 0.33203125 0.015625 0.01953125
0 0.953125 0.501953125 0.015625 0.01953125
0 0.896875 0.5859375 0.015625 0.01953125
0 0.9125 0.626953125 0.015625 0.01953125
0 0.8828125 0.68359375 0.015625 0.01953125
0 0.840625 0.7265625 0.015625 0.01953125
0 0.7296875 0.685546875 0.015625 0.01953125
0 0.9046875 0.744140625 0.015625 0.01953125
0 0.959375 0.787109375 0.015625 0.01953125
0 0.975 0.685546875 0.015625 0.01953125
0 0.9796875 0.548828125 0.015625 0.01953125
0 0.9796875 0.771484375 0.015625 0.01953125
0 0.1859375 0.400390625 0.015625 0.01953125
0 0.1421875 0.470703125 0.015625 0.01953125
0 0.7125 0.29296875 0.015625 0.01953125
