0 0.0390625 0.66015625 0.015625 0.01953125
0 0.025 0.666015625 0.015625 0.01953125
0 0.0703125 0.611328125 0.015625 0.01953125
0 0.0859375 0.572265625 0.015625 0.01953125
0 0.05 0.529296875 0.015625 0.01953125
0 0.1 0.51171875 0.015625 0.01953125
0 0.06875 0.375 0.015625 0.01953125
0 0.0890625 0.3203125 0.015625 0.01953125
0 0.0359375 0.275390625 0.015625 0.01953125
0 0.034375 0.25390625 0.015625 0.01953125
0 0.1203125 0.240234375 0.015625 0.01953125
0 0.140625 0.236328125 0.015625 0.01953125
0 0.159375 0.24609375 0.015625 0.01953125
0 0.16875 0.24609375 0.015625 0.01953125
0 0.159375 0.30078125 0.015625 0.01953125
0 0.2140625 0.29296875 0.015625 0.01953125
0 0.2203125 0.236328125 0.015625 0.01953125
0 0.234375 0.216796875 0.015625 0.01953125
0 0.2234375 0.216796875 0.015625 0.01953125
0 0.25625 0.16015625 0.015625 0.01953125
0 0.15 0.115234375 0.015625 0.01953125
0 0.2578125 0.087890625 0.015625 0.01953125
0 0.2984375 0.08984375 0.015625 0.01953125
0 0.2953125 0.130859375 0.015625 0.01953125
0 0.3015625 0.158203125 0.015625 0.01953125
0 0.3359375 0.119140625 0.015625 0.01953125
0 0.30625 0.04296875 0.015625 0.01953125
0 0.3859375 0.03125 0.015625 0.01953125
0 0.403125 0.08203125 0.015625 0.01953125
0 0.4125 0.04296875 0.015625 0.01953125
0 0.4671875 0.03515625 0.015625 0.01953125
0 0.490625 0.0078125 0.015625 0.01953125
0 0.83125 0.02734375 0.015625 0.01953125
0 0.8578125 0.009765625 0.015625 0.01953125
0 0.8515625 0.029296875 0.015625 0.01953125
0 0.896875 0.0234375 0.015625 0.01953125
0 0.921875 0.025390625 0.015625 0.01953125
0 0.95625 0.048828125 0.015625 0.01953125
0 0.978125 0.052734375 0.015625 0.01953125
0 0.975 0.09375 0.015625 0.01953125
0 0.89375 0.111328125 0.015625 0.01953125
0 0.88125 0.1328125 0.015625 0.01953125
0 0.9125 0.1796875 0.015625 0.01953125
0 0.8796875 0.244140625 0.015625 0.01953125
0 0.88125 0.341796875 0.015625 0.01953125
0 0.8765625 0.3203125 0.015625 0.01953125
0 0.9875 0.22265625 0.015625 0.01953125
0 0.9796875 0.263671875 0.015625 0.01953125
0 0.796875 0.29296875 0.015625 0.01953125
0 0.765625 0.318359375 0.015625 0.01953125
0 0.80625 0.345703125 0.015625 0.01953125
0 0.68125 0.3984375 0.015625 0.01953125
0 0.5828125 0.40625 0.015625 0.01953125
0 0.546875 0.4609375 0.015625 0.01953125
0 0.5796875 0.46484375 0.015625 0.01953125
0 0.378125 0.2265625 0.015625 0.01953125
0 0.3953125 0.302734375 0.015625 0.01953125
0 0.4140625 0.294921875 0.015625 0.01953125
0 0.4109375 0.318359375 0.015625 0.01953125
0 0.5484375 0.25390625 0.015625 0.01953125
0 0.5328125 0.251953125 0.015625 0.01953125
0 0.7515625 0.40625 0.015625 0.01953125
0 0.5171875 0.55078125 0.015625 0.01953125
0 0.3921875 0.60546875 0.015625 0.01953125
0 0.4078125 0.626953125 0.015625 0.01953125
0 0.3625 0.62890625 0.015625 0.01953125
0 0.3484375 0.61328125 0.015625 0.01953125
0 0.3375 0.626953125 0.015625 0.01953125
0 0.0921875 0.751953125 0.015625 0.01953125
0 0.071875 0.7578125 0.015625 0.01953125
0 0.0390625 0.8046875 0.015625 0.01953125
0 0.021875 0.923828125 0.015625 0.01953125
0 0.0640625 0.962890625 0.015625 0.01953125
0 0.3734375 0.888671875 0.015625 0.01953125
0 0.3578125 0.876953125 0.015625 0.01953125
0 0.665625 0.720703125 0.015625 0.01953125
0 0.675 0.70703125 0.015625 0.01953125
0 0.6875 0.58203125 0.015625 0.01953125
0 0.6796875 0.568359375 0.015625 0.01953125
0 0.684375 0.556640625 0.015625 0.01953125
0 0.7296875 0.5625 0.015625 0.01953125
0 0.8265625 0.541015625 0.015625 0.01953125
0 0.865625 0.533203125 0.015625 0.01953125
0 0.8609375 0.56640625 0.015625 0.01953125
0 0.8765625 0.583984375 0.015625 0.01953125
0 0.90625 0.677734375 0.015625 0.01953125
0 0.9359375 0.513671875 0.015625 0.01953125
0 0.9640625 0.515625 0.015625 0.01953125
0 0.96875 0.544921875 0.015625 0.01953125
0 0.9828125 0.71484375 0.015625 0.01953125
0 0.9828125 0.8359375 0.015625 0.01953125
0 0.9125 0.96875 0.015625 0.01953125
