0 0.2890625 0.650390625 0.015625 0.01953125
0 0.3015625 0.640625 0.015625 0.01953125
0 0.3078125 0.673828125 0.015625 0.01953125
0 0.3171875 0.6484375 0.015625 0.01953125
0 0.328125 0.6640625 0.015625 0.01953125
0 0.3375 0.685546875 0.015625 0.01953125
0 0.3109375 0.6875 0.015625 0.01953125
0 0.3265625 0.6953125 0.015625 0.01953125
0 0.3921875 0.58203125 0.015625 0.01953125
0 0.415625 0.580078125 0.015625 0.01953125
0 0.5625 0.5234375 0.015625 0.01953125
0 0.54375 0.515625 0.015625 0.01953125
0 0.290625 0.404296875 0.015625 0.01953125
0 0.2703125 0.40234375 0.015625 0.01953125
0 0.24375 0.41796875 0.015625 0.01953125
0 0.240625 0.3671875 0.015625 0.01953125
0 0.2421875 0.32421875 0.015625 0.01953125
0 0.259375 0.296875 0.015625 0.01953125
0 0.2546875 0.244140625 0.015625 0.01953125
0 0.1640625 0.314453125 0.015625 0.01953125
0 0.19375 0.47265625 0.015625 0.01953125
0 0.1890625 0.544921875 0.015625 0.01953125
0 0.16875 0.53125 0.015625 0.01953125
0 0.1734375 0.556640625 0.015625 0.01953125
0 0.11875 0.572265625 0.015625 0.01953125
0 0.10625 0.5703125 0.015625 0.01953125
0 0.0859375 0.55078125 0.015625 0.01953125
0 0.0546875 0.57421875 0.015625 0.01953125
0 0.090625 0.650390625 0.015625 0.01953125
0 0.0859375 0.712890625 0.015625 0.01953125
0 0.0640625 0.869140625 0.015625 0.01953125
0 0.0609375 0.9296875 0.015625 0.01953125
0 0.01875 0.947265625 0.015625 0.01953125
0 0.8546875 0.84765625 0.015625 0.01953125
0 0.746875 0.876953125 0.015625 0.01953125
0 0.675 0.8984375 0.015625 0.01953125
0 0.696875 0.91015625 0.015625 0.01953125
0 0.6921875 0.865234375 0.015625 0.01953125
0 0.540625 0.865234375 0.015625 0.01953125
0 0.53125 0.826171875 0.015625 0.01953125
0 0.5546875 0.75390625 0.015625 0.01953125
0 0.6140625 0.7890625 0.015625 0.01953125
0 0.6 0.814453125 0.015625 0.01953125
0 0.603125 0.708984375 0.015625 0.01953125
0 0.675 0.673828125 0.015625 0.01953125
0 0.3375 0.3515625 0.015625 0.01953125
0 0.33125 0.33203125 0.015625 0.01953125
0 0.3359375 0.2734375 0.015625 0.01953125
0 0.39375 0.251953125 0.015625 0.01953125
0 0.3796875 0.232421875 0.015625 0.01953125
0 0.36875 0.193359375 0.015625 0.01953125
0 0.2875 0.173828125 0.015625 0.01953125
0 0.246875 0.232421875 0.015625 0.01953125
0 0.3359375 0.125 0.015625 0.01953125
0 0.3265625 0.013671875 0.015625 0.01953125
0 0.2609375 0.111328125 0.015625 0.01953125
0 0.4125 0.10546875 0.015625 0.01953125
0 0.421875 0.080078125 0.015625 0.01953125
0 0.4421875 0.044921875 0.015625 0.01953125
0 0.51875 0.005859375 0.015625 0.01953125
0 0.546875 0.09375 0.015625 0.01953125
0 0.6421875 0.091796875 0.015625 0.01953125
0 0.6296875 0.109375 0.015625 0.01953125
0 0.6265625 0.087890625 0.015625 0.01953125
0 0.609375 0.091796875 0.015625 0.01953125
0 0.5875 0.05078125 0.015625 0.01953125
0 0.7578125 0.130859375 0.015625 0.01953125
0 0.721875 0.1015625 0.015625 0.01953125
0 0.825 0.1640625 0.015625 0.01953125
0 0.79375 0.189453125 0.015625 0.01953125
0 0.696875 0.22265625 0.015625 0.01953125
0 0.6859375 0.201171875 0.015625 0.01953125
0 0.5484375 0.1953125 0.015625 0.01953125
0 0.4921875 0.208984375 0.015625 0.01953125
0 0.428125 0.263671875 0.015625 0.01953125
0 0.4078125 0.310546875 0.015625 0.01953125
0 0.815625 0.25390625 0.015625 0.01953125
0 0.9046875 0.236328125 0.015625 0.01953125
0 0.83125 0.201171875 0.015625 0.01953125
0 0.84375 0.23828125 0.015625 0.01953125
0 0.8640625 0.240234375 0.015625 0.01953125
0 0.9390625 0.27734375 0.015625 0.01953125
0 0.853125 0.255859375 0.015625 0.01953125
0 0.953125 0.24609375 0.015625 0.01953125
0 0.9640625 0.30859375 0.015625 0.01953125
0 0.959375 0.375 0.015625 0.01953125
0 0.95625 0.390625 0.015625 0.01953125
0 0.9546875 0.44921875 0.015625 0.01953125
0 0.9296875 0.513671875 0.015625 0.01953125
0 0.9140625 0.609375 0.015625 0.01953125
0 0.9015625 0.580078125 0.015625 0.01953125
0 0.8328125 0.626953125 0.015625 0.01953125
0 0.825 0.576171875 0.015625 0.01953125
0 0.7859375 0.5859375 0.015625 0.01953125
0 0.890625 0.873046875 0.015625 0.01953125
0 0.8703125 0.908203125 0.015625 0.01953125
0 0.89375 0.919921875 0.015625 0.01953125
0 0.9671875 0.822265625 0.015625 0.01953125
0 0.4046875 0.94140625 0.015625 0.01953125
0 0.3890625 0.93359375 0.015625 0.01953125
0 0.3671875 0.9609375 0.015625 0.01953125
0 0.3734375 0.98046875 0.015625 0.01953125
0 0.8609375 0.091796875 0.015625 0.01953125
0 0.846875 0.08984375 0.015625 0.01953125
0 0.934375 0.119140625 0.015625 0.01953125
0 0.9484375 0.13671875 0.015625 0.01953125
0 0.928125 0.15234375 0.015625 0.01953125
0 0.73125 0.087890625 0.015625 0.01953125
0 0.7375 0.103515625 0.015625 0.01953125
0 0.7984375 0.119140625 0.015625 0.01953125
0 0.928125 0.017578125 0.015625 0.01953125
0 0.775 0.701171875 0.015625 0.01953125
0 0.4359375 0.1328125 0.015625 0.01953125
0 0.4484375 0.134765625 0.015625 0.01953125
0 0.4671875 0.13671875 0.015625 0.01953125
0 0.4921875 0.13671875 0.015625 0.01953125
