0 0.121875 0.916015625 0.015625 0.01953125
0 0.1171875 0.853515625 0.015625 0.01953125
0 0.128125 0.83984375 0.015625 0.01953125
0 0.11875 0.82421875 0.015625 0.01953125
0 0.1046875 0.8359375 0.015625 0.01953125
0 0.078125 0.896484375 0.015625 0.01953125
0 0.05625 0.88671875 0.015625 0.01953125
0 0.0375 0.869140625 0.015625 0.01953125
0 0.1046875 0.658203125 0.015625 0.01953125
0 0.1859375 0.642578125 0.015625 0.01953125
0 0.190625 0.703125 0.015625 0.01953125
0 0.209375 0.705078125 0.015625 0.01953125
0 0.284375 0.63671875 0.015625 0.01953125
0 0.2765625 0.6171875 0.015625 0.01953125
0 0.2421875 0.609375 0.015625 0.01953125
0 0.1765625 0.595703125 0.015625 0.01953125
0 0.2078125 0.552734375 0.015625 0.01953125
0 0.175 0.494140625 0.015625 0.01953125
0 0.1625 0.48828125 0.015625 0.01953125
0 0.29375 0.525390625 0.015625 0.01953125
0 0.365625 0.52734375 0.015625 0.01953125
0 0.3578125 0.56640625 0.015625 0.01953125
0 0.3546875 0.478515625 0.015625 0.01953125
0 0.3421875 0.470703125 0.015625 0.01953125
0 0.353125 0.412109375 0.015625 0.01953125
0 0.23125 0.337890625 0.015625 0.01953125
0 0.3296875 0.314453125 0.015625 0.01953125
0 0.5484375 0.291015625 0.015625 0.01953125
0 0.5125 0.2109375 0.015625 0.01953125
0 0.5203125 0.19140625 0.015625 0.01953125
0 0.4796875 0.197265625 0.015625 0.01953125
0 0.578125 0.18359375 0.015625 0.01953125
0 0.5578125 0.1953125 0.015625 0.01953125
0 0.571875 0.224609375 0.015625 0.01953125
0 0.5625 0.296875 0.015625 0.01953125
0 0.45 0.33203125 0.015625 0.01953125
0 0.4359375 0.333984375 0.015625 0.01953125
0 0.6109375 0.224609375 0.015625 0.01953125
0 0.75625 0.162109375 0.015625 0.01953125
0 0.771875 0.10546875 0.015625 0.01953125
0 0.803125 0.12890625 0.015625 0.01953125
0 0.8046875 0.158203125 0.015625 0.01953125
0 0.8265625 0.1953125 0.015625 0.01953125
0 0.84375 0.1640625 0.015625 0.01953125
0 0.853125 0.19921875 0.015625 0.01953125
0 0.921875 0.1328125 0.015625 0.01953125
0 0.940625 0.1484375 0.015625 0.01953125
0 0.9546875 0.166015625 0.015625 0.01953125
0 0.95 0.201171875 0.015625 0.01953125
0 0.8875 0.279296875 0.015625 0.01953125
0 0.871875 0.287109375 0.015625 0.01953125
0 0.7578125 0.283203125 0.015625 0.01953125
0 0.746875 0.263671875 0.015625 0.01953125
0 0.740625 0.30078125 0.015625 0.01953125
0 0.65 0.28125 0.015625 0.01953125
0 0.625 0.287109375 0.015625 0.01953125
0 0.6390625 0.28125 0.015625 0.01953125
0 0.6390625 0.298828125 0.015625 0.01953125
0 0.66875 0.357421875 0.015625 0.01953125
0 0.65 0.41796875 0.015625 0.01953125
0 0.65625 0.439453125 0.015625 0.01953125
0 0.7421875 0.392578125 0.015625 0.01953125
0 0.784375 0.384765625 0.015625 0.01953125
0 0.875 0.421875 0.015625 0.01953125
0 0.825 0.4296875 0.015625 0.01953125
0 0.8375 0.453125 0.015625 0.01953125
0 0.803125 0.45703125 0.015625 0.01953125
0 0.9015625 0.435546875 0.015625 0.01953125
0 0.9125 0.455078125 0.015625 0.01953125
0 0.9453125 0.49609375 0.015625 0.01953125
0 0.9578125 0.369140625 0.015625 0.01953125
0 0.8140625 0.361328125 0.015625 0.01953125
0 0.821875 0.34765625 0.015625 0.01953125
0 0.778125 0.328125 0.015625 0.01953125
0 0.759375 0.330078125 0.015625 0.01953125
0 0.79375 0.318359375 0.015625 0.01953125
0 0.9796875 0.3203125 0.015625 0.01953125
0 0.9234375 0.322265625 0.015625 0.01953125
0 0.9625 0.314453125 0.015625 0.01953125
0 0.9953125 0.66015625 0.015625 0.01953125
0 0.9671875 0.767578125 0.015625 0.01953125
0 0.9390625 0.892578125 0.015625 0.01953125
0 0.925 0.880859375 0.015625 0.01953125
0 0.85 0.904296875 0.015625 0.01953125
0 0.8421875 0.833984375 0.015625 0.01953125
0 0.7890625 0.845703125 0.015625 0.01953125
0 0.325 0.9453125 0.015625 0.01953125
0 0.3140625 0.9609375 0.015625 0.01953125
0 0.3 0.943359375 0.015625 0.01953125
0 0.30625 0.92578125 0.015625 0.01953125
0 0.2921875 0.8984375 0.015625 0.01953125
0 0.2765625 0.912109375 0.015625 0.01953125
0 0.3859375 0.830078125 0.015625 0.01953125
0 0.421875 0.845703125 0.015625 0.01953125
0 0.409375 0.837890625 0.015625 0.01953125
0 0.55 0.75390625 0.015625 0.01953125
0 0.56875 0.78125 0.015625 0.01953125
0 0.4859375 0.412109375 0.015625 0.01953125
0 0.434375 0.4453125 0.015625 0.01953125
0 0.4 0.27734375 0.015625 0.01953125
0 0.403125 0.326171875 0.015625 0.01953125
0 0.4609375 0.251953125 0.015625 0.01953125
0 0.525 0.298828125 0.015625 0.01953125
0 0.4953125 0.337890625 0.015625 0.01953125
0 0.4703125 0.337890625 0.015625 0.01953125
