0 0.240625 0.759765625 0.015625 0.01953125
0 0.146875 0.8046875 0.015625 0.01953125
0 0.1015625 0.880859375 0.015625 0.01953125
0 0.028125 0.95703125 0.015625 0.01953125
0 0.1234375 0.916015625 0.015625 0.01953125
0 0.153125 0.91796875 0.015625 0.01953125
0 0.1390625 0.978515625 0.015625 0.01953125
0 0.21875 0.892578125 0.015625 0.01953125
0 0.2734375 0.859375 0.015625 0.01953125
0 0.290625 0.818359375 0.015625 0.01953125
0 0.290625 0.76953125 0.015625 0.01953125
0 0.1984375 0.70703125 0.015625 0.01953125
0 0.190625 0.69921875 0.015625 0.01953125
0 0.175 0.62890625 0.015625 0.01953125
0 0.2109375 0.5078125 0.015625 0.01953125
0 0.11875 0.369140625 0.015625 0.01953125
0 0.1828125 0.25390625 0.015625 0.01953125
0 0.3296875 0.44921875 0.015625 0.01953125
0 0.3078125 0.3671875 0.015625 0.01953125
0 0.3484375 0.392578125 0.015625 0.01953125
0 0.3828125 0.421875 0.015625 0.01953125
0 0.378125 0.455078125 0.015625 0.01953125
0 0.396875 0.4609375 0.015625 0.01953125
0 0.5296875 0.34375 0.015625 0.01953125
0 0.4796875 0.361328125 0.015625 0.01953125
0 0.440625 0.3828125 0.015625 0.01953125
0 0.43125 0.517578125 0.015625 0.01953125
0 0.45 0.51953125 0.015625 0.01953125
0 0.4671875 0.525390625 0.015625 0.01953125
0 0.5921875 0.611328125 0.015625 0.01953125
0 0.609375 0.64453125 0.015625 0.01953125
0 0.40625 0.634765625 0.015625 0.01953125
0 0.3734375 0.685546875 0.015625 0.01953125
0 0.3125 0.697265625 0.015625 0.01953125
0 0.2984375 0.689453125 0.015625 0.01953125
0 0.321875 0.63671875 0.015625 0.01953125
0 0.728125 0.572265625 0.015625 0.01953125
0 0.678125 0.576171875 0.015625 0.01953125
0 0.63125 0.54296875 0.015625 0.01953125
0 0.5515625 0.45703125 0.015625 0.01953125
0 0.521875 0.46484375 0.015625 0.01953125
0 0.5703125 0.47265625 0.015625 0.01953125
0 0.5921875 0.376953125 0.015625 0.01953125
0 0.584375 0.3515625 0.015625 0.01953125
0 0.5625 0.34765625 0.015625 0.01953125
0 0.6109375 0.306640625 0.015625 0.01953125
0 0.621875 0.384765625 0.015625 0.01953125
0 0.640625 0.453125 0.015625 0.01953125
0 0.6625 0.453125 0.015625 0.01953125
0 0.646875 0.47265625 0.015625 0.01953125
0 0.64375 0.5078125 0.015625 0.01953125
0 0.7515625 0.46875 0.015625 0.01953125
0 0.775 0.4765625 0.015625 0.01953125
0 0.7578125 0.4453125 0.015625 0.01953125
0 0.79375 0.37890625 0.015625 0.01953125
0 0.8421875 0.35546875 0.015625 0.01953125
0 0.8296875 0.296875 0.015625 0.01953125
0 0.8671875 0.34765625 0.015625 0.01953125
0 0.8640625 0.3203125 0.015625 0.01953125
0 0.8515625 0.28515625 0.015625 0.01953125
0 0.8984375 0.306640625 0.015625 0.01953125
0 0.95 0.310546875 0.015625 0.01953125
0 0.975 0.296875 0.015625 0.01953125
0 0.9875 0.318359375 0.015625 0.01953125
0 0.9875 0.34375 0.015625 0.01953125
0 0.9765625 0.361328125 0.015625 0.01953125
0 0.965625 0.33984375 0.015625 0.01953125
0 0.909375 0.455078125 0.015625 0.01953125
0 0.8921875 0.458984375 0.015625 0.01953125
0 0.8734375 0.63671875 0.015625 0.01953125
0 0.9125 0.6796875 0.015625 0.01953125
0 0.821875 0.66015625 0.015625 0.01953125
0 0.775 0.625 0.015625 0.01953125
0 0.8125 0.63671875 0.015625 0.01953125
0 0.828125 0.599609375 0.015625 0.01953125
0 0.8421875 0.615234375 0.015625 0.01953125
0 0.7734375 0.521484375 0.015625 0.01953125
0 0.8 0.505859375 0.015625 0.01953125
0 0.80625 0.54296875 0.015625 0.01953125
0 0.7828125 0.546875 0.015625 0.01953125
0 0.9890625 0.548828125 0.015625 0.01953125
0 0.5578125 0.986328125 0.015625 0.01953125
