0 0.9046875 0.935546875 0.015625 0.01953125
0 0.94375 0.84375 0.015625 0.01953125
0 0.925 0.796875 0.015625 0.01953125
0 0.909375 0.751953125 0.015625 0.01953125
0 0.9265625 0.771484375 0.015625 0.01953125
0 0.9421875 0.74609375 0.015625 0.01953125
0 0.9546875 0.716796875 0.015625 0.01953125
0 0.7296875 0.705078125 0.015625 0.01953125
0 0.803125 0.67578125 0.015625 0.01953125
0 0.8359375 0.65625 0.015625 0.01953125
0 0.853125 0.576171875 0.015625 0.01953125
0 0.6828125 0.685546875 0.015625 0.01953125
0 0.6875 0.716796875 0.015625 0.01953125
0 0.640625 0.712890625 0.015625 0.01953125
0 0.6265625 0.693359375 0.015625 0.01953125
0 0.6203125 0.66796875 0.015625 0.01953125
0 0.628125 0.65234375 0.015625 0.01953125
0 0.603125 0.607421875 0.015625 0.01953125
0 0.6140625 0.591796875 0.015625 0.01953125
0 0.6328125 0.58203125 0.015625 0.01953125
0 0.6484375 0.5625 0.015625 0.01953125
0 0.5140625 0.65234375 0.015625 0.01953125
0 0.4625 0.66796875 0.015625 0.01953125
0 0.440625 0.634765625 0.015625 0.01953125
0 0.396875 0.732421875 0.015625 0.01953125
0 0.4125 0.7421875 0.015625 0.01953125
0 0.19375 0.80078125 0.015625 0.01953125
0 0.1859375 0.861328125 0.015625 0.01953125
0 0.140625 0.849609375 0.015625 0.01953125
0 0.128125 0.8359375 0.015625 0.01953125
0 0.0609375 0.92578125 0.015625 0.01953125
0 0.09375 0.953125 0.015625 0.01953125
0 0.1453125 0.978515625 0.015625 0.01953125
0 0.446875 0.482421875 0.015625 0.01953125
0 0.303125 0.607421875 0.015625 0.01953125
0 0.2875 0.607421875 0.015625 0.01953125
0 0.23125 0.564453125 0.015625 0.01953125
0 0.1703125 0.607421875 0.015625 0.01953125
0 0.0578125 0.640625 0.015625 0.01953125
0 0.0203125 0.388671875 0.015625 0.01953125
0 0.2796875 0.39453125 0.015625 0.01953125
0 0.309375 0.412109375 0.015625 0.01953125
0 0.3203125 0.443359375 0.015625 0.01953125
0 0.31875 0.466796875 0.015625 0.01953125
0 0.303125 0.474609375 0.015625 0.01953125
0 0.2421875 0.462890625 0.015625 0.01953125
0 0.2296875 0.443359375 0.015625 0.01953125
0 0.1859375 0.478515625 0.015625 0.01953125
0 0.259375 0.509765625 0.015625 0.01953125
0 0.2125 0.533203125 0.015625 0.01953125
0 0.225 0.501953125 0.015625 0.01953125
0 0.4140625 0.392578125 0.015625 0.01953125
0 0.4 0.396484375 0.015625 0.01953125
0 0.38125 0.44921875 0.015625 0.01953125
0 0.4015625 0.541015625 0.015625 0.01953125
0 0.69375 0.37890625 0.015625 0.01953125
0 0.6703125 0.375 0.015625 0.01953125
0 0.6640625 0.421875 0.015625 0.01953125
0 0.7046875 0.3984375 0.015625 0.01953125
0 0.7265625 0.3671875 0.015625 0.01953125
0 0.7265625 0.3203125 0.015625 0.01953125
0 0.8109375 0.373046875 0.015625 0.01953125
0 0.8421875 0.3515625 0.015625 0.01953125
0 0.83125 0.34375 0.015625 0.01953125
0 0.90625 0.263671875 0.015625 0.01953125
0 0.8984375 0.240234375 0.015625 0.01953125
0 0.9203125 0.27734375 0.015625 0.01953125
0 0.75 0.39453125 0.015625 0.01953125
0 0.734375 0.390625 0.015625 0.01953125
0 0.7703125 0.34765625 0.015625 0.01953125
0 0.846875 0.3359375 0.015625 0.01953125
0 0.4828125 0.529296875 0.015625 0.01953125
0 0.5140625 0.51953125 0.015625 0.01953125
0 0.4984375 0.51953125 0.015625 0.01953125
0 0.49375 0.568359375 0.015625 0.01953125
0 0.6078125 0.525390625 0.015625 0.01953125
0 0.6359375 0.515625 0.015625 0.01953125
0 0.6 0.494140625 0.015625 0.01953125
0 0.7421875 0.5 0.015625 0.01953125
0 0.7625 0.490234375 0.015625 0.01953125
