0 0.2265625 0.7421875 0.015625 0.01953125
0 0.203125 0.736328125 0.015625 0.01953125
0 0.240625 0.68359375 0.015625 0.01953125
0 0.2890625 0.64453125 0.015625 0.01953125
0 0.2546875 0.642578125 0.015625 0.01953125
0 0.2453125 0.625 0.015625 0.01953125
0 0.228125 0.443359375 0.015625 0.01953125
0 0.1953125 0.39453125 0.015625 0.01953125
0 0.2078125 0.408203125 0.015625 0.01953125
0 0.20625 0.4453125 0.015625 0.01953125
0 0.19375 0.59375 0.015625 0.01953125
0 0.165625 0.59765625 0.015625 0.01953125
0 0.153125 0.603515625 0.015625 0.01953125
0 0.1359375 0.60546875 0.015625 0.01953125
0 0.015625 0.609375 0.015625 0.01953125
0 0.0359375 0.546875 0.015625 0.01953125
0 0.4546875 0.6796875 0.015625 0.01953125
0 0.4421875 0.673828125 0.015625 0.01953125
0 0.384375 0.66015625 0.015625 0.01953125
0 0.3515625 0.685546875 0.015625 0.01953125
0 0.4125 0.640625 0.015625 0.01953125
0 0.4109375 0.580078125 0.015625 0.01953125
0 0.4203125 0.56640625 0.015625 0.01953125
0 0.34375 0.515625 0.015625 0.01953125
0 0.3578125 0.5078125 0.015625 0.01953125
0 0.328125 0.515625 0.015625 0.01953125
0 0.309375 0.517578125 0.015625 0.01953125
0 0.24375 0.53515625 0.015625 0.01953125
0 0.2203125 0.54296875 0.015625 0.01953125
0 0.2578125 0.54296875 0.015625 0.01953125
0 0.10625 0.525390625 0.015625 0.01953125
0 0.1125 0.484375 0.015625 0.01953125
0 0.059375 0.462890625 0.015625 0.01953125
0 0.1609375 0.453125 0.015625 0.01953125
0 0.4484375 0.498046875 0.015625 0.01953125
0 0.4078125 0.4921875 0.015625 0.01953125
0 0.43125 0.455078125 0.015625 0.01953125
0 0.4890625 0.3828125 0.015625 0.01953125
0 0.54375 0.322265625 0.015625 0.01953125
0 0.5359375 0.330078125 0.015625 0.01953125
0 0.525 0.3046875 0.015625 0.01953125
0 0.540625 0.36328125 0.015625 0.01953125
0 0.5609375 0.359375 0.015625 0.01953125
0 0.6484375 0.306640625 0.015625 0.01953125
0 0.675 0.296875 0.015625 0.01953125
0 0.6359375 0.29296875 0.015625 0.01953125
0 0.75 0.22265625 0.015625 0.01953125
0 0.746875 0.23828125 0.015625 0.01953125
0 0.8890625 0.298828125 0.015625 0.01953125
0 0.8828125 0.25390625 0.015625 0.01953125
0 0.8296875 0.22265625 0.015625 0.01953125
0 0.9015625 0.2421875 0.015625 0.01953125
0 0.8796875 0.373046875 0.015625 0.01953125
0 0.865625 0.396484375 0.015625 0.01953125
0 0.878125 0.41796875 0.015625 0.01953125
0 0.6890625 0.5234375 0.015625 0.01953125
0 0.6203125 0.58984375 0.015625 0.01953125
0 0.5796875 0.619140625 0.015625 0.01953125
0 0.51875 0.6640625 0.015625 0.01953125
0 0.5390625 0.671875 0.015625 0.01953125
0 0.4640625 0.634765625 0.015625 0.01953125
0 0.71875 0.69921875 0.015625 0.01953125
0 0.71875 0.6796875 0.015625 0.01953125
0 0.703125 0.666015625 0.015625 0.01953125
0 0.7296875 0.66015625 0.015625 0.01953125
0 0.7375 0.638671875 0.015625 0.01953125
0 0.7828125 0.587890625 0.015625 0.01953125
0 0.76875 0.59375 0.015625 0.01953125
0 0.84375 0.63671875 0.015625 0.01953125
0 0.7984375 0.716796875 0.015625 0.01953125
0 0.753125 0.740234375 0.015625 0.01953125
0 0.7671875 0.853515625 0.015625 0.01953125
0 0.7546875 0.966796875 0.015625 0.01953125
0 0.4515625 0.974609375 0.015625 0.01953125
0 0.85625 0.9453125 0.015625 0.01953125
0 0.8828125 0.916015625 0.015625 0.01953125
0 0.9140625 0.943359375 0.015625 0.01953125
0 0.8875 0.978515625 0.015625 0.01953125
0 0.9625 0.8203125 0.015625 0.01953125
0 0.934375 0.75390625 0.015625 0.01953125
0 0.953125 0.734375 0.015625 0.01953125
0 0.9796875 0.755859375 0.015625 0.01953125
0 0.9546875 0.693359375 0.015625 0.01953125
0 0.93125 0.69140625 0.015625 0.01953125
0 0.91875 0.697265625 0.015625 0.01953125
0 0.8671875 0.689453125 0.015625 0.01953125
0 0.828125 0.701171875 0.015625 0.01953125
0 0.8125 0.734375 0.015625 0.01953125
0 0.953125 0.501953125 0.015625 0.01953125
