0 0.1890625 0.484375 0.015625 0.01953125
0 0.171875 0.484375 0.015625 0.01953125
0 0.1828125 0.431640625 0.015625 0.01953125
0 0.2359375 0.404296875 0.015625 0.01953125
0 0.046875 0.6484375 0.015625 0.01953125
0 0.03125 0.8203125 0.015625 0.01953125
0 0.0859375 0.9296875 0.015625 0.01953125
0 0.0984375 0.9140625 0.015625 0.01953125
0 0.109375 0.876953125 0.015625 0.01953125
0 0.1125 0.919921875 0.015625 0.01953125
0 0.1234375 0.9375 0.015625 0.01953125
0 0.1390625 0.953125 0.015625 0.01953125
0 0.128125 0.966796875 0.015625 0.01953125
0 0.115625 0.947265625 0.015625 0.01953125
0 0.10625 0.970703125 0.015625 0.01953125
0 0.196875 0.837890625 0.015625 0.01953125
0 0.20625 0.822265625 0.015625 0.01953125
0 0.225 0.83203125 0.015625 0.01953125
0 0.3390625 0.736328125 0.015625 0.01953125
0 0.3265625 0.71875 0.015625 0.01953125
0 0.603125 0.873046875 0.015625 0.01953125
0 0.421875 0.900390625 0.015625 0.01953125
0 0.5671875 0.740234375 0.015625 0.01953125
0 0.6078125 0.794921875 0.015625 0.01953125
0 0.6125 0.728515625 0.015625 0.01953125
0 0.50625 0.630859375 0.015625 0.01953125
0 0.0484375 0.232421875 0.015625 0.01953125
0 0.1453125 0.19921875 0.015625 0.01953125
0 0.128125 0.251953125 0.015625 0.01953125
0 0.2046875 0.205078125 0.015625 0.01953125
0 0.228125 0.173828125 0.015625 0.01953125
0 0.2421875 0.19921875 0.015625 0.01953125
0 0.2109375 0.171875 0.015625 0.01953125
0 0.321875 0.23828125 0.015625 0.01953125
0 0.253125 0.255859375 0.015625 0.01953125
0 0.234375 0.26953125 0.015625 0.01953125
0 0.2984375 0.208984375 0.015625 0.01953125
0 0.3484375 0.24609375 0.015625 0.01953125
0 0.375 0.291015625 0.015625 0.01953125
0 0.153125 0.33984375 0.015625 0.01953125
0 0.1640625 0.3359375 0.015625 0.01953125
0 0.36875 0.322265625 0.015625 0.01953125
0 0.346875 0.36328125 0.015625 0.01953125
0 0.30625 0.390625 0.015625 0.01953125
0 0.296875 0.42578125 0.015625 0.01953125
0 0.215625 0.369140625 0.015625 0.01953125
0 0.3953125 0.3671875 0.015625 0.01953125
0 0.3953125 0.404296875 0.015625 0.01953125
0 0.446875 0.390625 0.015625 0.01953125
0 0.49375 0.33984375 0.015625 0.01953125
0 0.525 0.388671875 0.015625 0.01953125
0 0.5359375 0.3125 0.015625 0.01953125
0 0.48125 0.259765625 0.015625 0.01953125
0 0.4359375 0.240234375 0.015625 0.01953125
0 0.459375 0.234375 0.015625 0.01953125
0 0.4453125 0.21484375 0.015625 0.01953125
0 0.40625 0.228515625 0.015625 0.01953125
0 0.465625 0.087890625 0.015625 0.01953125
0 0.496875 0.107421875 0.015625 0.01953125
0 0.4953125 0.134765625 0.015625 0.01953125
0 0.4703125 0.15234375 0.015625 0.01953125
0 0.5328125 0.146484375 0.015625 0.01953125
0 0.521875 0.181640625 0.015625 0.01953125
0 0.5375 0.11328125 0.015625 0.01953125
0 0.521875 0.09765625 0.015625 0.01953125
0 0.6203125 0.107421875 0.015625 0.01953125
0 0.6625 0.091796875 0.015625 0.01953125
0 0.6796875 0.07421875 0.015625 0.01953125
0 0.6640625 0.1484375 0.015625 0.01953125
0 0.6640625 0.21484375 0.015625 0.01953125
0 0.6640625 0.267578125 0.015625 0.01953125
0 0.6703125 0.32421875 0.015625 0.01953125
0 0.653125 0.3515625 0.015625 0.01953125
0 0.6484375 0.3671875 0.015625 0.01953125
0 0.6375 0.384765625 0.015625 0.01953125
0 0.6453125 0.400390625 0.015625 0.01953125
0 0.61875 0.3671875 0.015625 0.01953125
0 0.6125 0.3125 0.015625 0.01953125
0 0.7296875 0.359375 0.015625 0.01953125
0 0.7109375 0.404296875 0.015625 0.01953125
0 0.7046875 0.427734375 0.015625 0.01953125
0 0.678125 0.431640625 0.015625 0.01953125
0 0.746875 0.544921875 0.015625 0.01953125
0 0.7390625 0.64453125 0.015625 0.01953125
0 0.703125 0.796875 0.015625 0.01953125
0 0.6890625 0.794921875 0.015625 0.01953125
0 0.8140625 0.947265625 0.015625 0.01953125
0 0.840625 0.939453125 0.015625 0.01953125
0 0.846875 0.9609375 0.015625 0.01953125
0 0.8796875 0.8515625 0.015625 0.01953125
0 0.93125 0.935546875 0.015625 0.01953125
0 0.95625 0.90625 0.015625 0.01953125
0 0.94375 0.814453125 0.015625 0.01953125
0 0.878125 0.626953125 0.015625 0.01953125
0 0.8375 0.6640625 0.015625 0.01953125
0 0.8171875 0.619140625 0.015625 0.01953125
0 0.8453125 0.59375 0.015625 0.01953125
0 0.8546875 0.478515625 0.015625 0.01953125
0 0.8765625 0.466796875 0.015625 0.01953125
0 0.8515625 0.447265625 0.015625 0.01953125
0 0.8640625 0.4296875 0.015625 0.01953125
0 0.878125 0.41796875 0.015625 0.01953125
0 0.8734375 0.3984375 0.015625 0.01953125
0 0.9578125 0.416015625 0.015625 0.01953125
0 0.94375 0.451171875 0.015625 0.01953125
0 0.94375 0.515625 0.015625 0.01953125
0 0.9265625 0.51171875 0.015625 0.01953125
0 0.975 0.537109375 0.015625 0.01953125
0 0.634375 0.06640625 0.015625 0.01953125
0 0.7046875 0.06640625 0.015625 0.01953125
0 0.7140625 0.16796875 0.015625 0.01953125
0 0.85 0.05859375 0.015625 0.01953125
0 0.834375 0.130859375 0.015625 0.01953125
0 0.828125 0.162109375 0.015625 0.01953125
0 0.8421875 0.15625 0.015625 0.01953125
0 0.8796875 0.072265625 0.015625 0.01953125
0 0.8609375 0.033203125 0.015625 0.01953125
0 0.85 0.0390625 0.015625 0.01953125
0 0.959375 0.287109375 0.015625 0.01953125
0 0.9453125 0.3828125 0.015625 0.01953125
0 0.8890625 0.287109375 0.015625 0.01953125
0 0.05 0.345703125 0.015625 0.01953125
0 0.184375 0.33203125 0.015625 0.01953125
0 0.2109375 0.326171875 0.015625 0.01953125
