0 0.0203125 0.08984375 0.015625 0.01953125
0 0.0265625 0.111328125 0.015625 0.01953125
0 0.01875 0.138671875 0.015625 0.01953125
0 0.03125 0.15234375 0.015625 0.01953125
0 0.0421875 0.173828125 0.015625 0.01953125
0 0.0890625 0.15234375 0.015625 0.01953125
0 0.103125 0.1328125 0.015625 0.01953125
0 0.084375 0.115234375 0.015625 0.01953125
0 0.11875 0.091796875 0.015625 0.01953125
0 0.1484375 0.064453125 0.015625 0.01953125
0 0.23125 0.0703125 0.015625 0.01953125
0 0.2484375 0.080078125 0.015625 0.01953125
0 0.215625 0.099609375 0.015625 0.01953125
0 0.23125 0.095703125 0.015625 0.01953125
0 0.2125 0.12109375 0.015625 0.01953125
0 0.2421875 0.111328125 0.015625 0.01953125
0 0.3390625 0.0625 0.015625 0.01953125
0 0.34375 0.037109375 0.015625 0.01953125
0 0.3125 0.12109375 0.015625 0.01953125
0 0.4203125 0.142578125 0.015625 0.01953125
0 0.4453125 0.111328125 0.015625 0.01953125
0 0.459375 0.072265625 0.015625 0.01953125
0 0.4703125 0.056640625 0.015625 0.01953125
0 0.509375 0.115234375 0.015625 0.01953125
0 0.4890625 0.080078125 0.015625 0.01953125
0 0.471875 0.095703125 0.015625 0.01953125
0 0.475 0.15625 0.015625 0.01953125
0 0.4828125 0.203125 0.015625 0.01953125
0 0.38125 0.25 0.015625 0.01953125
0 0.365625 0.220703125 0.015625 0.01953125
0 0.3328125 0.23828125 0.015625 0.01953125
0 0.3484375 0.2734375 0.015625 0.01953125
0 0.2234375 0.44140625 0.015625 0.01953125
0 0.2421875 0.455078125 0.015625 0.01953125
0 0.1125 0.423828125 0.015625 0.01953125
0 0.1453125 0.45703125 0.015625 0.01953125
0 0.1046875 0.712890625 0.015625 0.01953125
0 0.115625 0.734375 0.015625 0.01953125
0 0.134375 0.736328125 0.015625 0.01953125
0 0.040625 0.775390625 0.015625 0.01953125
0 0.1984375 0.833984375 0.015625 0.01953125
0 0.33125 0.798828125 0.015625 0.01953125
0 0.3515625 0.818359375 0.015625 0.01953125
0 0.3375 0.705078125 0.015625 0.01953125
0 0.2765625 0.6015625 0.015625 0.01953125
0 0.3734375 0.529296875 0.015625 0.01953125
0 0.3828125 0.546875 0.015625 0.01953125
0 0.4046875 0.521484375 0.015625 0.01953125
0 0.3953125 0.513671875 0.015625 0.01953125
0 0.4671875 0.48046875 0.015625 0.01953125
0 0.40625 0.353515625 0.015625 0.01953125
0 0.253125 0.314453125 0.015625 0.01953125
0 0.2390625 0.216796875 0.015625 0.01953125
0 0.1390625 0.291015625 0.015625 0.01953125
0 0.4453125 0.33203125 0.015625 0.01953125
0 0.4515625 0.3515625 0.015625 0.01953125
0 0.428125 0.36328125 0.015625 0.01953125
0 0.465625 0.33203125 0.015625 0.01953125
0 0.521875 0.216796875 0.015625 0.01953125
0 0.534375 0.2578125 0.015625 0.01953125
0 0.528125 0.1796875 0.015625 0.01953125
0 0.553125 0.169921875 0.015625 0.01953125
0 0.58125 0.111328125 0.015625 0.01953125
0 0.596875 0.1328125 0.015625 0.01953125
0 0.690625 0.228515625 0.015625 0.01953125
0 0.675 0.259765625 0.015625 0.01953125
0 0.659375 0.279296875 0.015625 0.01953125
0 0.715625 0.275390625 0.015625 0.01953125
0 0.7046875 0.349609375 0.015625 0.01953125
0 0.715625 0.384765625 0.015625 0.01953125
0 0.69375 0.38671875 0.015625 0.01953125
0 0.6796875 0.404296875 0.015625 0.01953125
0 0.6703125 0.421875 0.015625 0.01953125
0 0.646875 0.466796875 0.015625 0.01953125
0 0.6234375 0.478515625 0.015625 0.01953125
0 0.5375 0.501953125 0.015625 0.01953125
0 0.4859375 0.6953125 0.015625 0.01953125
0 0.365625 0.72265625 0.015625 0.01953125
0 0.4890625 0.7421875 0.015625 0.01953125
0 0.3984375 0.91015625 0.015625 0.01953125
0 0.5109375 0.966796875 0.015625 0.01953125
0 0.521875 0.80078125 0.015625 0.01953125
0 0.546875 0.8671875 0.015625 0.01953125
0 0.61875 0.80078125 0.015625 0.01953125
0 0.6359375 0.787109375 0.015625 0.01953125
0 0.646875 0.76953125 0.015625 0.01953125
0 0.6515625 0.720703125 0.015625 0.01953125
0 0.615625 0.650390625 0.015625 0.01953125
0 0.5984375 0.609375 0.015625 0.01953125
0 0.5953125 0.5859375 0.015625 0.01953125
0 0.5609375 0.552734375 0.015625 0.01953125
0 0.6796875 0.5546875 0.015625 0.01953125
0 0.6953125 0.548828125 0.015625 0.01953125
0 0.7234375 0.498046875 0.015625 0.01953125
0 0.7375 0.490234375 0.015625 0.01953125
0 0.7203125 0.4140625 0.015625 0.01953125
0 0.78125 0.40625 0.015625 0.01953125
0 0.775 0.2109375 0.015625 0.01953125
0 0.7609375 0.22265625 0.015625 0.01953125
0 0.7828125 0.25 0.015625 0.01953125
0 0.7984375 0.29296875 0.015625 0.01953125
0 0.85625 0.3203125 0.015625 0.01953125
0 0.834375 0.3515625 0.015625 0.01953125
0 0.709375 0.07421875 0.015625 0.01953125
0 0.690625 0.1015625 0.015625 0.01953125
0 0.7140625 0.146484375 0.015625 0.01953125
0 0.725 0.12109375 0.015625 0.01953125
0 0.734375 0.140625 0.015625 0.01953125
0 0.7359375 0.166015625 0.015625 0.01953125
0 0.584375 0.01953125 0.015625 0.01953125
0 0.5703125 0.021484375 0.015625 0.01953125
0 0.6171875 0.025390625 0.015625 0.01953125
0 0.546875 0.041015625 0.015625 0.01953125
0 0.540625 0.0234375 0.015625 0.01953125
0 0.9578125 0.541015625 0.015625 0.01953125
0 0.9734375 0.533203125 0.015625 0.01953125
0 0.946875 0.501953125 0.015625 0.01953125
0 0.9328125 0.47265625 0.015625 0.01953125
0 0.9171875 0.486328125 0.015625 0.01953125
0 0.9453125 0.47265625 0.015625 0.01953125
0 0.9359375 0.435546875 0.015625 0.01953125
0 0.9734375 0.48046875 0.015625 0.01953125
0 0.984375 0.48828125 0.015625 0.01953125
0 0.990625 0.4921875 0.015625 0.01953125
0 0.9765625 0.6171875 0.015625 0.01953125
0 0.990625 0.65625 0.015625 0.01953125
0 0.9734375 0.669921875 0.015625 0.01953125
0 0.9625 0.6875 0.015625 0.01953125
0 0.95 0.67578125 0.015625 0.01953125
0 0.9359375 0.65625 0.015625 0.01953125
0 0.8921875 0.58203125 0.015625 0.01953125
0 0.9015625 0.546875 0.015625 0.01953125
0 0.8609375 0.556640625 0.015625 0.01953125
0 0.84375 0.572265625 0.015625 0.01953125
0 0.8265625 0.53125 0.015625 0.01953125
0 0.8 0.509765625 0.015625 0.01953125
0 0.7890625 0.533203125 0.015625 0.01953125
0 0.753125 0.546875 0.015625 0.01953125
0 0.7609375 0.671875 0.015625 0.01953125
0 0.728125 0.732421875 0.015625 0.01953125
0 0.7125 0.732421875 0.015625 0.01953125
0 0.6703125 0.740234375 0.015625 0.01953125
0 0.7 0.7578125 0.015625 0.01953125
0 0.7234375 0.83984375 0.015625 0.01953125
0 0.6921875 0.91796875 0.015625 0.01953125
0 0.6859375 0.9765625 0.015625 0.01953125
0 0.9375 0.732421875 0.015625 0.01953125
0 0.9671875 0.73828125 0.015625 0.01953125
0 0.95 0.732421875 0.015625 0.01953125
0 0.975 0.734375 0.015625 0.01953125
0 0.9296875 0.671875 0.015625 0.01953125
0 0.846875 0.654296875 0.015625 0.01953125
0 0.8359375 0.638671875 0.015625 0.01953125
0 0.9875 0.76171875 0.015625 0.01953125
0 0.0015625 0.69140625 0.015625 0.01953125
0 0.1609375 0.51953125 0.015625 0.01953125
0 0.0171875 0.6015625 0.015625 0.01953125
0 0.1578125 0.400390625 0.015625 0.01953125
