0 0.2390625 0.111328125 0.015625 0.01953125
0 0.315625 0.04296875 0.015625 0.01953125
0 0.3265625 0.080078125 0.015625 0.01953125
0 0.346875 0.029296875 0.015625 0.01953125
0 0.3734375 0.0546875 0.015625 0.01953125
0 0.425 0.013671875 0.015625 0.01953125
0 0.459375 0.01171875 0.015625 0.01953125
0 0.4359375 0.07421875 0.015625 0.01953125
0 0.440625 0.119140625 0.015625 0.01953125
0 0.4328125 0.138671875 0.015625 0.01953125
0 0.4125 0.13671875 0.015625 0.01953125
0 0.4078125 0.16015625 0.015625 0.01953125
0 0.3984375 0.134765625 0.015625 0.01953125
0 0.3734375 0.27734375 0.015625 0.01953125
0 0.3765625 0.310546875 0.015625 0.01953125
0 0.3421875 0.294921875 0.015625 0.01953125
0 0.2640625 0.37109375 0.015625 0.01953125
0 0.2234375 0.240234375 0.015625 0.01953125
0 0.2171875 0.232421875 0.015625 0.01953125
0 0.15 0.208984375 0.015625 0.01953125
0 0.1140625 0.212890625 0.015625 0.01953125
0 0.1296875 0.2421875 0.015625 0.01953125
0 0.15625 0.30859375 0.015625 0.01953125
0 0.0125 0.380859375 0.015625 0.01953125
0 0.0125 0.478515625 0.015625 0.01953125
0 0.0453125 0.46875 0.015625 0.01953125
0 0.0421875 0.537109375 0.015625 0.01953125
0 0.1 0.478515625 0.015625 0.01953125
0 0.1 0.505859375 0.015625 0.01953125
0 0.1109375 0.490234375 0.015625 0.01953125
0 0.1328125 0.51171875 0.015625 0.01953125
0 0.190625 0.59765625 0.015625 0.01953125
0 0.1765625 0.60546875 0.015625 0.01953125
0 0.225 0.818359375 0.015625 0.01953125
0 0.14375 0.83203125 0.015625 0.01953125
0 0.1140625 0.97265625 0.015625 0.01953125
0 0.1875 0.98046875 0.015625 0.01953125
0 0.20625 0.96875 0.015625 0.01953125
0 0.309375 0.890625 0.015625 0.01953125
0 0.3296875 0.75 0.015625 0.01953125
0 0.3171875 0.576171875 0.015625 0.01953125
0 0.340625 0.5703125 0.015625 0.01953125
0 0.346875 0.482421875 0.015625 0.01953125
0 0.4109375 0.509765625 0.015625 0.01953125
0 0.4421875 0.623046875 0.015625 0.01953125
0 0.425 0.62890625 0.015625 0.01953125
0 0.4140625 0.673828125 0.015625 0.01953125
0 0.5 0.705078125 0.015625 0.01953125
0 0.45625 0.736328125 0.015625 0.01953125
0 0.525 0.759765625 0.015625 0.01953125
0 0.484375 0.783203125 0.015625 0.01953125
0 0.5 0.96484375 0.015625 0.01953125
0 0.421875 0.9765625 0.015625 0.01953125
0 0.3703125 0.896484375 0.015625 0.01953125
0 0.596875 0.83203125 0.015625 0.01953125
0 0.61875 0.90625 0.015625 0.01953125
0 0.5390625 0.822265625 0.015625 0.01953125
0 0.640625 0.68359375 0.015625 0.01953125
0 0.63125 0.578125 0.015625 0.01953125
0 0.6484375 0.556640625 0.015625 0.01953125
0 0.615625 0.5390625 0.015625 0.01953125
0 0.546875 0.564453125 0.015625 0.01953125
0 0.4984375 0.5546875 0.015625 0.01953125
0 0.471875 0.466796875 0.015625 0.01953125
0 0.4359375 0.259765625 0.015625 0.01953125
0 0.44375 0.263671875 0.015625 0.01953125
0 0.496875 0.25 0.015625 0.01953125
0 0.590625 0.216796875 0.015625 0.01953125
0 0.5609375 0.28515625 0.015625 0.01953125
0 0.571875 0.326171875 0.015625 0.01953125
0 0.5484375 0.30859375 0.015625 0.01953125
0 0.5359375 0.14453125 0.015625 0.01953125
0 0.5484375 0.083984375 0.015625 0.01953125
0 0.5859375 0.05859375 0.015625 0.01953125
0 0.640625 0.10546875 0.015625 0.01953125
0 0.6703125 0.126953125 0.015625 0.01953125
0 0.64375 0.138671875 0.015625 0.01953125
0 0.6328125 0.162109375 0.015625 0.01953125
0 0.60625 0.1640625 0.015625 0.01953125
0 0.7296875 0.208984375 0.015625 0.01953125
0 0.69375 0.244140625 0.015625 0.01953125
0 0.6875 0.2578125 0.015625 0.01953125
0 0.6640625 0.302734375 0.015625 0.01953125
0 0.6140625 0.251953125 0.015625 0.01953125
0 0.6765625 0.33984375 0.015625 0.01953125
0 0.5984375 0.3671875 0.015625 0.01953125
0 0.525 0.37890625 0.015625 0.01953125
0 0.6640625 0.427734375 0.015625 0.01953125
0 0.6453125 0.447265625 0.015625 0.01953125
0 0.625 0.4609375 0.015625 0.01953125
0 0.671875 0.505859375 0.015625 0.01953125
0 0.6890625 0.4921875 0.015625 0.01953125
0 0.7078125 0.521484375 0.015625 0.01953125
0 0.7578125 0.826171875 0.015625 0.01953125
0 0.8015625 0.810546875 0.015625 0.01953125
0 0.79375 0.826171875 0.015625 0.01953125
0 0.83125 0.84375 0.015625 0.01953125
0 0.859375 0.783203125 0.015625 0.01953125
0 0.8796875 0.796875 0.015625 0.01953125
0 0.9109375 0.83203125 0.015625 0.01953125
0 0.86875 0.98828125 0.015625 0.01953125
0 0.953125 0.490234375 0.015625 0.01953125
0 0.9390625 0.501953125 0.015625 0.01953125
0 0.9046875 0.46875 0.015625 0.01953125
0 0.9234375 0.458984375 0.015625 0.01953125
0 0.890625 0.431640625 0.015625 0.01953125
0 0.8671875 0.447265625 0.015625 0.01953125
0 0.88125 0.43359375 0.015625 0.01953125
0 0.8734375 0.40234375 0.015625 0.01953125
0 0.8546875 0.384765625 0.015625 0.01953125
0 0.9 0.40234375 0.015625 0.01953125
0 0.8875 0.40625 0.015625 0.01953125
0 0.8921875 0.37109375 0.015625 0.01953125
0 0.9015625 0.365234375 0.015625 0.01953125
0 0.9046875 0.34765625 0.015625 0.01953125
0 0.8875 0.3359375 0.015625 0.01953125
0 0.909375 0.314453125 0.015625 0.01953125
0 0.865625 0.26953125 0.015625 0.01953125
0 0.88125 0.259765625 0.015625 0.01953125
0 0.9 0.259765625 0.015625 0.01953125
0 0.9140625 0.259765625 0.015625 0.01953125
0 0.925 0.26171875 0.015625 0.01953125
0 0.9515625 0.26953125 0.015625 0.01953125
0 0.9484375 0.283203125 0.015625 0.01953125
0 0.928125 0.306640625 0.015625 0.01953125
0 0.89375 0.22265625 0.015625 0.01953125
0 0.8265625 0.27734375 0.015625 0.01953125
0 0.7828125 0.279296875 0.015625 0.01953125
0 0.765625 0.287109375 0.015625 0.01953125
0 0.7359375 0.248046875 0.015625 0.01953125
0 0.7265625 0.255859375 0.015625 0.01953125
0 0.775 0.244140625 0.015625 0.01953125
0 0.8078125 0.189453125 0.015625 0.01953125
0 0.8328125 0.16015625 0.015625 0.01953125
0 0.8078125 0.115234375 0.015625 0.01953125
0 0.75625 0.09765625 0.015625 0.01953125
0 0.7484375 0.05859375 0.015625 0.01953125
0 0.7390625 0.0234375 0.015625 0.01953125
0 0.7265625 0.029296875 0.015625 0.01953125
0 0.6765625 0.00390625 0.015625 0.01953125
0 0.984375 0.431640625 0.015625 0.01953125
0 0.8078125 0.427734375 0.015625 0.01953125
0 0.79375 0.419921875 0.015625 0.01953125
0 0.71875 0.3828125 0.015625 0.01953125
0 0.9578125 0.3515625 0.015625 0.01953125
0 0.7953125 0.15234375 0.015625 0.01953125
0 0.1609375 0.060546875 0.015625 0.01953125
0 0.2328125 0.029296875 0.015625 0.01953125
