0 0.0203125 0.244140625 0.015625 0.01953125
0 0.03125 0.23046875 0.015625 0.01953125
0 0.0625 0.22265625 0.015625 0.01953125
0 0.0546875 0.279296875 0.015625 0.01953125
0 0.103125 0.228515625 0.015625 0.01953125
0 0.134375 0.236328125 0.015625 0.01953125
0 0.1546875 0.23828125 0.015625 0.01953125
0 0.31875 0.306640625 0.015625 0.01953125
0 0.3328125 0.31640625 0.015625 0.01953125
0 0.1953125 0.3203125 0.015625 0.01953125
0 0.0859375 0.607421875 0.015625 0.01953125
0 0.190625 0.66796875 0.015625 0.01953125
0 0.209375 0.6484375 0.015625 0.01953125
0 0.20625 0.681640625 0.015625 0.01953125
0 0.2234375 0.6875 0.015625 0.01953125
0 0.2265625 0.74609375 0.015625 0.01953125
0 0.15625 0.513671875 0.015625 0.01953125
0 0.225 0.51953125 0.015625 0.01953125
0 0.3421875 0.5390625 0.015625 0.01953125
0 0.346875 0.64453125 0.015625 0.01953125
0 0.3640625 0.654296875 0.015625 0.01953125
0 0.278125 0.7265625 0.015625 0.01953125
0 0.2875 0.77734375 0.015625 0.01953125
0 0.2203125 0.921875 0.015625 0.01953125
0 0.0203125 0.92578125 0.015625 0.01953125
0 0.021875 0.90625 0.015625 0.01953125
0 0.3203125 0.880859375 0.015625 0.01953125
0 0.340625 0.865234375 0.015625 0.01953125
0 0.4203125 0.83984375 0.015625 0.01953125
0 0.4015625 0.8359375 0.015625 0.01953125
0 0.390625 0.802734375 0.015625 0.01953125
0 0.3640625 0.744140625 0.015625 0.01953125
0 0.38125 0.71875 0.015625 0.01953125
0 0.4171875 0.583984375 0.015625 0.01953125
0 0.38125 0.53515625 0.015625 0.01953125
0 0.35 0.404296875 0.015625 0.01953125
0 0.346875 0.263671875 0.015625 0.01953125
0 0.3453125 0.234375 0.015625 0.01953125
0 0.2625 0.13671875 0.015625 0.01953125
0 0.1546875 0.005859375 0.015625 0.01953125
0 0.121875 0.0 0.015625 0.01953125
0 0.2328125 0.041015625 0.015625 0.01953125
0 0.2234375 0.0234375 0.015625 0.01953125
0 0.3328125 0.033203125 0.015625 0.01953125
0 0.378125 0.060546875 0.015625 0.01953125
0 0.3796875 0.0859375 0.015625 0.01953125
0 0.425 0.041015625 0.015625 0.01953125
0 0.4359375 0.04296875 0.015625 0.01953125
0 0.55 0.041015625 0.015625 0.01953125
0 0.5890625 0.037109375 0.015625 0.01953125
0 0.5921875 0.095703125 0.015625 0.01953125
0 0.575 0.103515625 0.015625 0.01953125
0 0.63125 0.11328125 0.015625 0.01953125
0 0.659375 0.119140625 0.015625 0.01953125
0 0.609375 0.17578125 0.015625 0.01953125
0 0.621875 0.16796875 0.015625 0.01953125
0 0.653125 0.1953125 0.015625 0.01953125
0 0.6625 0.2265625 0.015625 0.01953125
0 0.615625 0.259765625 0.015625 0.01953125
0 0.5421875 0.25 0.015625 0.01953125
0 0.6109375 0.37109375 0.015625 0.01953125
0 0.63125 0.361328125 0.015625 0.01953125
0 0.6484375 0.34375 0.015625 0.01953125
0 0.671875 0.29296875 0.015625 0.01953125
0 0.690625 0.20703125 0.015625 0.01953125
0 0.6828125 0.099609375 0.015625 0.01953125
0 0.653125 0.04296875 0.015625 0.01953125
0 0.6421875 0.017578125 0.015625 0.01953125
0 0.6703125 0.013671875 0.015625 0.01953125
0 0.6890625 0.017578125 0.015625 0.01953125
0 0.7 0.005859375 0.015625 0.01953125
0 0.7171875 0.013671875 0.015625 0.01953125
0 0.6859375 0.044921875 0.015625 0.01953125
0 0.765625 0.021484375 0.015625 0.01953125
0 0.8 0.052734375 0.015625 0.01953125
0 0.503125 0.458984375 0.015625 0.01953125
0 0.4546875 0.416015625 0.015625 0.01953125
0 0.4234375 0.326171875 0.015625 0.01953125
0 0.4515625 0.322265625 0.015625 0.01953125
0 0.465625 0.318359375 0.015625 0.01953125
0 0.4875 0.314453125 0.015625 0.01953125
0 0.4765625 0.240234375 0.015625 0.01953125
0 0.475 0.15625 0.015625 0.01953125
0 0.5890625 0.478515625 0.015625 0.01953125
0 0.6015625 0.525390625 0.015625 0.01953125
0 0.63125 0.5546875 0.015625 0.01953125
0 0.5078125 0.673828125 0.015625 0.01953125
0 0.4703125 0.623046875 0.015625 0.01953125
0 0.4703125 0.74609375 0.015625 0.01953125
0 0.5640625 0.705078125 0.015625 0.01953125
0 0.5765625 0.83984375 0.015625 0.01953125
0 0.7359375 0.72265625 0.015625 0.01953125
0 0.7796875 0.67578125 0.015625 0.01953125
0 0.7734375 0.666015625 0.015625 0.01953125
0 0.675 0.6484375 0.015625 0.01953125
0 0.721875 0.5234375 0.015625 0.01953125
0 0.7578125 0.525390625 0.015625 0.01953125
0 0.809375 0.513671875 0.015625 0.01953125
0 0.85 0.51953125 0.015625 0.01953125
0 0.8671875 0.529296875 0.015625 0.01953125
0 0.8875 0.5234375 0.015625 0.01953125
0 0.8875 0.556640625 0.015625 0.01953125
0 0.9453125 0.716796875 0.015625 0.01953125
0 0.9375 0.69921875 0.015625 0.01953125
0 0.925 0.697265625 0.015625 0.01953125
0 0.928125 0.724609375 0.015625 0.01953125
0 0.8921875 0.705078125 0.015625 0.01953125
0 0.896875 0.748046875 0.015625 0.01953125
0 0.89375 0.837890625 0.015625 0.01953125
0 0.8390625 0.869140625 0.015625 0.01953125
0 0.8203125 0.994140625 0.015625 0.01953125
0 0.65625 0.908203125 0.015625 0.01953125
0 0.4734375 0.888671875 0.015625 0.01953125
0 0.45625 0.8515625 0.015625 0.01953125
0 0.865625 0.181640625 0.015625 0.01953125
0 0.871875 0.1796875 0.015625 0.01953125
0 0.8453125 0.15625 0.015625 0.01953125
0 0.83125 0.181640625 0.015625 0.01953125
0 0.834375 0.166015625 0.015625 0.01953125
0 0.8015625 0.16796875 0.015625 0.01953125
0 0.80625 0.14453125 0.015625 0.01953125
0 0.790625 0.140625 0.015625 0.01953125
0 0.80625 0.123046875 0.015625 0.01953125
0 0.8265625 0.134765625 0.015625 0.01953125
0 0.8421875 0.134765625 0.015625 0.01953125
0 0.871875 0.091796875 0.015625 0.01953125
0 0.89375 0.08203125 0.015625 0.01953125
0 0.9 0.064453125 0.015625 0.01953125
0 0.8953125 0.037109375 0.015625 0.01953125
0 0.884375 0.0390625 0.015625 0.01953125
0 0.8671875 0.041015625 0.015625 0.01953125
0 0.8625 0.037109375 0.015625 0.01953125
0 0.84375 0.041015625 0.015625 0.01953125
0 0.834375 0.041015625 0.015625 0.01953125
0 0.8296875 0.068359375 0.015625 0.01953125
0 0.828125 0.08203125 0.015625 0.01953125
0 0.8125 0.08203125 0.015625 0.01953125
0 0.8640625 0.06640625 0.015625 0.01953125
0 0.915625 0.115234375 0.015625 0.01953125
0 0.9078125 0.15234375 0.015625 0.01953125
0 0.95 0.15625 0.015625 0.01953125
0 0.95625 0.169921875 0.015625 0.01953125
0 0.953125 0.240234375 0.015625 0.01953125
0 0.9578125 0.361328125 0.015625 0.01953125
0 0.16875 0.0859375 0.015625 0.01953125
