0 0.121875 0.720703125 0.015625 0.01953125
0 0.0796875 0.736328125 0.015625 0.01953125
0 0.05 0.7109375 0.015625 0.01953125
0 0.090625 0.548828125 0.015625 0.01953125
0 0.075 0.5546875 0.015625 0.01953125
0 0.0203125 0.544921875 0.015625 0.01953125
0 0.0015625 0.59765625 0.015625 0.01953125
0 0.1609375 0.763671875 0.015625 0.01953125
0 0.259375 0.869140625 0.015625 0.01953125
0 0.259375 0.84375 0.015625 0.01953125
0 0.240625 0.841796875 0.015625 0.01953125
0 0.225 0.859375 0.015625 0.01953125
0 0.278125 0.830078125 0.015625 0.01953125
0 0.2875 0.873046875 0.015625 0.01953125
0 0.2953125 0.86328125 0.015625 0.01953125
0 0.315625 0.884765625 0.015625 0.01953125
0 0.3359375 0.90234375 0.015625 0.01953125
0 0.3703125 0.837890625 0.015625 0.01953125
0 0.3 0.759765625 0.015625 0.01953125
0 0.3 0.734375 0.015625 0.01953125
0 0.325 0.708984375 0.015625 0.01953125
0 0.346875 0.61328125 0.015625 0.01953125
0 0.3203125 0.544921875 0.015625 0.01953125
0 0.3328125 0.529296875 0.015625 0.01953125
0 0.240625 0.5546875 0.015625 0.01953125
0 0.253125 0.416015625 0.015625 0.01953125
0 0.2328125 0.380859375 0.015625 0.01953125
0 0.2328125 0.353515625 0.015625 0.01953125
0 0.209375 0.376953125 0.015625 0.01953125
0 0.184375 0.34765625 0.015625 0.01953125
0 0.178125 0.2265625 0.015625 0.01953125
0 0.08125 0.263671875 0.015625 0.01953125
0 0.06875 0.0546875 0.015625 0.01953125
0 0.05625 0.0078125 0.015625 0.01953125
0 0.046875 0.017578125 0.015625 0.01953125
0 0.1265625 0.0 0.015625 0.01953125
0 0.140625 0.0078125 0.015625 0.01953125
0 0.1546875 0.015625 0.015625 0.01953125
0 0.134375 0.04296875 0.015625 0.01953125
0 0.1234375 0.01953125 0.015625 0.01953125
0 0.1875 0.009765625 0.015625 0.01953125
0 0.2046875 0.080078125 0.015625 0.01953125
0 0.2046875 0.095703125 0.015625 0.01953125
0 0.3046875 0.04296875 0.015625 0.01953125
0 0.3234375 0.064453125 0.015625 0.01953125
0 0.346875 0.091796875 0.015625 0.01953125
0 0.3359375 0.103515625 0.015625 0.01953125
0 0.321875 0.09375 0.015625 0.01953125
0 0.3515625 0.0078125 0.015625 0.01953125
0 0.3671875 0.111328125 0.015625 0.01953125
0 0.3875 0.212890625 0.015625 0.01953125
0 0.4109375 0.2421875 0.015625 0.01953125
0 0.3796875 0.310546875 0.015625 0.01953125
0 0.365625 0.30859375 0.015625 0.01953125
0 0.3953125 0.3671875 0.015625 0.01953125
0 0.4046875 0.423828125 0.015625 0.01953125
0 0.4171875 0.435546875 0.015625 0.01953125
0 0.3734375 0.421875 0.015625 0.01953125
0 0.425 0.474609375 0.015625 0.01953125
0 0.4140625 0.46875 0.015625 0.01953125
0 0.475 0.455078125 0.015625 0.01953125
0 0.4828125 0.505859375 0.015625 0.01953125
0 0.440625 0.626953125 0.015625 0.01953125
0 0.5078125 0.6875 0.015625 0.01953125
0 0.6109375 0.693359375 0.015625 0.01953125
0 0.6765625 0.8203125 0.015625 0.01953125
0 0.5953125 0.974609375 0.015625 0.01953125
0 0.8234375 0.96484375 0.015625 0.01953125
0 0.809375 0.955078125 0.015625 0.01953125
0 0.79375 0.943359375 0.015625 0.01953125
0 0.85625 0.734375 0.015625 0.01953125
0 0.8578125 0.86328125 0.015625 0.01953125
0 0.8734375 0.869140625 0.015625 0.01953125
0 0.884375 0.841796875 0.015625 0.01953125
0 0.7546875 0.673828125 0.015625 0.01953125
0 0.7171875 0.68359375 0.015625 0.01953125
0 0.640625 0.56640625 0.015625 0.01953125
0 0.628125 0.568359375 0.015625 0.01953125
0 0.578125 0.50390625 0.015625 0.01953125
0 0.5625 0.509765625 0.015625 0.01953125
0 0.5671875 0.376953125 0.015625 0.01953125
0 0.496875 0.34765625 0.015625 0.01953125
0 0.46875 0.38671875 0.015625 0.01953125
0 0.4640625 0.318359375 0.015625 0.01953125
0 0.509375 0.22265625 0.015625 0.01953125
0 0.4625 0.130859375 0.015625 0.01953125
0 0.490625 0.091796875 0.015625 0.01953125
0 0.4828125 0.046875 0.015625 0.01953125
0 0.4625 0.05078125 0.015625 0.01953125
0 0.446875 0.041015625 0.015625 0.01953125
0 0.4890625 0.01953125 0.015625 0.01953125
0 0.6046875 0.0078125 0.015625 0.01953125
0 0.64375 0.009765625 0.015625 0.01953125
0 0.6609375 0.01953125 0.015625 0.01953125
0 0.5890625 0.087890625 0.015625 0.01953125
0 0.5671875 0.158203125 0.015625 0.01953125
0 0.5421875 0.224609375 0.015625 0.01953125
0 0.590625 0.193359375 0.015625 0.01953125
0 0.615625 0.265625 0.015625 0.01953125
0 0.621875 0.357421875 0.015625 0.01953125
0 0.6296875 0.1484375 0.015625 0.01953125
0 0.6453125 0.13671875 0.015625 0.01953125
0 0.6984375 0.25 0.015625 0.01953125
0 0.728125 0.2421875 0.015625 0.01953125
0 0.7515625 0.26171875 0.015625 0.01953125
0 0.759375 0.263671875 0.015625 0.01953125
0 0.796875 0.240234375 0.015625 0.01953125
0 0.8234375 0.244140625 0.015625 0.01953125
0 0.8296875 0.255859375 0.015625 0.01953125
0 0.8421875 0.240234375 0.015625 0.01953125
0 0.846875 0.30078125 0.015625 0.01953125
0 0.85625 0.3984375 0.015625 0.01953125
0 0.8578125 0.44140625 0.015625 0.01953125
0 0.815625 0.455078125 0.015625 0.01953125
0 0.7671875 0.486328125 0.015625 0.01953125
0 0.8953125 0.41796875 0.015625 0.01953125
0 0.8890625 0.40234375 0.015625 0.01953125
0 0.88125 0.40234375 0.015625 0.01953125
0 0.8828125 0.435546875 0.015625 0.01953125
0 0.9546875 0.333984375 0.015625 0.01953125
0 0.9390625 0.109375 0.015625 0.01953125
0 0.928125 0.125 0.015625 0.01953125
0 0.8765625 0.07421875 0.015625 0.01953125
0 0.9125 0.982421875 0.015625 0.01953125
0 0.984375 0.98828125 0.015625 0.01953125
0 0.7234375 0.3828125 0.015625 0.01953125
0 0.696875 0.400390625 0.015625 0.01953125
0 0.68125 0.369140625 0.015625 0.01953125
0 0.6859375 0.37890625 0.015625 0.01953125
0 0.653125 0.31640625 0.015625 0.01953125
