0 0.4203125 0.771484375 0.015625 0.01953125
0 0.28125 0.85546875 0.015625 0.01953125
0 0.2671875 0.875 0.015625 0.01953125
0 0.246875 0.8828125 0.015625 0.01953125
0 0.1625 0.865234375 0.015625 0.01953125
0 0.034375 0.869140625 0.015625 0.01953125
0 0.021875 0.88671875 0.015625 0.01953125
0 0.2828125 0.69140625 0.015625 0.01953125
0 0.1953125 0.52734375 0.015625 0.01953125
0 0.0625 0.509765625 0.015625 0.01953125
0 0.0390625 0.318359375 0.015625 0.01953125
0 0.0625 0.3203125 0.015625 0.01953125
0 0.05625 0.240234375 0.015625 0.01953125
0 0.04375 0.228515625 0.015625 0.01953125
0 0.1125 0.25390625 0.015625 0.01953125
0 0.121875 0.24609375 0.015625 0.01953125
0 0.128125 0.08984375 0.015625 0.01953125
0 0.1484375 0.0859375 0.015625 0.01953125
0 0.1578125 0.091796875 0.015625 0.01953125
0 0.1859375 0.087890625 0.015625 0.01953125
0 0.0453125 0.103515625 0.015625 0.01953125
0 0.0609375 0.037109375 0.015625 0.01953125
0 0.2828125 0.0546875 0.015625 0.01953125
0 0.2921875 0.0859375 0.015625 0.01953125
0 0.30625 0.091796875 0.015625 0.01953125
0 0.303125 0.0546875 0.015625 0.01953125
0 0.321875 0.060546875 0.015625 0.01953125
0 0.3234375 0.037109375 0.015625 0.01953125
0 0.2625 0.255859375 0.015625 0.01953125
0 0.278125 0.234375 0.015625 0.01953125
0 0.3265625 0.3203125 0.015625 0.01953125
0 0.3546875 0.408203125 0.015625 0.01953125
0 0.375 0.412109375 0.015625 0.01953125
0 0.3796875 0.390625 0.015625 0.01953125
0 0.3390625 0.509765625 0.015625 0.01953125
0 0.325 0.49609375 0.015625 0.01953125
0 0.3125 0.509765625 0.015625 0.01953125
0 0.3796875 0.482421875 0.015625 0.01953125
0 0.4828125 0.931640625 0.015625 0.01953125
0 0.4921875 0.94140625 0.015625 0.01953125
0 0.4984375 0.9375 0.015625 0.01953125
0 0.5296875 0.94140625 0.015625 0.01953125
0 0.7140625 0.931640625 0.015625 0.01953125
0 0.725 0.869140625 0.015625 0.01953125
0 0.7375 0.869140625 0.015625 0.01953125
0 0.771875 0.828125 0.015625 0.01953125
0 0.821875 0.75 0.015625 0.01953125
0 0.78125 0.64453125 0.015625 0.01953125
0 0.7859375 0.62109375 0.015625 0.01953125
0 0.778125 0.560546875 0.015625 0.01953125
0 0.7453125 0.642578125 0.015625 0.01953125
0 0.7265625 0.62109375 0.015625 0.01953125
0 0.6546875 0.58203125 0.015625 0.01953125
0 0.6515625 0.552734375 0.015625 0.01953125
0 0.6109375 0.451171875 0.015625 0.01953125
0 0.5828125 0.380859375 0.015625 0.01953125
0 0.5953125 0.375 0.015625 0.01953125
0 0.5125 0.431640625 0.015625 0.01953125
0 0.6546875 0.3203125 0.015625 0.01953125
0 0.6484375 0.28515625 0.015625 0.01953125
0 0.64375 0.267578125 0.015625 0.01953125
0 0.65625 0.263671875 0.015625 0.01953125
0 0.6640625 0.060546875 0.015625 0.01953125
0 0.646875 0.064453125 0.015625 0.01953125
0 0.625 0.025390625 0.015625 0.01953125
0 0.6 0.005859375 0.015625 0.01953125
0 0.6984375 0.0625 0.015625 0.01953125
0 0.0125 0.0546875 0.015625 0.01953125
0 0.0109375 0.025390625 0.015625 0.01953125
0 0.7546875 0.142578125 0.015625 0.01953125
0 0.78125 0.166015625 0.015625 0.01953125
0 0.8109375 0.130859375 0.015625 0.01953125
0 0.8140625 0.09765625 0.015625 0.01953125
0 0.815625 0.03515625 0.015625 0.01953125
0 0.8796875 0.07421875 0.015625 0.01953125
0 0.8859375 0.072265625 0.015625 0.01953125
0 0.915625 0.0703125 0.015625 0.01953125
0 0.9171875 0.171875 0.015625 0.01953125
0 0.915625 0.21875 0.015625 0.01953125
0 0.846875 0.19921875 0.015625 0.01953125
0 0.96875 0.28515625 0.015625 0.01953125
0 0.99375 0.341796875 0.015625 0.01953125
0 0.971875 0.43359375 0.015625 0.01953125
0 0.9453125 0.462890625 0.015625 0.01953125
0 0.9484375 0.453125 0.015625 0.01953125
0 0.975 0.478515625 0.015625 0.01953125
0 0.978125 0.525390625 0.015625 0.01953125
0 0.9609375 0.544921875 0.015625 0.01953125
0 0.9515625 0.55078125 0.015625 0.01953125
0 0.9515625 0.587890625 0.015625 0.01953125
0 0.95 0.611328125 0.015625 0.01953125
0 0.903125 0.634765625 0.015625 0.01953125
0 0.909375 0.62109375 0.015625 0.01953125
0 0.9 0.6015625 0.015625 0.01953125
0 0.871875 0.587890625 0.015625 0.01953125
0 0.8625 0.583984375 0.015625 0.01953125
0 0.88125 0.576171875 0.015625 0.01953125
0 0.871875 0.5703125 0.015625 0.01953125
0 0.8875 0.556640625 0.015625 0.01953125
0 0.896875 0.529296875 0.015625 0.01953125
0 0.8859375 0.50390625 0.015625 0.01953125
0 0.871875 0.505859375 0.015625 0.01953125
0 0.85625 0.50390625 0.015625 0.01953125
0 0.84375 0.52734375 0.015625 0.01953125
0 0.825 0.541015625 0.015625 0.01953125
0 0.815625 0.552734375 0.015625 0.01953125
0 0.8296875 0.5625 0.015625 0.01953125
0 0.7984375 0.5390625 0.015625 0.01953125
0 0.8234375 0.515625 0.015625 0.01953125
0 0.8296875 0.49609375 0.015625 0.01953125
0 0.8609375 0.552734375 0.015625 0.01953125
0 0.8703125 0.53515625 0.015625 0.01953125
0 0.921875 0.501953125 0.015625 0.01953125
0 0.9203125 0.484375 0.015625 0.01953125
0 0.9203125 0.46875 0.015625 0.01953125
0 0.9015625 0.474609375 0.015625 0.01953125
0 0.9 0.462890625 0.015625 0.01953125
0 0.89375 0.453125 0.015625 0.01953125
0 0.596875 0.6796875 0.015625 0.01953125
