0 0.7921875 0.783203125 0.015625 0.01953125
0 0.8109375 0.736328125 0.015625 0.01953125
0 0.8015625 0.748046875 0.015625 0.01953125
0 0.8375 0.83984375 0.015625 0.01953125
0 0.85 0.84375 0.015625 0.01953125
0 0.8640625 0.84765625 0.015625 0.01953125
0 0.8625 0.814453125 0.015625 0.01953125
0 0.934375 0.751953125 0.015625 0.01953125
0 0.8875 0.68359375 0.015625 0.01953125
0 0.9125 0.626953125 0.015625 0.01953125
0 0.9140625 0.57421875 0.015625 0.01953125
0 0.95 0.54296875 0.015625 0.01953125
0 0.4296875 0.859375 0.015625 0.01953125
0 0.384375 0.80859375 0.015625 0.01953125
0 0.253125 0.833984375 0.015625 0.01953125
0 0.234375 0.853515625 0.015625 0.01953125
0 0.2484375 0.8203125 0.015625 0.01953125
0 0.184375 0.861328125 0.015625 0.01953125
0 0.1375 0.826171875 0.015625 0.01953125
0 0.14375 0.826171875 0.015625 0.01953125
0 0.134375 0.76953125 0.015625 0.01953125
0 0.159375 0.794921875 0.015625 0.01953125
0 0.1796875 0.78515625 0.015625 0.01953125
0 0.2078125 0.767578125 0.015625 0.01953125
0 0.2234375 0.751953125 0.015625 0.01953125
0 0.16875 0.677734375 0.015625 0.01953125
0 0.153125 0.69140625 0.015625 0.01953125
0 0.1421875 0.7109375 0.015625 0.01953125
0 0.1203125 0.68359375 0.015625 0.01953125
0 0.14375 0.65625 0.015625 0.01953125
0 0.0765625 0.607421875 0.015625 0.01953125
0 0.0625 0.6171875 0.015625 0.01953125
0 0.0453125 0.6328125 0.015625 0.01953125
0 0.0359375 0.66015625 0.015625 0.01953125
0 0.0171875 0.65625 0.015625 0.01953125
0 0.0140625 0.529296875 0.015625 0.01953125
0 0.0859375 0.38671875 0.015625 0.01953125
0 0.1203125 0.34765625 0.015625 0.01953125
0 0.0875 0.34375 0.015625 0.01953125
0 0.18125 0.392578125 0.015625 0.01953125
0 0.1625 0.400390625 0.015625 0.01953125
0 0.209375 0.49609375 0.015625 0.01953125
0 0.25625 0.529296875 0.015625 0.01953125
0 0.25 0.5546875 0.015625 0.01953125
0 0.284375 0.5234375 0.015625 0.01953125
0 0.3328125 0.48046875 0.015625 0.01953125
0 0.3140625 0.47265625 0.015625 0.01953125
0 0.3578125 0.427734375 0.015625 0.01953125
0 0.3421875 0.4375 0.015625 0.01953125
0 0.265625 0.33203125 0.015625 0.01953125
0 0.2671875 0.189453125 0.015625 0.01953125
0 0.2328125 0.232421875 0.015625 0.01953125
0 0.284375 0.24609375 0.015625 0.01953125
0 0.315625 0.25 0.015625 0.01953125
0 0.346875 0.255859375 0.015625 0.01953125
0 0.3546875 0.24609375 0.015625 0.01953125
0 0.4359375 0.36328125 0.015625 0.01953125
0 0.4484375 0.36328125 0.015625 0.01953125
0 0.3875 0.275390625 0.015625 0.01953125
0 0.3734375 0.1875 0.015625 0.01953125
0 0.359375 0.189453125 0.015625 0.01953125
0 0.3359375 0.1171875 0.015625 0.01953125
0 0.346875 0.07421875 0.015625 0.01953125
0 0.3171875 0.0625 0.015625 0.01953125
0 0.2765625 0.025390625 0.015625 0.01953125
0 0.2359375 0.044921875 0.015625 0.01953125
0 0.196875 0.0546875 0.015625 0.01953125
0 0.1671875 0.005859375 0.015625 0.01953125
0 0.15 0.0078125 0.015625 0.01953125
0 0.1015625 0.033203125 0.015625 0.01953125
0 0.053125 0.01171875 0.015625 0.01953125
0 0.0203125 0.083984375 0.015625 0.01953125
0 0.0125 0.09765625 0.015625 0.01953125
0 0.0109375 0.12890625 0.015625 0.01953125
0 0.0046875 0.119140625 0.015625 0.01953125
0 0.5015625 0.0390625 0.015625 0.01953125
0 0.4890625 0.056640625 0.015625 0.01953125
0 0.475 0.0625 0.015625 0.01953125
0 0.465625 0.0703125 0.015625 0.01953125
0 0.4625 0.111328125 0.015625 0.01953125
0 0.446875 0.130859375 0.015625 0.01953125
0 0.4296875 0.111328125 0.015625 0.01953125
0 0.4359375 0.083984375 0.015625 0.01953125
0 0.4265625 0.05078125 0.015625 0.01953125
0 0.4109375 0.0625 0.015625 0.01953125
0 0.43125 0.029296875 0.015625 0.01953125
0 0.390625 0.048828125 0.015625 0.01953125
0 0.3984375 0.005859375 0.015625 0.01953125
0 0.4109375 0.0078125 0.015625 0.01953125
0 0.5359375 0.05078125 0.015625 0.01953125
0 0.525 0.041015625 0.015625 0.01953125
0 0.5234375 0.12890625 0.015625 0.01953125
0 0.515625 0.28125 0.015625 0.01953125
0 0.528125 0.291015625 0.015625 0.01953125
0 0.5515625 0.25390625 0.015625 0.01953125
0 0.575 0.26171875 0.015625 0.01953125
0 0.5890625 0.306640625 0.015625 0.01953125
0 0.578125 0.30078125 0.015625 0.01953125
0 0.60625 0.138671875 0.015625 0.01953125
0 0.5953125 0.15625 0.015625 0.01953125
0 0.6125 0.171875 0.015625 0.01953125
0 0.6296875 0.146484375 0.015625 0.01953125
0 0.640625 0.1171875 0.015625 0.01953125
0 0.615625 0.115234375 0.015625 0.01953125
0 0.628125 0.109375 0.015625 0.01953125
0 0.696875 0.1015625 0.015625 0.01953125
0 0.7421875 0.068359375 0.015625 0.01953125
0 0.7625 0.068359375 0.015625 0.01953125
0 0.790625 0.02734375 0.015625 0.01953125
0 0.815625 0.05859375 0.015625 0.01953125
0 0.853125 0.04296875 0.015625 0.01953125
0 0.8671875 0.10546875 0.015625 0.01953125
0 0.8796875 0.1015625 0.015625 0.01953125
0 0.878125 0.12890625 0.015625 0.01953125
0 0.928125 0.125 0.015625 0.01953125
0 0.93125 0.103515625 0.015625 0.01953125
0 0.9109375 0.083984375 0.015625 0.01953125
0 0.875 0.029296875 0.015625 0.01953125
0 0.975 0.060546875 0.015625 0.01953125
0 0.9875 0.087890625 0.015625 0.01953125
0 0.96875 0.1484375 0.015625 0.01953125
0 0.9578125 0.16796875 0.015625 0.01953125
0 0.759375 0.388671875 0.015625 0.01953125
0 0.728125 0.55078125 0.015625 0.01953125
0 0.7125 0.546875 0.015625 0.01953125
0 0.71875 0.568359375 0.015625 0.01953125
0 0.7015625 0.623046875 0.015625 0.01953125
0 0.709375 0.638671875 0.015625 0.01953125
0 0.6875 0.619140625 0.015625 0.01953125
0 0.61875 0.62109375 0.015625 0.01953125
0 0.4640625 0.68359375 0.015625 0.01953125
0 0.425 0.630859375 0.015625 0.01953125
0 0.31875 0.673828125 0.015625 0.01953125
0 0.309375 0.650390625 0.015625 0.01953125
0 0.265625 0.66015625 0.015625 0.01953125
0 0.25 0.712890625 0.015625 0.01953125
0 0.2734375 0.802734375 0.015625 0.01953125
0 0.321875 0.9296875 0.015625 0.01953125
0 0.3625 0.990234375 0.015625 0.01953125
0 0.5515625 0.814453125 0.015625 0.01953125
0 0.625 0.83984375 0.015625 0.01953125
0 0.63125 0.83203125 0.015625 0.01953125
0 0.659375 0.83203125 0.015625 0.01953125
0 0.8828125 0.947265625 0.015625 0.01953125
0 0.875 0.9375 0.015625 0.01953125
0 0.8609375 0.931640625 0.015625 0.01953125
0 0.8125 0.611328125 0.015625 0.01953125
0 0.775 0.482421875 0.015625 0.01953125
0 0.7875 0.48046875 0.015625 0.01953125
0 0.8 0.462890625 0.015625 0.01953125
0 0.821875 0.166015625 0.015625 0.01953125
0 0.815625 0.14453125 0.015625 0.01953125
0 0.759375 0.158203125 0.015625 0.01953125
0 0.75625 0.169921875 0.015625 0.01953125
0 0.7453125 0.197265625 0.015625 0.01953125
0 0.7375 0.22265625 0.015625 0.01953125
0 0.7234375 0.25390625 0.015625 0.01953125
0 0.7640625 0.23046875 0.015625 0.01953125
0 0.7640625 0.19140625 0.015625 0.01953125
