0 0.1234375 0.5 0.015625 0.01953125
0 0.10625 0.50390625 0.015625 0.01953125
0 0.1328125 0.466796875 0.015625 0.01953125
0 0.11875 0.470703125 0.015625 0.01953125
0 0.0671875 0.48828125 0.015625 0.01953125
0 0.73125 0.6953125 0.015625 0.01953125
0 0.728125 0.619140625 0.015625 0.01953125
0 0.6953125 0.609375 0.015625 0.01953125
0 0.7265625 0.53515625 0.015625 0.01953125
0 0.76875 0.533203125 0.015625 0.01953125
0 0.7609375 0.5234375 0.015625 0.01953125
0 0.7515625 0.505859375 0.015625 0.01953125
0 0.7546875 0.505859375 0.015625 0.01953125
0 0.9515625 0.865234375 0.015625 0.01953125
0 0.9421875 0.87109375 0.015625 0.01953125
0 0.9328125 0.880859375 0.015625 0.01953125
0 0.94375 0.95703125 0.015625 0.01953125
0 0.865625 0.9375 0.015625 0.01953125
0 0.8515625 0.939453125 0.015625 0.01953125
0 0.8546875 0.95703125 0.015625 0.01953125
0 0.6203125 0.9140625 0.015625 0.01953125
0 0.60625 0.923828125 0.015625 0.01953125
0 0.4703125 0.849609375 0.015625 0.01953125
0 0.45625 0.83984375 0.015625 0.01953125
0 0.4109375 0.916015625 0.015625 0.01953125
0 0.40625 0.943359375 0.015625 0.01953125
0 0.3984375 0.943359375 0.015625 0.01953125
0 0.3890625 0.943359375 0.015625 0.01953125
0 0.3484375 0.900390625 0.015625 0.01953125
0 0.3265625 0.732421875 0.015625 0.01953125
0 0.315625 0.740234375 0.015625 0.01953125
0 0.25625 0.732421875 0.015625 0.01953125
0 0.246875 0.748046875 0.015625 0.01953125
0 0.2296875 0.751953125 0.015625 0.01953125
0 0.2078125 0.734375 0.015625 0.01953125
0 0.178125 0.966796875 0.015625 0.01953125
0 0.1515625 0.861328125 0.015625 0.01953125
0 0.121875 0.880859375 0.015625 0.01953125
0 0.0859375 0.859375 0.015625 0.01953125
0 0.0671875 0.859375 0.015625 0.01953125
0 0.046875 0.873046875 0.015625 0.01953125
0 0.128125 0.775390625 0.015625 0.01953125
0 0.1109375 0.744140625 0.015625 0.01953125
0 0.065625 0.677734375 0.015625 0.01953125
0 0.1 0.630859375 0.015625 0.01953125
0 0.009375 0.720703125 0.015625 0.01953125
0 0.25 0.41015625 0.015625 0.01953125
0 0.2296875 0.404296875 0.015625 0.01953125
0 0.2375 0.388671875 0.015625 0.01953125
0 0.2265625 0.37890625 0.015625 0.01953125
0 0.403125 0.728515625 0.015625 0.01953125
0 0.396875 0.65234375 0.015625 0.01953125
0 0.478125 0.625 0.015625 0.01953125
0 0.49375 0.62890625 0.015625 0.01953125
0 0.5203125 0.640625 0.015625 0.01953125
0 0.5015625 0.572265625 0.015625 0.01953125
0 0.4921875 0.5703125 0.015625 0.01953125
0 0.484375 0.48828125 0.015625 0.01953125
0 0.471875 0.466796875 0.015625 0.01953125
0 0.4671875 0.478515625 0.015625 0.01953125
0 0.4515625 0.455078125 0.015625 0.01953125
0 0.49375 0.458984375 0.015625 0.01953125
0 0.571875 0.48828125 0.015625 0.01953125
0 0.559375 0.4765625 0.015625 0.01953125
0 0.5609375 0.45703125 0.015625 0.01953125
0 0.553125 0.4453125 0.015625 0.01953125
0 0.5453125 0.412109375 0.015625 0.01953125
0 0.53125 0.412109375 0.015625 0.01953125
0 0.5203125 0.392578125 0.015625 0.01953125
0 0.5734375 0.39453125 0.015625 0.01953125
0 0.596875 0.4375 0.015625 0.01953125
0 0.5796875 0.453125 0.015625 0.01953125
0 0.6171875 0.455078125 0.015625 0.01953125
0 0.6375 0.423828125 0.015625 0.01953125
0 0.65625 0.4140625 0.015625 0.01953125
0 0.6515625 0.390625 0.015625 0.01953125
0 0.6765625 0.42578125 0.015625 0.01953125
0 0.6578125 0.380859375 0.015625 0.01953125
0 0.6484375 0.322265625 0.015625 0.01953125
0 0.6453125 0.25390625 0.015625 0.01953125
0 0.8671875 0.609375 0.015625 0.01953125
0 0.859375 0.59765625 0.015625 0.01953125
0 0.8515625 0.603515625 0.015625 0.01953125
0 0.878125 0.583984375 0.015625 0.01953125
0 0.89375 0.587890625 0.015625 0.01953125
0 0.903125 0.58984375 0.015625 0.01953125
0 0.921875 0.587890625 0.015625 0.01953125
0 0.93125 0.5703125 0.015625 0.01953125
0 0.90625 0.548828125 0.015625 0.01953125
0 0.94375 0.53515625 0.015625 0.01953125
0 0.9515625 0.548828125 0.015625 0.01953125
0 0.9640625 0.51953125 0.015625 0.01953125
0 0.971875 0.46484375 0.015625 0.01953125
0 0.9859375 0.470703125 0.015625 0.01953125
0 0.975 0.412109375 0.015625 0.01953125
0 0.9265625 0.43359375 0.015625 0.01953125
0 0.896875 0.44921875 0.015625 0.01953125
0 0.8875 0.447265625 0.015625 0.01953125
0 0.84375 0.326171875 0.015625 0.01953125
0 0.828125 0.296875 0.015625 0.01953125
0 0.803125 0.302734375 0.015625 0.01953125
0 0.803125 0.2421875 0.015625 0.01953125
0 0.78125 0.216796875 0.015625 0.01953125
0 0.76875 0.21875 0.015625 0.01953125
0 0.771875 0.236328125 0.015625 0.01953125
0 0.765625 0.25 0.015625 0.01953125
0 0.7578125 0.240234375 0.015625 0.01953125
0 0.7453125 0.248046875 0.015625 0.01953125
0 0.7390625 0.251953125 0.015625 0.01953125
0 0.73125 0.2578125 0.015625 0.01953125
0 0.746875 0.28125 0.015625 0.01953125
0 0.7421875 0.2890625 0.015625 0.01953125
0 0.825 0.21484375 0.015625 0.01953125
0 0.8140625 0.20703125 0.015625 0.01953125
0 0.7859375 0.1875 0.015625 0.01953125
0 0.6203125 0.28125 0.015625 0.01953125
0 0.59375 0.265625 0.015625 0.01953125
0 0.596875 0.232421875 0.015625 0.01953125
0 0.5859375 0.232421875 0.015625 0.01953125
0 0.5953125 0.193359375 0.015625 0.01953125
0 0.6296875 0.185546875 0.015625 0.01953125
0 0.64375 0.189453125 0.015625 0.01953125
0 0.65 0.1484375 0.015625 0.01953125
0 0.390625 0.5625 0.015625 0.01953125
0 0.36875 0.607421875 0.015625 0.01953125
0 0.3609375 0.623046875 0.015625 0.01953125
0 0.3859375 0.435546875 0.015625 0.01953125
0 0.359375 0.404296875 0.015625 0.01953125
0 0.315625 0.41796875 0.015625 0.01953125
0 0.4234375 0.349609375 0.015625 0.01953125
0 0.353125 0.306640625 0.015625 0.01953125
0 0.4125 0.2578125 0.015625 0.01953125
0 0.465625 0.216796875 0.015625 0.01953125
0 0.59375 0.158203125 0.015625 0.01953125
0 0.6015625 0.166015625 0.015625 0.01953125
0 0.584375 0.158203125 0.015625 0.01953125
0 0.5703125 0.16015625 0.015625 0.01953125
0 0.565625 0.150390625 0.015625 0.01953125
0 0.5703125 0.146484375 0.015625 0.01953125
0 0.584375 0.134765625 0.015625 0.01953125
0 0.596875 0.119140625 0.015625 0.01953125
0 0.6046875 0.125 0.015625 0.01953125
0 0.609375 0.134765625 0.015625 0.01953125
0 0.61875 0.138671875 0.015625 0.01953125
0 0.6296875 0.14453125 0.015625 0.01953125
0 0.6296875 0.123046875 0.015625 0.01953125
0 0.6234375 0.11328125 0.015625 0.01953125
0 0.628125 0.111328125 0.015625 0.01953125
0 0.6390625 0.103515625 0.015625 0.01953125
0 0.646875 0.12109375 0.015625 0.01953125
0 0.6515625 0.111328125 0.015625 0.01953125
0 0.65625 0.099609375 0.015625 0.01953125
0 0.6671875 0.12109375 0.015625 0.01953125
0 0.6640625 0.146484375 0.015625 0.01953125
0 0.6859375 0.193359375 0.015625 0.01953125
0 0.6828125 0.19921875 0.015625 0.01953125
0 0.6390625 0.205078125 0.015625 0.01953125
0 0.634375 0.197265625 0.015625 0.01953125
0 0.7109375 0.16015625 0.015625 0.01953125
0 0.721875 0.14453125 0.015625 0.01953125
0 0.7546875 0.119140625 0.015625 0.01953125
0 0.74375 0.11328125 0.015625 0.01953125
0 0.628125 0.087890625 0.015625 0.01953125
0 0.6203125 0.08203125 0.015625 0.01953125
0 0.63125 0.06640625 0.015625 0.01953125
0 0.621875 0.095703125 0.015625 0.01953125
0 0.615625 0.09765625 0.015625 0.01953125
0 0.60625 0.08984375 0.015625 0.01953125
0 0.59375 0.099609375 0.015625 0.01953125
0 0.578125 0.111328125 0.015625 0.01953125
0 0.5671875 0.125 0.015625 0.01953125
0 0.5640625 0.12109375 0.015625 0.01953125
0 0.490625 0.1875 0.015625 0.01953125
0 0.4828125 0.19140625 0.015625 0.01953125
0 0.509375 0.181640625 0.015625 0.01953125
0 0.5375 0.123046875 0.015625 0.01953125
0 0.5171875 0.12109375 0.015625 0.01953125
0 0.51875 0.10546875 0.015625 0.01953125
0 0.515625 0.078125 0.015625 0.01953125
0 0.49375 0.078125 0.015625 0.01953125
0 0.490625 0.109375 0.015625 0.01953125
0 0.5671875 0.072265625 0.015625 0.01953125
0 0.540625 0.142578125 0.015625 0.01953125
0 0.45 0.177734375 0.015625 0.01953125
0 0.440625 0.181640625 0.015625 0.01953125
0 0.434375 0.17578125 0.015625 0.01953125
0 0.4109375 0.140625 0.015625 0.01953125
0 0.4125 0.126953125 0.015625 0.01953125
0 0.3921875 0.126953125 0.015625 0.01953125
0 0.3859375 0.13671875 0.015625 0.01953125
0 0.315625 0.2734375 0.015625 0.01953125
0 0.30625 0.279296875 0.015625 0.01953125
0 0.2890625 0.3359375 0.015625 0.01953125
0 0.4578125 0.09375 0.015625 0.01953125
0 0.475 0.09765625 0.015625 0.01953125
0 0.434375 0.08203125 0.015625 0.01953125
0 0.465625 0.0625 0.015625 0.01953125
0 0.3921875 0.091796875 0.015625 0.01953125
0 0.384375 0.1015625 0.015625 0.01953125
0 0.3671875 0.08203125 0.015625 0.01953125
0 0.35625 0.0625 0.015625 0.01953125
0 0.309375 0.076171875 0.015625 0.01953125
0 0.3078125 0.130859375 0.015625 0.01953125
0 0.328125 0.17578125 0.015625 0.01953125
0 0.078125 0.341796875 0.015625 0.01953125
0 0.0546875 0.345703125 0.015625 0.01953125
0 0.0390625 0.33203125 0.015625 0.01953125
0 0.03125 0.328125 0.015625 0.01953125
0 0.0078125 0.3984375 0.015625 0.01953125
0 0.0015625 0.396484375 0.015625 0.01953125
0 0.165625 0.375 0.015625 0.01953125
0 0.2 0.404296875 0.015625 0.01953125
0 0.19375 0.41796875 0.015625 0.01953125
0 0.2015625 0.375 0.015625 0.01953125
0 0.2703125 0.28125 0.015625 0.01953125
0 0.1734375 0.095703125 0.015625 0.01953125
0 0.1640625 0.10546875 0.015625 0.01953125
0 0.140625 0.123046875 0.015625 0.01953125
0 0.1265625 0.119140625 0.015625 0.01953125
0 0.1203125 0.078125 0.015625 0.01953125
0 0.10625 0.111328125 0.015625 0.01953125
0 0.0875 0.1171875 0.015625 0.01953125
0 0.09375 0.080078125 0.015625 0.01953125
0 0.103125 0.068359375 0.015625 0.01953125
0 0.109375 0.064453125 0.015625 0.01953125
0 0.11875 0.060546875 0.015625 0.01953125
0 0.071875 0.068359375 0.015625 0.01953125
0 0.05625 0.076171875 0.015625 0.01953125
0 0.0375 0.080078125 0.015625 0.01953125
0 0.0078125 0.1015625 0.015625 0.01953125
0 0.0234375 0.14453125 0.015625 0.01953125
0 0.034375 0.15234375 0.015625 0.01953125
0 0.059375 0.13671875 0.015625 0.01953125
0 0.278125 0.068359375 0.015625 0.01953125
0 0.234375 0.09765625 0.015625 0.01953125
0 0.2890625 0.087890625 0.015625 0.01953125
0 0.28125 0.08203125 0.015625 0.01953125
0 0.2265625 0.060546875 0.015625 0.01953125
0 0.1890625 0.068359375 0.015625 0.01953125
0 0.7328125 0.318359375 0.015625 0.01953125
0 0.7015625 0.33984375 0.015625 0.01953125
0 0.9015625 0.767578125 0.015625 0.01953125
0 0.665625 0.6875 0.015625 0.01953125
0 0.65625 0.68359375 0.015625 0.01953125
0 0.6046875 0.73828125 0.015625 0.01953125
0 0.59375 0.73828125 0.015625 0.01953125
0 0.965625 0.3828125 0.015625 0.01953125
0 0.9875 0.296875 0.015625 0.01953125
0 0.8421875 0.2578125 0.015625 0.01953125
0 0.915625 0.310546875 0.015625 0.01953125
0 0.6640625 0.52734375 0.015625 0.01953125
0 0.56875 0.306640625 0.015625 0.01953125
0 0.5640625 0.2734375 0.015625 0.01953125
0 0.521875 0.27734375 0.015625 0.01953125
0 0.521875 0.23046875 0.015625 0.01953125
0 0.50625 0.2265625 0.015625 0.01953125
0 0.509375 0.263671875 0.015625 0.01953125
0 0.521875 0.353515625 0.015625 0.01953125
0 0.534375 0.353515625 0.015625 0.01953125
0 0.2546875 0.216796875 0.015625 0.01953125
0 0.2796875 0.21875 0.015625 0.01953125
0 0.2578125 0.234375 0.015625 0.01953125
0 0.4125 0.525390625 0.015625 0.01953125
