0 0.8890625 0.912109375 0.015625 0.01953125
0 0.8796875 0.921875 0.015625 0.01953125
0 0.7890625 0.9921875 0.015625 0.01953125
0 0.8828125 0.943359375 0.015625 0.01953125
0 0.9703125 0.861328125 0.015625 0.01953125
0 0.9828125 0.861328125 0.015625 0.01953125
0 0.99375 0.845703125 0.015625 0.01953125
0 0.978125 0.85546875 0.015625 0.01953125
0 0.9828125 0.94140625 0.015625 0.01953125
0 0.9359375 0.73828125 0.015625 0.01953125
0 0.9390625 0.568359375 0.015625 0.01953125
0 0.9140625 0.5703125 0.015625 0.01953125
0 0.884375 0.544921875 0.015625 0.01953125
0 0.8828125 0.55859375 0.015625 0.01953125
0 0.946875 0.578125 0.015625 0.01953125
0 0.9890625 0.58984375 0.015625 0.01953125
0 0.9953125 0.580078125 0.015625 0.01953125
0 0.9828125 0.515625 0.015625 0.01953125
0 0.996875 0.533203125 0.015625 0.01953125
0 0.965625 0.4921875 0.015625 0.01953125
0 0.959375 0.48828125 0.015625 0.01953125
0 0.9484375 0.53515625 0.015625 0.01953125
0 0.9609375 0.44140625 0.015625 0.01953125
0 0.9296875 0.44140625 0.015625 0.01953125
0 0.965625 0.416015625 0.015625 0.01953125
0 0.9796875 0.421875 0.015625 0.01953125
0 0.9828125 0.40234375 0.015625 0.01953125
0 0.9859375 0.37890625 0.015625 0.01953125
0 0.9796875 0.369140625 0.015625 0.01953125
0 0.959375 0.33203125 0.015625 0.01953125
0 0.9953125 0.421875 0.015625 0.01953125
0 0.94375 0.287109375 0.015625 0.01953125
0 0.903125 0.259765625 0.015625 0.01953125
0 0.875 0.24609375 0.015625 0.01953125
0 0.86875 0.232421875 0.015625 0.01953125
0 0.84375 0.28515625 0.015625 0.01953125
0 0.828125 0.26953125 0.015625 0.01953125
0 0.821875 0.24609375 0.015625 0.01953125
0 0.83125 0.21875 0.015625 0.01953125
0 0.846875 0.212890625 0.015625 0.01953125
0 0.8515625 0.19140625 0.015625 0.01953125
0 0.8453125 0.1875 0.015625 0.01953125
0 0.8328125 0.189453125 0.015625 0.01953125
0 0.825 0.19140625 0.015625 0.01953125
0 0.8171875 0.19140625 0.015625 0.01953125
0 0.8109375 0.19140625 0.015625 0.01953125
0 0.775 0.20703125 0.015625 0.01953125
0 0.7625 0.21484375 0.015625 0.01953125
0 0.76875 0.1875 0.015625 0.01953125
0 0.778125 0.234375 0.015625 0.01953125
0 0.790625 0.25390625 0.015625 0.01953125
0 0.78125 0.259765625 0.015625 0.01953125
0 0.790625 0.287109375 0.015625 0.01953125
0 0.771875 0.298828125 0.015625 0.01953125
0 0.7328125 0.2109375 0.015625 0.01953125
0 0.73125 0.197265625 0.015625 0.01953125
0 0.728125 0.1875 0.015625 0.01953125
0 0.7390625 0.19921875 0.015625 0.01953125
0 0.728125 0.287109375 0.015625 0.01953125
0 0.8328125 0.466796875 0.015625 0.01953125
0 0.821875 0.48828125 0.015625 0.01953125
0 0.8046875 0.484375 0.015625 0.01953125
0 0.8 0.49609375 0.015625 0.01953125
0 0.7921875 0.50390625 0.015625 0.01953125
0 0.784375 0.484375 0.015625 0.01953125
0 0.7671875 0.513671875 0.015625 0.01953125
0 0.7625 0.52734375 0.015625 0.01953125
0 0.7234375 0.56640625 0.015625 0.01953125
0 0.69375 0.50390625 0.015625 0.01953125
0 0.7625 0.68359375 0.015625 0.01953125
0 0.7546875 0.69140625 0.015625 0.01953125
0 0.759375 0.6953125 0.015625 0.01953125
0 0.7046875 0.669921875 0.015625 0.01953125
0 0.6953125 0.666015625 0.015625 0.01953125
0 0.6546875 0.69921875 0.015625 0.01953125
0 0.6484375 0.69140625 0.015625 0.01953125
0 0.4484375 0.927734375 0.015625 0.01953125
0 0.4453125 0.91015625 0.015625 0.01953125
0 0.4390625 0.921875 0.015625 0.01953125
0 0.4359375 0.931640625 0.015625 0.01953125
0 0.4265625 0.880859375 0.015625 0.01953125
0 0.5265625 0.802734375 0.015625 0.01953125
0 0.5140625 0.794921875 0.015625 0.01953125
0 0.4421875 0.708984375 0.015625 0.01953125
0 0.3890625 0.65625 0.015625 0.01953125
0 0.38125 0.6484375 0.015625 0.01953125
0 0.35625 0.673828125 0.015625 0.01953125
0 0.29375 0.744140625 0.015625 0.01953125
0 0.2859375 0.71875 0.015625 0.01953125
0 0.271875 0.73046875 0.015625 0.01953125
0 0.24375 0.716796875 0.015625 0.01953125
0 0.390625 0.607421875 0.015625 0.01953125
0 0.4015625 0.591796875 0.015625 0.01953125
0 0.3640625 0.611328125 0.015625 0.01953125
0 0.521875 0.591796875 0.015625 0.01953125
0 0.5328125 0.591796875 0.015625 0.01953125
0 0.525 0.546875 0.015625 0.01953125
0 0.5328125 0.552734375 0.015625 0.01953125
0 0.421875 0.51953125 0.015625 0.01953125
0 0.515625 0.458984375 0.015625 0.01953125
0 0.509375 0.466796875 0.015625 0.01953125
0 0.49375 0.44140625 0.015625 0.01953125
0 0.5296875 0.453125 0.015625 0.01953125
0 0.5203125 0.412109375 0.015625 0.01953125
0 0.609375 0.447265625 0.015625 0.01953125
0 0.6015625 0.44140625 0.015625 0.01953125
0 0.59375 0.408203125 0.015625 0.01953125
0 0.6203125 0.40625 0.015625 0.01953125
0 0.659375 0.443359375 0.015625 0.01953125
0 0.7234375 0.375 0.015625 0.01953125
0 0.7 0.369140625 0.015625 0.01953125
0 0.709375 0.349609375 0.015625 0.01953125
0 0.6890625 0.326171875 0.015625 0.01953125
0 0.6734375 0.32421875 0.015625 0.01953125
0 0.6859375 0.376953125 0.015625 0.01953125
0 0.6125 0.34375 0.015625 0.01953125
0 0.5859375 0.359375 0.015625 0.01953125
0 0.5734375 0.365234375 0.015625 0.01953125
0 0.5671875 0.34375 0.015625 0.01953125
0 0.565625 0.3046875 0.015625 0.01953125
0 0.6015625 0.265625 0.015625 0.01953125
0 0.66875 0.1953125 0.015625 0.01953125
0 0.6546875 0.23046875 0.015625 0.01953125
0 0.61875 0.224609375 0.015625 0.01953125
0 0.6 0.228515625 0.015625 0.01953125
0 0.6375 0.177734375 0.015625 0.01953125
0 0.65 0.166015625 0.015625 0.01953125
0 0.6578125 0.162109375 0.015625 0.01953125
0 0.66875 0.158203125 0.015625 0.01953125
0 0.653125 0.142578125 0.015625 0.01953125
0 0.6484375 0.125 0.015625 0.01953125
0 0.64375 0.111328125 0.015625 0.01953125
0 0.653125 0.087890625 0.015625 0.01953125
0 0.6453125 0.08203125 0.015625 0.01953125
0 0.6359375 0.087890625 0.015625 0.01953125
0 0.6640625 0.076171875 0.015625 0.01953125
0 0.6875 0.08203125 0.015625 0.01953125
0 0.69375 0.09375 0.015625 0.01953125
0 0.6671875 0.107421875 0.015625 0.01953125
0 0.6296875 0.125 0.015625 0.01953125
0 0.625 0.103515625 0.015625 0.01953125
0 0.6125 0.119140625 0.015625 0.01953125
0 0.60625 0.11328125 0.015625 0.01953125
0 0.603125 0.080078125 0.015625 0.01953125
0 0.609375 0.080078125 0.015625 0.01953125
0 0.61875 0.048828125 0.015625 0.01953125
0 0.6359375 0.01953125 0.015625 0.01953125
0 0.6453125 0.01953125 0.015625 0.01953125
0 0.646875 0.048828125 0.015625 0.01953125
0 0.659375 0.046875 0.015625 0.01953125
0 0.665625 0.046875 0.015625 0.01953125
0 0.665625 0.052734375 0.015625 0.01953125
0 0.659375 0.05859375 0.015625 0.01953125
0 0.5859375 0.1015625 0.015625 0.01953125
0 0.5703125 0.115234375 0.015625 0.01953125
0 0.5671875 0.080078125 0.015625 0.01953125
0 0.540625 0.060546875 0.015625 0.01953125
0 0.534375 0.060546875 0.015625 0.01953125
0 0.5625 0.015625 0.015625 0.01953125
0 0.503125 0.046875 0.015625 0.01953125
0 0.4890625 0.046875 0.015625 0.01953125
0 0.4796875 0.07421875 0.015625 0.01953125
0 0.4671875 0.05859375 0.015625 0.01953125
0 0.453125 0.068359375 0.015625 0.01953125
0 0.4640625 0.02734375 0.015625 0.01953125
0 0.41875 0.048828125 0.015625 0.01953125
0 0.5203125 0.076171875 0.015625 0.01953125
0 0.509375 0.087890625 0.015625 0.01953125
0 0.5375 0.08203125 0.015625 0.01953125
0 0.5046875 0.146484375 0.015625 0.01953125
0 0.496875 0.185546875 0.015625 0.01953125
0 0.5375 0.15625 0.015625 0.01953125
0 0.5546875 0.185546875 0.015625 0.01953125
0 0.54375 0.205078125 0.015625 0.01953125
0 0.521875 0.216796875 0.015625 0.01953125
0 0.5625 0.228515625 0.015625 0.01953125
0 0.434375 0.16015625 0.015625 0.01953125
0 0.44375 0.115234375 0.015625 0.01953125
0 0.440625 0.09765625 0.015625 0.01953125
0 0.4359375 0.236328125 0.015625 0.01953125
0 0.415625 0.1171875 0.015625 0.01953125
0 0.4171875 0.09765625 0.015625 0.01953125
0 0.384375 0.046875 0.015625 0.01953125
0 0.3796875 0.029296875 0.015625 0.01953125
0 0.3546875 0.0625 0.015625 0.01953125
0 0.303125 0.056640625 0.015625 0.01953125
0 0.2921875 0.021484375 0.015625 0.01953125
0 0.2703125 0.060546875 0.015625 0.01953125
0 0.2640625 0.029296875 0.015625 0.01953125
0 0.2265625 0.0078125 0.015625 0.01953125
0 0.1796875 0.0078125 0.015625 0.01953125
0 0.1546875 0.015625 0.015625 0.01953125
0 0.340625 0.111328125 0.015625 0.01953125
0 0.3546875 0.14453125 0.015625 0.01953125
0 0.3109375 0.1953125 0.015625 0.01953125
0 0.278125 0.193359375 0.015625 0.01953125
0 0.2875 0.212890625 0.015625 0.01953125
0 0.2953125 0.2578125 0.015625 0.01953125
0 0.33125 0.251953125 0.015625 0.01953125
0 0.3421875 0.259765625 0.015625 0.01953125
0 0.384375 0.279296875 0.015625 0.01953125
0 0.453125 0.326171875 0.015625 0.01953125
0 0.39375 0.361328125 0.015625 0.01953125
0 0.3421875 0.40625 0.015625 0.01953125
0 0.31875 0.30859375 0.015625 0.01953125
0 0.265625 0.376953125 0.015625 0.01953125
0 0.2484375 0.39453125 0.015625 0.01953125
0 0.25 0.349609375 0.015625 0.01953125
0 0.23125 0.34765625 0.015625 0.01953125
0 0.2109375 0.376953125 0.015625 0.01953125
0 0.1921875 0.353515625 0.015625 0.01953125
0 0.1875 0.345703125 0.015625 0.01953125
0 0.1984375 0.06640625 0.015625 0.01953125
0 0.1671875 0.052734375 0.015625 0.01953125
0 0.1671875 0.068359375 0.015625 0.01953125
0 0.165625 0.095703125 0.015625 0.01953125
0 0.259375 0.068359375 0.015625 0.01953125
0 0.0234375 0.14453125 0.015625 0.01953125
0 0.00625 0.072265625 0.015625 0.01953125
0 0.0296875 0.060546875 0.015625 0.01953125
0 0.0328125 0.080078125 0.015625 0.01953125
0 0.08125 0.052734375 0.015625 0.01953125
0 0.0765625 0.03125 0.015625 0.01953125
0 0.10625 0.056640625 0.015625 0.01953125
0 0.115625 0.048828125 0.015625 0.01953125
0 0.125 0.04296875 0.015625 0.01953125
0 0.1296875 0.0390625 0.015625 0.01953125
0 0.1421875 0.03125 0.015625 0.01953125
0 0.10625 0.064453125 0.015625 0.01953125
0 0.1265625 0.0859375 0.015625 0.01953125
0 0.1046875 0.109375 0.015625 0.01953125
0 0.090625 0.107421875 0.015625 0.01953125
0 0.075 0.095703125 0.015625 0.01953125
0 0.0875 0.291015625 0.015625 0.01953125
0 0.0734375 0.30859375 0.015625 0.01953125
0 0.0609375 0.298828125 0.015625 0.01953125
0 0.053125 0.31640625 0.015625 0.01953125
0 0.103125 0.314453125 0.015625 0.01953125
0 0.0359375 0.380859375 0.015625 0.01953125
0 0.0296875 0.37109375 0.015625 0.01953125
0 0.021875 0.365234375 0.015625 0.01953125
0 0.028125 0.376953125 0.015625 0.01953125
0 0.01875 0.373046875 0.015625 0.01953125
0 0.009375 0.37109375 0.015625 0.01953125
0 0.0 0.375 0.015625 0.01953125
0 0.15625 0.447265625 0.015625 0.01953125
0 0.1515625 0.466796875 0.015625 0.01953125
0 0.0484375 0.46484375 0.015625 0.01953125
0 0.16875 0.67578125 0.015625 0.01953125
0 0.1640625 0.748046875 0.015625 0.01953125
0 0.1109375 0.69140625 0.015625 0.01953125
0 0.028125 0.65234375 0.015625 0.01953125
0 0.0171875 0.66015625 0.015625 0.01953125
0 0.0265625 0.67578125 0.015625 0.01953125
0 0.0234375 0.75390625 0.015625 0.01953125
0 0.0328125 0.75390625 0.015625 0.01953125
0 0.0625 0.85546875 0.015625 0.01953125
0 0.2203125 0.876953125 0.015625 0.01953125
0 0.1921875 0.9140625 0.015625 0.01953125
0 0.1109375 0.900390625 0.015625 0.01953125
0 0.1578125 0.90625 0.015625 0.01953125
0 0.1296875 0.892578125 0.015625 0.01953125
