0 0.990625 0.951171875 0.015625 0.01953125
0 0.8734375 0.716796875 0.015625 0.01953125
0 0.8734375 0.70703125 0.015625 0.01953125
0 0.859375 0.708984375 0.015625 0.01953125
0 0.815625 0.69921875 0.015625 0.01953125
0 0.80625 0.693359375 0.015625 0.01953125
0 0.765625 0.69140625 0.015625 0.01953125
0 0.759375 0.6875 0.015625 0.01953125
0 0.9 0.5859375 0.015625 0.01953125
0 0.8671875 0.544921875 0.015625 0.01953125
0 0.859375 0.5390625 0.015625 0.01953125
0 0.89375 0.498046875 0.015625 0.01953125
0 0.8875 0.5078125 0.015625 0.01953125
0 0.903125 0.484375 0.015625 0.01953125
0 0.9171875 0.49609375 0.015625 0.01953125
0 0.9015625 0.4921875 0.015625 0.01953125
0 0.9390625 0.509765625 0.015625 0.01953125
0 0.9796875 0.5390625 0.015625 0.01953125
0 0.7921875 0.51171875 0.015625 0.01953125
0 0.821875 0.55859375 0.015625 0.01953125
0 0.7609375 0.47265625 0.015625 0.01953125
0 0.709375 0.439453125 0.015625 0.01953125
0 0.6984375 0.435546875 0.015625 0.01953125
0 0.6890625 0.412109375 0.015625 0.01953125
0 0.684375 0.408203125 0.015625 0.01953125
0 0.728125 0.40234375 0.015625 0.01953125
0 0.75 0.390625 0.015625 0.01953125
0 0.7796875 0.37109375 0.015625 0.01953125
0 0.7953125 0.375 0.015625 0.01953125
0 0.8234375 0.365234375 0.015625 0.01953125
0 0.825 0.37890625 0.015625 0.01953125
0 0.709375 0.333984375 0.015625 0.01953125
0 0.6765625 0.359375 0.015625 0.01953125
0 0.6703125 0.353515625 0.015625 0.01953125
0 0.671875 0.333984375 0.015625 0.01953125
0 0.659375 0.291015625 0.015625 0.01953125
0 0.665625 0.29296875 0.015625 0.01953125
0 0.696875 0.25390625 0.015625 0.01953125
0 0.54375 0.34765625 0.015625 0.01953125
0 0.521875 0.25390625 0.015625 0.01953125
0 0.7546875 0.30078125 0.015625 0.01953125
0 0.8015625 0.279296875 0.015625 0.01953125
0 0.878125 0.275390625 0.015625 0.01953125
0 0.871875 0.28515625 0.015625 0.01953125
0 0.9078125 0.279296875 0.015625 0.01953125
0 0.89375 0.26171875 0.015625 0.01953125
0 0.9875 0.2734375 0.015625 0.01953125
0 0.9578125 0.251953125 0.015625 0.01953125
0 0.9328125 0.234375 0.015625 0.01953125
0 0.946875 0.201171875 0.015625 0.01953125
0 0.9421875 0.205078125 0.015625 0.01953125
0 0.9375 0.205078125 0.015625 0.01953125
0 0.9296875 0.201171875 0.015625 0.01953125
0 0.9171875 0.205078125 0.015625 0.01953125
0 0.9171875 0.224609375 0.015625 0.01953125
0 0.8984375 0.20703125 0.015625 0.01953125
0 0.90625 0.197265625 0.015625 0.01953125
0 0.9046875 0.18359375 0.015625 0.01953125
0 0.884375 0.216796875 0.015625 0.01953125
0 0.871875 0.232421875 0.015625 0.01953125
0 0.8484375 0.203125 0.015625 0.01953125
0 0.8296875 0.20703125 0.015625 0.01953125
0 0.8296875 0.216796875 0.015625 0.01953125
0 0.815625 0.20703125 0.015625 0.01953125
0 0.80625 0.208984375 0.015625 0.01953125
0 0.7953125 0.2109375 0.015625 0.01953125
0 0.790625 0.1875 0.015625 0.01953125
0 0.784375 0.19140625 0.015625 0.01953125
0 0.8203125 0.177734375 0.015625 0.01953125
0 0.8125 0.162109375 0.015625 0.01953125
0 0.8203125 0.154296875 0.015625 0.01953125
0 0.8328125 0.13671875 0.015625 0.01953125
0 0.7984375 0.138671875 0.015625 0.01953125
0 0.7921875 0.12890625 0.015625 0.01953125
0 0.7765625 0.107421875 0.015625 0.01953125
0 0.74375 0.12890625 0.015625 0.01953125
0 0.740625 0.1328125 0.015625 0.01953125
0 0.7296875 0.12890625 0.015625 0.01953125
0 0.7453125 0.162109375 0.015625 0.01953125
0 0.728125 0.171875 0.015625 0.01953125
0 0.75 0.181640625 0.015625 0.01953125
0 0.74375 0.208984375 0.015625 0.01953125
0 0.7390625 0.224609375 0.015625 0.01953125
0 0.6953125 0.2265625 0.015625 0.01953125
0 0.6890625 0.216796875 0.015625 0.01953125
0 0.7015625 0.14453125 0.015625 0.01953125
0 0.70625 0.126953125 0.015625 0.01953125
0 0.6671875 0.107421875 0.015625 0.01953125
0 0.640625 0.16796875 0.015625 0.01953125
0 0.6265625 0.1640625 0.015625 0.01953125
0 0.615625 0.19140625 0.015625 0.01953125
0 0.6578125 0.2109375 0.015625 0.01953125
0 0.6 0.25 0.015625 0.01953125
0 0.565625 0.15234375 0.015625 0.01953125
0 0.559375 0.1640625 0.015625 0.01953125
0 0.5546875 0.171875 0.015625 0.01953125
0 0.546875 0.16796875 0.015625 0.01953125
0 0.540625 0.169921875 0.015625 0.01953125
0 0.621875 0.111328125 0.015625 0.01953125
0 0.628125 0.1015625 0.015625 0.01953125
0 0.6359375 0.095703125 0.015625 0.01953125
0 0.6109375 0.08203125 0.015625 0.01953125
0 0.615625 0.056640625 0.015625 0.01953125
0 0.6046875 0.05859375 0.015625 0.01953125
0 0.6375 0.029296875 0.015625 0.01953125
0 0.7328125 0.080078125 0.015625 0.01953125
0 0.725 0.07421875 0.015625 0.01953125
0 0.721875 0.103515625 0.015625 0.01953125
0 0.715625 0.095703125 0.015625 0.01953125
0 0.6984375 0.103515625 0.015625 0.01953125
0 0.684375 0.095703125 0.015625 0.01953125
0 0.6796875 0.080078125 0.015625 0.01953125
0 0.7359375 0.10546875 0.015625 0.01953125
0 0.7109375 0.029296875 0.015625 0.01953125
0 0.7203125 0.052734375 0.015625 0.01953125
0 0.7296875 0.05078125 0.015625 0.01953125
0 0.7375 0.05078125 0.015625 0.01953125
0 0.7453125 0.052734375 0.015625 0.01953125
0 0.58125 0.078125 0.015625 0.01953125
0 0.5734375 0.076171875 0.015625 0.01953125
0 0.571875 0.015625 0.015625 0.01953125
0 0.565625 0.01171875 0.015625 0.01953125
0 0.6125 0.013671875 0.015625 0.01953125
0 0.5390625 0.056640625 0.015625 0.01953125
0 0.5296875 0.048828125 0.015625 0.01953125
0 0.521875 0.078125 0.015625 0.01953125
0 0.5234375 0.123046875 0.015625 0.01953125
0 0.509375 0.197265625 0.015625 0.01953125
0 0.4953125 0.11328125 0.015625 0.01953125
0 0.503125 0.0625 0.015625 0.01953125
0 0.4953125 0.072265625 0.015625 0.01953125
0 0.521875 0.0234375 0.015625 0.01953125
0 0.50625 0.01171875 0.015625 0.01953125
0 0.4796875 0.00390625 0.015625 0.01953125
0 0.4546875 0.033203125 0.015625 0.01953125
0 0.45 0.037109375 0.015625 0.01953125
0 0.434375 0.072265625 0.015625 0.01953125
0 0.403125 0.0546875 0.015625 0.01953125
0 0.390625 0.017578125 0.015625 0.01953125
0 0.3921875 0.072265625 0.015625 0.01953125
0 0.3484375 0.064453125 0.015625 0.01953125
0 0.3296875 0.08203125 0.015625 0.01953125
0 0.309375 0.076171875 0.015625 0.01953125
0 0.303125 0.07421875 0.015625 0.01953125
0 0.303125 0.060546875 0.015625 0.01953125
0 0.29375 0.013671875 0.015625 0.01953125
0 0.2875 0.076171875 0.015625 0.01953125
0 0.2703125 0.05078125 0.015625 0.01953125
0 0.2234375 0.0234375 0.015625 0.01953125
0 0.1890625 0.0078125 0.015625 0.01953125
0 0.18125 0.05859375 0.015625 0.01953125
0 0.1484375 0.064453125 0.015625 0.01953125
0 0.1625 0.052734375 0.015625 0.01953125
0 0.0953125 0.078125 0.015625 0.01953125
0 0.0890625 0.0859375 0.015625 0.01953125
0 0.1125 0.12890625 0.015625 0.01953125
0 0.1234375 0.142578125 0.015625 0.01953125
0 0.1625 0.1171875 0.015625 0.01953125
0 0.15625 0.10546875 0.015625 0.01953125
0 0.1515625 0.095703125 0.015625 0.01953125
0 0.1953125 0.076171875 0.015625 0.01953125
0 0.20625 0.091796875 0.015625 0.01953125
0 0.2328125 0.109375 0.015625 0.01953125
0 0.4046875 0.216796875 0.015625 0.01953125
0 0.4328125 0.146484375 0.015625 0.01953125
0 0.4015625 0.142578125 0.015625 0.01953125
0 0.396875 0.236328125 0.015625 0.01953125
0 0.3671875 0.203125 0.015625 0.01953125
0 0.14375 0.287109375 0.015625 0.01953125
0 0.134375 0.3125 0.015625 0.01953125
0 0.1375 0.3203125 0.015625 0.01953125
0 0.153125 0.328125 0.015625 0.01953125
0 0.2046875 0.3203125 0.015625 0.01953125
0 0.190625 0.2734375 0.015625 0.01953125
0 0.4140625 0.2734375 0.015625 0.01953125
0 0.428125 0.28125 0.015625 0.01953125
0 0.38125 0.275390625 0.015625 0.01953125
0 0.4703125 0.296875 0.015625 0.01953125
0 0.478125 0.369140625 0.015625 0.01953125
0 0.3984375 0.34765625 0.015625 0.01953125
0 0.434375 0.421875 0.015625 0.01953125
0 0.4828125 0.470703125 0.015625 0.01953125
0 0.359375 0.40625 0.015625 0.01953125
0 0.3453125 0.39453125 0.015625 0.01953125
0 0.3359375 0.388671875 0.015625 0.01953125
0 0.3375 0.3671875 0.015625 0.01953125
0 0.3265625 0.3984375 0.015625 0.01953125
0 0.3140625 0.365234375 0.015625 0.01953125
0 0.2984375 0.40234375 0.015625 0.01953125
0 0.2765625 0.37890625 0.015625 0.01953125
0 0.2703125 0.365234375 0.015625 0.01953125
0 0.1171875 0.40234375 0.015625 0.01953125
0 0.1078125 0.3984375 0.015625 0.01953125
0 0.1046875 0.388671875 0.015625 0.01953125
0 0.1 0.384765625 0.015625 0.01953125
0 0.096875 0.392578125 0.015625 0.01953125
0 0.0859375 0.388671875 0.015625 0.01953125
0 0.0796875 0.3984375 0.015625 0.01953125
0 0.059375 0.345703125 0.015625 0.01953125
0 0.015625 0.365234375 0.015625 0.01953125
0 0.003125 0.36328125 0.015625 0.01953125
0 0.0234375 0.28125 0.015625 0.01953125
0 0.01875 0.244140625 0.015625 0.01953125
0 0.0125 0.244140625 0.015625 0.01953125
0 0.0328125 0.234375 0.015625 0.01953125
0 0.04375 0.201171875 0.015625 0.01953125
0 0.0765625 0.087890625 0.015625 0.01953125
0 0.0328125 0.0859375 0.015625 0.01953125
0 0.0359375 0.103515625 0.015625 0.01953125
0 0.021875 0.111328125 0.015625 0.01953125
0 0.0796875 0.109375 0.015625 0.01953125
0 0.0484375 0.123046875 0.015625 0.01953125
0 0.0375 0.125 0.015625 0.01953125
0 0.00625 0.140625 0.015625 0.01953125
0 0.0 0.1484375 0.015625 0.01953125
0 0.2515625 0.470703125 0.015625 0.01953125
0 0.24375 0.474609375 0.015625 0.01953125
0 0.2390625 0.46875 0.015625 0.01953125
0 0.24375 0.4921875 0.015625 0.01953125
0 0.2328125 0.498046875 0.015625 0.01953125
0 0.0796875 0.498046875 0.015625 0.01953125
0 0.0609375 0.61328125 0.015625 0.01953125
0 0.0484375 0.60546875 0.015625 0.01953125
0 0.0390625 0.625 0.015625 0.01953125
0 0.0203125 0.556640625 0.015625 0.01953125
0 0.0078125 0.5703125 0.015625 0.01953125
0 0.003125 0.578125 0.015625 0.01953125
0 0.0453125 0.666015625 0.015625 0.01953125
0 0.096875 0.6953125 0.015625 0.01953125
0 0.0859375 0.673828125 0.015625 0.01953125
0 0.0953125 0.669921875 0.015625 0.01953125
0 0.125 0.65234375 0.015625 0.01953125
0 0.3890625 0.755859375 0.015625 0.01953125
0 0.3875 0.775390625 0.015625 0.01953125
0 0.3796875 0.767578125 0.015625 0.01953125
0 0.3484375 0.75390625 0.015625 0.01953125
0 0.31875 0.787109375 0.015625 0.01953125
0 0.2640625 0.77734375 0.015625 0.01953125
0 0.246875 0.775390625 0.015625 0.01953125
0 0.1671875 0.71875 0.015625 0.01953125
0 0.15 0.81640625 0.015625 0.01953125
0 0.140625 0.8203125 0.015625 0.01953125
0 0.065625 0.728515625 0.015625 0.01953125
0 0.1890625 0.87109375 0.015625 0.01953125
0 0.45 0.70703125 0.015625 0.01953125
0 0.4421875 0.6953125 0.015625 0.01953125
0 0.4484375 0.65234375 0.015625 0.01953125
0 0.4578125 0.646484375 0.015625 0.01953125
0 0.4953125 0.638671875 0.015625 0.01953125
0 0.503125 0.623046875 0.015625 0.01953125
0 0.4875 0.6484375 0.015625 0.01953125
0 0.546875 0.7421875 0.015625 0.01953125
0 0.653125 0.8046875 0.015625 0.01953125
0 0.6421875 0.80078125 0.015625 0.01953125
0 0.6484375 0.603515625 0.015625 0.01953125
0 0.6640625 0.578125 0.015625 0.01953125
0 0.6421875 0.576171875 0.015625 0.01953125
0 0.628125 0.576171875 0.015625 0.01953125
0 0.6359375 0.6015625 0.015625 0.01953125
0 0.5453125 0.529296875 0.015625 0.01953125
0 0.515625 0.53125 0.015625 0.01953125
0 0.609375 0.494140625 0.015625 0.01953125
0 0.6171875 0.484375 0.015625 0.01953125
0 0.6265625 0.453125 0.015625 0.01953125
0 0.6109375 0.4296875 0.015625 0.01953125
0 0.6015625 0.478515625 0.015625 0.01953125
0 0.58125 0.91015625 0.015625 0.01953125
0 0.5609375 0.943359375 0.015625 0.01953125
0 0.565625 0.95703125 0.015625 0.01953125
0 0.559375 0.96875 0.015625 0.01953125
0 0.55 0.974609375 0.015625 0.01953125
0 0.371875 0.96484375 0.015625 0.01953125
0 0.25625 0.98828125 0.015625 0.01953125
