0 0.9046875 0.720703125 0.015625 0.01953125
0 0.9109375 0.73828125 0.015625 0.01953125
0 0.846875 0.7109375 0.015625 0.01953125
0 0.8390625 0.705078125 0.015625 0.01953125
0 0.809375 0.677734375 0.015625 0.01953125
0 0.7984375 0.671875 0.015625 0.01953125
0 0.7921875 0.6796875 0.015625 0.01953125
0 0.940625 0.583984375 0.015625 0.01953125
0 0.8859375 0.552734375 0.015625 0.01953125
0 0.846875 0.544921875 0.015625 0.01953125
0 0.925 0.513671875 0.015625 0.01953125
0 0.903125 0.474609375 0.015625 0.01953125
0 0.90625 0.46875 0.015625 0.01953125
0 0.88125 0.46484375 0.015625 0.01953125
0 0.9890625 0.5 0.015625 0.01953125
0 0.9828125 0.51953125 0.015625 0.01953125
0 0.8671875 0.365234375 0.015625 0.01953125
0 0.85625 0.36328125 0.015625 0.01953125
0 0.8234375 0.349609375 0.015625 0.01953125
0 0.8328125 0.369140625 0.015625 0.01953125
0 0.959375 0.3203125 0.015625 0.01953125
0 0.9859375 0.302734375 0.015625 0.01953125
0 0.7265625 0.3203125 0.015625 0.01953125
0 0.76875 0.37890625 0.015625 0.01953125
0 0.7421875 0.388671875 0.015625 0.01953125
0 0.79375 0.4140625 0.015625 0.01953125
0 0.7265625 0.427734375 0.015625 0.01953125
0 0.7171875 0.423828125 0.015625 0.01953125
0 0.703125 0.404296875 0.015625 0.01953125
0 0.6953125 0.400390625 0.015625 0.01953125
0 0.690625 0.337890625 0.015625 0.01953125
0 0.6828125 0.337890625 0.015625 0.01953125
0 0.6875 0.310546875 0.015625 0.01953125
0 0.68125 0.28515625 0.015625 0.01953125
0 0.6703125 0.283203125 0.015625 0.01953125
0 0.7015625 0.240234375 0.015625 0.01953125
0 0.709375 0.2265625 0.015625 0.01953125
0 0.6921875 0.20703125 0.015625 0.01953125
0 0.68125 0.2265625 0.015625 0.01953125
0 0.6671875 0.197265625 0.015625 0.01953125
0 0.64375 0.177734375 0.015625 0.01953125
0 0.64375 0.15625 0.015625 0.01953125
0 0.6578125 0.126953125 0.015625 0.01953125
0 0.665625 0.1015625 0.015625 0.01953125
0 0.659375 0.076171875 0.015625 0.01953125
0 0.6453125 0.09375 0.015625 0.01953125
0 0.6109375 0.099609375 0.015625 0.01953125
0 0.603125 0.091796875 0.015625 0.01953125
0 0.5921875 0.1015625 0.015625 0.01953125
0 0.5671875 0.07421875 0.015625 0.01953125
0 0.59375 0.05078125 0.015625 0.01953125
0 0.603125 0.048828125 0.015625 0.01953125
0 0.6140625 0.0390625 0.015625 0.01953125
0 0.5765625 0.033203125 0.015625 0.01953125
0 0.5859375 0.013671875 0.015625 0.01953125
0 0.6359375 0.02734375 0.015625 0.01953125
0 0.6359375 0.033203125 0.015625 0.01953125
0 0.5390625 0.078125 0.015625 0.01953125
0 0.534375 0.08203125 0.015625 0.01953125
0 0.51875 0.12890625 0.015625 0.01953125
0 0.515625 0.13671875 0.015625 0.01953125
0 0.471875 0.134765625 0.015625 0.01953125
0 0.4765625 0.080078125 0.015625 0.01953125
0 0.4875 0.056640625 0.015625 0.01953125
0 0.5125 0.046875 0.015625 0.01953125
0 0.5078125 0.03125 0.015625 0.01953125
0 0.459375 0.08203125 0.015625 0.01953125
0 0.534375 0.2734375 0.015625 0.01953125
0 0.528125 0.26171875 0.015625 0.01953125
0 0.5015625 0.2265625 0.015625 0.01953125
0 0.6 0.283203125 0.015625 0.01953125
0 0.55 0.361328125 0.015625 0.01953125
0 0.609375 0.1796875 0.015625 0.01953125
0 0.559375 0.16796875 0.015625 0.01953125
0 0.5484375 0.17578125 0.015625 0.01953125
0 0.5421875 0.185546875 0.015625 0.01953125
0 0.5609375 0.181640625 0.015625 0.01953125
0 0.496875 0.123046875 0.015625 0.01953125
0 0.76875 0.173828125 0.015625 0.01953125
0 0.759375 0.177734375 0.015625 0.01953125
0 0.7546875 0.177734375 0.015625 0.01953125
0 0.7796875 0.16796875 0.015625 0.01953125
0 0.7890625 0.158203125 0.015625 0.01953125
0 0.75625 0.1484375 0.015625 0.01953125
0 0.7390625 0.16015625 0.015625 0.01953125
0 0.7328125 0.16015625 0.015625 0.01953125
0 0.7265625 0.16015625 0.015625 0.01953125
0 0.6984375 0.15625 0.015625 0.01953125
0 0.7 0.119140625 0.015625 0.01953125
0 0.7046875 0.10546875 0.015625 0.01953125
0 0.7046875 0.08203125 0.015625 0.01953125
0 0.7265625 0.064453125 0.015625 0.01953125
0 0.721875 0.095703125 0.015625 0.01953125
0 0.7296875 0.125 0.015625 0.01953125
0 0.7171875 0.09375 0.015625 0.01953125
0 0.7125 0.03515625 0.015625 0.01953125
0 0.740625 0.0703125 0.015625 0.01953125
0 0.7328125 0.05859375 0.015625 0.01953125
0 0.7875 0.13671875 0.015625 0.01953125
0 0.775 0.11328125 0.015625 0.01953125
0 0.7703125 0.111328125 0.015625 0.01953125
0 0.7671875 0.09765625 0.015625 0.01953125
0 0.8328125 0.134765625 0.015625 0.01953125
0 0.903125 0.208984375 0.015625 0.01953125
0 0.9109375 0.205078125 0.015625 0.01953125
0 0.9171875 0.208984375 0.015625 0.01953125
0 0.93125 0.2109375 0.015625 0.01953125
0 0.940625 0.212890625 0.015625 0.01953125
0 0.946875 0.21484375 0.015625 0.01953125
0 0.9203125 0.224609375 0.015625 0.01953125
0 0.8890625 0.21875 0.015625 0.01953125
0 0.903125 0.1875 0.015625 0.01953125
0 0.9390625 0.236328125 0.015625 0.01953125
0 0.8859375 0.267578125 0.015625 0.01953125
0 0.8859375 0.287109375 0.015625 0.01953125
0 0.8734375 0.244140625 0.015625 0.01953125
0 0.846875 0.244140625 0.015625 0.01953125
0 0.84375 0.25 0.015625 0.01953125
0 0.834375 0.21484375 0.015625 0.01953125
0 0.815625 0.19140625 0.015625 0.01953125
0 0.8046875 0.19140625 0.015625 0.01953125
0 0.775 0.19921875 0.015625 0.01953125
0 0.771875 0.23046875 0.015625 0.01953125
0 0.7375 0.21484375 0.015625 0.01953125
0 0.790625 0.2578125 0.015625 0.01953125
0 0.753125 0.275390625 0.015625 0.01953125
0 0.478125 0.314453125 0.015625 0.01953125
0 0.8203125 0.515625 0.015625 0.01953125
0 0.778125 0.474609375 0.015625 0.01953125
0 0.6421875 0.451171875 0.015625 0.01953125
0 0.621875 0.431640625 0.015625 0.01953125
0 0.6421875 0.50390625 0.015625 0.01953125
0 0.634375 0.51171875 0.015625 0.01953125
0 0.621875 0.498046875 0.015625 0.01953125
0 0.56875 0.552734375 0.015625 0.01953125
0 0.5359375 0.53125 0.015625 0.01953125
0 0.490625 0.494140625 0.015625 0.01953125
0 0.65625 0.58984375 0.015625 0.01953125
0 0.675 0.599609375 0.015625 0.01953125
0 0.6875 0.603515625 0.015625 0.01953125
0 0.7 0.55859375 0.015625 0.01953125
0 0.646875 0.58984375 0.015625 0.01953125
0 0.996875 0.515625 0.015625 0.01953125
0 0.6984375 0.783203125 0.015625 0.01953125
0 0.6859375 0.783203125 0.015625 0.01953125
0 0.659375 0.970703125 0.015625 0.01953125
0 0.615625 0.990234375 0.015625 0.01953125
0 0.603125 0.97265625 0.015625 0.01953125
0 0.590625 0.978515625 0.015625 0.01953125
0 0.5875 0.748046875 0.015625 0.01953125
0 0.53125 0.654296875 0.015625 0.01953125
0 0.5625 0.689453125 0.015625 0.01953125
0 0.5171875 0.66796875 0.015625 0.01953125
0 0.5125 0.65234375 0.015625 0.01953125
0 0.4890625 0.625 0.015625 0.01953125
0 0.4796875 0.626953125 0.015625 0.01953125
0 0.421875 0.794921875 0.015625 0.01953125
0 0.4125 0.787109375 0.015625 0.01953125
0 0.4296875 0.7421875 0.015625 0.01953125
0 0.4234375 0.73828125 0.015625 0.01953125
0 0.3796875 0.78125 0.015625 0.01953125
0 0.4 0.91015625 0.015625 0.01953125
0 0.29375 0.810546875 0.015625 0.01953125
0 0.28125 0.8046875 0.015625 0.01953125
0 0.265625 0.95703125 0.015625 0.01953125
0 0.4515625 0.443359375 0.015625 0.01953125
0 0.490625 0.369140625 0.015625 0.01953125
0 0.4375 0.30078125 0.015625 0.01953125
0 0.421875 0.294921875 0.015625 0.01953125
0 0.3984375 0.380859375 0.015625 0.01953125
0 0.35625 0.423828125 0.015625 0.01953125
0 0.353125 0.4140625 0.015625 0.01953125
0 0.3453125 0.41015625 0.015625 0.01953125
0 0.334375 0.41796875 0.015625 0.01953125
0 0.3359375 0.396484375 0.015625 0.01953125
0 0.309375 0.421875 0.015625 0.01953125
0 0.2859375 0.400390625 0.015625 0.01953125
0 0.2796875 0.390625 0.015625 0.01953125
0 0.2609375 0.521484375 0.015625 0.01953125
0 0.2515625 0.5234375 0.015625 0.01953125
0 0.259375 0.5 0.015625 0.01953125
0 0.2515625 0.4921875 0.015625 0.01953125
0 0.2125 0.345703125 0.015625 0.01953125
0 0.0703125 0.62109375 0.015625 0.01953125
0 0.0484375 0.626953125 0.015625 0.01953125
0 0.040625 0.62890625 0.015625 0.01953125
0 0.0328125 0.619140625 0.015625 0.01953125
0 0.0359375 0.533203125 0.015625 0.01953125
0 0.1234375 0.427734375 0.015625 0.01953125
0 0.115625 0.427734375 0.015625 0.01953125
0 0.1046875 0.4296875 0.015625 0.01953125
0 0.1046875 0.412109375 0.015625 0.01953125
0 0.09375 0.416015625 0.015625 0.01953125
0 0.0859375 0.423828125 0.015625 0.01953125
0 0.01875 0.421875 0.015625 0.01953125
0 0.0078125 0.41796875 0.015625 0.01953125
0 0.084375 0.357421875 0.015625 0.01953125
0 0.146875 0.333984375 0.015625 0.01953125
0 0.1578125 0.326171875 0.015625 0.01953125
0 0.11875 0.294921875 0.015625 0.01953125
0 0.01875 0.326171875 0.015625 0.01953125
0 0.0109375 0.283203125 0.015625 0.01953125
0 0.0 0.275390625 0.015625 0.01953125
0 0.0828125 0.1875 0.015625 0.01953125
0 0.0734375 0.173828125 0.015625 0.01953125
0 0.05 0.173828125 0.015625 0.01953125
0 0.0625 0.10546875 0.015625 0.01953125
0 0.0796875 0.09765625 0.015625 0.01953125
0 0.021875 0.05078125 0.015625 0.01953125
0 0.0296875 0.06640625 0.015625 0.01953125
0 0.025 0.12890625 0.015625 0.01953125
0 0.0140625 0.125 0.015625 0.01953125
0 0.034375 0.125 0.015625 0.01953125
0 0.0234375 0.1484375 0.015625 0.01953125
0 0.009375 0.158203125 0.015625 0.01953125
0 0.040625 0.140625 0.015625 0.01953125
0 0.078125 0.1171875 0.015625 0.01953125
0 0.0984375 0.125 0.015625 0.01953125
0 0.125 0.123046875 0.015625 0.01953125
0 0.1171875 0.125 0.015625 0.01953125
0 0.1421875 0.111328125 0.015625 0.01953125
0 0.121875 0.15625 0.015625 0.01953125
0 0.1703125 0.119140625 0.015625 0.01953125
0 0.3828125 0.23828125 0.015625 0.01953125
0 0.4046875 0.232421875 0.015625 0.01953125
0 0.428125 0.162109375 0.015625 0.01953125
0 0.3796875 0.228515625 0.015625 0.01953125
0 0.4 0.08203125 0.015625 0.01953125
0 0.40625 0.0703125 0.015625 0.01953125
0 0.4390625 0.052734375 0.015625 0.01953125
0 0.446875 0.052734375 0.015625 0.01953125
0 0.4265625 0.02734375 0.015625 0.01953125
0 0.3609375 0.046875 0.015625 0.01953125
0 0.35625 0.076171875 0.015625 0.01953125
0 0.346875 0.087890625 0.015625 0.01953125
0 0.325 0.09765625 0.015625 0.01953125
0 0.3109375 0.087890625 0.015625 0.01953125
0 0.3 0.080078125 0.015625 0.01953125
0 0.2828125 0.03515625 0.015625 0.01953125
0 0.2546875 0.107421875 0.015625 0.01953125
0 0.265625 0.099609375 0.015625 0.01953125
0 0.2296875 0.125 0.015625 0.01953125
0 0.2265625 0.125 0.015625 0.01953125
0 0.1375 0.076171875 0.015625 0.01953125
0 0.146875 0.0625 0.015625 0.01953125
0 0.1734375 0.0078125 0.015625 0.01953125
0 0.153125 0.005859375 0.015625 0.01953125
0 0.165625 0.013671875 0.015625 0.01953125
0 0.1640625 0.08203125 0.015625 0.01953125
0 0.1734375 0.078125 0.015625 0.01953125
0 0.1953125 0.060546875 0.015625 0.01953125
0 0.2015625 0.0546875 0.015625 0.01953125
0 0.115625 0.078125 0.015625 0.01953125
0 0.209375 0.03515625 0.015625 0.01953125
0 0.215625 0.029296875 0.015625 0.01953125
0 0.2328125 0.02734375 0.015625 0.01953125
