0 0.9875 0.828125 0.015625 0.01953125
0 0.9328125 0.822265625 0.015625 0.01953125
0 0.9203125 0.810546875 0.015625 0.01953125
0 0.8875 0.751953125 0.015625 0.01953125
0 0.8765625 0.74609375 0.015625 0.01953125
0 0.7984375 0.869140625 0.015625 0.01953125
0 0.7890625 0.865234375 0.015625 0.01953125
0 0.6765625 0.849609375 0.015625 0.01953125
0 0.6453125 0.80078125 0.015625 0.01953125
0 0.6125 0.767578125 0.015625 0.01953125
0 0.5984375 0.767578125 0.015625 0.01953125
0 0.5671875 0.6953125 0.015625 0.01953125
0 0.571875 0.693359375 0.015625 0.01953125
0 0.60625 0.623046875 0.015625 0.01953125
0 0.5625 0.609375 0.015625 0.01953125
0 0.51875 0.560546875 0.015625 0.01953125
0 0.5203125 0.916015625 0.015625 0.01953125
0 0.5125 0.9140625 0.015625 0.01953125
0 0.4671875 0.892578125 0.015625 0.01953125
0 0.7265625 0.689453125 0.015625 0.01953125
0 0.759375 0.697265625 0.015625 0.01953125
0 0.771875 0.6953125 0.015625 0.01953125
0 0.784375 0.6328125 0.015625 0.01953125
0 0.715625 0.623046875 0.015625 0.01953125
0 0.6953125 0.611328125 0.015625 0.01953125
0 0.64375 0.671875 0.015625 0.01953125
0 0.8234375 0.462890625 0.015625 0.01953125
0 0.790625 0.517578125 0.015625 0.01953125
0 0.7828125 0.51171875 0.015625 0.01953125
0 0.7078125 0.548828125 0.015625 0.01953125
0 0.675 0.53515625 0.015625 0.01953125
0 0.7484375 0.4921875 0.015625 0.01953125
0 0.7984375 0.466796875 0.015625 0.01953125
0 0.871875 0.431640625 0.015625 0.01953125
0 0.9171875 0.45703125 0.015625 0.01953125
0 0.9390625 0.451171875 0.015625 0.01953125
0 0.9296875 0.447265625 0.015625 0.01953125
0 0.9359375 0.392578125 0.015625 0.01953125
0 0.9109375 0.34765625 0.015625 0.01953125
0 0.9375 0.326171875 0.015625 0.01953125
0 0.9484375 0.318359375 0.015625 0.01953125
0 0.96875 0.3359375 0.015625 0.01953125
0 0.965625 0.314453125 0.015625 0.01953125
0 0.9796875 0.3125 0.015625 0.01953125
0 0.9890625 0.3125 0.015625 0.01953125
0 0.9953125 0.31640625 0.015625 0.01953125
0 0.9921875 0.345703125 0.015625 0.01953125
0 0.946875 0.29296875 0.015625 0.01953125
0 0.7421875 0.42578125 0.015625 0.01953125
0 0.75 0.423828125 0.015625 0.01953125
0 0.740625 0.396484375 0.015625 0.01953125
0 0.7875 0.40625 0.015625 0.01953125
0 0.8421875 0.3515625 0.015625 0.01953125
0 0.821875 0.34375 0.015625 0.01953125
0 0.7921875 0.349609375 0.015625 0.01953125
0 0.746875 0.322265625 0.015625 0.01953125
0 0.7375 0.291015625 0.015625 0.01953125
0 0.721875 0.31640625 0.015625 0.01953125
0 0.7828125 0.310546875 0.015625 0.01953125
0 0.7984375 0.294921875 0.015625 0.01953125
0 0.8203125 0.283203125 0.015625 0.01953125
0 0.8296875 0.28515625 0.015625 0.01953125
0 0.8421875 0.302734375 0.015625 0.01953125
0 0.853125 0.26953125 0.015625 0.01953125
0 0.871875 0.26953125 0.015625 0.01953125
0 0.79375 0.248046875 0.015625 0.01953125
0 0.778125 0.25 0.015625 0.01953125
0 0.76875 0.25 0.015625 0.01953125
0 0.765625 0.26171875 0.015625 0.01953125
0 0.759375 0.263671875 0.015625 0.01953125
0 0.7484375 0.248046875 0.015625 0.01953125
0 0.703125 0.255859375 0.015625 0.01953125
0 0.6921875 0.23828125 0.015625 0.01953125
0 0.778125 0.22265625 0.015625 0.01953125
0 0.7578125 0.21875 0.015625 0.01953125
0 0.746875 0.21875 0.015625 0.01953125
0 0.809375 0.20703125 0.015625 0.01953125
0 0.8140625 0.22265625 0.015625 0.01953125
0 0.7953125 0.2265625 0.015625 0.01953125
0 0.83125 0.244140625 0.015625 0.01953125
0 0.878125 0.244140625 0.015625 0.01953125
0 0.6515625 0.42578125 0.015625 0.01953125
0 0.6046875 0.4765625 0.015625 0.01953125
0 0.5640625 0.458984375 0.015625 0.01953125
0 0.5359375 0.427734375 0.015625 0.01953125
0 0.5859375 0.390625 0.015625 0.01953125
0 0.58125 0.37109375 0.015625 0.01953125
0 0.5484375 0.3671875 0.015625 0.01953125
0 0.4828125 0.421875 0.015625 0.01953125
0 0.478125 0.416015625 0.015625 0.01953125
0 0.60625 0.30078125 0.015625 0.01953125
0 0.5984375 0.29296875 0.015625 0.01953125
0 0.5890625 0.298828125 0.015625 0.01953125
0 0.6140625 0.279296875 0.015625 0.01953125
0 0.6015625 0.271484375 0.015625 0.01953125
0 0.6453125 0.26171875 0.015625 0.01953125
0 0.6140625 0.19140625 0.015625 0.01953125
0 0.603125 0.20703125 0.015625 0.01953125
0 0.6 0.212890625 0.015625 0.01953125
0 0.625 0.18359375 0.015625 0.01953125
0 0.6453125 0.1875 0.015625 0.01953125
0 0.559375 0.255859375 0.015625 0.01953125
0 0.565625 0.234375 0.015625 0.01953125
0 0.5453125 0.232421875 0.015625 0.01953125
0 0.5265625 0.244140625 0.015625 0.01953125
0 0.534375 0.1875 0.015625 0.01953125
0 0.546875 0.177734375 0.015625 0.01953125
0 0.5671875 0.173828125 0.015625 0.01953125
0 0.6484375 0.14453125 0.015625 0.01953125
0 0.6390625 0.158203125 0.015625 0.01953125
0 0.6265625 0.146484375 0.015625 0.01953125
0 0.6703125 0.125 0.015625 0.01953125
0 0.6828125 0.169921875 0.015625 0.01953125
0 0.484375 0.169921875 0.015625 0.01953125
0 0.490625 0.158203125 0.015625 0.01953125
0 0.4765625 0.16015625 0.015625 0.01953125
0 0.471875 0.19140625 0.015625 0.01953125
0 0.465625 0.189453125 0.015625 0.01953125
0 0.784375 0.169921875 0.015625 0.01953125
0 0.78125 0.16015625 0.015625 0.01953125
0 0.7734375 0.162109375 0.015625 0.01953125
0 0.76875 0.166015625 0.015625 0.01953125
0 0.7609375 0.16015625 0.015625 0.01953125
0 0.753125 0.185546875 0.015625 0.01953125
0 0.7359375 0.1953125 0.015625 0.01953125
0 0.459375 0.177734375 0.015625 0.01953125
0 0.3625 0.208984375 0.015625 0.01953125
0 0.3515625 0.1953125 0.015625 0.01953125
0 0.3609375 0.185546875 0.015625 0.01953125
0 0.409375 0.19921875 0.015625 0.01953125
0 0.4078125 0.185546875 0.015625 0.01953125
0 0.4234375 0.173828125 0.015625 0.01953125
0 0.45 0.15234375 0.015625 0.01953125
0 0.328125 0.08203125 0.015625 0.01953125
0 0.38125 0.0859375 0.015625 0.01953125
0 0.3703125 0.033203125 0.015625 0.01953125
0 0.3078125 0.04296875 0.015625 0.01953125
0 0.2625 0.08203125 0.015625 0.01953125
0 0.2515625 0.09375 0.015625 0.01953125
0 0.225 0.107421875 0.015625 0.01953125
0 0.203125 0.123046875 0.015625 0.01953125
0 0.19375 0.12109375 0.015625 0.01953125
0 0.1828125 0.111328125 0.015625 0.01953125
0 0.196875 0.154296875 0.015625 0.01953125
0 0.209375 0.1953125 0.015625 0.01953125
0 0.203125 0.193359375 0.015625 0.01953125
0 0.228125 0.16796875 0.015625 0.01953125
0 0.2234375 0.1796875 0.015625 0.01953125
0 0.2125 0.173828125 0.015625 0.01953125
0 0.2609375 0.138671875 0.015625 0.01953125
0 0.2828125 0.15234375 0.015625 0.01953125
0 0.3046875 0.130859375 0.015625 0.01953125
0 0.31875 0.15234375 0.015625 0.01953125
0 0.3140625 0.166015625 0.015625 0.01953125
0 0.31875 0.208984375 0.015625 0.01953125
0 0.26875 0.240234375 0.015625 0.01953125
0 0.265625 0.23828125 0.015625 0.01953125
0 0.2578125 0.228515625 0.015625 0.01953125
0 0.253125 0.185546875 0.015625 0.01953125
0 0.184375 0.18359375 0.015625 0.01953125
0 0.1484375 0.189453125 0.015625 0.01953125
0 0.115625 0.205078125 0.015625 0.01953125
0 0.096875 0.224609375 0.015625 0.01953125
0 0.146875 0.38671875 0.015625 0.01953125
0 0.4578125 0.3515625 0.015625 0.01953125
0 0.4421875 0.337890625 0.015625 0.01953125
0 0.4296875 0.345703125 0.015625 0.01953125
0 0.4125 0.2890625 0.015625 0.01953125
0 0.475 0.2734375 0.015625 0.01953125
0 0.45625 0.490234375 0.015625 0.01953125
0 0.4140625 0.533203125 0.015625 0.01953125
0 0.396875 0.525390625 0.015625 0.01953125
0 0.3921875 0.51171875 0.015625 0.01953125
0 0.384375 0.509765625 0.015625 0.01953125
0 0.3703125 0.54296875 0.015625 0.01953125
0 0.346875 0.517578125 0.015625 0.01953125
0 0.340625 0.505859375 0.015625 0.01953125
0 0.2703125 0.466796875 0.015625 0.01953125
0 0.2375 0.41796875 0.015625 0.01953125
0 0.2046875 0.46875 0.015625 0.01953125
0 0.196875 0.46875 0.015625 0.01953125
0 0.175 0.533203125 0.015625 0.01953125
0 0.1765625 0.544921875 0.015625 0.01953125
0 0.1671875 0.546875 0.015625 0.01953125
0 0.1546875 0.53515625 0.015625 0.01953125
0 0.1453125 0.546875 0.015625 0.01953125
0 0.1859375 0.548828125 0.015625 0.01953125
0 0.3296875 0.638671875 0.015625 0.01953125
0 0.3296875 0.619140625 0.015625 0.01953125
0 0.146875 0.755859375 0.015625 0.01953125
0 0.1375 0.783203125 0.015625 0.01953125
0 0.1421875 0.78125 0.015625 0.01953125
0 0.1296875 0.791015625 0.015625 0.01953125
0 0.20625 0.828125 0.015625 0.01953125
0 0.1921875 0.828125 0.015625 0.01953125
0 0.1546875 0.822265625 0.015625 0.01953125
0 0.3859375 0.939453125 0.015625 0.01953125
0 0.3703125 0.935546875 0.015625 0.01953125
0 0.2640625 0.9921875 0.015625 0.01953125
0 0.096875 0.3359375 0.015625 0.01953125
0 0.1328125 0.302734375 0.015625 0.01953125
0 0.134375 0.25390625 0.015625 0.01953125
0 0.1109375 0.259765625 0.015625 0.01953125
0 0.0703125 0.232421875 0.015625 0.01953125
0 0.059375 0.244140625 0.015625 0.01953125
0 0.05 0.248046875 0.015625 0.01953125
0 0.071875 0.1796875 0.015625 0.01953125
0 0.0515625 0.19140625 0.015625 0.01953125
0 0.0328125 0.1953125 0.015625 0.01953125
0 0.025 0.166015625 0.015625 0.01953125
0 0.003125 0.19140625 0.015625 0.01953125
0 0.0125 0.310546875 0.015625 0.01953125
0 0.0578125 0.439453125 0.015625 0.01953125
0 0.0390625 0.44921875 0.015625 0.01953125
0 0.0203125 0.4453125 0.015625 0.01953125
0 0.0296875 0.48828125 0.015625 0.01953125
0 0.0171875 0.501953125 0.015625 0.01953125
0 0.00625 0.521484375 0.015625 0.01953125
0 0.065625 0.48046875 0.015625 0.01953125
0 0.08125 0.5703125 0.015625 0.01953125
0 0.0703125 0.5703125 0.015625 0.01953125
0 0.0484375 0.650390625 0.015625 0.01953125
0 0.040625 0.677734375 0.015625 0.01953125
0 0.0765625 0.708984375 0.015625 0.01953125
0 0.00625 0.6796875 0.015625 0.01953125
0 0.01875 0.5859375 0.015625 0.01953125
0 0.003125 0.59765625 0.015625 0.01953125
0 0.05 0.75 0.015625 0.01953125
0 0.0421875 0.751953125 0.015625 0.01953125
0 0.075 0.76953125 0.015625 0.01953125
0 0.2265625 0.931640625 0.015625 0.01953125
