0 0.5875 0.916015625 0.015625 0.01953125
0 0.58125 0.91015625 0.015625 0.01953125
0 0.540625 0.8984375 0.015625 0.01953125
0 0.4875 0.916015625 0.015625 0.01953125
0 0.4765625 0.90234375 0.015625 0.01953125
0 0.446875 0.939453125 0.015625 0.01953125
0 0.4375 0.9375 0.015625 0.01953125
0 0.3390625 0.9765625 0.015625 0.01953125
0 0.7359375 0.841796875 0.015625 0.01953125
0 0.6921875 0.78515625 0.015625 0.01953125
0 0.678125 0.783203125 0.015625 0.01953125
0 0.6640625 0.759765625 0.015625 0.01953125
0 0.65 0.765625 0.015625 0.01953125
0 0.81875 0.6640625 0.015625 0.01953125
0 0.7796875 0.666015625 0.015625 0.01953125
0 0.7765625 0.669921875 0.015625 0.01953125
0 0.7671875 0.67578125 0.015625 0.01953125
0 0.7546875 0.611328125 0.015625 0.01953125
0 0.7515625 0.626953125 0.015625 0.01953125
0 0.7328125 0.60546875 0.015625 0.01953125
0 0.64375 0.595703125 0.015625 0.01953125
0 0.6265625 0.642578125 0.015625 0.01953125
0 0.6171875 0.64453125 0.015625 0.01953125
0 0.6046875 0.615234375 0.015625 0.01953125
0 0.8640625 0.826171875 0.015625 0.01953125
0 0.8546875 0.82421875 0.015625 0.01953125
0 0.93125 0.70703125 0.015625 0.01953125
0 0.9265625 0.7109375 0.015625 0.01953125
0 0.9453125 0.626953125 0.015625 0.01953125
0 0.93125 0.56640625 0.015625 0.01953125
0 0.9 0.607421875 0.015625 0.01953125
0 0.95 0.533203125 0.015625 0.01953125
0 0.9546875 0.521484375 0.015625 0.01953125
0 0.81875 0.591796875 0.015625 0.01953125
0 0.8140625 0.48046875 0.015625 0.01953125
0 0.80625 0.48046875 0.015625 0.01953125
0 0.765625 0.458984375 0.015625 0.01953125
0 0.8125 0.44140625 0.015625 0.01953125
0 0.83125 0.4296875 0.015625 0.01953125
0 0.8734375 0.400390625 0.015625 0.01953125
0 0.8921875 0.330078125 0.015625 0.01953125
0 0.88125 0.3359375 0.015625 0.01953125
0 0.8578125 0.34765625 0.015625 0.01953125
0 0.8109375 0.373046875 0.015625 0.01953125
0 0.9296875 0.357421875 0.015625 0.01953125
0 0.946875 0.376953125 0.015625 0.01953125
0 0.9515625 0.380859375 0.015625 0.01953125
0 0.9484375 0.310546875 0.015625 0.01953125
0 0.9578125 0.3046875 0.015625 0.01953125
0 0.859375 0.287109375 0.015625 0.01953125
0 0.8765625 0.31640625 0.015625 0.01953125
0 0.88125 0.240234375 0.015625 0.01953125
0 0.8546875 0.25 0.015625 0.01953125
0 0.8390625 0.23828125 0.015625 0.01953125
0 0.825 0.21875 0.015625 0.01953125
0 0.8203125 0.212890625 0.015625 0.01953125
0 0.8125 0.197265625 0.015625 0.01953125
0 0.7984375 0.212890625 0.015625 0.01953125
0 0.8109375 0.220703125 0.015625 0.01953125
0 0.7796875 0.21484375 0.015625 0.01953125
0 0.7671875 0.216796875 0.015625 0.01953125
0 0.75625 0.23046875 0.015625 0.01953125
0 0.7453125 0.232421875 0.015625 0.01953125
0 0.740625 0.240234375 0.015625 0.01953125
0 0.734375 0.2421875 0.015625 0.01953125
0 0.7171875 0.26171875 0.015625 0.01953125
0 0.7078125 0.263671875 0.015625 0.01953125
0 0.725 0.26953125 0.015625 0.01953125
0 0.7421875 0.267578125 0.015625 0.01953125
0 0.7546875 0.255859375 0.015625 0.01953125
0 0.771875 0.25 0.015625 0.01953125
0 0.790625 0.255859375 0.015625 0.01953125
0 0.78125 0.2734375 0.015625 0.01953125
0 0.790625 0.28515625 0.015625 0.01953125
0 0.809375 0.283203125 0.015625 0.01953125
0 0.80625 0.26171875 0.015625 0.01953125
0 0.7984375 0.265625 0.015625 0.01953125
0 0.8265625 0.251953125 0.015625 0.01953125
0 0.8328125 0.28125 0.015625 0.01953125
0 0.9 0.197265625 0.015625 0.01953125
0 0.8953125 0.1796875 0.015625 0.01953125
0 0.8703125 0.17578125 0.015625 0.01953125
0 0.778125 0.1875 0.015625 0.01953125
0 0.7671875 0.1796875 0.015625 0.01953125
0 0.753125 0.181640625 0.015625 0.01953125
0 0.74375 0.181640625 0.015625 0.01953125
0 0.75 0.1953125 0.015625 0.01953125
0 0.7828125 0.158203125 0.015625 0.01953125
0 0.75 0.142578125 0.015625 0.01953125
0 0.7125 0.1796875 0.015625 0.01953125
0 0.690625 0.15234375 0.015625 0.01953125
0 0.675 0.162109375 0.015625 0.01953125
0 0.6484375 0.15234375 0.015625 0.01953125
0 0.6421875 0.140625 0.015625 0.01953125
0 0.66875 0.125 0.015625 0.01953125
0 0.6375 0.15625 0.015625 0.01953125
0 0.6296875 0.15625 0.015625 0.01953125
0 0.71875 0.220703125 0.015625 0.01953125
0 0.7078125 0.21484375 0.015625 0.01953125
0 0.7234375 0.296875 0.015625 0.01953125
0 0.753125 0.298828125 0.015625 0.01953125
0 0.753125 0.3359375 0.015625 0.01953125
0 0.7453125 0.3359375 0.015625 0.01953125
0 0.7875 0.30859375 0.015625 0.01953125
0 0.746875 0.359375 0.015625 0.01953125
0 0.7546875 0.390625 0.015625 0.01953125
0 0.7625 0.38671875 0.015625 0.01953125
0 0.6703125 0.447265625 0.015625 0.01953125
0 0.6921875 0.51953125 0.015625 0.01953125
0 0.74375 0.51953125 0.015625 0.01953125
0 0.6078125 0.48046875 0.015625 0.01953125
0 0.590625 0.44140625 0.015625 0.01953125
0 0.5640625 0.43359375 0.015625 0.01953125
0 0.5609375 0.390625 0.015625 0.01953125
0 0.6015625 0.376953125 0.015625 0.01953125
0 0.609375 0.38671875 0.015625 0.01953125
0 0.6265625 0.283203125 0.015625 0.01953125
0 0.6109375 0.28125 0.015625 0.01953125
0 0.60625 0.28515625 0.015625 0.01953125
0 0.6171875 0.296875 0.015625 0.01953125
0 0.634375 0.236328125 0.015625 0.01953125
0 0.5734375 0.259765625 0.015625 0.01953125
0 0.578125 0.240234375 0.015625 0.01953125
0 0.54375 0.248046875 0.015625 0.01953125
0 0.5484375 0.232421875 0.015625 0.01953125
0 0.5015625 0.193359375 0.015625 0.01953125
0 0.48125 0.169921875 0.015625 0.01953125
0 0.4859375 0.166015625 0.015625 0.01953125
0 0.51875 0.18359375 0.015625 0.01953125
0 0.5359375 0.177734375 0.015625 0.01953125
0 0.5453125 0.162109375 0.015625 0.01953125
0 0.5765625 0.150390625 0.015625 0.01953125
0 0.553125 0.130859375 0.015625 0.01953125
0 0.44375 0.18359375 0.015625 0.01953125
0 0.440625 0.193359375 0.015625 0.01953125
0 0.4375 0.20703125 0.015625 0.01953125
0 0.425 0.193359375 0.015625 0.01953125
0 0.3875 0.19140625 0.015625 0.01953125
0 0.390625 0.208984375 0.015625 0.01953125
0 0.36875 0.22265625 0.015625 0.01953125
0 0.353125 0.197265625 0.015625 0.01953125
0 0.3140625 0.212890625 0.015625 0.01953125
0 0.3171875 0.15234375 0.015625 0.01953125
0 0.4703125 0.107421875 0.015625 0.01953125
0 0.3921875 0.09765625 0.015625 0.01953125
0 0.3796875 0.076171875 0.015625 0.01953125
0 0.375 0.115234375 0.015625 0.01953125
0 0.3390625 0.08984375 0.015625 0.01953125
0 0.3359375 0.08984375 0.015625 0.01953125
0 0.328125 0.091796875 0.015625 0.01953125
0 0.33125 0.06640625 0.015625 0.01953125
0 0.471875 0.353515625 0.015625 0.01953125
0 0.4375 0.359375 0.015625 0.01953125
0 0.4953125 0.412109375 0.015625 0.01953125
0 0.4875 0.265625 0.015625 0.01953125
0 0.4140625 0.291015625 0.015625 0.01953125
0 0.4765625 0.501953125 0.015625 0.01953125
0 0.465625 0.533203125 0.015625 0.01953125
0 0.5515625 0.5546875 0.015625 0.01953125
0 0.4328125 0.509765625 0.015625 0.01953125
0 0.421875 0.513671875 0.015625 0.01953125
0 0.409375 0.509765625 0.015625 0.01953125
0 0.40625 0.548828125 0.015625 0.01953125
0 0.3984375 0.5546875 0.015625 0.01953125
0 0.371875 0.515625 0.015625 0.01953125
0 0.3734375 0.62890625 0.015625 0.01953125
0 0.36875 0.64453125 0.015625 0.01953125
0 0.365625 0.63671875 0.015625 0.01953125
0 0.3734375 0.66015625 0.015625 0.01953125
0 0.2140625 0.80859375 0.015625 0.01953125
0 0.2109375 0.82421875 0.015625 0.01953125
0 0.209375 0.830078125 0.015625 0.01953125
0 0.2265625 0.822265625 0.015625 0.01953125
0 0.165625 0.796875 0.015625 0.01953125
0 0.1578125 0.796875 0.015625 0.01953125
0 0.14375 0.8046875 0.015625 0.01953125
0 0.1421875 0.76171875 0.015625 0.01953125
0 0.153125 0.751953125 0.015625 0.01953125
0 0.1859375 0.759765625 0.015625 0.01953125
0 0.1171875 0.697265625 0.015625 0.01953125
0 0.109375 0.697265625 0.015625 0.01953125
0 0.1234375 0.66796875 0.015625 0.01953125
0 0.0921875 0.66015625 0.015625 0.01953125
0 0.05625 0.66015625 0.015625 0.01953125
0 0.06875 0.625 0.015625 0.01953125
0 0.059375 0.630859375 0.015625 0.01953125
0 0.046875 0.615234375 0.015625 0.01953125
0 0.040625 0.626953125 0.015625 0.01953125
0 0.028125 0.615234375 0.015625 0.01953125
0 0.0140625 0.61328125 0.015625 0.01953125
0 0.003125 0.59765625 0.015625 0.01953125
0 0.1171875 0.6171875 0.015625 0.01953125
0 0.1265625 0.619140625 0.015625 0.01953125
0 0.178125 0.560546875 0.015625 0.01953125
0 0.184375 0.5546875 0.015625 0.01953125
0 0.2171875 0.564453125 0.015625 0.01953125
0 0.209375 0.5625 0.015625 0.01953125
0 0.2046875 0.548828125 0.015625 0.01953125
0 0.196875 0.548828125 0.015625 0.01953125
0 0.2 0.5625 0.015625 0.01953125
0 0.0921875 0.51953125 0.015625 0.01953125
0 0.215625 0.474609375 0.015625 0.01953125
0 0.23125 0.45703125 0.015625 0.01953125
0 0.296875 0.478515625 0.015625 0.01953125
0 0.2703125 0.427734375 0.015625 0.01953125
0 0.196875 0.453125 0.015625 0.01953125
0 0.0546875 0.54296875 0.015625 0.01953125
0 0.040625 0.55078125 0.015625 0.01953125
0 0.0296875 0.53515625 0.015625 0.01953125
0 0.0328125 0.49609375 0.015625 0.01953125
0 0.0109375 0.4921875 0.015625 0.01953125
0 0.0609375 0.470703125 0.015625 0.01953125
0 0.0796875 0.48046875 0.015625 0.01953125
0 0.1375 0.3828125 0.015625 0.01953125
0 0.096875 0.375 0.015625 0.01953125
0 0.0859375 0.37109375 0.015625 0.01953125
0 0.1171875 0.333984375 0.015625 0.01953125
0 0.165625 0.28125 0.015625 0.01953125
0 0.1296875 0.291015625 0.015625 0.01953125
0 0.1140625 0.287109375 0.015625 0.01953125
0 0.0921875 0.298828125 0.015625 0.01953125
0 0.00625 0.390625 0.015625 0.01953125
0 0.0140625 0.423828125 0.015625 0.01953125
0 0.0109375 0.3359375 0.015625 0.01953125
0 0.0203125 0.314453125 0.015625 0.01953125
0 0.0296875 0.310546875 0.015625 0.01953125
0 0.0671875 0.255859375 0.015625 0.01953125
0 0.0578125 0.21484375 0.015625 0.01953125
0 0.021875 0.228515625 0.015625 0.01953125
0 0.0125 0.2265625 0.015625 0.01953125
0 0.1015625 0.236328125 0.015625 0.01953125
0 0.115625 0.248046875 0.015625 0.01953125
0 0.1234375 0.2265625 0.015625 0.01953125
0 0.1171875 0.2265625 0.015625 0.01953125
0 0.2953125 0.2265625 0.015625 0.01953125
0 0.275 0.24609375 0.015625 0.01953125
0 0.253125 0.248046875 0.015625 0.01953125
0 0.234375 0.255859375 0.015625 0.01953125
0 0.253125 0.216796875 0.015625 0.01953125
0 0.240625 0.22265625 0.015625 0.01953125
0 0.234375 0.216796875 0.015625 0.01953125
0 0.2109375 0.19921875 0.015625 0.01953125
0 0.221875 0.197265625 0.015625 0.01953125
0 0.2328125 0.185546875 0.015625 0.01953125
0 0.1953125 0.158203125 0.015625 0.01953125
0 0.1875 0.134765625 0.015625 0.01953125
0 0.1671875 0.140625 0.015625 0.01953125
0 0.153125 0.201171875 0.015625 0.01953125
0 0.1859375 0.193359375 0.015625 0.01953125
0 0.1765625 0.20703125 0.015625 0.01953125
0 0.2515625 0.111328125 0.015625 0.01953125
0 0.278125 0.080078125 0.015625 0.01953125
0 0.271875 0.0546875 0.015625 0.01953125
0 0.2859375 0.16796875 0.015625 0.01953125
0 0.2546875 0.1484375 0.015625 0.01953125
