0 0.7796875 0.84765625 0.015625 0.01953125
0 0.796875 0.826171875 0.015625 0.01953125
0 0.8078125 0.810546875 0.015625 0.01953125
0 0.75625 0.865234375 0.015625 0.01953125
0 0.7203125 0.8046875 0.015625 0.01953125
0 0.7140625 0.802734375 0.015625 0.01953125
0 0.7734375 0.76171875 0.015625 0.01953125
0 0.7953125 0.751953125 0.015625 0.01953125
0 0.865625 0.720703125 0.015625 0.01953125
0 0.8921875 0.69140625 0.015625 0.01953125
0 0.9 0.650390625 0.015625 0.01953125
0 0.890625 0.677734375 0.015625 0.01953125
0 0.9265625 0.677734375 0.015625 0.01953125
0 0.9515625 0.72265625 0.015625 0.01953125
0 0.94375 0.724609375 0.015625 0.01953125
0 0.9625 0.734375 0.015625 0.01953125
0 0.971875 0.72265625 0.015625 0.01953125
0 0.5046875 0.8203125 0.015625 0.01953125
0 0.496875 0.794921875 0.015625 0.01953125
0 0.4234375 0.826171875 0.015625 0.01953125
0 0.4125 0.779296875 0.015625 0.01953125
0 0.3234375 0.802734375 0.015625 0.01953125
0 0.31875 0.771484375 0.015625 0.01953125
0 0.3390625 0.771484375 0.015625 0.01953125
0 0.35625 0.755859375 0.015625 0.01953125
0 0.3640625 0.75390625 0.015625 0.01953125
0 0.265625 0.767578125 0.015625 0.01953125
0 0.2609375 0.732421875 0.015625 0.01953125
0 0.190625 0.763671875 0.015625 0.01953125
0 0.14375 0.759765625 0.015625 0.01953125
0 0.1828125 0.5625 0.015625 0.01953125
0 0.2828125 0.548828125 0.015625 0.01953125
0 0.275 0.541015625 0.015625 0.01953125
0 0.2984375 0.537109375 0.015625 0.01953125
0 0.371875 0.591796875 0.015625 0.01953125
0 0.4609375 0.501953125 0.015625 0.01953125
0 0.35 0.4375 0.015625 0.01953125
0 0.34375 0.439453125 0.015625 0.01953125
0 0.3078125 0.361328125 0.015625 0.01953125
0 0.2953125 0.359375 0.015625 0.01953125
0 0.2203125 0.357421875 0.015625 0.01953125
0 0.209375 0.3515625 0.015625 0.01953125
0 0.19375 0.318359375 0.015625 0.01953125
0 0.1875 0.396484375 0.015625 0.01953125
0 0.178125 0.3984375 0.015625 0.01953125
0 0.13125 0.41015625 0.015625 0.01953125
0 0.2984375 0.21484375 0.015625 0.01953125
0 0.35625 0.05078125 0.015625 0.01953125
0 0.3234375 0.037109375 0.015625 0.01953125
0 0.33125 0.013671875 0.015625 0.01953125
0 0.215625 0.015625 0.015625 0.01953125
0 0.23125 0.001953125 0.015625 0.01953125
0 0.421875 0.015625 0.015625 0.01953125
0 0.3890625 0.041015625 0.015625 0.01953125
0 0.3984375 0.052734375 0.015625 0.01953125
0 0.45 0.015625 0.015625 0.01953125
0 0.4828125 0.05859375 0.015625 0.01953125
0 0.5125 0.0703125 0.015625 0.01953125
0 0.4234375 0.109375 0.015625 0.01953125
0 0.509375 0.126953125 0.015625 0.01953125
0 0.5359375 0.171875 0.015625 0.01953125
0 0.5390625 0.15234375 0.015625 0.01953125
0 0.5453125 0.15625 0.015625 0.01953125
0 0.5609375 0.16796875 0.015625 0.01953125
0 0.5625 0.1796875 0.015625 0.01953125
0 0.5609375 0.1953125 0.015625 0.01953125
0 0.553125 0.21484375 0.015625 0.01953125
0 0.5328125 0.2265625 0.015625 0.01953125
0 0.5171875 0.236328125 0.015625 0.01953125
0 0.5109375 0.216796875 0.015625 0.01953125
0 0.5546875 0.240234375 0.015625 0.01953125
0 0.571875 0.234375 0.015625 0.01953125
0 0.5875 0.21484375 0.015625 0.01953125
0 0.584375 0.1953125 0.015625 0.01953125
0 0.5734375 0.185546875 0.015625 0.01953125
0 0.58125 0.166015625 0.015625 0.01953125
0 0.58125 0.140625 0.015625 0.01953125
0 0.59375 0.1328125 0.015625 0.01953125
0 0.578125 0.103515625 0.015625 0.01953125
0 0.609375 0.162109375 0.015625 0.01953125
0 0.6015625 0.162109375 0.015625 0.01953125
0 0.615625 0.177734375 0.015625 0.01953125
0 0.6640625 0.470703125 0.015625 0.01953125
0 0.6546875 0.439453125 0.015625 0.01953125
0 0.6390625 0.458984375 0.015625 0.01953125
0 0.6140625 0.453125 0.015625 0.01953125
0 0.640625 0.373046875 0.015625 0.01953125
0 0.809375 0.5390625 0.015625 0.01953125
0 0.825 0.525390625 0.015625 0.01953125
0 0.8328125 0.501953125 0.015625 0.01953125
0 0.81875 0.462890625 0.015625 0.01953125
0 0.7984375 0.43359375 0.015625 0.01953125
0 0.765625 0.40625 0.015625 0.01953125
0 0.78125 0.40234375 0.015625 0.01953125
0 0.7390625 0.443359375 0.015625 0.01953125
0 0.8140625 0.416015625 0.015625 0.01953125
0 0.8109375 0.390625 0.015625 0.01953125
0 0.8140625 0.349609375 0.015625 0.01953125
0 0.784375 0.345703125 0.015625 0.01953125
0 0.7609375 0.2734375 0.015625 0.01953125
0 0.7875 0.2734375 0.015625 0.01953125
0 0.7953125 0.251953125 0.015625 0.01953125
0 0.7953125 0.2265625 0.015625 0.01953125
0 0.7796875 0.216796875 0.015625 0.01953125
0 0.7359375 0.220703125 0.015625 0.01953125
0 0.7125 0.1875 0.015625 0.01953125
0 0.728125 0.177734375 0.015625 0.01953125
0 0.7390625 0.169921875 0.015625 0.01953125
0 0.7015625 0.1171875 0.015625 0.01953125
0 0.6875 0.1484375 0.015625 0.01953125
0 0.6828125 0.166015625 0.015625 0.01953125
0 0.66875 0.13671875 0.015625 0.01953125
0 0.66875 0.109375 0.015625 0.01953125
0 0.6328125 0.083984375 0.015625 0.01953125
0 0.625 0.103515625 0.015625 0.01953125
0 0.6546875 0.04296875 0.015625 0.01953125
0 0.69375 0.056640625 0.015625 0.01953125
0 0.75625 0.02734375 0.015625 0.01953125
0 0.7453125 0.03125 0.015625 0.01953125
0 0.746875 0.0625 0.015625 0.01953125
0 0.7890625 0.09375 0.015625 0.01953125
0 0.8234375 0.072265625 0.015625 0.01953125
0 0.803125 0.046875 0.015625 0.01953125
0 0.8546875 0.3359375 0.015625 0.01953125
0 0.8484375 0.34375 0.015625 0.01953125
0 0.8390625 0.3359375 0.015625 0.01953125
0 0.85625 0.349609375 0.015625 0.01953125
0 0.8640625 0.341796875 0.015625 0.01953125
0 0.8671875 0.349609375 0.015625 0.01953125
0 0.8625 0.29296875 0.015625 0.01953125
0 0.8859375 0.302734375 0.015625 0.01953125
0 0.89375 0.330078125 0.015625 0.01953125
0 0.9296875 0.388671875 0.015625 0.01953125
0 0.9296875 0.369140625 0.015625 0.01953125
0 0.95625 0.3671875 0.015625 0.01953125
0 0.890625 0.4140625 0.015625 0.01953125
0 0.8984375 0.4140625 0.015625 0.01953125
0 0.8703125 0.3984375 0.015625 0.01953125
0 0.8484375 0.390625 0.015625 0.01953125
0 0.8296875 0.40625 0.015625 0.01953125
0 0.8328125 0.26953125 0.015625 0.01953125
0 0.8140625 0.22265625 0.015625 0.01953125
0 0.8671875 0.23046875 0.015625 0.01953125
0 0.871875 0.251953125 0.015625 0.01953125
0 0.8578125 0.23046875 0.015625 0.01953125
0 0.896875 0.5390625 0.015625 0.01953125
0 0.8875 0.53125 0.015625 0.01953125
0 0.878125 0.525390625 0.015625 0.01953125
0 0.865625 0.5234375 0.015625 0.01953125
0 0.853125 0.521484375 0.015625 0.01953125
0 0.8484375 0.474609375 0.015625 0.01953125
0 0.8625 0.482421875 0.015625 0.01953125
0 0.8796875 0.501953125 0.015625 0.01953125
0 0.9125 0.5625 0.015625 0.01953125
0 0.86875 0.615234375 0.015625 0.01953125
0 0.809375 0.580078125 0.015625 0.01953125
0 0.9703125 0.517578125 0.015625 0.01953125
0 0.9671875 0.537109375 0.015625 0.01953125
0 0.9671875 0.478515625 0.015625 0.01953125
0 0.9421875 0.548828125 0.015625 0.01953125
0 0.946875 0.580078125 0.015625 0.01953125
0 0.65 0.64453125 0.015625 0.01953125
0 0.575 0.748046875 0.015625 0.01953125
0 0.603125 0.783203125 0.015625 0.01953125
0 0.528125 0.744140625 0.015625 0.01953125
0 0.5125 0.72265625 0.015625 0.01953125
0 0.55625 0.650390625 0.015625 0.01953125
0 0.078125 0.78515625 0.015625 0.01953125
0 0.06875 0.771484375 0.015625 0.01953125
0 0.084375 0.744140625 0.015625 0.01953125
0 0.1078125 0.716796875 0.015625 0.01953125
0 0.0953125 0.654296875 0.015625 0.01953125
0 0.0390625 0.701171875 0.015625 0.01953125
0 0.1078125 0.66015625 0.015625 0.01953125
0 0.1078125 0.333984375 0.015625 0.01953125
0 0.06875 0.482421875 0.015625 0.01953125
0 0.0625 0.125 0.015625 0.01953125
0 0.05 0.09375 0.015625 0.01953125
0 0.05 0.08203125 0.015625 0.01953125
0 0.0390625 0.076171875 0.015625 0.01953125
0 0.0359375 0.140625 0.015625 0.01953125
0 0.0234375 0.13671875 0.015625 0.01953125
0 0.01875 0.13671875 0.015625 0.01953125
0 0.009375 0.15625 0.015625 0.01953125
0 0.1109375 0.015625 0.015625 0.01953125
0 0.1015625 0.05859375 0.015625 0.01953125
0 0.128125 0.068359375 0.015625 0.01953125
0 0.0328125 0.005859375 0.015625 0.01953125
0 0.0171875 0.005859375 0.015625 0.01953125
