0 0.9578125 0.9609375 0.015625 0.01953125
0 0.8953125 0.837890625 0.015625 0.01953125
0 0.915625 0.83984375 0.015625 0.01953125
0 0.9375 0.80859375 0.015625 0.01953125
0 0.9640625 0.779296875 0.015625 0.01953125
0 0.9546875 0.791015625 0.015625 0.01953125
0 0.946875 0.79296875 0.015625 0.01953125
0 0.95 0.775390625 0.015625 0.01953125
0 0.946875 0.759765625 0.015625 0.01953125
0 0.9546875 0.744140625 0.015625 0.01953125
0 0.95625 0.724609375 0.015625 0.01953125
0 0.79375 0.810546875 0.015625 0.01953125
0 0.76875 0.8203125 0.015625 0.01953125
0 0.7609375 0.84375 0.015625 0.01953125
0 0.778125 0.828125 0.015625 0.01953125
0 0.8015625 0.798828125 0.015625 0.01953125
0 0.796875 0.73046875 0.015625 0.01953125
0 0.790625 0.712890625 0.015625 0.01953125
0 0.771875 0.736328125 0.015625 0.01953125
0 0.7484375 0.71484375 0.015625 0.01953125
0 0.78125 0.70703125 0.015625 0.01953125
0 0.8078125 0.69921875 0.015625 0.01953125
0 0.840625 0.66015625 0.015625 0.01953125
0 0.8578125 0.66015625 0.015625 0.01953125
0 0.8671875 0.669921875 0.015625 0.01953125
0 0.884375 0.64453125 0.015625 0.01953125
0 0.8953125 0.62890625 0.015625 0.01953125
0 0.865625 0.625 0.015625 0.01953125
0 0.8953125 0.525390625 0.015625 0.01953125
0 0.8890625 0.509765625 0.015625 0.01953125
0 0.875 0.482421875 0.015625 0.01953125
0 0.8625 0.462890625 0.015625 0.01953125
0 0.84375 0.451171875 0.015625 0.01953125
0 0.8484375 0.490234375 0.015625 0.01953125
0 0.8390625 0.486328125 0.015625 0.01953125
0 0.821875 0.46484375 0.015625 0.01953125
0 0.8140625 0.458984375 0.015625 0.01953125
0 0.85 0.408203125 0.015625 0.01953125
0 0.825 0.41796875 0.015625 0.01953125
0 0.81875 0.3984375 0.015625 0.01953125
0 0.821875 0.380859375 0.015625 0.01953125
0 0.8328125 0.37109375 0.015625 0.01953125
0 0.8453125 0.369140625 0.015625 0.01953125
0 0.828125 0.359375 0.015625 0.01953125
0 0.8171875 0.35546875 0.015625 0.01953125
0 0.809375 0.349609375 0.015625 0.01953125
0 0.8015625 0.3515625 0.015625 0.01953125
0 0.79375 0.349609375 0.015625 0.01953125
0 0.7890625 0.361328125 0.015625 0.01953125
0 0.7796875 0.337890625 0.015625 0.01953125
0 0.6546875 0.447265625 0.015625 0.01953125
0 0.6359375 0.47265625 0.015625 0.01953125
0 0.6296875 0.4375 0.015625 0.01953125
0 0.6453125 0.412109375 0.015625 0.01953125
0 0.6546875 0.376953125 0.015625 0.01953125
0 0.7171875 0.787109375 0.015625 0.01953125
0 0.7109375 0.775390625 0.015625 0.01953125
0 0.675 0.76953125 0.015625 0.01953125
0 0.6390625 0.744140625 0.015625 0.01953125
0 0.615625 0.740234375 0.015625 0.01953125
0 0.6296875 0.697265625 0.015625 0.01953125
0 0.61875 0.671875 0.015625 0.01953125
0 0.596875 0.65625 0.015625 0.01953125
0 0.5359375 0.77734375 0.015625 0.01953125
0 0.53125 0.771484375 0.015625 0.01953125
0 0.534375 0.75 0.015625 0.01953125
0 0.465625 0.744140625 0.015625 0.01953125
0 0.459375 0.791015625 0.015625 0.01953125
0 0.3703125 0.80078125 0.015625 0.01953125
0 0.3734375 0.77734375 0.015625 0.01953125
0 0.3828125 0.7421875 0.015625 0.01953125
0 0.346875 0.75390625 0.015625 0.01953125
0 0.315625 0.75390625 0.015625 0.01953125
0 0.309375 0.728515625 0.015625 0.01953125
0 0.3 0.736328125 0.015625 0.01953125
0 0.2421875 0.755859375 0.015625 0.01953125
0 0.19375 0.744140625 0.015625 0.01953125
0 0.2640625 0.6953125 0.015625 0.01953125
0 0.2765625 0.53125 0.015625 0.01953125
0 0.2765625 0.521484375 0.015625 0.01953125
0 0.2921875 0.521484375 0.015625 0.01953125
0 0.3421875 0.421875 0.015625 0.01953125
0 0.3328125 0.421875 0.015625 0.01953125
0 0.3171875 0.34765625 0.015625 0.01953125
0 0.2953125 0.345703125 0.015625 0.01953125
0 0.2828125 0.333984375 0.015625 0.01953125
0 0.203125 0.35546875 0.015625 0.01953125
0 0.203125 0.328125 0.015625 0.01953125
0 0.1859375 0.29296875 0.015625 0.01953125
0 0.3 0.22265625 0.015625 0.01953125
0 0.3890625 0.095703125 0.015625 0.01953125
0 0.4640625 0.109375 0.015625 0.01953125
0 0.4859375 0.072265625 0.015625 0.01953125
0 0.48125 0.037109375 0.015625 0.01953125
0 0.440625 0.03125 0.015625 0.01953125
0 0.425 0.02734375 0.015625 0.01953125
0 0.74375 0.439453125 0.015625 0.01953125
0 0.6265625 0.23828125 0.015625 0.01953125
0 0.615625 0.19921875 0.015625 0.01953125
0 0.6046875 0.224609375 0.015625 0.01953125
0 0.5953125 0.2265625 0.015625 0.01953125
0 0.5828125 0.203125 0.015625 0.01953125
0 0.59375 0.181640625 0.015625 0.01953125
0 0.5765625 0.169921875 0.015625 0.01953125
0 0.559375 0.162109375 0.015625 0.01953125
0 0.5484375 0.1484375 0.015625 0.01953125
0 0.5421875 0.134765625 0.015625 0.01953125
0 0.5328125 0.140625 0.015625 0.01953125
0 0.5671875 0.2265625 0.015625 0.01953125
0 0.5640625 0.2109375 0.015625 0.01953125
0 0.55 0.216796875 0.015625 0.01953125
0 0.55 0.19140625 0.015625 0.01953125
0 0.5546875 0.1796875 0.015625 0.01953125
0 0.5421875 0.173828125 0.015625 0.01953125
0 0.534375 0.15625 0.015625 0.01953125
0 0.521875 0.1796875 0.015625 0.01953125
0 0.509375 0.1875 0.015625 0.01953125
0 0.509375 0.19921875 0.015625 0.01953125
0 0.50625 0.212890625 0.015625 0.01953125
0 0.525 0.22265625 0.015625 0.01953125
0 0.5421875 0.205078125 0.015625 0.01953125
0 0.5328125 0.216796875 0.015625 0.01953125
0 0.528125 0.203125 0.015625 0.01953125
0 0.3421875 0.029296875 0.015625 0.01953125
0 0.321875 0.03125 0.015625 0.01953125
0 0.2984375 0.0078125 0.015625 0.01953125
0 0.371875 0.005859375 0.015625 0.01953125
0 0.821875 0.04296875 0.015625 0.01953125
0 0.80625 0.033203125 0.015625 0.01953125
0 0.7546875 0.01171875 0.015625 0.01953125
0 0.74375 0.017578125 0.015625 0.01953125
0 0.775 0.0078125 0.015625 0.01953125
0 0.7359375 0.03515625 0.015625 0.01953125
0 0.703125 0.037109375 0.015625 0.01953125
0 0.671875 0.0390625 0.015625 0.01953125
0 0.665625 0.080078125 0.015625 0.01953125
0 0.6484375 0.09375 0.015625 0.01953125
0 0.6359375 0.07421875 0.015625 0.01953125
0 0.60625 0.0703125 0.015625 0.01953125
0 0.759375 0.23046875 0.015625 0.01953125
0 0.7453125 0.228515625 0.015625 0.01953125
0 0.7109375 0.171875 0.015625 0.01953125
0 0.6890625 0.14453125 0.015625 0.01953125
0 0.696875 0.12890625 0.015625 0.01953125
0 0.7078125 0.12890625 0.015625 0.01953125
0 0.6609375 0.119140625 0.015625 0.01953125
0 0.653125 0.123046875 0.015625 0.01953125
0 0.64375 0.11328125 0.015625 0.01953125
0 0.6296875 0.09765625 0.015625 0.01953125
0 0.7703125 0.166015625 0.015625 0.01953125
0 0.75625 0.169921875 0.015625 0.01953125
0 0.74375 0.169921875 0.015625 0.01953125
0 0.784375 0.16015625 0.015625 0.01953125
0 0.7875 0.1875 0.015625 0.01953125
0 0.8265625 0.234375 0.015625 0.01953125
0 0.8453125 0.201171875 0.015625 0.01953125
0 0.8671875 0.224609375 0.015625 0.01953125
0 0.896875 0.23046875 0.015625 0.01953125
0 0.9078125 0.20703125 0.015625 0.01953125
0 0.91875 0.16796875 0.015625 0.01953125
0 0.9140625 0.166015625 0.015625 0.01953125
0 0.9453125 0.23046875 0.015625 0.01953125
0 0.9265625 0.30078125 0.015625 0.01953125
0 0.9265625 0.35546875 0.015625 0.01953125
0 0.9234375 0.380859375 0.015625 0.01953125
0 0.8953125 0.39453125 0.015625 0.01953125
0 0.8859375 0.388671875 0.015625 0.01953125
0 0.8703125 0.373046875 0.015625 0.01953125
0 0.8640625 0.349609375 0.015625 0.01953125
0 0.8640625 0.33203125 0.015625 0.01953125
0 0.8578125 0.314453125 0.015625 0.01953125
0 0.8390625 0.306640625 0.015625 0.01953125
0 0.8359375 0.271484375 0.015625 0.01953125
0 0.8546875 0.2578125 0.015625 0.01953125
0 0.9640625 0.494140625 0.015625 0.01953125
0 0.4609375 0.484375 0.015625 0.01953125
0 0.3765625 0.607421875 0.015625 0.01953125
0 0.3703125 0.58203125 0.015625 0.01953125
0 0.3703125 0.56640625 0.015625 0.01953125
0 0.6765625 0.591796875 0.015625 0.01953125
0 0.1203125 0.76953125 0.015625 0.01953125
0 0.1328125 0.73046875 0.015625 0.01953125
0 0.0703125 0.701171875 0.015625 0.01953125
0 0.1125 0.634765625 0.015625 0.01953125
0 0.096875 0.60546875 0.015625 0.01953125
0 0.1875 0.515625 0.015625 0.01953125
0 0.1078125 0.4765625 0.015625 0.01953125
0 0.0328125 0.427734375 0.015625 0.01953125
0 0.15 0.404296875 0.015625 0.01953125
0 0.1765625 0.384765625 0.015625 0.01953125
0 0.1796875 0.380859375 0.015625 0.01953125
0 0.1015625 0.318359375 0.015625 0.01953125
0 0.01875 0.12109375 0.015625 0.01953125
0 0.003125 0.138671875 0.015625 0.01953125
0 0.0453125 0.072265625 0.015625 0.01953125
0 0.0546875 0.072265625 0.015625 0.01953125
0 0.0421875 0.0625 0.015625 0.01953125
0 0.0328125 0.056640625 0.015625 0.01953125
0 0.0640625 0.0390625 0.015625 0.01953125
0 0.0484375 0.015625 0.015625 0.01953125
0 0.0546875 0.103515625 0.015625 0.01953125
0 0.1921875 0.0 0.015625 0.01953125
0 0.559375 0.0625 0.015625 0.01953125
0 0.584375 0.099609375 0.015625 0.01953125
0 0.58125 0.11328125 0.015625 0.01953125
0 0.56875 0.10546875 0.015625 0.01953125
0 0.6046875 0.146484375 0.015625 0.01953125
0 0.5953125 0.15234375 0.015625 0.01953125
0 0.5765625 0.15234375 0.015625 0.01953125
0 0.6140625 0.16796875 0.015625 0.01953125
0 0.675 0.158203125 0.015625 0.01953125
