0 0.965625 0.75 0.015625 0.01953125
0 0.9484375 0.74609375 0.015625 0.01953125
0 0.946875 0.75390625 0.015625 0.01953125
0 0.9453125 0.763671875 0.015625 0.01953125
0 0.921875 0.740234375 0.015625 0.01953125
0 0.9328125 0.751953125 0.015625 0.01953125
0 0.940625 0.712890625 0.015625 0.01953125
0 0.9390625 0.701171875 0.015625 0.01953125
0 0.9296875 0.693359375 0.015625 0.01953125
0 0.96875 0.6796875 0.015625 0.01953125
0 0.959375 0.681640625 0.015625 0.01953125
0 0.9640625 0.701171875 0.015625 0.01953125
0 0.965625 0.712890625 0.015625 0.01953125
0 0.9609375 0.712890625 0.015625 0.01953125
0 0.9265625 0.67578125 0.015625 0.01953125
0 0.89375 0.65234375 0.015625 0.01953125
0 0.878125 0.63671875 0.015625 0.01953125
0 0.890625 0.623046875 0.015625 0.01953125
0 0.8859375 0.671875 0.015625 0.01953125
0 0.8609375 0.669921875 0.015625 0.01953125
0 0.8578125 0.65625 0.015625 0.01953125
0 0.95625 0.5078125 0.015625 0.01953125
0 0.9703125 0.5 0.015625 0.01953125
0 0.9609375 0.490234375 0.015625 0.01953125
0 0.9671875 0.46484375 0.015625 0.01953125
0 0.9390625 0.478515625 0.015625 0.01953125
0 0.934375 0.5234375 0.015625 0.01953125
0 0.903125 0.533203125 0.015625 0.01953125
0 0.8828125 0.50390625 0.015625 0.01953125
0 0.875 0.533203125 0.015625 0.01953125
0 0.8734375 0.5 0.015625 0.01953125
0 0.8703125 0.482421875 0.015625 0.01953125
0 0.8546875 0.4609375 0.015625 0.01953125
0 0.85625 0.498046875 0.015625 0.01953125
0 0.8421875 0.48828125 0.015625 0.01953125
0 0.83125 0.48046875 0.015625 0.01953125
0 0.8390625 0.447265625 0.015625 0.01953125
0 0.834375 0.45703125 0.015625 0.01953125
0 0.8453125 0.40625 0.015625 0.01953125
0 0.81875 0.41015625 0.015625 0.01953125
0 0.8265625 0.380859375 0.015625 0.01953125
0 0.8171875 0.375 0.015625 0.01953125
0 0.80625 0.37890625 0.015625 0.01953125
0 0.8390625 0.373046875 0.015625 0.01953125
0 0.8375 0.380859375 0.015625 0.01953125
0 0.8484375 0.3671875 0.015625 0.01953125
0 0.859375 0.34765625 0.015625 0.01953125
0 0.9234375 0.34765625 0.015625 0.01953125
0 0.915625 0.3828125 0.015625 0.01953125
0 0.9078125 0.3984375 0.015625 0.01953125
0 0.903125 0.396484375 0.015625 0.01953125
0 0.890625 0.388671875 0.015625 0.01953125
0 0.8796875 0.388671875 0.015625 0.01953125
0 0.95625 0.34765625 0.015625 0.01953125
0 0.9890625 0.447265625 0.015625 0.01953125
0 0.8984375 0.466796875 0.015625 0.01953125
0 0.84375 0.24609375 0.015625 0.01953125
0 0.84375 0.291015625 0.015625 0.01953125
0 0.846875 0.3046875 0.015625 0.01953125
0 0.834375 0.294921875 0.015625 0.01953125
0 0.825 0.29296875 0.015625 0.01953125
0 0.80625 0.2890625 0.015625 0.01953125
0 0.8046875 0.30859375 0.015625 0.01953125
0 0.8046875 0.333984375 0.015625 0.01953125
0 0.8171875 0.33203125 0.015625 0.01953125
0 0.821875 0.3359375 0.015625 0.01953125
0 0.7859375 0.328125 0.015625 0.01953125
0 0.7796875 0.302734375 0.015625 0.01953125
0 0.784375 0.26953125 0.015625 0.01953125
0 0.7640625 0.283203125 0.015625 0.01953125
0 0.7296875 0.462890625 0.015625 0.01953125
0 0.703125 0.564453125 0.015625 0.01953125
0 0.6625 0.494140625 0.015625 0.01953125
0 0.6296875 0.427734375 0.015625 0.01953125
0 0.64375 0.431640625 0.015625 0.01953125
0 0.6453125 0.412109375 0.015625 0.01953125
0 0.6734375 0.396484375 0.015625 0.01953125
0 0.934375 0.283203125 0.015625 0.01953125
0 0.8921875 0.29296875 0.015625 0.01953125
0 0.8921875 0.265625 0.015625 0.01953125
0 0.8953125 0.236328125 0.015625 0.01953125
0 0.8734375 0.23828125 0.015625 0.01953125
0 0.8671875 0.236328125 0.015625 0.01953125
0 0.859375 0.208984375 0.015625 0.01953125
0 0.846875 0.2109375 0.015625 0.01953125
0 0.8328125 0.224609375 0.015625 0.01953125
0 0.825 0.236328125 0.015625 0.01953125
0 0.81875 0.228515625 0.015625 0.01953125
0 0.9625 0.23828125 0.015625 0.01953125
0 0.9765625 0.255859375 0.015625 0.01953125
0 0.9640625 0.291015625 0.015625 0.01953125
0 0.9453125 0.330078125 0.015625 0.01953125
0 0.9078125 0.220703125 0.015625 0.01953125
0 0.9171875 0.15234375 0.015625 0.01953125
0 0.90625 0.15625 0.015625 0.01953125
0 0.7609375 0.158203125 0.015625 0.01953125
0 0.7203125 0.19921875 0.015625 0.01953125
0 0.753125 0.130859375 0.015625 0.01953125
0 0.734375 0.126953125 0.015625 0.01953125
0 0.725 0.138671875 0.015625 0.01953125
0 0.7765625 0.064453125 0.015625 0.01953125
0 0.7953125 0.0234375 0.015625 0.01953125
0 0.8171875 0.037109375 0.015625 0.01953125
0 0.740625 0.013671875 0.015625 0.01953125
0 0.7359375 0.017578125 0.015625 0.01953125
0 0.728125 0.03125 0.015625 0.01953125
0 0.775 0.0 0.015625 0.01953125
0 0.7671875 0.001953125 0.015625 0.01953125
0 0.6953125 0.033203125 0.015625 0.01953125
0 0.6796875 0.0546875 0.015625 0.01953125
0 0.6734375 0.09375 0.015625 0.01953125
0 0.659375 0.10546875 0.015625 0.01953125
0 0.6625 0.119140625 0.015625 0.01953125
0 0.68125 0.146484375 0.015625 0.01953125
0 0.696875 0.146484375 0.015625 0.01953125
0 0.6859375 0.10546875 0.015625 0.01953125
0 0.6390625 0.125 0.015625 0.01953125
0 0.6265625 0.095703125 0.015625 0.01953125
0 0.6171875 0.095703125 0.015625 0.01953125
0 0.621875 0.052734375 0.015625 0.01953125
0 0.603125 0.056640625 0.015625 0.01953125
0 0.5984375 0.08203125 0.015625 0.01953125
0 0.5828125 0.0703125 0.015625 0.01953125
0 0.565625 0.037109375 0.015625 0.01953125
0 0.5328125 0.064453125 0.015625 0.01953125
0 0.5421875 0.091796875 0.015625 0.01953125
0 0.5765625 0.111328125 0.015625 0.01953125
0 0.596875 0.142578125 0.015625 0.01953125
0 0.56875 0.1484375 0.015625 0.01953125
0 0.5703125 0.166015625 0.015625 0.01953125
0 0.578125 0.1953125 0.015625 0.01953125
0 0.5890625 0.181640625 0.015625 0.01953125
0 0.60625 0.19921875 0.015625 0.01953125
0 0.6203125 0.236328125 0.015625 0.01953125
0 0.5984375 0.224609375 0.015625 0.01953125
0 0.5890625 0.21875 0.015625 0.01953125
0 0.5859375 0.208984375 0.015625 0.01953125
0 0.5578125 0.216796875 0.015625 0.01953125
0 0.5484375 0.216796875 0.015625 0.01953125
0 0.5359375 0.216796875 0.015625 0.01953125
0 0.5359375 0.173828125 0.015625 0.01953125
0 0.55 0.1640625 0.015625 0.01953125
0 0.54375 0.146484375 0.015625 0.01953125
0 0.5359375 0.1328125 0.015625 0.01953125
0 0.5328125 0.1328125 0.015625 0.01953125
0 0.5265625 0.150390625 0.015625 0.01953125
0 0.5171875 0.1796875 0.015625 0.01953125
0 0.503125 0.18359375 0.015625 0.01953125
0 0.5015625 0.19921875 0.015625 0.01953125
0 0.51875 0.2109375 0.015625 0.01953125
0 0.5 0.212890625 0.015625 0.01953125
0 0.4890625 0.04296875 0.015625 0.01953125
0 0.71875 0.6640625 0.015625 0.01953125
0 0.7421875 0.712890625 0.015625 0.01953125
0 0.765625 0.697265625 0.015625 0.01953125
0 0.7796875 0.736328125 0.015625 0.01953125
0 0.7875 0.712890625 0.015625 0.01953125
0 0.8 0.716796875 0.015625 0.01953125
0 0.803125 0.697265625 0.015625 0.01953125
0 0.80625 0.662109375 0.015625 0.01953125
0 0.6671875 0.65625 0.015625 0.01953125
0 0.69375 0.603515625 0.015625 0.01953125
0 0.6734375 0.71875 0.015625 0.01953125
0 0.640625 0.69140625 0.015625 0.01953125
0 0.7078125 0.771484375 0.015625 0.01953125
0 0.7109375 0.78125 0.015625 0.01953125
0 0.571875 0.74609375 0.015625 0.01953125
0 0.565625 0.73046875 0.015625 0.01953125
0 0.4953125 0.76953125 0.015625 0.01953125
0 0.51875 0.7109375 0.015625 0.01953125
0 0.425 0.7734375 0.015625 0.01953125
0 0.4234375 0.76171875 0.015625 0.01953125
0 0.4234375 0.7265625 0.015625 0.01953125
0 0.378125 0.732421875 0.015625 0.01953125
0 0.3828125 0.7421875 0.015625 0.01953125
0 0.365625 0.75390625 0.015625 0.01953125
0 0.40625 0.671875 0.015625 0.01953125
0 0.3546875 0.65625 0.015625 0.01953125
0 0.2953125 0.75390625 0.015625 0.01953125
0 0.253125 0.724609375 0.015625 0.01953125
0 0.2375 0.73828125 0.015625 0.01953125
0 0.259375 0.68359375 0.015625 0.01953125
0 0.359375 0.55078125 0.015625 0.01953125
0 0.365625 0.576171875 0.015625 0.01953125
0 0.4546875 0.478515625 0.015625 0.01953125
0 0.4484375 0.474609375 0.015625 0.01953125
0 0.340625 0.419921875 0.015625 0.01953125
0 0.328125 0.419921875 0.015625 0.01953125
0 0.2875 0.513671875 0.015625 0.01953125
0 0.2703125 0.515625 0.015625 0.01953125
0 0.2671875 0.529296875 0.015625 0.01953125
0 0.2109375 0.3671875 0.015625 0.01953125
0 0.3140625 0.3359375 0.015625 0.01953125
0 0.29375 0.341796875 0.015625 0.01953125
0 0.2984375 0.25 0.015625 0.01953125
0 0.425 0.1171875 0.015625 0.01953125
0 0.353125 0.10546875 0.015625 0.01953125
0 0.390625 0.056640625 0.015625 0.01953125
0 0.4 0.029296875 0.015625 0.01953125
0 0.4203125 0.021484375 0.015625 0.01953125
0 0.328125 0.001953125 0.015625 0.01953125
0 0.2875 0.021484375 0.015625 0.01953125
0 0.2 0.3125 0.015625 0.01953125
0 0.196875 0.33203125 0.015625 0.01953125
0 0.1796875 0.296875 0.015625 0.01953125
0 0.171875 0.380859375 0.015625 0.01953125
0 0.178125 0.40234375 0.015625 0.01953125
0 0.09375 0.31640625 0.015625 0.01953125
0 0.015625 0.130859375 0.015625 0.01953125
0 0.0453125 0.09765625 0.015625 0.01953125
0 0.040625 0.060546875 0.015625 0.01953125
0 0.04375 0.048828125 0.015625 0.01953125
0 0.0234375 0.048828125 0.015625 0.01953125
0 0.0296875 0.0703125 0.015625 0.01953125
0 0.0265625 0.037109375 0.015625 0.01953125
0 0.08125 0.4453125 0.015625 0.01953125
0 0.140625 0.47265625 0.015625 0.01953125
0 0.159375 0.515625 0.015625 0.01953125
0 0.1015625 0.60546875 0.015625 0.01953125
0 0.0765625 0.59375 0.015625 0.01953125
0 0.0609375 0.6796875 0.015625 0.01953125
0 0.1859375 0.740234375 0.015625 0.01953125
0 0.165625 0.771484375 0.015625 0.01953125
0 0.1421875 0.767578125 0.015625 0.01953125
0 0.2046875 0.900390625 0.015625 0.01953125
0 0.16875 0.890625 0.015625 0.01953125
0 0.0296875 0.73046875 0.015625 0.01953125
0 0.0234375 0.75 0.015625 0.01953125
