0 0.90625 0.52734375 0.015625 0.01953125
0 0.9046875 0.517578125 0.015625 0.01953125
0 0.9140625 0.484375 0.015625 0.01953125
0 0.8953125 0.482421875 0.015625 0.01953125
0 0.8015625 0.50390625 0.015625 0.01953125
0 0.7859375 0.498046875 0.015625 0.01953125
0 0.84375 0.3984375 0.015625 0.01953125
0 0.890625 0.4140625 0.015625 0.01953125
0 0.8515625 0.345703125 0.015625 0.01953125
0 0.8625 0.328125 0.015625 0.01953125
0 0.909375 0.322265625 0.015625 0.01953125
0 0.9203125 0.328125 0.015625 0.01953125
0 0.9421875 0.330078125 0.015625 0.01953125
0 0.959375 0.166015625 0.015625 0.01953125
0 0.934375 0.169921875 0.015625 0.01953125
0 0.925 0.166015625 0.015625 0.01953125
0 0.7765625 0.423828125 0.015625 0.01953125
0 0.8015625 0.375 0.015625 0.01953125
0 0.7671875 0.39453125 0.015625 0.01953125
0 0.7578125 0.396484375 0.015625 0.01953125
0 0.7453125 0.462890625 0.015625 0.01953125
0 0.6640625 0.474609375 0.015625 0.01953125
0 0.6546875 0.474609375 0.015625 0.01953125
0 0.60625 0.412109375 0.015625 0.01953125
0 0.6 0.404296875 0.015625 0.01953125
0 0.5953125 0.408203125 0.015625 0.01953125
0 0.584375 0.41015625 0.015625 0.01953125
0 0.6265625 0.525390625 0.015625 0.01953125
0 0.5859375 0.5546875 0.015625 0.01953125
0 0.5765625 0.533203125 0.015625 0.01953125
0 0.5671875 0.568359375 0.015625 0.01953125
0 0.56875 0.578125 0.015625 0.01953125
0 0.4875 0.5 0.015625 0.01953125
0 0.6578125 0.318359375 0.015625 0.01953125
0 0.740625 0.24609375 0.015625 0.01953125
0 0.909375 0.203125 0.015625 0.01953125
0 0.9015625 0.189453125 0.015625 0.01953125
0 0.903125 0.130859375 0.015625 0.01953125
0 0.8890625 0.126953125 0.015625 0.01953125
0 0.8890625 0.111328125 0.015625 0.01953125
0 0.8890625 0.095703125 0.015625 0.01953125
0 0.934375 0.103515625 0.015625 0.01953125
0 0.91875 0.08203125 0.015625 0.01953125
0 0.9078125 0.05859375 0.015625 0.01953125
0 0.9015625 0.056640625 0.015625 0.01953125
0 0.9640625 0.0546875 0.015625 0.01953125
0 0.965625 0.0703125 0.015625 0.01953125
0 0.9875 0.083984375 0.015625 0.01953125
0 0.9578125 0.091796875 0.015625 0.01953125
0 0.9328125 0.060546875 0.015625 0.01953125
0 0.9328125 0.0546875 0.015625 0.01953125
0 0.928125 0.03515625 0.015625 0.01953125
0 0.90625 0.013671875 0.015625 0.01953125
0 0.8890625 0.021484375 0.015625 0.01953125
0 0.834375 0.033203125 0.015625 0.01953125
0 0.803125 0.0234375 0.015625 0.01953125
0 0.796875 0.0234375 0.015625 0.01953125
0 0.8078125 0.08203125 0.015625 0.01953125
0 0.8140625 0.1171875 0.015625 0.01953125
0 0.821875 0.115234375 0.015625 0.01953125
0 0.840625 0.12890625 0.015625 0.01953125
0 0.74375 0.015625 0.015625 0.01953125
0 0.709375 0.00390625 0.015625 0.01953125
0 0.69375 0.009765625 0.015625 0.01953125
0 0.625 0.068359375 0.015625 0.01953125
0 0.6015625 0.076171875 0.015625 0.01953125
0 0.5625 0.08203125 0.015625 0.01953125
0 0.5546875 0.083984375 0.015625 0.01953125
0 0.7859375 0.19140625 0.015625 0.01953125
0 0.775 0.18359375 0.015625 0.01953125
0 0.765625 0.1796875 0.015625 0.01953125
0 0.74375 0.1796875 0.015625 0.01953125
0 0.728125 0.169921875 0.015625 0.01953125
0 0.7265625 0.15234375 0.015625 0.01953125
0 0.7234375 0.14453125 0.015625 0.01953125
0 0.7078125 0.15234375 0.015625 0.01953125
0 0.7 0.150390625 0.015625 0.01953125
0 0.6875 0.134765625 0.015625 0.01953125
0 0.6640625 0.119140625 0.015625 0.01953125
0 0.653125 0.12109375 0.015625 0.01953125
0 0.6265625 0.119140625 0.015625 0.01953125
0 0.659375 0.14453125 0.015625 0.01953125
0 0.6515625 0.158203125 0.015625 0.01953125
0 0.675 0.15625 0.015625 0.01953125
0 0.6609375 0.171875 0.015625 0.01953125
0 0.6671875 0.181640625 0.015625 0.01953125
0 0.69375 0.16796875 0.015625 0.01953125
0 0.6890625 0.1875 0.015625 0.01953125
0 0.684375 0.201171875 0.015625 0.01953125
0 0.6765625 0.197265625 0.015625 0.01953125
0 0.7 0.197265625 0.015625 0.01953125
0 0.70625 0.197265625 0.015625 0.01953125
0 0.7140625 0.201171875 0.015625 0.01953125
0 0.721875 0.19140625 0.015625 0.01953125
0 0.740625 0.19140625 0.015625 0.01953125
0 0.440625 0.12890625 0.015625 0.01953125
0 0.471875 0.099609375 0.015625 0.01953125
0 0.4921875 0.10546875 0.015625 0.01953125
0 0.5109375 0.091796875 0.015625 0.01953125
0 0.3390625 0.177734375 0.015625 0.01953125
0 0.390625 0.1015625 0.015625 0.01953125
0 0.3078125 0.12109375 0.015625 0.01953125
0 0.4703125 0.0234375 0.015625 0.01953125
0 0.3046875 0.25390625 0.015625 0.01953125
0 0.3265625 0.228515625 0.015625 0.01953125
0 0.284375 0.18359375 0.015625 0.01953125
0 0.246875 0.517578125 0.015625 0.01953125
0 0.25 0.564453125 0.015625 0.01953125
0 0.0921875 0.494140625 0.015625 0.01953125
0 0.109375 0.40625 0.015625 0.01953125
0 0.0828125 0.515625 0.015625 0.01953125
0 0.2171875 0.376953125 0.015625 0.01953125
0 0.2296875 0.36328125 0.015625 0.01953125
0 0.225 0.359375 0.015625 0.01953125
0 0.221875 0.349609375 0.015625 0.01953125
0 0.20625 0.349609375 0.015625 0.01953125
0 0.1984375 0.294921875 0.015625 0.01953125
0 0.19375 0.296875 0.015625 0.01953125
0 0.1875 0.296875 0.015625 0.01953125
0 0.1796875 0.30078125 0.015625 0.01953125
0 0.1328125 0.275390625 0.015625 0.01953125
0 0.1578125 0.25 0.015625 0.01953125
0 0.1609375 0.244140625 0.015625 0.01953125
0 0.16875 0.2265625 0.015625 0.01953125
0 0.159375 0.2265625 0.015625 0.01953125
0 0.1796875 0.208984375 0.015625 0.01953125
0 0.2140625 0.205078125 0.015625 0.01953125
0 0.2578125 0.1875 0.015625 0.01953125
0 0.259375 0.177734375 0.015625 0.01953125
0 0.2640625 0.169921875 0.015625 0.01953125
0 0.2234375 0.171875 0.015625 0.01953125
0 0.0890625 0.224609375 0.015625 0.01953125
0 0.08125 0.236328125 0.015625 0.01953125
0 0.0671875 0.23828125 0.015625 0.01953125
0 0.0546875 0.23828125 0.015625 0.01953125
0 0.0484375 0.2734375 0.015625 0.01953125
0 0.0265625 0.29296875 0.015625 0.01953125
0 0.0234375 0.2734375 0.015625 0.01953125
0 0.059375 0.31640625 0.015625 0.01953125
0 0.059375 0.337890625 0.015625 0.01953125
0 0.1078125 0.265625 0.015625 0.01953125
0 0.0953125 0.2421875 0.015625 0.01953125
0 0.2109375 0.080078125 0.015625 0.01953125
0 0.253125 0.138671875 0.015625 0.01953125
0 0.2453125 0.142578125 0.015625 0.01953125
0 0.165625 0.17578125 0.015625 0.01953125
0 0.1515625 0.1796875 0.015625 0.01953125
0 0.1734375 0.16796875 0.015625 0.01953125
0 0.103125 0.1875 0.015625 0.01953125
0 0.015625 0.1875 0.015625 0.01953125
0 0.51875 0.025390625 0.015625 0.01953125
0 0.4875 0.01171875 0.015625 0.01953125
0 0.396875 0.01171875 0.015625 0.01953125
0 0.4046875 0.08203125 0.015625 0.01953125
0 0.3640625 0.09765625 0.015625 0.01953125
0 0.3265625 0.669921875 0.015625 0.01953125
0 0.503125 0.76171875 0.015625 0.01953125
0 0.4875 0.771484375 0.015625 0.01953125
0 0.6203125 0.693359375 0.015625 0.01953125
0 0.6265625 0.6953125 0.015625 0.01953125
0 0.5140625 0.626953125 0.015625 0.01953125
0 0.6515625 0.8203125 0.015625 0.01953125
0 0.6171875 0.859375 0.015625 0.01953125
0 0.60625 0.853515625 0.015625 0.01953125
0 0.5921875 0.9140625 0.015625 0.01953125
0 0.53125 0.888671875 0.015625 0.01953125
0 0.5109375 0.919921875 0.015625 0.01953125
0 0.4859375 0.953125 0.015625 0.01953125
0 0.4890625 0.96875 0.015625 0.01953125
0 0.5546875 0.94921875 0.015625 0.01953125
0 0.378125 0.892578125 0.015625 0.01953125
0 0.3640625 0.892578125 0.015625 0.01953125
0 0.3734375 0.91015625 0.015625 0.01953125
0 0.1359375 0.84375 0.015625 0.01953125
0 0.0703125 0.9296875 0.015625 0.01953125
0 0.28125 0.68359375 0.015625 0.01953125
0 0.2734375 0.6953125 0.015625 0.01953125
