0 0.959375 0.853515625 0.015625 0.01953125
0 0.953125 0.8515625 0.015625 0.01953125
0 0.9328125 0.83203125 0.015625 0.01953125
0 0.8984375 0.833984375 0.015625 0.01953125
0 0.8578125 0.875 0.015625 0.01953125
0 0.8453125 0.869140625 0.015625 0.01953125
0 0.7984375 0.896484375 0.015625 0.01953125
0 0.775 0.884765625 0.015625 0.01953125
0 0.7296875 0.951171875 0.015625 0.01953125
0 0.725 0.94140625 0.015625 0.01953125
0 0.5890625 0.896484375 0.015625 0.01953125
0 0.578125 0.91015625 0.015625 0.01953125
0 0.5703125 0.892578125 0.015625 0.01953125
0 0.84375 0.896484375 0.015625 0.01953125
0 0.990625 0.673828125 0.015625 0.01953125
0 0.9421875 0.50390625 0.015625 0.01953125
0 0.896875 0.501953125 0.015625 0.01953125
0 0.884375 0.5 0.015625 0.01953125
0 0.84375 0.435546875 0.015625 0.01953125
0 0.840625 0.421875 0.015625 0.01953125
0 0.825 0.42578125 0.015625 0.01953125
0 0.953125 0.380859375 0.015625 0.01953125
0 0.9015625 0.345703125 0.015625 0.01953125
0 0.859375 0.5625 0.015625 0.01953125
0 0.8046875 0.546875 0.015625 0.01953125
0 0.71875 0.5078125 0.015625 0.01953125
0 0.71875 0.56640625 0.015625 0.01953125
0 0.71875 0.580078125 0.015625 0.01953125
0 0.7625 0.619140625 0.015625 0.01953125
0 0.8328125 0.712890625 0.015625 0.01953125
0 0.721875 0.771484375 0.015625 0.01953125
0 0.7046875 0.779296875 0.015625 0.01953125
0 0.5703125 0.654296875 0.015625 0.01953125
0 0.51875 0.68359375 0.015625 0.01953125
0 0.509375 0.681640625 0.015625 0.01953125
0 0.503125 0.693359375 0.015625 0.01953125
0 0.4953125 0.5 0.015625 0.01953125
0 0.4640625 0.3515625 0.015625 0.01953125
0 0.459375 0.337890625 0.015625 0.01953125
0 0.4453125 0.3359375 0.015625 0.01953125
0 0.453125 0.369140625 0.015625 0.01953125
0 0.346875 0.380859375 0.015625 0.01953125
0 0.325 0.46875 0.015625 0.01953125
0 0.2953125 0.49609375 0.015625 0.01953125
0 0.33125 0.31640625 0.015625 0.01953125
0 0.303125 0.298828125 0.015625 0.01953125
0 0.303125 0.28515625 0.015625 0.01953125
0 0.23125 0.27734375 0.015625 0.01953125
0 0.2328125 0.244140625 0.015625 0.01953125
0 0.2640625 0.244140625 0.015625 0.01953125
0 0.2828125 0.23046875 0.015625 0.01953125
0 0.29375 0.224609375 0.015625 0.01953125
0 0.2921875 0.23828125 0.015625 0.01953125
0 0.328125 0.216796875 0.015625 0.01953125
0 0.3203125 0.23828125 0.015625 0.01953125
0 0.3546875 0.259765625 0.015625 0.01953125
0 0.3765625 0.22265625 0.015625 0.01953125
0 0.384375 0.216796875 0.015625 0.01953125
0 0.3859375 0.208984375 0.015625 0.01953125
0 0.5515625 0.224609375 0.015625 0.01953125
0 0.56875 0.2265625 0.015625 0.01953125
0 0.5484375 0.201171875 0.015625 0.01953125
0 0.5078125 0.18359375 0.015625 0.01953125
0 0.503125 0.177734375 0.015625 0.01953125
0 0.48125 0.169921875 0.015625 0.01953125
0 0.4734375 0.173828125 0.015625 0.01953125
0 0.4328125 0.20703125 0.015625 0.01953125
0 0.415625 0.15625 0.015625 0.01953125
0 0.409375 0.154296875 0.015625 0.01953125
0 0.3953125 0.158203125 0.015625 0.01953125
0 0.4609375 0.14453125 0.015625 0.01953125
0 0.46875 0.14453125 0.015625 0.01953125
0 0.4859375 0.13671875 0.015625 0.01953125
0 0.5015625 0.130859375 0.015625 0.01953125
0 0.4640625 0.064453125 0.015625 0.01953125
0 0.55 0.064453125 0.015625 0.01953125
0 0.559375 0.10546875 0.015625 0.01953125
0 0.56875 0.10546875 0.015625 0.01953125
0 0.6 0.095703125 0.015625 0.01953125
0 0.6109375 0.095703125 0.015625 0.01953125
0 0.6171875 0.09375 0.015625 0.01953125
0 0.6359375 0.0859375 0.015625 0.01953125
0 0.65625 0.08203125 0.015625 0.01953125
0 0.65 0.08203125 0.015625 0.01953125
0 0.684375 0.1171875 0.015625 0.01953125
0 0.6890625 0.119140625 0.015625 0.01953125
0 0.6546875 0.142578125 0.015625 0.01953125
0 0.7515625 0.09765625 0.015625 0.01953125
0 0.725 0.11328125 0.015625 0.01953125
0 0.81875 0.15234375 0.015625 0.01953125
0 0.834375 0.1015625 0.015625 0.01953125
0 0.821875 0.09375 0.015625 0.01953125
0 0.8421875 0.09375 0.015625 0.01953125
0 0.7859375 0.09375 0.015625 0.01953125
0 0.921875 0.115234375 0.015625 0.01953125
0 0.9125 0.142578125 0.015625 0.01953125
0 0.9078125 0.150390625 0.015625 0.01953125
0 0.903125 0.17578125 0.015625 0.01953125
0 0.896875 0.1875 0.015625 0.01953125
0 0.9125 0.208984375 0.015625 0.01953125
0 0.959375 0.2265625 0.015625 0.01953125
0 0.965625 0.21875 0.015625 0.01953125
0 0.978125 0.205078125 0.015625 0.01953125
0 0.971875 0.173828125 0.015625 0.01953125
0 0.9546875 0.1796875 0.015625 0.01953125
0 0.9421875 0.15625 0.015625 0.01953125
0 0.9390625 0.2265625 0.015625 0.01953125
0 0.934375 0.23828125 0.015625 0.01953125
0 0.9203125 0.224609375 0.015625 0.01953125
0 0.9890625 0.220703125 0.015625 0.01953125
0 0.178125 0.283203125 0.015625 0.01953125
0 0.171875 0.27734375 0.015625 0.01953125
0 0.1578125 0.26171875 0.015625 0.01953125
0 0.1375 0.2734375 0.015625 0.01953125
0 0.1671875 0.294921875 0.015625 0.01953125
0 0.1625 0.306640625 0.015625 0.01953125
0 0.1515625 0.3046875 0.015625 0.01953125
0 0.06875 0.267578125 0.015625 0.01953125
0 0.0953125 0.25 0.015625 0.01953125
0 0.090625 0.1796875 0.015625 0.01953125
0 0.08125 0.30078125 0.015625 0.01953125
0 0.05625 0.294921875 0.015625 0.01953125
0 0.0203125 0.298828125 0.015625 0.01953125
0 0.0421875 0.318359375 0.015625 0.01953125
0 0.2015625 0.14453125 0.015625 0.01953125
0 0.18125 0.154296875 0.015625 0.01953125
0 0.165625 0.15625 0.015625 0.01953125
0 0.21875 0.138671875 0.015625 0.01953125
0 0.228125 0.138671875 0.015625 0.01953125
0 0.25 0.13671875 0.015625 0.01953125
0 0.2671875 0.1328125 0.015625 0.01953125
0 0.2765625 0.12890625 0.015625 0.01953125
0 0.2828125 0.12890625 0.015625 0.01953125
0 0.35 0.162109375 0.015625 0.01953125
0 0.34375 0.173828125 0.015625 0.01953125
0 0.0765625 0.708984375 0.015625 0.01953125
0 0.046875 0.927734375 0.015625 0.01953125
0 0.0328125 0.919921875 0.015625 0.01953125
0 0.24375 0.904296875 0.015625 0.01953125
0 0.34375 0.81640625 0.015625 0.01953125
