0 0.9875 0.9140625 0.015625 0.01953125
0 0.9765625 0.900390625 0.015625 0.01953125
0 0.95 0.826171875 0.015625 0.01953125
0 0.940625 0.822265625 0.015625 0.01953125
0 0.965625 0.8046875 0.015625 0.01953125
0 0.865625 0.94921875 0.015625 0.01953125
0 0.7734375 0.9453125 0.015625 0.01953125
0 0.76875 0.927734375 0.015625 0.01953125
0 0.7609375 0.943359375 0.015625 0.01953125
0 0.7546875 0.943359375 0.015625 0.01953125
0 0.746875 0.73828125 0.015625 0.01953125
0 0.684375 0.740234375 0.015625 0.01953125
0 0.6484375 0.7734375 0.015625 0.01953125
0 0.7078125 0.638671875 0.015625 0.01953125
0 0.740625 0.552734375 0.015625 0.01953125
0 0.7375 0.52734375 0.015625 0.01953125
0 0.7671875 0.5234375 0.015625 0.01953125
0 0.678125 0.44921875 0.015625 0.01953125
0 0.6671875 0.421875 0.015625 0.01953125
0 0.8328125 0.373046875 0.015625 0.01953125
0 0.7796875 0.337890625 0.015625 0.01953125
0 0.6921875 0.34765625 0.015625 0.01953125
0 0.625 0.337890625 0.015625 0.01953125
0 0.5984375 0.373046875 0.015625 0.01953125
0 0.5921875 0.341796875 0.015625 0.01953125
0 0.5546875 0.36328125 0.015625 0.01953125
0 0.559375 0.419921875 0.015625 0.01953125
0 0.5328125 0.3984375 0.015625 0.01953125
0 0.51875 0.376953125 0.015625 0.01953125
0 0.5015625 0.462890625 0.015625 0.01953125
0 0.503125 0.478515625 0.015625 0.01953125
0 0.5140625 0.568359375 0.015625 0.01953125
0 0.4390625 0.89453125 0.015625 0.01953125
0 0.428125 0.8984375 0.015625 0.01953125
0 0.428125 0.912109375 0.015625 0.01953125
0 0.415625 0.908203125 0.015625 0.01953125
0 0.4046875 0.845703125 0.015625 0.01953125
0 0.4125 0.59765625 0.015625 0.01953125
0 0.428125 0.58984375 0.015625 0.01953125
0 0.4046875 0.595703125 0.015625 0.01953125
0 0.3890625 0.5625 0.015625 0.01953125
0 0.38125 0.5546875 0.015625 0.01953125
0 0.375 0.546875 0.015625 0.01953125
0 0.4453125 0.517578125 0.015625 0.01953125
0 0.4703125 0.443359375 0.015625 0.01953125
0 0.4546875 0.4296875 0.015625 0.01953125
0 0.41875 0.39453125 0.015625 0.01953125
0 0.3859375 0.42578125 0.015625 0.01953125
0 0.359375 0.447265625 0.015625 0.01953125
0 0.3421875 0.626953125 0.015625 0.01953125
0 0.3359375 0.623046875 0.015625 0.01953125
0 0.3796875 0.640625 0.015625 0.01953125
0 0.3640625 0.63671875 0.015625 0.01953125
0 0.303125 0.541015625 0.015625 0.01953125
0 0.340625 0.5078125 0.015625 0.01953125
0 0.3296875 0.5390625 0.015625 0.01953125
0 0.2765625 0.58984375 0.015625 0.01953125
0 0.2703125 0.62890625 0.015625 0.01953125
0 0.2421875 0.494140625 0.015625 0.01953125
0 0.225 0.48046875 0.015625 0.01953125
0 0.2171875 0.4609375 0.015625 0.01953125
0 0.25 0.400390625 0.015625 0.01953125
0 0.2421875 0.400390625 0.015625 0.01953125
0 0.334375 0.36328125 0.015625 0.01953125
0 0.2484375 0.4609375 0.015625 0.01953125
0 0.2296875 0.763671875 0.015625 0.01953125
0 0.246875 0.8984375 0.015625 0.01953125
0 0.84375 0.8125 0.015625 0.01953125
0 0.875 0.626953125 0.015625 0.01953125
0 0.9375 0.662109375 0.015625 0.01953125
0 0.9234375 0.7265625 0.015625 0.01953125
0 0.9109375 0.68359375 0.015625 0.01953125
0 0.978125 0.728515625 0.015625 0.01953125
0 0.821875 0.63671875 0.015625 0.01953125
0 0.8078125 0.62890625 0.015625 0.01953125
0 0.7953125 0.650390625 0.015625 0.01953125
0 0.84375 0.310546875 0.015625 0.01953125
0 0.83125 0.310546875 0.015625 0.01953125
0 0.8546875 0.333984375 0.015625 0.01953125
0 0.896875 0.2890625 0.015625 0.01953125
0 0.915625 0.2734375 0.015625 0.01953125
0 0.9015625 0.25390625 0.015625 0.01953125
0 0.965625 0.318359375 0.015625 0.01953125
0 0.95 0.3203125 0.015625 0.01953125
0 0.9171875 0.296875 0.015625 0.01953125
0 0.996875 0.32421875 0.015625 0.01953125
0 0.9796875 0.25390625 0.015625 0.01953125
0 0.975 0.212890625 0.015625 0.01953125
0 0.753125 0.28515625 0.015625 0.01953125
0 0.7109375 0.2734375 0.015625 0.01953125
0 0.703125 0.263671875 0.015625 0.01953125
0 0.7 0.23828125 0.015625 0.01953125
0 0.6953125 0.234375 0.015625 0.01953125
0 0.7390625 0.224609375 0.015625 0.01953125
0 0.75625 0.2109375 0.015625 0.01953125
0 0.7453125 0.232421875 0.015625 0.01953125
0 0.6953125 0.275390625 0.015625 0.01953125
0 0.703125 0.326171875 0.015625 0.01953125
0 0.6296875 0.296875 0.015625 0.01953125
0 0.61875 0.291015625 0.015625 0.01953125
0 0.6421875 0.255859375 0.015625 0.01953125
0 0.54375 0.2578125 0.015625 0.01953125
0 0.5109375 0.2578125 0.015625 0.01953125
0 0.50625 0.306640625 0.015625 0.01953125
0 0.496875 0.302734375 0.015625 0.01953125
0 0.490625 0.302734375 0.015625 0.01953125
0 0.4703125 0.298828125 0.015625 0.01953125
0 0.2953125 0.26171875 0.015625 0.01953125
0 0.275 0.26953125 0.015625 0.01953125
0 0.2578125 0.263671875 0.015625 0.01953125
0 0.2421875 0.2265625 0.015625 0.01953125
0 0.321875 0.349609375 0.015625 0.01953125
0 0.6453125 0.458984375 0.015625 0.01953125
0 0.9515625 0.0703125 0.015625 0.01953125
0 0.7921875 0.201171875 0.015625 0.01953125
0 0.7765625 0.177734375 0.015625 0.01953125
0 0.7703125 0.19140625 0.015625 0.01953125
0 0.8125 0.197265625 0.015625 0.01953125
0 0.8171875 0.2109375 0.015625 0.01953125
0 0.85625 0.259765625 0.015625 0.01953125
0 0.8453125 0.26953125 0.015625 0.01953125
0 0.61875 0.22265625 0.015625 0.01953125
0 0.340625 0.396484375 0.015625 0.01953125
