0 0.8125 0.560546875 0.015625 0.01953125
0 0.7921875 0.51171875 0.015625 0.01953125
0 0.78125 0.51171875 0.015625 0.01953125
0 0.753125 0.49609375 0.015625 0.01953125
0 0.740625 0.474609375 0.015625 0.01953125
0 0.70625 0.431640625 0.015625 0.01953125
0 0.73125 0.40625 0.015625 0.01953125
0 0.9375 0.810546875 0.015625 0.01953125
0 0.9734375 0.783203125 0.015625 0.01953125
0 0.9609375 0.484375 0.015625 0.01953125
0 0.9875 0.462890625 0.015625 0.01953125
0 0.9796875 0.392578125 0.015625 0.01953125
0 0.9828125 0.380859375 0.015625 0.01953125
0 0.946875 0.326171875 0.015625 0.01953125
0 0.915625 0.396484375 0.015625 0.01953125
0 0.9109375 0.37890625 0.015625 0.01953125
0 0.8484375 0.447265625 0.015625 0.01953125
0 0.8390625 0.431640625 0.015625 0.01953125
0 0.84375 0.41015625 0.015625 0.01953125
0 0.871875 0.3828125 0.015625 0.01953125
0 0.8046875 0.4140625 0.015625 0.01953125
0 0.859375 0.474609375 0.015625 0.01953125
0 0.7109375 0.640625 0.015625 0.01953125
0 0.71875 0.66015625 0.015625 0.01953125
0 0.709375 0.68359375 0.015625 0.01953125
0 0.696875 0.64453125 0.015625 0.01953125
0 0.6875 0.732421875 0.015625 0.01953125
0 0.646875 0.69921875 0.015625 0.01953125
0 0.66875 0.658203125 0.015625 0.01953125
0 0.68125 0.615234375 0.015625 0.01953125
0 0.66875 0.603515625 0.015625 0.01953125
0 0.7296875 0.939453125 0.015625 0.01953125
0 0.7203125 0.958984375 0.015625 0.01953125
0 0.709375 0.958984375 0.015625 0.01953125
0 0.7265625 0.904296875 0.015625 0.01953125
0 0.715625 0.892578125 0.015625 0.01953125
0 0.70625 0.890625 0.015625 0.01953125
0 0.6421875 0.623046875 0.015625 0.01953125
0 0.5296875 0.7578125 0.015625 0.01953125
0 0.440625 0.705078125 0.015625 0.01953125
0 0.4578125 0.701171875 0.015625 0.01953125
0 0.40625 0.6328125 0.015625 0.01953125
0 0.3875 0.6015625 0.015625 0.01953125
0 0.359375 0.650390625 0.015625 0.01953125
0 0.3640625 0.728515625 0.015625 0.01953125
0 0.36875 0.78515625 0.015625 0.01953125
0 0.43125 0.662109375 0.015625 0.01953125
0 0.48125 0.634765625 0.015625 0.01953125
0 0.571875 0.619140625 0.015625 0.01953125
0 0.5828125 0.578125 0.015625 0.01953125
0 0.5875 0.47265625 0.015625 0.01953125
0 0.528125 0.490234375 0.015625 0.01953125
0 0.571875 0.43359375 0.015625 0.01953125
0 0.58125 0.4140625 0.015625 0.01953125
0 0.575 0.388671875 0.015625 0.01953125
0 0.65625 0.349609375 0.015625 0.01953125
0 0.65625 0.32421875 0.015625 0.01953125
0 0.6640625 0.365234375 0.015625 0.01953125
0 0.63125 0.275390625 0.015625 0.01953125
0 0.609375 0.255859375 0.015625 0.01953125
0 0.596875 0.2890625 0.015625 0.01953125
0 0.6 0.25 0.015625 0.01953125
0 0.53125 0.3046875 0.015625 0.01953125
0 0.5265625 0.2890625 0.015625 0.01953125
0 0.5453125 0.294921875 0.015625 0.01953125
