0 0.3203125 0.4609375 0.015625 0.01953125
0 0.678125 0.546875 0.015625 0.01953125
0 0.7 0.55078125 0.015625 0.01953125
0 0.7078125 0.5625 0.015625 0.01953125
0 0.7828125 0.576171875 0.015625 0.01953125
0 0.775 0.580078125 0.015625 0.01953125
0 0.78125 0.60546875 0.015625 0.01953125
0 0.759375 0.599609375 0.015625 0.01953125
0 0.7640625 0.607421875 0.015625 0.01953125
0 0.746875 0.630859375 0.015625 0.01953125
0 0.7359375 0.62890625 0.015625 0.01953125
0 0.75625 0.552734375 0.015625 0.01953125
0 0.7953125 0.498046875 0.015625 0.01953125
0 0.853125 0.40625 0.015625 0.01953125
0 0.8609375 0.40234375 0.015625 0.01953125
0 0.875 0.314453125 0.015625 0.01953125
0 0.8875 0.314453125 0.015625 0.01953125
0 0.865625 0.08203125 0.015625 0.01953125
0 0.78125 0.08203125 0.015625 0.01953125
0 0.771875 0.068359375 0.015625 0.01953125
0 0.76875 0.08203125 0.015625 0.01953125
0 0.7421875 0.1640625 0.015625 0.01953125
0 0.7375 0.1484375 0.015625 0.01953125
0 0.525 0.080078125 0.015625 0.01953125
0 0.5109375 0.076171875 0.015625 0.01953125
0 0.5328125 0.005859375 0.015625 0.01953125
0 0.725 0.00390625 0.015625 0.01953125
0 0.68125 0.001953125 0.015625 0.01953125
0 0.65 0.001953125 0.015625 0.01953125
0 0.409375 0.046875 0.015625 0.01953125
0 0.1578125 0.8359375 0.015625 0.01953125
0 0.140625 0.828125 0.015625 0.01953125
0 0.4375 0.98046875 0.015625 0.01953125
0 0.5890625 0.748046875 0.015625 0.01953125
0 0.640625 0.72265625 0.015625 0.01953125
0 0.7703125 0.78125 0.015625 0.01953125
0 0.6375 0.455078125 0.015625 0.01953125
0 0.646875 0.4453125 0.015625 0.01953125
0 0.6640625 0.39453125 0.015625 0.01953125
0 0.5765625 0.279296875 0.015625 0.01953125
0 0.5296875 0.22265625 0.015625 0.01953125
0 0.51875 0.203125 0.015625 0.01953125
0 0.50625 0.22265625 0.015625 0.01953125
0 0.575 0.150390625 0.015625 0.01953125
0 0.5671875 0.14453125 0.015625 0.01953125
0 0.5375 0.5390625 0.015625 0.01953125
