0 0.334375 0.509765625 0.015625 0.01953125
0 0.3234375 0.5 0.015625 0.01953125
0 0.4703125 0.611328125 0.015625 0.01953125
0 0.5234375 0.53125 0.015625 0.01953125
0 0.5125 0.525390625 0.015625 0.01953125
0 0.5359375 0.44140625 0.015625 0.01953125
0 0.521875 0.44140625 0.015625 0.01953125
0 0.5046875 0.142578125 0.015625 0.01953125
0 0.515625 0.1484375 0.015625 0.01953125
0 0.5328125 0.1484375 0.015625 0.01953125
0 0.5234375 0.158203125 0.015625 0.01953125
0 0.5234375 0.185546875 0.015625 0.01953125
0 0.5171875 0.185546875 0.015625 0.01953125
0 0.771875 0.291015625 0.015625 0.01953125
0 0.7203125 0.52734375 0.015625 0.01953125
0 0.7390625 0.533203125 0.015625 0.01953125
0 0.721875 0.607421875 0.015625 0.01953125
0 0.715625 0.603515625 0.015625 0.01953125
0 0.7640625 0.6171875 0.015625 0.01953125
0 0.778125 0.6171875 0.015625 0.01953125
0 0.61875 0.771484375 0.015625 0.01953125
0 0.6078125 0.7890625 0.015625 0.01953125
0 0.609375 0.82421875 0.015625 0.01953125
0 0.546875 0.841796875 0.015625 0.01953125
0 0.5328125 0.83984375 0.015625 0.01953125
0 0.821875 0.78125 0.015625 0.01953125
0 0.8859375 0.671875 0.015625 0.01953125
0 0.8671875 0.41796875 0.015625 0.01953125
0 0.85625 0.40625 0.015625 0.01953125
0 0.8375 0.15234375 0.015625 0.01953125
0 0.828125 0.146484375 0.015625 0.01953125
0 0.5921875 0.046875 0.015625 0.01953125
0 0.5875 0.041015625 0.015625 0.01953125
0 0.5765625 0.078125 0.015625 0.01953125
0 0.5609375 0.08203125 0.015625 0.01953125
0 0.4625 0.080078125 0.015625 0.01953125
0 0.446875 0.07421875 0.015625 0.01953125
0 0.3609375 0.02734375 0.015625 0.01953125
0 0.3703125 0.033203125 0.015625 0.01953125
0 0.3046875 0.068359375 0.015625 0.01953125
0 0.2859375 0.427734375 0.015625 0.01953125
0 0.275 0.40625 0.015625 0.01953125
0 0.259375 0.408203125 0.015625 0.01953125
0 0.421875 0.240234375 0.015625 0.01953125
0 0.4078125 0.25 0.015625 0.01953125
0 0.45 0.767578125 0.015625 0.01953125
0 0.4234375 0.455078125 0.015625 0.01953125
0 0.4171875 0.4453125 0.015625 0.01953125
0 0.46875 0.568359375 0.015625 0.01953125
0 0.665625 0.62890625 0.015625 0.01953125
0 0.653125 0.634765625 0.015625 0.01953125
0 0.5140625 0.84765625 0.015625 0.01953125
0 0.60625 0.2578125 0.015625 0.01953125
0 0.71875 0.052734375 0.015625 0.01953125
0 0.7453125 0.095703125 0.015625 0.01953125
0 0.7546875 0.09765625 0.015625 0.01953125
0 0.7203125 0.07421875 0.015625 0.01953125
