0 0.4828125 0.3984375 0.015625 0.01953125
0 0.5359375 0.330078125 0.015625 0.01953125
0 0.5296875 0.31640625 0.015625 0.01953125
0 0.5609375 0.244140625 0.015625 0.01953125
0 0.5484375 0.232421875 0.015625 0.01953125
0 0.5625 0.064453125 0.015625 0.01953125
0 0.55 0.05078125 0.015625 0.01953125
0 0.5453125 0.041015625 0.015625 0.01953125
0 0.528125 0.015625 0.015625 0.01953125
0 0.515625 0.0 0.015625 0.01953125
0 0.440625 0.06640625 0.015625 0.01953125
0 0.4296875 0.076171875 0.015625 0.01953125
0 0.3 0.23046875 0.015625 0.01953125
0 0.278125 0.232421875 0.015625 0.01953125
0 0.3078125 0.283203125 0.015625 0.01953125
0 0.3515625 0.34765625 0.015625 0.01953125
0 0.3390625 0.333984375 0.015625 0.01953125
0 0.4421875 0.25 0.015625 0.01953125
0 0.425 0.25 0.015625 0.01953125
0 0.7359375 0.38671875 0.015625 0.01953125
0 0.71875 0.365234375 0.015625 0.01953125
0 0.665625 0.482421875 0.015625 0.01953125
0 0.6484375 0.484375 0.015625 0.01953125
0 0.6234375 0.564453125 0.015625 0.01953125
0 0.6203125 0.580078125 0.015625 0.01953125
0 0.5578125 0.654296875 0.015625 0.01953125
0 0.546875 0.654296875 0.015625 0.01953125
0 0.5171875 0.58984375 0.015625 0.01953125
0 0.4234375 0.595703125 0.015625 0.01953125
0 0.4125 0.578125 0.015625 0.01953125
0 0.21875 0.802734375 0.015625 0.01953125
0 0.23125 0.8671875 0.015625 0.01953125
0 0.21875 0.828125 0.015625 0.01953125
0 0.53125 0.734375 0.015625 0.01953125
0 0.5453125 0.748046875 0.015625 0.01953125
0 0.5109375 0.69921875 0.015625 0.01953125
0 0.659375 0.794921875 0.015625 0.01953125
0 0.6375 0.791015625 0.015625 0.01953125
0 0.65 0.771484375 0.015625 0.01953125
0 0.6328125 0.77734375 0.015625 0.01953125
0 0.6125 0.943359375 0.015625 0.01953125
0 0.59375 0.990234375 0.015625 0.01953125
0 0.8 0.94140625 0.015625 0.01953125
0 0.790625 0.931640625 0.015625 0.01953125
0 0.8109375 0.892578125 0.015625 0.01953125
0 0.8265625 0.87890625 0.015625 0.01953125
0 0.828125 0.892578125 0.015625 0.01953125
0 0.78125 0.8125 0.015625 0.01953125
0 0.7625 0.822265625 0.015625 0.01953125
0 0.8484375 0.73828125 0.015625 0.01953125
0 0.821875 0.6015625 0.015625 0.01953125
0 0.778125 0.455078125 0.015625 0.01953125
0 0.7609375 0.455078125 0.015625 0.01953125
0 0.8703125 0.431640625 0.015625 0.01953125
0 0.8765625 0.845703125 0.015625 0.01953125
0 0.934375 0.923828125 0.015625 0.01953125
0 0.8640625 0.25390625 0.015625 0.01953125
0 0.859375 0.240234375 0.015625 0.01953125
0 0.7734375 0.1640625 0.015625 0.01953125
0 0.8296875 0.005859375 0.015625 0.01953125
0 0.3796875 0.455078125 0.015625 0.01953125
