0 0.0609375 0.677734375 0.015625 0.01953125
0 0.071875 0.708984375 0.015625 0.01953125
0 0.078125 0.84375 0.015625 0.01953125
0 0.159375 0.93359375 0.015625 0.01953125
0 0.184375 0.91796875 0.015625 0.01953125
0 0.425 0.798828125 0.015625 0.01953125
0 0.4125 0.779296875 0.015625 0.01953125
0 0.35 0.95703125 0.015625 0.01953125
0 0.315625 0.96484375 0.015625 0.01953125
0 0.3046875 0.96484375 0.015625 0.01953125
0 0.3390625 0.96484375 0.015625 0.01953125
0 0.340625 0.994140625 0.015625 0.01953125
0 0.3703125 0.9921875 0.015625 0.01953125
0 0.396875 0.984375 0.015625 0.01953125
0 0.45625 0.9765625 0.015625 0.01953125
0 0.465625 0.98046875 0.015625 0.01953125
0 0.496875 0.966796875 0.015625 0.01953125
0 0.5109375 0.970703125 0.015625 0.01953125
0 0.534375 0.9375 0.015625 0.01953125
0 0.5234375 0.921875 0.015625 0.01953125
0 0.5703125 0.888671875 0.015625 0.01953125
0 0.5859375 0.904296875 0.015625 0.01953125
0 0.6421875 0.81640625 0.015625 0.01953125
0 0.6515625 0.806640625 0.015625 0.01953125
0 0.6578125 0.818359375 0.015625 0.01953125
0 0.609375 0.6484375 0.015625 0.01953125
0 0.5859375 0.65625 0.015625 0.01953125
0 0.553125 0.69140625 0.015625 0.01953125
0 0.5171875 0.732421875 0.015625 0.01953125
0 0.4828125 0.6484375 0.015625 0.01953125
0 0.46875 0.64453125 0.015625 0.01953125
0 0.421875 0.5625 0.015625 0.01953125
0 0.4046875 0.5625 0.015625 0.01953125
0 0.3921875 0.55859375 0.015625 0.01953125
0 0.3796875 0.548828125 0.015625 0.01953125
0 0.2109375 0.4765625 0.015625 0.01953125
0 0.2125 0.251953125 0.015625 0.01953125
0 0.196875 0.251953125 0.015625 0.01953125
0 0.1765625 0.216796875 0.015625 0.01953125
0 0.1625 0.1953125 0.015625 0.01953125
0 0.1703125 0.134765625 0.015625 0.01953125
0 0.1484375 0.1328125 0.015625 0.01953125
0 0.3078125 0.111328125 0.015625 0.01953125
0 0.3 0.11328125 0.015625 0.01953125
0 0.428125 0.107421875 0.015625 0.01953125
0 0.4234375 0.138671875 0.015625 0.01953125
0 0.4015625 0.181640625 0.015625 0.01953125
0 0.3921875 0.171875 0.015625 0.01953125
0 0.3640625 0.203125 0.015625 0.01953125
0 0.3546875 0.25390625 0.015625 0.01953125
0 0.6359375 0.111328125 0.015625 0.01953125
0 0.44375 0.08984375 0.015625 0.01953125
0 0.4375 0.021484375 0.015625 0.01953125
0 0.4578125 0.0 0.015625 0.01953125
0 0.715625 0.259765625 0.015625 0.01953125
0 0.6265625 0.390625 0.015625 0.01953125
0 0.609375 0.384765625 0.015625 0.01953125
0 0.5859375 0.421875 0.015625 0.01953125
0 0.5015625 0.416015625 0.015625 0.01953125
0 0.4890625 0.416015625 0.015625 0.01953125
0 0.4703125 0.44140625 0.015625 0.01953125
0 0.4625 0.45703125 0.015625 0.01953125
0 0.58125 0.296875 0.015625 0.01953125
0 0.56875 0.28125 0.015625 0.01953125
0 0.55625 0.30078125 0.015625 0.01953125
0 0.703125 0.720703125 0.015625 0.01953125
0 0.69375 0.556640625 0.015625 0.01953125
0 0.6546875 0.52734375 0.015625 0.01953125
0 0.6375 0.546875 0.015625 0.01953125
0 0.61875 0.759765625 0.015625 0.01953125
0 0.6078125 0.75390625 0.015625 0.01953125
0 0.4640625 0.841796875 0.015625 0.01953125
