0 0.1921875 0.48828125 0.015625 0.01953125
0 0.1703125 0.47265625 0.015625 0.01953125
0 0.1703125 0.462890625 0.015625 0.01953125
0 0.1609375 0.443359375 0.015625 0.01953125
0 0.4703125 0.40625 0.015625 0.01953125
0 0.4828125 0.44140625 0.015625 0.01953125
0 0.496875 0.44921875 0.015625 0.01953125
0 0.5484375 0.42578125 0.015625 0.01953125
0 0.534375 0.423828125 0.015625 0.01953125
0 0.6375 0.392578125 0.015625 0.01953125
0 0.6578125 0.44140625 0.015625 0.01953125
0 0.6703125 0.4453125 0.015625 0.01953125
0 0.7109375 0.39453125 0.015625 0.01953125
0 0.6875 0.30859375 0.015625 0.01953125
0 0.6828125 0.287109375 0.015625 0.01953125
0 0.6765625 0.271484375 0.015625 0.01953125
0 0.575 0.302734375 0.015625 0.01953125
0 0.5546875 0.3046875 0.015625 0.01953125
0 0.5546875 0.267578125 0.015625 0.01953125
0 0.54375 0.263671875 0.015625 0.01953125
0 0.534375 0.255859375 0.015625 0.01953125
0 0.51875 0.26171875 0.015625 0.01953125
0 0.509375 0.17578125 0.015625 0.01953125
0 0.4984375 0.17578125 0.015625 0.01953125
0 0.2859375 0.12890625 0.015625 0.01953125
0 0.275 0.10546875 0.015625 0.01953125
0 0.2296875 0.08984375 0.015625 0.01953125
0 0.1875 0.29296875 0.015625 0.01953125
0 0.60625 0.099609375 0.015625 0.01953125
0 0.6234375 0.109375 0.015625 0.01953125
0 0.6390625 0.1640625 0.015625 0.01953125
0 0.453125 0.017578125 0.015625 0.01953125
0 0.6171875 0.005859375 0.015625 0.01953125
0 0.7796875 0.19921875 0.015625 0.01953125
0 0.746875 0.1484375 0.015625 0.01953125
0 0.8046875 0.68359375 0.015625 0.01953125
0 0.7359375 0.6796875 0.015625 0.01953125
0 0.7265625 0.669921875 0.015625 0.01953125
0 0.7125 0.67578125 0.015625 0.01953125
0 0.690625 0.6484375 0.015625 0.01953125
0 0.7109375 0.712890625 0.015625 0.01953125
0 0.696875 0.712890625 0.015625 0.01953125
0 0.6890625 0.701171875 0.015625 0.01953125
0 0.603125 0.796875 0.015625 0.01953125
0 0.5984375 0.76953125 0.015625 0.01953125
0 0.596875 0.751953125 0.015625 0.01953125
0 0.5875 0.720703125 0.015625 0.01953125
0 0.5828125 0.705078125 0.015625 0.01953125
0 0.5734375 0.69921875 0.015625 0.01953125
0 0.5984375 0.6875 0.015625 0.01953125
0 0.60625 0.67578125 0.015625 0.01953125
0 0.59375 0.662109375 0.015625 0.01953125
0 0.5640625 0.650390625 0.015625 0.01953125
0 0.5203125 0.66796875 0.015625 0.01953125
0 0.546875 0.712890625 0.015625 0.01953125
0 0.53125 0.712890625 0.015625 0.01953125
0 0.4921875 0.7109375 0.015625 0.01953125
0 0.4796875 0.72265625 0.015625 0.01953125
0 0.453125 0.73046875 0.015625 0.01953125
0 0.4640625 0.74609375 0.015625 0.01953125
0 0.425 0.7421875 0.015625 0.01953125
0 0.4 0.78125 0.015625 0.01953125
0 0.3890625 0.771484375 0.015625 0.01953125
0 0.421875 0.673828125 0.015625 0.01953125
0 0.421875 0.6484375 0.015625 0.01953125
0 0.4078125 0.6328125 0.015625 0.01953125
0 0.390625 0.626953125 0.015625 0.01953125
0 0.334375 0.634765625 0.015625 0.01953125
0 0.315625 0.65234375 0.015625 0.01953125
0 0.3046875 0.658203125 0.015625 0.01953125
0 0.2734375 0.9375 0.015625 0.01953125
0 0.2546875 0.958984375 0.015625 0.01953125
0 0.346875 0.83203125 0.015625 0.01953125
0 0.565625 0.8203125 0.015625 0.01953125
0 0.5421875 0.779296875 0.015625 0.01953125
0 0.5796875 0.802734375 0.015625 0.01953125
0 0.5390625 0.859375 0.015625 0.01953125
0 0.521875 0.85546875 0.015625 0.01953125
0 0.525 0.9609375 0.015625 0.01953125
0 0.6578125 0.861328125 0.015625 0.01953125
0 0.6234375 0.87890625 0.015625 0.01953125
0 0.7015625 0.841796875 0.015625 0.01953125
0 0.71875 0.841796875 0.015625 0.01953125
0 0.6625 0.57421875 0.015625 0.01953125
0 0.6484375 0.5625 0.015625 0.01953125
0 0.6359375 0.552734375 0.015625 0.01953125
