0 0.1828125 0.48828125 0.015625 0.01953125
0 0.153125 0.431640625 0.015625 0.01953125
0 0.128125 0.4296875 0.015625 0.01953125
0 0.1140625 0.392578125 0.015625 0.01953125
0 0.0828125 0.654296875 0.015625 0.01953125
0 0.00625 0.599609375 0.015625 0.01953125
0 0.6640625 0.142578125 0.015625 0.01953125
0 0.690625 0.138671875 0.015625 0.01953125
0 0.7125 0.119140625 0.015625 0.01953125
0 0.63125 0.1875 0.015625 0.01953125
0 0.5765625 0.197265625 0.015625 0.01953125
0 0.8953125 0.138671875 0.015625 0.01953125
0 0.778125 0.234375 0.015625 0.01953125
0 0.0359375 0.166015625 0.015625 0.01953125
0 0.0828125 0.08203125 0.015625 0.01953125
0 0.0328125 0.361328125 0.015625 0.01953125
0 0.56875 0.79296875 0.015625 0.01953125
0 0.534375 0.763671875 0.015625 0.01953125
