0 0.65 0.322265625 0.015625 0.01953125
0 0.6765625 0.326171875 0.015625 0.01953125
0 0.7 0.296875 0.015625 0.01953125
0 0.6375 0.359375 0.015625 0.01953125
0 0.88125 0.33203125 0.015625 0.01953125
0 0.8265625 0.421875 0.015625 0.01953125
0 0.1421875 0.943359375 0.015625 0.01953125
0 0.04375 0.896484375 0.015625 0.01953125
0 0.1578125 0.705078125 0.015625 0.01953125
0 0.1328125 0.62890625 0.015625 0.01953125
0 0.1 0.623046875 0.015625 0.01953125
0 0.0953125 0.576171875 0.015625 0.01953125
0 0.590625 0.83984375 0.015625 0.01953125
