0 0.353125 0.5625 0.015625 0.01953125
0 0.321875 0.55078125 0.015625 0.01953125
0 0.30625 0.509765625 0.015625 0.01953125
0 0.2171875 0.318359375 0.015625 0.01953125
0 0.1953125 0.27734375 0.015625 0.01953125
0 0.2203125 0.271484375 0.015625 0.01953125
0 0.253125 0.1796875 0.015625 0.01953125
0 0.1109375 0.181640625 0.015625 0.01953125
0 0.0953125 0.162109375 0.015625 0.01953125
0 0.046875 0.1484375 0.015625 0.01953125
0 0.034375 0.169921875 0.015625 0.01953125
0 0.36875 0.638671875 0.015625 0.01953125
0 0.3109375 0.9296875 0.015625 0.01953125
0 0.2359375 0.462890625 0.015625 0.01953125
0 0.196875 0.416015625 0.015625 0.01953125
0 0.775 0.93359375 0.015625 0.01953125
0 0.746875 0.814453125 0.015625 0.01953125
0 0.90625 0.38671875 0.015625 0.01953125
0 0.959375 0.373046875 0.015625 0.01953125
