0 0.9609375 0.078125 0.015625 0.01953125
0 0.9421875 0.080078125 0.015625 0.01953125
0 0.05 0.34765625 0.015625 0.01953125
0 0.1125 0.07421875 0.015625 0.01953125
0 0.1484375 0.08203125 0.015625 0.01953125
0 0.065625 0.26171875 0.015625 0.01953125
0 0.0609375 0.31640625 0.015625 0.01953125
0 0.8875 0.142578125 0.015625 0.01953125
0 0.8609375 0.119140625 0.015625 0.01953125
0 0.8484375 0.0859375 0.015625 0.01953125
0 0.80625 0.068359375 0.015625 0.01953125
0 0.803125 0.09765625 0.015625 0.01953125
0 0.8171875 0.111328125 0.015625 0.01953125
0 0.8921875 0.236328125 0.015625 0.01953125
0 0.915625 0.236328125 0.015625 0.01953125
0 0.9 0.408203125 0.015625 0.01953125
0 0.8953125 0.388671875 0.015625 0.01953125
0 0.7875 0.416015625 0.015625 0.01953125
0 0.8015625 0.34765625 0.015625 0.01953125
0 0.61875 0.07421875 0.015625 0.01953125
0 0.746875 0.443359375 0.015625 0.01953125
0 0.0890625 0.111328125 0.015625 0.01953125
0 0.175 0.408203125 0.015625 0.01953125
0 0.1859375 0.4375 0.015625 0.01953125
0 0.0328125 0.42578125 0.015625 0.01953125
0 0.0796875 0.423828125 0.015625 0.01953125
0 0.0484375 0.4765625 0.015625 0.01953125
0 0.090625 0.4765625 0.015625 0.01953125
0 0.03125 0.26953125 0.015625 0.01953125
0 0.04375 0.25 0.015625 0.01953125
0 0.021875 0.29296875 0.015625 0.01953125
0 0.0328125 0.294921875 0.015625 0.01953125
0 0.0640625 0.232421875 0.015625 0.01953125
0 0.0859375 0.302734375 0.015625 0.01953125
0 0.1171875 0.296875 0.015625 0.01953125
0 0.134375 0.29296875 0.015625 0.01953125
