0 0.959375 0.1640625 0.015625 0.01953125
0 0.9375 0.140625 0.015625 0.01953125
0 0.9015625 0.1640625 0.015625 0.01953125
0 0.890625 0.19140625 0.015625 0.01953125
0 0.9234375 0.197265625 0.015625 0.01953125
0 0.9 0.216796875 0.015625 0.01953125
0 0.7609375 0.26171875 0.015625 0.01953125
0 0.7640625 0.232421875 0.015625 0.01953125
0 0.8859375 0.37890625 0.015625 0.01953125
0 0.8625 0.375 0.015625 0.01953125
0 0.9609375 0.3984375 0.015625 0.01953125
0 0.890625 0.552734375 0.015625 0.01953125
0 0.8875 0.53515625 0.015625 0.01953125
0 0.7921875 0.501953125 0.015625 0.01953125
0 0.790625 0.5234375 0.015625 0.01953125
0 0.790625 0.56640625 0.015625 0.01953125
0 0.75 0.611328125 0.015625 0.01953125
0 0.5515625 0.326171875 0.015625 0.01953125
0 0.5546875 0.30078125 0.015625 0.01953125
0 0.5796875 0.267578125 0.015625 0.01953125
0 0.590625 0.259765625 0.015625 0.01953125
0 0.0765625 0.599609375 0.015625 0.01953125
0 0.0546875 0.6171875 0.015625 0.01953125
0 0.0390625 0.568359375 0.015625 0.01953125
0 0.0578125 0.541015625 0.015625 0.01953125
0 0.05 0.533203125 0.015625 0.01953125
0 0.065625 0.544921875 0.015625 0.01953125
0 0.053125 0.56640625 0.015625 0.01953125
0 0.021875 0.576171875 0.015625 0.01953125
0 0.046875 0.65625 0.015625 0.01953125
0 0.0390625 0.72265625 0.015625 0.01953125
0 0.0921875 0.755859375 0.015625 0.01953125
0 0.06875 0.775390625 0.015625 0.01953125
0 0.1875 0.708984375 0.015625 0.01953125
0 0.1734375 0.677734375 0.015625 0.01953125
0 0.125 0.580078125 0.015625 0.01953125
0 0.0953125 0.58203125 0.015625 0.01953125
0 0.078125 0.365234375 0.015625 0.01953125
0 0.0765625 0.306640625 0.015625 0.01953125
0 0.046875 0.396484375 0.015625 0.01953125
