0 0.75625 0.078125 0.015625 0.01953125
0 0.7296875 0.134765625 0.015625 0.01953125
0 0.665625 0.171875 0.015625 0.01953125
0 0.6546875 0.19921875 0.015625 0.01953125
0 0.5921875 0.154296875 0.015625 0.01953125
0 0.5609375 0.193359375 0.015625 0.01953125
0 0.54375 0.193359375 0.015625 0.01953125
0 0.528125 0.171875 0.015625 0.01953125
0 0.515625 0.189453125 0.015625 0.01953125
0 0.5078125 0.15234375 0.015625 0.01953125
0 0.496875 0.189453125 0.015625 0.01953125
0 0.515625 0.208984375 0.015625 0.01953125
0 0.4953125 0.21875 0.015625 0.01953125
0 0.4390625 0.17578125 0.015625 0.01953125
0 0.5734375 0.072265625 0.015625 0.01953125
0 0.5890625 0.033203125 0.015625 0.01953125
0 0.55625 0.04296875 0.015625 0.01953125
0 0.5453125 0.0234375 0.015625 0.01953125
0 0.534375 0.044921875 0.015625 0.01953125
0 0.51875 0.046875 0.015625 0.01953125
0 0.5234375 0.0234375 0.015625 0.01953125
0 0.475 0.009765625 0.015625 0.01953125
0 0.7546875 0.28125 0.015625 0.01953125
0 0.76875 0.2890625 0.015625 0.01953125
0 0.121875 0.923828125 0.015625 0.01953125
0 0.109375 0.931640625 0.015625 0.01953125
0 0.11875 0.96875 0.015625 0.01953125
0 0.0234375 0.943359375 0.015625 0.01953125
0 0.3890625 0.39453125 0.015625 0.01953125
0 0.4296875 0.3828125 0.015625 0.01953125
0 0.3953125 0.439453125 0.015625 0.01953125
