0 0.496875 0.43359375 0.015625 0.01953125
0 0.521875 0.390625 0.015625 0.01953125
0 0.4765625 0.435546875 0.015625 0.01953125
0 0.465625 0.435546875 0.015625 0.01953125
0 0.4390625 0.419921875 0.015625 0.01953125
0 0.434375 0.451171875 0.015625 0.01953125
0 0.4265625 0.478515625 0.015625 0.01953125
0 0.4578125 0.46875 0.015625 0.01953125
0 0.3953125 0.484375 0.015625 0.01953125
0 0.3828125 0.443359375 0.015625 0.01953125
0 0.390625 0.279296875 0.015625 0.01953125
0 0.425 0.30859375 0.015625 0.01953125
0 0.4875 0.20703125 0.015625 0.01953125
0 0.46875 0.21875 0.015625 0.01953125
0 0.4609375 0.2734375 0.015625 0.01953125
0 0.4578125 0.298828125 0.015625 0.01953125
0 0.440625 0.291015625 0.015625 0.01953125
0 0.68125 0.28515625 0.015625 0.01953125
0 0.6484375 0.3359375 0.015625 0.01953125
0 0.59375 0.39453125 0.015625 0.01953125
0 0.5890625 0.41796875 0.015625 0.01953125
0 0.7 0.4765625 0.015625 0.01953125
0 0.7171875 0.484375 0.015625 0.01953125
0 0.6921875 0.599609375 0.015625 0.01953125
0 0.634375 0.556640625 0.015625 0.01953125
0 0.4875 0.107421875 0.015625 0.01953125
0 0.328125 0.017578125 0.015625 0.01953125
0 0.6984375 0.185546875 0.015625 0.01953125
0 0.346875 0.05859375 0.015625 0.01953125
