0 0.265625 0.34375 0.015625 0.01953125
0 0.2390625 0.392578125 0.015625 0.01953125
0 0.2109375 0.421875 0.015625 0.01953125
0 0.24375 0.46875 0.015625 0.01953125
0 0.225 0.490234375 0.015625 0.01953125
0 0.2109375 0.46875 0.015625 0.01953125
0 0.134375 0.462890625 0.015625 0.01953125
0 0.16875 0.5234375 0.015625 0.01953125
0 0.1296875 0.63671875 0.015625 0.01953125
0 0.1140625 0.669921875 0.015625 0.01953125
0 0.1421875 0.671875 0.015625 0.01953125
0 0.1796875 0.634765625 0.015625 0.01953125
0 0.19375 0.6015625 0.015625 0.01953125
0 0.2140625 0.611328125 0.015625 0.01953125
0 0.2015625 0.623046875 0.015625 0.01953125
0 0.2234375 0.62890625 0.015625 0.01953125
0 0.2109375 0.6484375 0.015625 0.01953125
0 0.1859375 0.66796875 0.015625 0.01953125
0 0.2609375 0.623046875 0.015625 0.01953125
0 0.2703125 0.58203125 0.015625 0.01953125
0 0.434375 0.474609375 0.015625 0.01953125
0 0.4046875 0.521484375 0.015625 0.01953125
0 0.35 0.583984375 0.015625 0.01953125
0 0.3390625 0.611328125 0.015625 0.01953125
0 0.471875 0.671875 0.015625 0.01953125
0 0.453125 0.66796875 0.015625 0.01953125
0 0.4453125 0.376953125 0.015625 0.01953125
0 0.165625 0.041015625 0.015625 0.01953125
0 0.8953125 0.59765625 0.015625 0.01953125
0 0.8796875 0.59375 0.015625 0.01953125
0 0.9328125 0.51171875 0.015625 0.01953125
0 0.9453125 0.482421875 0.015625 0.01953125
0 0.990625 0.494140625 0.015625 0.01953125
0 0.04375 0.1953125 0.015625 0.01953125
0 0.15 0.017578125 0.015625 0.01953125
0 0.3890625 0.091796875 0.015625 0.01953125
0 0.390625 0.119140625 0.015625 0.01953125
0 0.1046875 0.90234375 0.015625 0.01953125
0 0.115625 0.859375 0.015625 0.01953125
0 0.4890625 0.939453125 0.015625 0.01953125
