0 0.4546875 0.275390625 0.015625 0.01953125
0 0.453125 0.19921875 0.015625 0.01953125
0 0.5140625 0.25 0.015625 0.01953125
0 0.58125 0.31640625 0.015625 0.01953125
0 0.5421875 0.341796875 0.015625 0.01953125
0 0.5625 0.390625 0.015625 0.01953125
0 0.5 0.390625 0.015625 0.01953125
0 0.5953125 0.455078125 0.015625 0.01953125
0 0.58125 0.45703125 0.015625 0.01953125
0 0.5546875 0.4765625 0.015625 0.01953125
0 0.49375 0.474609375 0.015625 0.01953125
0 0.4640625 0.46875 0.015625 0.01953125
0 0.44375 0.55078125 0.015625 0.01953125
0 0.3765625 0.51171875 0.015625 0.01953125
0 0.328125 0.501953125 0.015625 0.01953125
0 0.3125 0.515625 0.015625 0.01953125
0 0.2765625 0.54296875 0.015625 0.01953125
0 0.271875 0.591796875 0.015625 0.01953125
0 0.3015625 0.599609375 0.015625 0.01953125
0 0.4546875 0.671875 0.015625 0.01953125
0 0.6375 0.47265625 0.015625 0.01953125
0 0.703125 0.455078125 0.015625 0.01953125
0 0.690625 0.3828125 0.015625 0.01953125
0 0.640625 0.349609375 0.015625 0.01953125
0 0.6328125 0.251953125 0.015625 0.01953125
0 0.6984375 0.310546875 0.015625 0.01953125
0 0.9234375 0.34375 0.015625 0.01953125
0 0.9734375 0.27734375 0.015625 0.01953125
0 0.9296875 0.087890625 0.015625 0.01953125
0 0.8421875 0.701171875 0.015625 0.01953125
