0 0.25 0.8671875 0.015625 0.01953125
0 0.2234375 0.826171875 0.015625 0.01953125
0 0.2875 0.798828125 0.015625 0.01953125
0 0.296875 0.775390625 0.015625 0.01953125
0 0.346875 0.794921875 0.015625 0.01953125
0 0.41875 0.826171875 0.015625 0.01953125
0 0.428125 0.951171875 0.015625 0.01953125
0 0.365625 0.966796875 0.015625 0.01953125
0 0.4609375 0.962890625 0.015625 0.01953125
0 0.540625 0.81640625 0.015625 0.01953125
0 0.5140625 0.75 0.015625 0.01953125
0 0.4765625 0.73828125 0.015625 0.01953125
0 0.4171875 0.75 0.015625 0.01953125
0 0.43125 0.765625 0.015625 0.01953125
0 0.40625 0.669921875 0.015625 0.01953125
0 0.078125 0.21484375 0.015625 0.01953125
0 0.4296875 0.55078125 0.015625 0.01953125
0 0.484375 0.51953125 0.015625 0.01953125
0 0.4578125 0.45703125 0.015625 0.01953125
0 0.503125 0.3203125 0.015625 0.01953125
0 0.6046875 0.529296875 0.015625 0.01953125
0 0.553125 0.595703125 0.015625 0.01953125
0 0.515625 0.619140625 0.015625 0.01953125
0 0.490625 0.666015625 0.015625 0.01953125
0 0.5390625 0.6640625 0.015625 0.01953125
0 0.5390625 0.71875 0.015625 0.01953125
0 0.6125 0.7578125 0.015625 0.01953125
0 0.603125 0.744140625 0.015625 0.01953125
0 0.5515625 0.728515625 0.015625 0.01953125
0 0.5328125 0.822265625 0.015625 0.01953125
0 0.5921875 0.8203125 0.015625 0.01953125
0 0.6015625 0.826171875 0.015625 0.01953125
0 0.671875 0.73828125 0.015625 0.01953125
0 0.665625 0.650390625 0.015625 0.01953125
0 0.6625 0.578125 0.015625 0.01953125
0 0.60625 0.62890625 0.015625 0.01953125
0 0.596875 0.62109375 0.015625 0.01953125
0 0.9359375 0.51171875 0.015625 0.01953125
0 0.896875 0.642578125 0.015625 0.01953125
0 0.965625 0.349609375 0.015625 0.01953125
0 0.896875 0.3203125 0.015625 0.01953125
0 0.903125 0.220703125 0.015625 0.01953125
0 0.93125 0.126953125 0.015625 0.01953125
0 0.91875 0.052734375 0.015625 0.01953125
0 0.9703125 0.056640625 0.015625 0.01953125
0 0.8109375 0.986328125 0.015625 0.01953125
0 0.546875 0.98046875 0.015625 0.01953125
