0 0.409375 0.732421875 0.015625 0.01953125
0 0.3984375 0.822265625 0.015625 0.01953125
0 0.390625 0.822265625 0.015625 0.01953125
0 0.3421875 0.8671875 0.015625 0.01953125
0 0.3921875 0.974609375 0.015625 0.01953125
0 0.43125 0.923828125 0.015625 0.01953125
0 0.446875 0.97265625 0.015625 0.01953125
0 0.515625 0.84765625 0.015625 0.01953125
0 0.4546875 0.896484375 0.015625 0.01953125
0 0.525 0.93359375 0.015625 0.01953125
0 0.36875 0.95703125 0.015625 0.01953125
0 0.3421875 0.9140625 0.015625 0.01953125
0 0.575 0.890625 0.015625 0.01953125
0 0.578125 0.951171875 0.015625 0.01953125
0 0.8359375 0.892578125 0.015625 0.01953125
0 0.859375 0.802734375 0.015625 0.01953125
0 0.875 0.6640625 0.015625 0.01953125
0 0.8109375 0.55859375 0.015625 0.01953125
0 0.8703125 0.47265625 0.015625 0.01953125
0 0.9375 0.50390625 0.015625 0.01953125
0 0.8265625 0.365234375 0.015625 0.01953125
0 0.690625 0.076171875 0.015625 0.01953125
0 0.6421875 0.072265625 0.015625 0.01953125
0 0.084375 0.533203125 0.015625 0.01953125
