0 0.33125 0.396484375 0.015625 0.01953125
0 0.25625 0.435546875 0.015625 0.01953125
0 0.1859375 0.44140625 0.015625 0.01953125
0 0.0203125 0.576171875 0.015625 0.01953125
0 0.8375 0.4765625 0.015625 0.01953125
0 0.8265625 0.51953125 0.015625 0.01953125
0 0.696875 0.6328125 0.015625 0.01953125
0 0.665625 0.6875 0.015625 0.01953125
0 0.6328125 0.767578125 0.015625 0.01953125
0 0.8078125 0.341796875 0.015625 0.01953125
0 0.8265625 0.009765625 0.015625 0.01953125
0 0.24375 0.552734375 0.015625 0.01953125
0 0.23125 0.599609375 0.015625 0.01953125
0 0.2234375 0.658203125 0.015625 0.01953125
0 0.184375 0.66015625 0.015625 0.01953125
0 0.1875 0.5625 0.015625 0.01953125
0 0.35 0.5390625 0.015625 0.01953125
0 0.3203125 0.619140625 0.015625 0.01953125
0 0.3953125 0.607421875 0.015625 0.01953125
0 0.35 0.677734375 0.015625 0.01953125
0 0.321875 0.751953125 0.015625 0.01953125
0 0.3328125 0.794921875 0.015625 0.01953125
0 0.2640625 0.708984375 0.015625 0.01953125
0 0.0328125 0.78515625 0.015625 0.01953125
0 0.0359375 0.7578125 0.015625 0.01953125
0 0.0140625 0.75390625 0.015625 0.01953125
0 0.103125 0.587890625 0.015625 0.01953125
0 0.165625 0.501953125 0.015625 0.01953125
0 0.1359375 0.46484375 0.015625 0.01953125
