0 0.465625 0.369140625 0.015625 0.01953125
0 0.3875 0.373046875 0.015625 0.01953125
0 0.3703125 0.4453125 0.015625 0.01953125
0 0.271875 0.427734375 0.015625 0.01953125
0 0.2921875 0.34375 0.015625 0.01953125
0 0.2265625 0.330078125 0.015625 0.01953125
0 0.2421875 0.240234375 0.015625 0.01953125
0 0.290625 0.240234375 0.015625 0.01953125
0 0.3203125 0.27734375 0.015625 0.01953125
0 0.3578125 0.26953125 0.015625 0.01953125
0 0.4046875 0.25 0.015625 0.01953125
0 0.490625 0.216796875 0.015625 0.01953125
0 0.5421875 0.30859375 0.015625 0.01953125
0 0.4375 0.142578125 0.015625 0.01953125
0 0.3796875 0.134765625 0.015625 0.01953125
0 0.371875 0.1953125 0.015625 0.01953125
0 0.315625 0.17578125 0.015625 0.01953125
0 0.31875 0.119140625 0.015625 0.01953125
0 0.284375 0.017578125 0.015625 0.01953125
0 0.2375 0.01171875 0.015625 0.01953125
0 0.525 0.78515625 0.015625 0.01953125
0 0.46875 0.8125 0.015625 0.01953125
0 0.6515625 0.900390625 0.015625 0.01953125
0 0.7171875 0.888671875 0.015625 0.01953125
0 0.7890625 0.798828125 0.015625 0.01953125
0 0.70625 0.068359375 0.015625 0.01953125
0 0.1375 0.09375 0.015625 0.01953125
0 0.1125 0.12890625 0.015625 0.01953125
0 0.0578125 0.5625 0.015625 0.01953125
