0 0.6078125 0.498046875 0.015625 0.01953125
0 0.546875 0.505859375 0.015625 0.01953125
0 0.48125 0.498046875 0.015625 0.01953125
0 0.471875 0.400390625 0.015625 0.01953125
0 0.415625 0.408203125 0.015625 0.01953125
0 0.4984375 0.3515625 0.015625 0.01953125
0 0.4828125 0.3125 0.015625 0.01953125
0 0.475 0.24609375 0.015625 0.01953125
0 0.465625 0.17578125 0.015625 0.01953125
0 0.41875 0.17578125 0.015625 0.01953125
0 0.4125 0.107421875 0.015625 0.01953125
0 0.4546875 0.099609375 0.015625 0.01953125
0 0.4515625 0.03125 0.015625 0.01953125
0 0.434375 0.001953125 0.015625 0.01953125
0 0.615625 0.18359375 0.015625 0.01953125
0 0.528125 0.259765625 0.015625 0.01953125
0 0.5421875 0.33203125 0.015625 0.01953125
0 0.5796875 0.3125 0.015625 0.01953125
0 0.609375 0.341796875 0.015625 0.01953125
0 0.6546875 0.263671875 0.015625 0.01953125
0 0.6484375 0.416015625 0.015625 0.01953125
0 0.5703125 0.4296875 0.015625 0.01953125
0 0.421875 0.318359375 0.015625 0.01953125
0 0.3171875 0.181640625 0.015625 0.01953125
0 0.28125 0.66796875 0.015625 0.01953125
0 0.0046875 0.6953125 0.015625 0.01953125
0 0.0234375 0.6875 0.015625 0.01953125
0 0.7125 0.86328125 0.015625 0.01953125
0 0.7921875 0.826171875 0.015625 0.01953125
0 0.9078125 0.966796875 0.015625 0.01953125
0 0.85 0.166015625 0.015625 0.01953125
0 0.7796875 0.3515625 0.015625 0.01953125
