0 0.4203125 0.412109375 0.015625 0.01953125
0 0.4484375 0.390625 0.015625 0.01953125
0 0.4328125 0.3046875 0.015625 0.01953125
0 0.4109375 0.310546875 0.015625 0.01953125
0 0.390625 0.283203125 0.015625 0.01953125
0 0.41875 0.267578125 0.015625 0.01953125
0 0.415625 0.48046875 0.015625 0.01953125
0 0.3265625 0.48046875 0.015625 0.01953125
0 0.4703125 0.478515625 0.015625 0.01953125
0 0.475 0.54296875 0.015625 0.01953125
0 0.4828125 0.603515625 0.015625 0.01953125
0 0.425 0.62109375 0.015625 0.01953125
0 0.425 0.701171875 0.015625 0.01953125
0 0.4859375 0.705078125 0.015625 0.01953125
0 0.4984375 0.640625 0.015625 0.01953125
0 0.4984375 0.79296875 0.015625 0.01953125
0 0.559375 0.791015625 0.015625 0.01953125
0 0.584375 0.72265625 0.015625 0.01953125
0 0.54375 0.6171875 0.015625 0.01953125
0 0.54375 0.5546875 0.015625 0.01953125
0 0.5328125 0.46875 0.015625 0.01953125
0 0.6140625 0.4765625 0.015625 0.01953125
0 0.584375 0.595703125 0.015625 0.01953125
0 0.6109375 0.640625 0.015625 0.01953125
0 0.646875 0.556640625 0.015625 0.01953125
0 0.6515625 0.708984375 0.015625 0.01953125
0 0.621875 0.78515625 0.015625 0.01953125
0 0.8296875 0.625 0.015625 0.01953125
0 0.7984375 0.52734375 0.015625 0.01953125
0 0.615625 0.90234375 0.015625 0.01953125
0 0.3015625 0.966796875 0.015625 0.01953125
0 0.459375 0.07421875 0.015625 0.01953125
0 0.040625 0.91015625 0.015625 0.01953125
0 0.0234375 0.9296875 0.015625 0.01953125
