0 0.3828125 0.64453125 0.015625 0.01953125
0 0.4046875 0.6640625 0.015625 0.01953125
0 0.4328125 0.640625 0.015625 0.01953125
0 0.4359375 0.666015625 0.015625 0.01953125
0 0.409375 0.76171875 0.015625 0.01953125
0 0.446875 0.75390625 0.015625 0.01953125
0 0.325 0.8359375 0.015625 0.01953125
0 0.4203125 0.8359375 0.015625 0.01953125
0 0.4671875 0.822265625 0.015625 0.01953125
0 0.5234375 0.82421875 0.015625 0.01953125
0 0.6109375 0.845703125 0.015625 0.01953125
0 0.6515625 0.91015625 0.015625 0.01953125
0 0.725 0.943359375 0.015625 0.01953125
0 0.584375 0.943359375 0.015625 0.01953125
0 0.5390625 0.912109375 0.015625 0.01953125
0 0.478125 0.90234375 0.015625 0.01953125
0 0.4796875 0.95703125 0.015625 0.01953125
0 0.4140625 0.9765625 0.015625 0.01953125
0 0.54375 0.982421875 0.015625 0.01953125
0 0.6046875 0.984375 0.015625 0.01953125
0 0.4703125 0.044921875 0.015625 0.01953125
0 0.31875 0.08984375 0.015625 0.01953125
0 0.321875 0.07421875 0.015625 0.01953125
0 0.6140625 0.01171875 0.015625 0.01953125
