0 0.4625 0.119140625 0.015625 0.01953125
0 0.425 0.0703125 0.015625 0.01953125
0 0.4359375 0.048828125 0.015625 0.01953125
0 0.3921875 0.025390625 0.015625 0.01953125
0 0.3765625 0.029296875 0.015625 0.01953125
0 0.3859375 0.05859375 0.015625 0.01953125
0 0.4 0.078125 0.015625 0.01953125
0 0.4171875 0.107421875 0.015625 0.01953125
0 0.4390625 0.244140625 0.015625 0.01953125
0 0.4171875 0.2265625 0.015625 0.01953125
0 0.4828125 0.3046875 0.015625 0.01953125
0 0.5171875 0.345703125 0.015625 0.01953125
0 0.36875 0.365234375 0.015625 0.01953125
0 0.36875 0.390625 0.015625 0.01953125
0 0.625 0.703125 0.015625 0.01953125
0 0.5109375 0.955078125 0.015625 0.01953125
0 0.4890625 0.970703125 0.015625 0.01953125
0 0.4671875 0.9609375 0.015625 0.01953125
0 0.434375 0.94140625 0.015625 0.01953125
0 0.9859375 0.154296875 0.015625 0.01953125
0 0.8328125 0.294921875 0.015625 0.01953125
0 0.8125 0.294921875 0.015625 0.01953125
0 0.878125 0.009765625 0.015625 0.01953125
0 0.6703125 0.318359375 0.015625 0.01953125
0 0.56875 0.05859375 0.015625 0.01953125
0 0.56875 0.076171875 0.015625 0.01953125
0 0.5328125 0.099609375 0.015625 0.01953125
0 0.5359375 0.12890625 0.015625 0.01953125
