0 0.4703125 0.310546875 0.015625 0.01953125
0 0.4515625 0.3359375 0.015625 0.01953125
0 0.434375 0.310546875 0.015625 0.01953125
0 0.4328125 0.265625 0.015625 0.01953125
0 0.40625 0.267578125 0.015625 0.01953125
0 0.4078125 0.296875 0.015625 0.01953125
0 0.3890625 0.251953125 0.015625 0.01953125
0 0.40625 0.22265625 0.015625 0.01953125
0 0.3828125 0.22265625 0.015625 0.01953125
0 0.3828125 0.173828125 0.015625 0.01953125
0 0.5421875 0.166015625 0.015625 0.01953125
0 0.4953125 0.19140625 0.015625 0.01953125
0 0.5375 0.24609375 0.015625 0.01953125
0 0.5765625 0.248046875 0.015625 0.01953125
0 0.6 0.263671875 0.015625 0.01953125
0 0.5875 0.32421875 0.015625 0.01953125
0 0.5375 0.296875 0.015625 0.01953125
0 0.9046875 0.189453125 0.015625 0.01953125
0 0.8421875 0.478515625 0.015625 0.01953125
0 0.81875 0.48046875 0.015625 0.01953125
0 0.675 0.501953125 0.015625 0.01953125
0 0.5109375 0.537109375 0.015625 0.01953125
0 0.490625 0.490234375 0.015625 0.01953125
0 0.3796875 0.552734375 0.015625 0.01953125
0 0.384375 0.578125 0.015625 0.01953125
0 0.2921875 0.556640625 0.015625 0.01953125
0 0.271875 0.5390625 0.015625 0.01953125
0 0.303125 0.654296875 0.015625 0.01953125
0 0.6859375 0.912109375 0.015625 0.01953125
0 0.8765625 0.4765625 0.015625 0.01953125
0 0.91875 0.154296875 0.015625 0.01953125
0 0.90625 0.134765625 0.015625 0.01953125
0 0.8875 0.134765625 0.015625 0.01953125
0 0.875 0.0703125 0.015625 0.01953125
0 0.8578125 0.09375 0.015625 0.01953125
