0 0.9125 0.6484375 0.015625 0.01953125
0 0.9015625 0.58203125 0.015625 0.01953125
0 0.846875 0.587890625 0.015625 0.01953125
0 0.8265625 0.6484375 0.015625 0.01953125
0 0.796875 0.587890625 0.015625 0.01953125
0 0.803125 0.826171875 0.015625 0.01953125
0 0.871875 0.880859375 0.015625 0.01953125
0 0.846875 0.904296875 0.015625 0.01953125
0 0.9734375 0.978515625 0.015625 0.01953125
0 0.5484375 0.947265625 0.015625 0.01953125
0 0.371875 0.96875 0.015625 0.01953125
0 0.365625 0.94921875 0.015625 0.01953125
0 0.375 0.904296875 0.015625 0.01953125
0 0.4078125 0.939453125 0.015625 0.01953125
0 0.4015625 0.98828125 0.015625 0.01953125
0 0.4609375 0.8828125 0.015625 0.01953125
0 0.5015625 0.85546875 0.015625 0.01953125
0 0.8296875 0.294921875 0.015625 0.01953125
0 0.9859375 0.06640625 0.015625 0.01953125
0 0.9953125 0.015625 0.015625 0.01953125
0 0.703125 0.064453125 0.015625 0.01953125
0 0.0265625 0.751953125 0.015625 0.01953125
