0 0.7046875 0.3125 0.015625 0.01953125
0 0.675 0.212890625 0.015625 0.01953125
0 0.7078125 0.169921875 0.015625 0.01953125
0 0.746875 0.09765625 0.015625 0.01953125
0 0.7984375 0.14453125 0.015625 0.01953125
0 0.821875 0.03125 0.015625 0.01953125
0 0.8171875 0.0078125 0.015625 0.01953125
0 0.8625 0.16015625 0.015625 0.01953125
0 0.8703125 0.22265625 0.015625 0.01953125
0 0.7578125 0.24609375 0.015625 0.01953125
0 0.9875 0.31640625 0.015625 0.01953125
0 0.8296875 0.546875 0.015625 0.01953125
0 0.8328125 0.845703125 0.015625 0.01953125
0 0.7953125 0.849609375 0.015625 0.01953125
0 0.8953125 0.8359375 0.015625 0.01953125
0 0.9078125 0.916015625 0.015625 0.01953125
0 0.8234375 0.90625 0.015625 0.01953125
0 0.053125 0.5 0.015625 0.01953125
0 0.0765625 0.14453125 0.015625 0.01953125
0 0.3453125 0.0546875 0.015625 0.01953125
0 0.4109375 0.068359375 0.015625 0.01953125
0 0.51875 0.05078125 0.015625 0.01953125
0 0.5140625 0.072265625 0.015625 0.01953125
0 0.5109375 0.134765625 0.015625 0.01953125
0 0.4578125 0.125 0.015625 0.01953125
0 0.4203125 0.140625 0.015625 0.01953125
0 0.4125 0.10546875 0.015625 0.01953125
