0 0.0765625 0.416015625 0.015625 0.01953125
0 0.11875 0.408203125 0.015625 0.01953125
0 0.353125 0.322265625 0.015625 0.01953125
0 0.43125 0.365234375 0.015625 0.01953125
0 0.415625 0.390625 0.015625 0.01953125
0 0.3890625 0.3515625 0.015625 0.01953125
0 0.4578125 0.37890625 0.015625 0.01953125
0 0.5140625 0.3359375 0.015625 0.01953125
0 0.509375 0.390625 0.015625 0.01953125
0 0.5203125 0.318359375 0.015625 0.01953125
0 0.6125 0.087890625 0.015625 0.01953125
0 0.628125 0.08984375 0.015625 0.01953125
0 0.53125 0.0546875 0.015625 0.01953125
0 0.5078125 0.052734375 0.015625 0.01953125
0 0.746875 0.1796875 0.015625 0.01953125
0 0.7328125 0.177734375 0.015625 0.01953125
0 0.6578125 0.083984375 0.015625 0.01953125
0 0.696875 0.017578125 0.015625 0.01953125
0 0.59375 0.01171875 0.015625 0.01953125
0 0.7875 0.017578125 0.015625 0.01953125
0 0.7765625 0.044921875 0.015625 0.01953125
0 0.778125 0.138671875 0.015625 0.01953125
0 0.7875 0.1640625 0.015625 0.01953125
0 0.8953125 0.0859375 0.015625 0.01953125
0 0.8796875 0.0859375 0.015625 0.01953125
0 0.8265625 0.25 0.015625 0.01953125
0 0.759375 0.34375 0.015625 0.01953125
0 0.74375 0.35546875 0.015625 0.01953125
0 0.70625 0.427734375 0.015625 0.01953125
0 0.678125 0.474609375 0.015625 0.01953125
0 0.66875 0.498046875 0.015625 0.01953125
0 0.684375 0.544921875 0.015625 0.01953125
0 0.69375 0.572265625 0.015625 0.01953125
0 0.7453125 0.498046875 0.015625 0.01953125
0 0.75 0.47265625 0.015625 0.01953125
0 0.8078125 0.400390625 0.015625 0.01953125
0 0.8578125 0.41796875 0.015625 0.01953125
0 0.796875 0.41015625 0.015625 0.01953125
0 0.8640625 0.4296875 0.015625 0.01953125
0 0.9328125 0.43359375 0.015625 0.01953125
0 0.91875 0.4453125 0.015625 0.01953125
0 0.9 0.4765625 0.015625 0.01953125
0 0.921875 0.4765625 0.015625 0.01953125
0 0.990625 0.56640625 0.015625 0.01953125
