0 0.1046875 0.392578125 0.015625 0.01953125
0 0.353125 0.568359375 0.015625 0.01953125
0 0.3796875 0.6171875 0.015625 0.01953125
0 0.4140625 0.646484375 0.015625 0.01953125
0 0.4359375 0.607421875 0.015625 0.01953125
0 0.45625 0.626953125 0.015625 0.01953125
0 0.5078125 0.578125 0.015625 0.01953125
0 0.521875 0.55859375 0.015625 0.01953125
0 0.5109375 0.642578125 0.015625 0.01953125
0 0.6125 0.701171875 0.015625 0.01953125
0 0.68125 0.732421875 0.015625 0.01953125
0 0.70625 0.673828125 0.015625 0.01953125
0 0.8234375 0.5078125 0.015625 0.01953125
0 0.8140625 0.5078125 0.015625 0.01953125
0 0.7984375 0.404296875 0.015625 0.01953125
0 0.7203125 0.421875 0.015625 0.01953125
0 0.721875 0.404296875 0.015625 0.01953125
0 0.6296875 0.341796875 0.015625 0.01953125
0 0.6171875 0.345703125 0.015625 0.01953125
0 0.628125 0.291015625 0.015625 0.01953125
0 0.665625 0.333984375 0.015625 0.01953125
0 0.7828125 0.29296875 0.015625 0.01953125
0 0.790625 0.271484375 0.015625 0.01953125
0 0.8765625 0.333984375 0.015625 0.01953125
0 0.9015625 0.345703125 0.015625 0.01953125
0 0.9671875 0.615234375 0.015625 0.01953125
0 0.965625 0.591796875 0.015625 0.01953125
0 0.921875 0.69140625 0.015625 0.01953125
0 0.9296875 0.677734375 0.015625 0.01953125
0 0.8625 0.669921875 0.015625 0.01953125
0 0.7953125 0.6328125 0.015625 0.01953125
0 0.7046875 0.09375 0.015625 0.01953125
0 0.6859375 0.103515625 0.015625 0.01953125
0 0.646875 0.140625 0.015625 0.01953125
0 0.6171875 0.134765625 0.015625 0.01953125
0 0.3125 0.044921875 0.015625 0.01953125
