0 0.5078125 0.564453125 0.015625 0.01953125
0 0.5328125 0.515625 0.015625 0.01953125
0 0.559375 0.6171875 0.015625 0.01953125
0 0.596875 0.623046875 0.015625 0.01953125
0 0.60625 0.5625 0.015625 0.01953125
0 0.6546875 0.40625 0.015625 0.01953125
0 0.6140625 0.34375 0.015625 0.01953125
0 0.6359375 0.396484375 0.015625 0.01953125
0 0.8765625 0.384765625 0.015625 0.01953125
0 0.8171875 0.185546875 0.015625 0.01953125
0 0.9609375 0.453125 0.015625 0.01953125
0 0.9265625 0.53515625 0.015625 0.01953125
0 0.965625 0.541015625 0.015625 0.01953125
0 0.4515625 0.857421875 0.015625 0.01953125
0 0.203125 0.90234375 0.015625 0.01953125
