0 0.421875 0.607421875 0.015625 0.01953125
0 0.4390625 0.66796875 0.015625 0.01953125
0 0.4046875 0.671875 0.015625 0.01953125
0 0.3421875 0.64453125 0.015625 0.01953125
0 0.35 0.572265625 0.015625 0.01953125
0 0.3546875 0.421875 0.015625 0.01953125
0 0.43125 0.43359375 0.015625 0.01953125
0 0.6125 0.310546875 0.015625 0.01953125
0 0.7828125 0.400390625 0.015625 0.01953125
0 0.753125 0.23828125 0.015625 0.01953125
0 0.8484375 0.078125 0.015625 0.01953125
0 0.4703125 0.169921875 0.015625 0.01953125
0 0.88125 0.560546875 0.015625 0.01953125
0 0.79375 0.529296875 0.015625 0.01953125
0 0.7234375 0.46875 0.015625 0.01953125
0 0.7546875 0.458984375 0.015625 0.01953125
0 0.8546875 0.505859375 0.015625 0.01953125
0 0.8796875 0.498046875 0.015625 0.01953125
0 0.8890625 0.486328125 0.015625 0.01953125
0 0.9015625 0.47265625 0.015625 0.01953125
0 0.86875 0.47265625 0.015625 0.01953125
0 0.86875 0.443359375 0.015625 0.01953125
0 0.8515625 0.41796875 0.015625 0.01953125
0 0.890625 0.408203125 0.015625 0.01953125
0 0.8984375 0.359375 0.015625 0.01953125
0 0.878125 0.33984375 0.015625 0.01953125
0 0.8859375 0.3125 0.015625 0.01953125
0 0.9078125 0.263671875 0.015625 0.01953125
0 0.875 0.359375 0.015625 0.01953125
0 0.978125 0.138671875 0.015625 0.01953125
0 0.9328125 0.43359375 0.015625 0.01953125
