0 0.80625 0.755859375 0.015625 0.01953125
0 0.8265625 0.775390625 0.015625 0.01953125
0 0.8265625 0.7265625 0.015625 0.01953125
0 0.8046875 0.6796875 0.015625 0.01953125
0 0.7734375 0.712890625 0.015625 0.01953125
0 0.7671875 0.693359375 0.015625 0.01953125
0 0.7625 0.71875 0.015625 0.01953125
0 0.7765625 0.650390625 0.015625 0.01953125
0 0.7921875 0.654296875 0.015625 0.01953125
0 0.7875 0.603515625 0.015625 0.01953125
0 0.753125 0.6171875 0.015625 0.01953125
0 0.7125 0.74609375 0.015625 0.01953125
0 0.6703125 0.666015625 0.015625 0.01953125
0 0.678125 0.619140625 0.015625 0.01953125
0 0.6359375 0.6171875 0.015625 0.01953125
0 0.6453125 0.642578125 0.015625 0.01953125
0 0.6203125 0.685546875 0.015625 0.01953125
0 0.35 0.908203125 0.015625 0.01953125
0 0.36875 0.96484375 0.015625 0.01953125
0 0.3125 0.970703125 0.015625 0.01953125
0 0.2640625 0.962890625 0.015625 0.01953125
0 0.2703125 0.89453125 0.015625 0.01953125
0 0.228125 0.75390625 0.015625 0.01953125
0 0.3328125 0.70703125 0.015625 0.01953125
0 0.3109375 0.80859375 0.015625 0.01953125
0 0.7859375 0.451171875 0.015625 0.01953125
0 0.7671875 0.501953125 0.015625 0.01953125
0 0.7609375 0.529296875 0.015625 0.01953125
0 0.7890625 0.548828125 0.015625 0.01953125
0 0.6296875 0.455078125 0.015625 0.01953125
0 0.4625 0.49609375 0.015625 0.01953125
0 0.5703125 0.125 0.015625 0.01953125
0 0.903125 0.2265625 0.015625 0.01953125
0 0.840625 0.306640625 0.015625 0.01953125
0 0.840625 0.41015625 0.015625 0.01953125
0 0.8390625 0.443359375 0.015625 0.01953125
0 0.9359375 0.4375 0.015625 0.01953125
0 0.9421875 0.451171875 0.015625 0.01953125
0 0.8390625 0.6171875 0.015625 0.01953125
0 0.709375 0.259765625 0.015625 0.01953125
