0 0.30625 0.345703125 0.015625 0.01953125
0 0.453125 0.126953125 0.015625 0.01953125
0 0.4265625 0.103515625 0.015625 0.01953125
0 0.4046875 0.12109375 0.015625 0.01953125
0 0.415625 0.03125 0.015625 0.01953125
0 0.453125 0.01953125 0.015625 0.01953125
0 0.490625 0.115234375 0.015625 0.01953125
0 0.1515625 0.62890625 0.015625 0.01953125
0 0.1796875 0.625 0.015625 0.01953125
0 0.2265625 0.783203125 0.015625 0.01953125
0 0.46875 0.65625 0.015625 0.01953125
0 0.475 0.826171875 0.015625 0.01953125
0 0.5265625 0.83203125 0.015625 0.01953125
0 0.528125 0.86328125 0.015625 0.01953125
0 0.528125 0.892578125 0.015625 0.01953125
0 0.4953125 0.916015625 0.015625 0.01953125
0 0.546875 0.9765625 0.015625 0.01953125
0 0.584375 0.93359375 0.015625 0.01953125
0 0.634375 0.88671875 0.015625 0.01953125
0 0.6734375 0.921875 0.015625 0.01953125
0 0.7 0.94140625 0.015625 0.01953125
0 0.66875 0.869140625 0.015625 0.01953125
0 0.6640625 0.83984375 0.015625 0.01953125
0 0.625 0.859375 0.015625 0.01953125
0 0.6296875 0.80859375 0.015625 0.01953125
0 0.5953125 0.791015625 0.015625 0.01953125
0 0.625 0.77734375 0.015625 0.01953125
0 0.6421875 0.78515625 0.015625 0.01953125
0 0.6765625 0.771484375 0.015625 0.01953125
0 0.61875 0.7109375 0.015625 0.01953125
0 0.596875 0.703125 0.015625 0.01953125
0 0.5890625 0.671875 0.015625 0.01953125
0 0.5875 0.607421875 0.015625 0.01953125
0 0.6171875 0.458984375 0.015625 0.01953125
0 0.6359375 0.5546875 0.015625 0.01953125
0 0.6359375 0.572265625 0.015625 0.01953125
0 0.65 0.35546875 0.015625 0.01953125
0 0.5609375 0.1328125 0.015625 0.01953125
0 0.29375 0.009765625 0.015625 0.01953125
