0 0.6484375 0.505859375 0.015625 0.01953125
0 0.6203125 0.4921875 0.015625 0.01953125
0 0.5875 0.484375 0.015625 0.01953125
0 0.5703125 0.482421875 0.015625 0.01953125
0 0.59375 0.400390625 0.015625 0.01953125
0 0.6234375 0.380859375 0.015625 0.01953125
0 0.6203125 0.326171875 0.015625 0.01953125
0 0.5796875 0.333984375 0.015625 0.01953125
0 0.565625 0.275390625 0.015625 0.01953125
0 0.5203125 0.25390625 0.015625 0.01953125
0 0.490625 0.232421875 0.015625 0.01953125
0 0.4296875 0.251953125 0.015625 0.01953125
0 0.4765625 0.3203125 0.015625 0.01953125
0 0.209375 0.29296875 0.015625 0.01953125
0 0.1875 0.17578125 0.015625 0.01953125
0 0.234375 0.1484375 0.015625 0.01953125
0 0.28125 0.169921875 0.015625 0.01953125
0 0.428125 0.12890625 0.015625 0.01953125
0 0.4015625 0.1953125 0.015625 0.01953125
0 0.4609375 0.20703125 0.015625 0.01953125
0 0.5125 0.19921875 0.015625 0.01953125
0 0.5546875 0.220703125 0.015625 0.01953125
0 0.565625 0.138671875 0.015625 0.01953125
0 0.603125 0.076171875 0.015625 0.01953125
0 0.559375 0.064453125 0.015625 0.01953125
0 0.5015625 0.064453125 0.015625 0.01953125
0 0.4421875 0.068359375 0.015625 0.01953125
0 0.703125 0.322265625 0.015625 0.01953125
0 0.4171875 0.697265625 0.015625 0.01953125
0 0.2421875 0.892578125 0.015625 0.01953125
0 0.2265625 0.908203125 0.015625 0.01953125
0 0.2078125 0.92578125 0.015625 0.01953125
0 0.196875 0.916015625 0.015625 0.01953125
0 0.271875 0.931640625 0.015625 0.01953125
0 0.715625 0.916015625 0.015625 0.01953125
0 0.775 0.806640625 0.015625 0.01953125
0 0.7265625 0.29296875 0.015625 0.01953125
