0 0.2640625 0.490234375 0.015625 0.01953125
0 0.215625 0.5625 0.015625 0.01953125
0 0.2265625 0.703125 0.015625 0.01953125
0 0.35625 0.455078125 0.015625 0.01953125
0 0.5 0.439453125 0.015625 0.01953125
0 0.475 0.4921875 0.015625 0.01953125
0 0.4390625 0.56640625 0.015625 0.01953125
0 0.4640625 0.64453125 0.015625 0.01953125
0 0.5328125 0.6171875 0.015625 0.01953125
0 0.5625 0.654296875 0.015625 0.01953125
0 0.5703125 0.58984375 0.015625 0.01953125
0 0.50625 0.578125 0.015625 0.01953125
0 0.5359375 0.509765625 0.015625 0.01953125
0 0.565625 0.44140625 0.015625 0.01953125
0 0.6234375 0.451171875 0.015625 0.01953125
0 0.6734375 0.490234375 0.015625 0.01953125
0 0.6875 0.53125 0.015625 0.01953125
0 0.625 0.533203125 0.015625 0.01953125
0 0.6046875 0.609375 0.015625 0.01953125
0 0.6015625 0.6875 0.015625 0.01953125
0 0.50625 0.712890625 0.015625 0.01953125
0 0.5484375 0.728515625 0.015625 0.01953125
0 0.6171875 0.74609375 0.015625 0.01953125
0 0.6625 0.751953125 0.015625 0.01953125
0 0.6015625 0.810546875 0.015625 0.01953125
0 0.665625 0.822265625 0.015625 0.01953125
0 0.5859375 0.916015625 0.015625 0.01953125
0 0.603125 0.916015625 0.015625 0.01953125
0 0.628125 0.931640625 0.015625 0.01953125
0 0.665625 0.947265625 0.015625 0.01953125
0 0.75 0.76953125 0.015625 0.01953125
0 0.6765625 0.21484375 0.015625 0.01953125
0 0.5640625 0.279296875 0.015625 0.01953125
0 0.4609375 0.150390625 0.015625 0.01953125
0 0.46875 0.099609375 0.015625 0.01953125
0 0.3890625 0.080078125 0.015625 0.01953125
0 0.2921875 0.017578125 0.015625 0.01953125
0 0.2375 0.09765625 0.015625 0.01953125
0 0.38125 0.103515625 0.015625 0.01953125
0 0.2890625 0.36328125 0.015625 0.01953125
0 0.821875 0.333984375 0.015625 0.01953125
0 0.7890625 0.5859375 0.015625 0.01953125
0 0.746875 0.720703125 0.015625 0.01953125
