0 0.5171875 0.39453125 0.015625 0.01953125
0 0.5046875 0.39453125 0.015625 0.01953125
0 0.50625 0.421875 0.015625 0.01953125
0 0.4234375 0.30859375 0.015625 0.01953125
0 0.3828125 0.349609375 0.015625 0.01953125
0 0.378125 0.404296875 0.015625 0.01953125
0 0.040625 0.404296875 0.015625 0.01953125
0 0.0125 0.4609375 0.015625 0.01953125
0 0.0125 0.48046875 0.015625 0.01953125
0 0.55 0.421875 0.015625 0.01953125
0 0.3109375 0.787109375 0.015625 0.01953125
0 0.221875 0.919921875 0.015625 0.01953125
0 0.43125 0.77734375 0.015625 0.01953125
0 0.509375 0.84375 0.015625 0.01953125
0 0.4625 0.919921875 0.015625 0.01953125
0 0.5515625 0.794921875 0.015625 0.01953125
0 0.6203125 0.83984375 0.015625 0.01953125
0 0.5765625 0.88671875 0.015625 0.01953125
0 0.5375 0.9609375 0.015625 0.01953125
0 0.596875 0.990234375 0.015625 0.01953125
0 0.6625 0.943359375 0.015625 0.01953125
0 0.70625 0.90625 0.015625 0.01953125
0 0.6875 0.861328125 0.015625 0.01953125
0 0.6578125 0.65234375 0.015625 0.01953125
0 0.7734375 0.619140625 0.015625 0.01953125
0 0.7328125 0.978515625 0.015625 0.01953125
0 0.909375 0.802734375 0.015625 0.01953125
