0 0.44375 0.705078125 0.015625 0.01953125
0 0.534375 0.69140625 0.015625 0.01953125
0 0.2828125 0.826171875 0.015625 0.01953125
0 0.5484375 0.841796875 0.015625 0.01953125
0 0.5921875 0.78515625 0.015625 0.01953125
0 0.646875 0.75 0.015625 0.01953125
0 0.5484375 0.919921875 0.015625 0.01953125
0 0.6015625 0.873046875 0.015625 0.01953125
0 0.6265625 0.939453125 0.015625 0.01953125
0 0.6296875 0.994140625 0.015625 0.01953125
0 0.6578125 0.94140625 0.015625 0.01953125
0 0.69375 0.96875 0.015625 0.01953125
0 0.6578125 0.826171875 0.015625 0.01953125
0 0.7 0.77734375 0.015625 0.01953125
0 0.765625 0.830078125 0.015625 0.01953125
0 0.734375 0.896484375 0.015625 0.01953125
0 0.7984375 0.853515625 0.015625 0.01953125
0 0.809375 0.9453125 0.015625 0.01953125
0 0.89375 0.615234375 0.015625 0.01953125
0 0.7671875 0.615234375 0.015625 0.01953125
0 0.6734375 0.39453125 0.015625 0.01953125
0 0.65625 0.34375 0.015625 0.01953125
0 0.653125 0.365234375 0.015625 0.01953125
0 0.66875 0.34375 0.015625 0.01953125
0 0.5765625 0.26171875 0.015625 0.01953125
0 0.5296875 0.23828125 0.015625 0.01953125
0 0.20625 0.265625 0.015625 0.01953125
0 0.171875 0.3125 0.015625 0.01953125
