0 0.609375 0.26953125 0.015625 0.01953125
0 0.5703125 0.322265625 0.015625 0.01953125
0 0.6609375 0.240234375 0.015625 0.01953125
0 0.7046875 0.2734375 0.015625 0.01953125
0 0.5515625 0.189453125 0.015625 0.01953125
0 0.5015625 0.2109375 0.015625 0.01953125
0 0.271875 0.337890625 0.015625 0.01953125
0 0.225 0.666015625 0.015625 0.01953125
0 0.2171875 0.650390625 0.015625 0.01953125
0 0.2078125 0.63671875 0.015625 0.01953125
0 0.1984375 0.638671875 0.015625 0.01953125
0 0.25 0.701171875 0.015625 0.01953125
0 0.365625 0.7734375 0.015625 0.01953125
0 0.6171875 0.740234375 0.015625 0.01953125
0 0.6421875 0.728515625 0.015625 0.01953125
0 0.6078125 0.697265625 0.015625 0.01953125
0 0.5734375 0.666015625 0.015625 0.01953125
0 0.6203125 0.59765625 0.015625 0.01953125
0 0.6859375 0.642578125 0.015625 0.01953125
0 0.703125 0.587890625 0.015625 0.01953125
0 0.653125 0.544921875 0.015625 0.01953125
0 0.6140625 0.513671875 0.015625 0.01953125
0 0.5703125 0.4765625 0.015625 0.01953125
0 0.565625 0.404296875 0.015625 0.01953125
0 0.640625 0.4609375 0.015625 0.01953125
0 0.6296875 0.4140625 0.015625 0.01953125
0 0.6296875 0.37109375 0.015625 0.01953125
0 0.665625 0.408203125 0.015625 0.01953125
0 0.7046875 0.44140625 0.015625 0.01953125
0 0.678125 0.498046875 0.015625 0.01953125
0 0.7875 0.642578125 0.015625 0.01953125
0 0.7890625 0.609375 0.015625 0.01953125
0 0.8015625 0.591796875 0.015625 0.01953125
0 0.80625 0.408203125 0.015625 0.01953125
0 0.74375 0.369140625 0.015625 0.01953125
0 0.6703125 0.31640625 0.015625 0.01953125
0 0.775 0.306640625 0.015625 0.01953125
0 0.809375 0.345703125 0.015625 0.01953125
0 0.8953125 0.12109375 0.015625 0.01953125
0 0.7796875 0.12890625 0.015625 0.01953125
0 0.0421875 0.783203125 0.015625 0.01953125
