0 0.265625 0.38671875 0.015625 0.01953125
0 0.2796875 0.359375 0.015625 0.01953125
0 0.54375 0.310546875 0.015625 0.01953125
0 0.45 0.130859375 0.015625 0.01953125
0 0.4328125 0.12890625 0.015625 0.01953125
0 0.4125 0.15234375 0.015625 0.01953125
0 0.4015625 0.169921875 0.015625 0.01953125
0 0.453125 0.091796875 0.015625 0.01953125
0 0.4484375 0.0546875 0.015625 0.01953125
0 0.45625 0.041015625 0.015625 0.01953125
0 0.2125 0.115234375 0.015625 0.01953125
0 0.7859375 0.615234375 0.015625 0.01953125
0 0.884375 0.603515625 0.015625 0.01953125
0 0.81875 0.806640625 0.015625 0.01953125
0 0.81875 0.859375 0.015625 0.01953125
0 0.746875 0.822265625 0.015625 0.01953125
0 0.7828125 0.7734375 0.015625 0.01953125
0 0.725 0.72265625 0.015625 0.01953125
0 0.6734375 0.705078125 0.015625 0.01953125
0 0.6296875 0.734375 0.015625 0.01953125
0 0.590625 0.78515625 0.015625 0.01953125
0 0.5640625 0.849609375 0.015625 0.01953125
0 0.5953125 0.92578125 0.015625 0.01953125
0 0.6421875 0.849609375 0.015625 0.01953125
0 0.6734375 0.83203125 0.015625 0.01953125
0 0.6546875 0.904296875 0.015625 0.01953125
0 0.6375 0.94921875 0.015625 0.01953125
0 0.6703125 0.978515625 0.015625 0.01953125
0 0.6953125 0.931640625 0.015625 0.01953125
0 0.7109375 0.892578125 0.015625 0.01953125
0 0.978125 0.62890625 0.015625 0.01953125
