0 0.5578125 0.609375 0.015625 0.01953125
0 0.5828125 0.6640625 0.015625 0.01953125
0 0.6203125 0.705078125 0.015625 0.01953125
0 0.665625 0.72265625 0.015625 0.01953125
0 0.7140625 0.759765625 0.015625 0.01953125
0 0.690625 0.798828125 0.015625 0.01953125
0 0.6359375 0.767578125 0.015625 0.01953125
0 0.6265625 0.8515625 0.015625 0.01953125
0 0.65625 0.884765625 0.015625 0.01953125
0 0.634375 0.90234375 0.015625 0.01953125
0 0.6328125 0.953125 0.015625 0.01953125
0 0.590625 0.830078125 0.015625 0.01953125
0 0.403125 0.919921875 0.015625 0.01953125
0 0.31875 0.76171875 0.015625 0.01953125
0 0.3046875 0.751953125 0.015625 0.01953125
0 0.2984375 0.724609375 0.015625 0.01953125
0 0.2828125 0.73828125 0.015625 0.01953125
0 0.184375 0.837890625 0.015625 0.01953125
0 0.1921875 0.857421875 0.015625 0.01953125
0 0.55625 0.494140625 0.015625 0.01953125
0 0.5828125 0.548828125 0.015625 0.01953125
0 0.6171875 0.5078125 0.015625 0.01953125
0 0.665625 0.48046875 0.015625 0.01953125
0 0.66875 0.529296875 0.015625 0.01953125
0 0.715625 0.509765625 0.015625 0.01953125
0 0.7671875 0.548828125 0.015625 0.01953125
0 0.796875 0.56640625 0.015625 0.01953125
0 0.7765625 0.609375 0.015625 0.01953125
0 0.73125 0.576171875 0.015625 0.01953125
0 0.70625 0.63671875 0.015625 0.01953125
0 0.665625 0.58203125 0.015625 0.01953125
0 0.628125 0.59765625 0.015625 0.01953125
0 0.6484375 0.654296875 0.015625 0.01953125
0 0.68125 0.673828125 0.015625 0.01953125
0 0.86875 0.39453125 0.015625 0.01953125
0 0.7890625 0.421875 0.015625 0.01953125
0 0.6703125 0.248046875 0.015625 0.01953125
0 0.6390625 0.21875 0.015625 0.01953125
0 0.60625 0.154296875 0.015625 0.01953125
0 0.5515625 0.119140625 0.015625 0.01953125
0 0.296875 0.185546875 0.015625 0.01953125
0 0.2796875 0.1953125 0.015625 0.01953125
