0 0.428125 0.509765625 0.015625 0.01953125
0 0.2921875 0.91796875 0.015625 0.01953125
0 0.28125 0.90625 0.015625 0.01953125
0 0.35625 0.958984375 0.015625 0.01953125
0 0.4015625 0.986328125 0.015625 0.01953125
0 0.4125 0.900390625 0.015625 0.01953125
0 0.440625 0.8671875 0.015625 0.01953125
0 0.509375 0.779296875 0.015625 0.01953125
0 0.5578125 0.765625 0.015625 0.01953125
0 0.6484375 0.48828125 0.015625 0.01953125
0 0.6359375 0.49609375 0.015625 0.01953125
0 0.6359375 0.458984375 0.015625 0.01953125
0 0.6359375 0.390625 0.015625 0.01953125
0 0.346875 0.341796875 0.015625 0.01953125
0 0.346875 0.326171875 0.015625 0.01953125
0 0.3359375 0.30859375 0.015625 0.01953125
0 0.31875 0.326171875 0.015625 0.01953125
0 0.3296875 0.333984375 0.015625 0.01953125
0 0.2515625 0.400390625 0.015625 0.01953125
0 0.5625 0.234375 0.015625 0.01953125
0 0.571875 0.28515625 0.015625 0.01953125
0 0.63125 0.244140625 0.015625 0.01953125
0 0.634375 0.26953125 0.015625 0.01953125
0 0.7359375 0.8359375 0.015625 0.01953125
0 0.7421875 0.814453125 0.015625 0.01953125
0 0.8140625 0.654296875 0.015625 0.01953125
0 0.68125 0.400390625 0.015625 0.01953125
0 0.65625 0.333984375 0.015625 0.01953125
0 0.625 0.3125 0.015625 0.01953125
0 0.675 0.30078125 0.015625 0.01953125
0 0.696875 0.263671875 0.015625 0.01953125
0 0.671875 0.232421875 0.015625 0.01953125
0 0.6234375 0.2109375 0.015625 0.01953125
0 0.5859375 0.189453125 0.015625 0.01953125
0 0.61875 0.158203125 0.015625 0.01953125
0 0.6625 0.146484375 0.015625 0.01953125
0 0.6984375 0.154296875 0.015625 0.01953125
0 0.659375 0.173828125 0.015625 0.01953125
0 0.7484375 0.189453125 0.015625 0.01953125
0 0.71875 0.212890625 0.015625 0.01953125
0 0.7890625 0.212890625 0.015625 0.01953125
0 0.76875 0.234375 0.015625 0.01953125
0 0.734375 0.275390625 0.015625 0.01953125
0 0.803125 0.09375 0.015625 0.01953125
0 0.85 0.0546875 0.015625 0.01953125
0 0.925 0.06640625 0.015625 0.01953125
0 0.5484375 0.126953125 0.015625 0.01953125
