0 0.8359375 0.818359375 0.015625 0.01953125
0 0.8359375 0.849609375 0.015625 0.01953125
0 0.715625 0.794921875 0.015625 0.01953125
0 0.2296875 0.876953125 0.015625 0.01953125
0 0.578125 0.861328125 0.015625 0.01953125
0 0.55 0.830078125 0.015625 0.01953125
0 0.6078125 0.779296875 0.015625 0.01953125
0 0.5953125 0.791015625 0.015625 0.01953125
0 0.5734375 0.875 0.015625 0.01953125
0 0.7484375 0.83984375 0.015625 0.01953125
0 0.73125 0.857421875 0.015625 0.01953125
0 0.840625 0.9375 0.015625 0.01953125
0 0.828125 0.931640625 0.015625 0.01953125
0 0.815625 0.9296875 0.015625 0.01953125
0 0.765625 0.97265625 0.015625 0.01953125
0 0.3703125 0.771484375 0.015625 0.01953125
0 0.3671875 0.796875 0.015625 0.01953125
