0 0.8578125 0.333984375 0.015625 0.01953125
0 0.8578125 0.298828125 0.015625 0.01953125
0 0.9359375 0.068359375 0.015625 0.01953125
0 0.91875 0.0546875 0.015625 0.01953125
0 0.9921875 0.17578125 0.015625 0.01953125
0 0.93125 0.39453125 0.015625 0.01953125
0 0.946875 0.498046875 0.015625 0.01953125
0 0.9109375 0.765625 0.015625 0.01953125
0 0.9078125 0.751953125 0.015625 0.01953125
0 0.9734375 0.623046875 0.015625 0.01953125
0 0.5078125 0.8359375 0.015625 0.01953125
0 0.46875 0.86328125 0.015625 0.01953125
0 0.4046875 0.87109375 0.015625 0.01953125
0 0.346875 0.85546875 0.015625 0.01953125
0 0.1890625 0.84765625 0.015625 0.01953125
0 0.1828125 0.828125 0.015625 0.01953125
0 0.171875 0.818359375 0.015625 0.01953125
0 0.0453125 0.765625 0.015625 0.01953125
0 0.0296875 0.765625 0.015625 0.01953125
0 0.0296875 0.78515625 0.015625 0.01953125
0 0.025 0.931640625 0.015625 0.01953125
0 0.8265625 0.966796875 0.015625 0.01953125
0 0.890625 0.927734375 0.015625 0.01953125
0 0.684375 0.986328125 0.015625 0.01953125
0 0.65625 0.98828125 0.015625 0.01953125
0 0.8921875 0.994140625 0.015625 0.01953125
