0 0.103125 0.8125 0.015625 0.01953125
0 0.0625 0.80859375 0.015625 0.01953125
0 0.03125 0.755859375 0.015625 0.01953125
0 0.0203125 0.759765625 0.015625 0.01953125
0 0.1765625 0.759765625 0.015625 0.01953125
0 0.1 0.88671875 0.015625 0.01953125
0 0.1265625 0.951171875 0.015625 0.01953125
0 0.075 0.93359375 0.015625 0.01953125
0 0.2453125 0.7890625 0.015625 0.01953125
0 0.275 0.927734375 0.015625 0.01953125
0 0.35625 0.97265625 0.015625 0.01953125
0 0.371875 0.951171875 0.015625 0.01953125
0 0.346875 0.947265625 0.015625 0.01953125
0 0.528125 0.931640625 0.015625 0.01953125
0 0.5140625 0.931640625 0.015625 0.01953125
0 0.5875 0.966796875 0.015625 0.01953125
0 0.575 0.966796875 0.015625 0.01953125
0 0.8296875 0.9296875 0.015625 0.01953125
0 0.8546875 0.87890625 0.015625 0.01953125
0 0.975 0.6953125 0.015625 0.01953125
0 0.9203125 0.6171875 0.015625 0.01953125
0 0.93125 0.59765625 0.015625 0.01953125
0 0.903125 0.580078125 0.015625 0.01953125
0 0.8921875 0.57421875 0.015625 0.01953125
0 0.884375 0.53125 0.015625 0.01953125
0 0.884375 0.5078125 0.015625 0.01953125
0 0.875 0.44140625 0.015625 0.01953125
0 0.896875 0.439453125 0.015625 0.01953125
0 0.8515625 0.3984375 0.015625 0.01953125
0 0.9421875 0.25390625 0.015625 0.01953125
0 0.93125 0.23046875 0.015625 0.01953125
0 0.9296875 0.21875 0.015625 0.01953125
0 0.78125 0.203125 0.015625 0.01953125
0 0.76875 0.203125 0.015625 0.01953125
0 0.74375 0.162109375 0.015625 0.01953125
0 0.721875 0.07421875 0.015625 0.01953125
0 0.7109375 0.05859375 0.015625 0.01953125
0 0.7203125 0.328125 0.015625 0.01953125
0 0.7140625 0.306640625 0.015625 0.01953125
0 0.7296875 0.357421875 0.015625 0.01953125
0 0.778125 0.32421875 0.015625 0.01953125
0 0.76875 0.310546875 0.015625 0.01953125
0 0.553125 0.263671875 0.015625 0.01953125
0 0.5421875 0.2421875 0.015625 0.01953125
0 0.5515625 0.296875 0.015625 0.01953125
0 0.553125 0.3046875 0.015625 0.01953125
0 0.615625 0.361328125 0.015625 0.01953125
0 0.63125 0.466796875 0.015625 0.01953125
0 0.609375 0.427734375 0.015625 0.01953125
0 0.628125 0.41015625 0.015625 0.01953125
0 0.5953125 0.384765625 0.015625 0.01953125
0 0.1953125 0.322265625 0.015625 0.01953125
0 0.175 0.330078125 0.015625 0.01953125
0 0.1390625 0.67578125 0.015625 0.01953125
0 0.165625 0.69921875 0.015625 0.01953125
