0 0.3703125 0.28125 0.015625 0.01953125
0 0.390625 0.259765625 0.015625 0.01953125
0 0.5921875 0.45703125 0.015625 0.01953125
0 0.565625 0.46875 0.015625 0.01953125
0 0.5171875 0.447265625 0.015625 0.01953125
0 0.4375 0.4140625 0.015625 0.01953125
0 0.3984375 0.396484375 0.015625 0.01953125
0 0.3859375 0.380859375 0.015625 0.01953125
0 0.3265625 0.375 0.015625 0.01953125
0 0.3203125 0.37890625 0.015625 0.01953125
0 0.3140625 0.380859375 0.015625 0.01953125
0 0.3078125 0.37109375 0.015625 0.01953125
0 0.2890625 0.458984375 0.015625 0.01953125
0 0.2671875 0.45703125 0.015625 0.01953125
0 0.221875 0.892578125 0.015625 0.01953125
0 0.2375 0.908203125 0.015625 0.01953125
0 0.2546875 0.8984375 0.015625 0.01953125
0 0.1875 0.845703125 0.015625 0.01953125
0 0.184375 0.861328125 0.015625 0.01953125
0 0.39375 0.763671875 0.015625 0.01953125
0 0.3859375 0.78515625 0.015625 0.01953125
0 0.39375 0.822265625 0.015625 0.01953125
0 0.4078125 0.822265625 0.015625 0.01953125
0 0.378125 0.90625 0.015625 0.01953125
0 0.3984375 0.92578125 0.015625 0.01953125
0 0.4078125 0.91015625 0.015625 0.01953125
0 0.4734375 0.7890625 0.015625 0.01953125
0 0.453125 0.7265625 0.015625 0.01953125
0 0.4453125 0.71484375 0.015625 0.01953125
0 0.3703125 0.5625 0.015625 0.01953125
0 0.4796875 0.37109375 0.015625 0.01953125
0 0.4171875 0.3515625 0.015625 0.01953125
0 0.2265625 0.484375 0.015625 0.01953125
0 0.5046875 0.3671875 0.015625 0.01953125
0 0.5015625 0.357421875 0.015625 0.01953125
0 0.5390625 0.330078125 0.015625 0.01953125
0 0.5234375 0.302734375 0.015625 0.01953125
0 0.5609375 0.337890625 0.015625 0.01953125
0 0.58125 0.2890625 0.015625 0.01953125
0 0.6390625 0.2734375 0.015625 0.01953125
0 0.671875 0.26953125 0.015625 0.01953125
0 0.65625 0.275390625 0.015625 0.01953125
0 0.553125 0.201171875 0.015625 0.01953125
0 0.53125 0.1484375 0.015625 0.01953125
0 0.5453125 0.1484375 0.015625 0.01953125
0 0.559375 0.15234375 0.015625 0.01953125
0 0.5671875 0.138671875 0.015625 0.01953125
0 0.6328125 0.09765625 0.015625 0.01953125
0 0.64375 0.126953125 0.015625 0.01953125
0 0.6328125 0.138671875 0.015625 0.01953125
0 0.690625 0.09375 0.015625 0.01953125
0 0.6828125 0.041015625 0.015625 0.01953125
0 0.6734375 0.048828125 0.015625 0.01953125
0 0.7078125 0.078125 0.015625 0.01953125
0 0.71875 0.091796875 0.015625 0.01953125
0 0.78125 0.0546875 0.015625 0.01953125
0 0.7578125 0.1484375 0.015625 0.01953125
0 0.7734375 0.15625 0.015625 0.01953125
0 0.8546875 0.048828125 0.015625 0.01953125
0 0.8734375 0.044921875 0.015625 0.01953125
0 0.8578125 0.009765625 0.015625 0.01953125
0 0.7828125 0.009765625 0.015625 0.01953125
0 0.790625 0.255859375 0.015625 0.01953125
0 0.80625 0.2734375 0.015625 0.01953125
0 0.81875 0.26953125 0.015625 0.01953125
0 0.8734375 0.259765625 0.015625 0.01953125
0 0.890625 0.150390625 0.015625 0.01953125
0 0.865625 0.115234375 0.015625 0.01953125
0 0.865625 0.099609375 0.015625 0.01953125
0 0.8515625 0.44921875 0.015625 0.01953125
0 0.8375 0.44921875 0.015625 0.01953125
0 0.771875 0.546875 0.015625 0.01953125
0 0.7578125 0.544921875 0.015625 0.01953125
0 0.671875 0.546875 0.015625 0.01953125
0 0.66875 0.51953125 0.015625 0.01953125
0 0.6578125 0.513671875 0.015625 0.01953125
0 0.6671875 0.611328125 0.015625 0.01953125
0 0.66875 0.623046875 0.015625 0.01953125
0 0.659375 0.63671875 0.015625 0.01953125
0 0.6484375 0.75390625 0.015625 0.01953125
0 0.6421875 0.80078125 0.015625 0.01953125
0 0.625 0.791015625 0.015625 0.01953125
0 0.609375 0.798828125 0.015625 0.01953125
0 0.603125 0.78515625 0.015625 0.01953125
0 0.603125 0.763671875 0.015625 0.01953125
0 0.5953125 0.75 0.015625 0.01953125
0 0.5796875 0.814453125 0.015625 0.01953125
0 0.5546875 0.828125 0.015625 0.01953125
0 0.759375 0.775390625 0.015625 0.01953125
0 0.765625 0.765625 0.015625 0.01953125
0 0.7578125 0.751953125 0.015625 0.01953125
0 0.8515625 0.828125 0.015625 0.01953125
0 0.8359375 0.958984375 0.015625 0.01953125
0 0.825 0.97265625 0.015625 0.01953125
0 0.6515625 0.431640625 0.015625 0.01953125
0 0.621875 0.421875 0.015625 0.01953125
0 0.61875 0.412109375 0.015625 0.01953125
0 0.60625 0.41796875 0.015625 0.01953125
0 0.5953125 0.390625 0.015625 0.01953125
0 0.584375 0.380859375 0.015625 0.01953125
0 0.5984375 0.341796875 0.015625 0.01953125
0 0.6296875 0.330078125 0.015625 0.01953125
