0 0.334375 0.39453125 0.015625 0.01953125
0 0.321875 0.384765625 0.015625 0.01953125
0 0.315625 0.380859375 0.015625 0.01953125
0 0.3046875 0.380859375 0.015625 0.01953125
0 0.2890625 0.37890625 0.015625 0.01953125
0 0.3671875 0.287109375 0.015625 0.01953125
0 0.4078125 0.28515625 0.015625 0.01953125
0 0.4203125 0.29296875 0.015625 0.01953125
0 0.4234375 0.330078125 0.015625 0.01953125
0 0.38125 0.34765625 0.015625 0.01953125
0 0.2328125 0.46875 0.015625 0.01953125
0 0.2390625 0.49609375 0.015625 0.01953125
0 0.3984375 0.474609375 0.015625 0.01953125
0 0.4046875 0.697265625 0.015625 0.01953125
0 0.409375 0.7109375 0.015625 0.01953125
0 0.4390625 0.744140625 0.015625 0.01953125
0 0.4265625 0.7578125 0.015625 0.01953125
0 0.471875 0.779296875 0.015625 0.01953125
0 0.4078125 0.857421875 0.015625 0.01953125
0 0.384375 0.857421875 0.015625 0.01953125
0 0.34375 0.904296875 0.015625 0.01953125
0 0.3296875 0.904296875 0.015625 0.01953125
0 0.25625 0.876953125 0.015625 0.01953125
0 0.26875 0.974609375 0.015625 0.01953125
0 0.3859375 0.955078125 0.015625 0.01953125
0 0.4 0.970703125 0.015625 0.01953125
0 0.4140625 0.958984375 0.015625 0.01953125
0 0.5859375 0.794921875 0.015625 0.01953125
0 0.5640625 0.80078125 0.015625 0.01953125
0 0.6203125 0.75 0.015625 0.01953125
0 0.6484375 0.728515625 0.015625 0.01953125
0 0.6484375 0.74609375 0.015625 0.01953125
0 0.6484375 0.767578125 0.015625 0.01953125
0 0.65 0.78515625 0.015625 0.01953125
0 0.640625 0.796875 0.015625 0.01953125
0 0.646875 0.654296875 0.015625 0.01953125
0 0.6515625 0.56640625 0.015625 0.01953125
0 0.571875 0.44921875 0.015625 0.01953125
0 0.5203125 0.4296875 0.015625 0.01953125
0 0.475 0.37890625 0.015625 0.01953125
0 0.5046875 0.330078125 0.015625 0.01953125
0 0.5015625 0.3125 0.015625 0.01953125
0 0.515625 0.318359375 0.015625 0.01953125
0 0.5515625 0.322265625 0.015625 0.01953125
0 0.534375 0.119140625 0.015625 0.01953125
0 0.54375 0.0703125 0.015625 0.01953125
0 0.5578125 0.068359375 0.015625 0.01953125
0 0.5671875 0.072265625 0.015625 0.01953125
0 0.5765625 0.08203125 0.015625 0.01953125
0 0.5796875 0.07421875 0.015625 0.01953125
0 0.646875 0.072265625 0.015625 0.01953125
0 0.63125 0.078125 0.015625 0.01953125
0 0.65 0.109375 0.015625 0.01953125
0 0.6515625 0.123046875 0.015625 0.01953125
0 0.6421875 0.1171875 0.015625 0.01953125
0 0.6359375 0.333984375 0.015625 0.01953125
0 0.634375 0.400390625 0.015625 0.01953125
0 0.6234375 0.3984375 0.015625 0.01953125
0 0.6 0.435546875 0.015625 0.01953125
0 0.6609375 0.408203125 0.015625 0.01953125
0 0.68125 0.5 0.015625 0.01953125
0 0.69375 0.30078125 0.015625 0.01953125
0 0.684375 0.310546875 0.015625 0.01953125
0 0.6625 0.306640625 0.015625 0.01953125
0 0.6546875 0.326171875 0.015625 0.01953125
0 0.7703125 0.48046875 0.015625 0.01953125
0 0.8390625 0.37109375 0.015625 0.01953125
0 0.825 0.2109375 0.015625 0.01953125
0 0.8125 0.22265625 0.015625 0.01953125
0 0.8 0.20703125 0.015625 0.01953125
0 0.78125 0.103515625 0.015625 0.01953125
0 0.775 0.0859375 0.015625 0.01953125
0 0.79375 0.04296875 0.015625 0.01953125
0 0.6859375 0.041015625 0.015625 0.01953125
0 0.6890625 0.03125 0.015625 0.01953125
0 0.703125 0.00390625 0.015625 0.01953125
0 0.884375 0.041015625 0.015625 0.01953125
0 0.8671875 0.076171875 0.015625 0.01953125
0 0.8734375 0.087890625 0.015625 0.01953125
0 0.8765625 0.181640625 0.015625 0.01953125
0 0.9015625 0.205078125 0.015625 0.01953125
0 0.8703125 0.28515625 0.015625 0.01953125
0 0.859375 0.37109375 0.015625 0.01953125
0 0.771875 0.744140625 0.015625 0.01953125
0 0.771875 0.763671875 0.015625 0.01953125
0 0.871875 0.875 0.015625 0.01953125
0 0.803125 0.9453125 0.015625 0.01953125
0 0.8890625 0.501953125 0.015625 0.01953125
