0 0.3015625 0.42578125 0.015625 0.01953125
0 0.2890625 0.41796875 0.015625 0.01953125
0 0.3171875 0.537109375 0.015625 0.01953125
0 0.3109375 0.53125 0.015625 0.01953125
0 0.3015625 0.51953125 0.015625 0.01953125
0 0.340625 0.458984375 0.015625 0.01953125
0 0.2046875 0.427734375 0.015625 0.01953125
0 0.2265625 0.572265625 0.015625 0.01953125
0 0.3765625 0.54296875 0.015625 0.01953125
0 0.4046875 0.513671875 0.015625 0.01953125
0 0.3546875 0.8203125 0.015625 0.01953125
0 0.3625 0.83984375 0.015625 0.01953125
0 0.3578125 0.83203125 0.015625 0.01953125
0 0.4671875 0.873046875 0.015625 0.01953125
0 0.46875 0.857421875 0.015625 0.01953125
0 0.446875 0.916015625 0.015625 0.01953125
0 0.5578125 0.919921875 0.015625 0.01953125
0 0.56875 0.9140625 0.015625 0.01953125
0 0.59375 0.91015625 0.015625 0.01953125
0 0.6609375 0.853515625 0.015625 0.01953125
0 0.65 0.90234375 0.015625 0.01953125
0 0.6421875 0.912109375 0.015625 0.01953125
0 0.6890625 0.90234375 0.015625 0.01953125
0 0.6875 0.892578125 0.015625 0.01953125
0 0.69375 0.87890625 0.015625 0.01953125
0 0.70625 0.85546875 0.015625 0.01953125
0 0.6921875 0.83984375 0.015625 0.01953125
0 0.6890625 0.822265625 0.015625 0.01953125
0 0.6890625 0.7890625 0.015625 0.01953125
0 0.6890625 0.7734375 0.015625 0.01953125
0 0.6890625 0.7578125 0.015625 0.01953125
0 0.6765625 0.740234375 0.015625 0.01953125
0 0.6765625 0.72265625 0.015625 0.01953125
0 0.678125 0.703125 0.015625 0.01953125
0 0.6765625 0.609375 0.015625 0.01953125
0 0.603125 0.5546875 0.015625 0.01953125
0 0.6046875 0.541015625 0.015625 0.01953125
0 0.571875 0.560546875 0.015625 0.01953125
0 0.553125 0.501953125 0.015625 0.01953125
0 0.5125 0.52734375 0.015625 0.01953125
0 0.4265625 0.435546875 0.015625 0.01953125
0 0.4265625 0.337890625 0.015625 0.01953125
0 0.425 0.314453125 0.015625 0.01953125
0 0.4046875 0.056640625 0.015625 0.01953125
0 0.39375 0.05078125 0.015625 0.01953125
0 0.3828125 0.0546875 0.015625 0.01953125
0 0.3734375 0.037109375 0.015625 0.01953125
0 0.3609375 0.037109375 0.015625 0.01953125
0 0.4734375 0.095703125 0.015625 0.01953125
0 0.5328125 0.1484375 0.015625 0.01953125
0 0.51875 0.033203125 0.015625 0.01953125
0 0.528125 0.033203125 0.015625 0.01953125
0 0.5484375 0.107421875 0.015625 0.01953125
0 0.5671875 0.103515625 0.015625 0.01953125
0 0.575 0.115234375 0.015625 0.01953125
0 0.584375 0.109375 0.015625 0.01953125
0 0.6734375 0.091796875 0.015625 0.01953125
0 0.684375 0.083984375 0.015625 0.01953125
0 0.66875 0.037109375 0.015625 0.01953125
0 0.678125 0.033203125 0.015625 0.01953125
0 0.703125 0.044921875 0.015625 0.01953125
0 0.725 0.03125 0.015625 0.01953125
0 0.7390625 0.041015625 0.015625 0.01953125
0 0.75 0.037109375 0.015625 0.01953125
0 0.78125 0.140625 0.015625 0.01953125
0 0.7875 0.15625 0.015625 0.01953125
0 0.775 0.14453125 0.015625 0.01953125
0 0.86875 0.12890625 0.015625 0.01953125
0 0.875 0.16015625 0.015625 0.01953125
0 0.878125 0.1875 0.015625 0.01953125
0 0.903125 0.189453125 0.015625 0.01953125
0 0.8296875 0.189453125 0.015625 0.01953125
0 0.8171875 0.189453125 0.015625 0.01953125
0 0.875 0.2265625 0.015625 0.01953125
0 0.828125 0.26171875 0.015625 0.01953125
0 0.8171875 0.271484375 0.015625 0.01953125
0 0.8046875 0.265625 0.015625 0.01953125
0 0.715625 0.404296875 0.015625 0.01953125
0 0.715625 0.39453125 0.015625 0.01953125
0 0.696875 0.44921875 0.015625 0.01953125
0 0.6921875 0.458984375 0.015625 0.01953125
0 0.66875 0.447265625 0.015625 0.01953125
0 0.6390625 0.47265625 0.015625 0.01953125
0 0.634375 0.498046875 0.015625 0.01953125
0 0.6171875 0.50390625 0.015625 0.01953125
0 0.609375 0.49609375 0.015625 0.01953125
0 0.6640625 0.51953125 0.015625 0.01953125
0 0.7828125 0.546875 0.015625 0.01953125
0 0.778125 0.876953125 0.015625 0.01953125
0 0.778125 0.87109375 0.015625 0.01953125
0 0.6515625 0.7734375 0.015625 0.01953125
0 0.65625 0.81640625 0.015625 0.01953125
0 0.603125 0.7265625 0.015625 0.01953125
0 0.60625 0.75 0.015625 0.01953125
0 0.628125 0.841796875 0.015625 0.01953125
0 0.796875 0.990234375 0.015625 0.01953125
0 0.8921875 0.607421875 0.015625 0.01953125
0 0.921875 0.375 0.015625 0.01953125
0 0.8453125 0.423828125 0.015625 0.01953125
0 0.853125 0.41796875 0.015625 0.01953125
0 0.8765625 0.537109375 0.015625 0.01953125
