0 0.3046875 0.66796875 0.015625 0.01953125
0 0.2953125 0.6640625 0.015625 0.01953125
0 0.303125 0.640625 0.015625 0.01953125
0 0.2953125 0.625 0.015625 0.01953125
0 0.3 0.455078125 0.015625 0.01953125
0 0.2890625 0.4453125 0.015625 0.01953125
0 0.1921875 0.51953125 0.015625 0.01953125
0 0.2078125 0.673828125 0.015625 0.01953125
0 0.34375 0.181640625 0.015625 0.01953125
0 0.359375 0.171875 0.015625 0.01953125
0 0.365625 0.16796875 0.015625 0.01953125
0 0.3828125 0.15625 0.015625 0.01953125
0 0.3875 0.166015625 0.015625 0.01953125
0 0.3296875 0.05078125 0.015625 0.01953125
0 0.3359375 0.05078125 0.015625 0.01953125
0 0.5140625 0.052734375 0.015625 0.01953125
0 0.503125 0.076171875 0.015625 0.01953125
0 0.515625 0.16796875 0.015625 0.01953125
0 0.53125 0.177734375 0.015625 0.01953125
0 0.503125 0.154296875 0.015625 0.01953125
0 0.4484375 0.212890625 0.015625 0.01953125
0 0.4390625 0.224609375 0.015625 0.01953125
0 0.43125 0.33203125 0.015625 0.01953125
0 0.4171875 0.333984375 0.015625 0.01953125
0 0.4015625 0.5390625 0.015625 0.01953125
0 0.45625 0.552734375 0.015625 0.01953125
0 0.4875 0.54296875 0.015625 0.01953125
0 0.3546875 0.744140625 0.015625 0.01953125
0 0.496875 0.7421875 0.015625 0.01953125
0 0.546875 0.66796875 0.015625 0.01953125
0 0.5640625 0.654296875 0.015625 0.01953125
0 0.2953125 0.919921875 0.015625 0.01953125
0 0.521875 0.5859375 0.015625 0.01953125
0 0.590625 0.64453125 0.015625 0.01953125
0 0.60625 0.62109375 0.015625 0.01953125
0 0.6171875 0.599609375 0.015625 0.01953125
0 0.628125 0.607421875 0.015625 0.01953125
0 0.6390625 0.58984375 0.015625 0.01953125
0 0.634375 0.56640625 0.015625 0.01953125
0 0.6625 0.552734375 0.015625 0.01953125
0 0.678125 0.5625 0.015625 0.01953125
0 0.6640625 0.712890625 0.015625 0.01953125
0 0.6765625 0.70703125 0.015625 0.01953125
0 0.6703125 0.822265625 0.015625 0.01953125
0 0.6671875 0.802734375 0.015625 0.01953125
0 0.665625 0.962890625 0.015625 0.01953125
0 0.69375 0.958984375 0.015625 0.01953125
0 0.6234375 0.96484375 0.015625 0.01953125
0 0.5578125 0.904296875 0.015625 0.01953125
0 0.5265625 0.947265625 0.015625 0.01953125
0 0.5 0.96484375 0.015625 0.01953125
0 0.5 0.9765625 0.015625 0.01953125
0 0.771875 0.638671875 0.015625 0.01953125
0 0.7578125 0.435546875 0.015625 0.01953125
0 0.74375 0.439453125 0.015625 0.01953125
0 0.646875 0.298828125 0.015625 0.01953125
0 0.64375 0.283203125 0.015625 0.01953125
0 0.6328125 0.291015625 0.015625 0.01953125
0 0.628125 0.26171875 0.015625 0.01953125
0 0.634375 0.25 0.015625 0.01953125
0 0.5875 0.142578125 0.015625 0.01953125
0 0.6671875 0.140625 0.015625 0.01953125
0 0.68125 0.12109375 0.015625 0.01953125
0 0.6765625 0.078125 0.015625 0.01953125
0 0.6984375 0.060546875 0.015625 0.01953125
0 0.7046875 0.072265625 0.015625 0.01953125
0 0.7234375 0.119140625 0.015625 0.01953125
0 0.784375 0.18359375 0.015625 0.01953125
0 0.7875 0.208984375 0.015625 0.01953125
0 0.7921875 0.3203125 0.015625 0.01953125
0 0.80625 0.32421875 0.015625 0.01953125
0 0.8140625 0.310546875 0.015625 0.01953125
0 0.85 0.25390625 0.015625 0.01953125
0 0.865625 0.251953125 0.015625 0.01953125
0 0.8671875 0.26171875 0.015625 0.01953125
0 0.8734375 0.283203125 0.015625 0.01953125
0 0.821875 0.337890625 0.015625 0.01953125
0 0.8375 0.447265625 0.015625 0.01953125
0 0.83125 0.458984375 0.015625 0.01953125
0 0.771875 0.458984375 0.015625 0.01953125
0 0.8890625 0.701171875 0.015625 0.01953125
0 0.9234375 0.546875 0.015625 0.01953125
0 0.9078125 0.328125 0.015625 0.01953125
0 0.76875 0.9609375 0.015625 0.01953125
0 0.7671875 0.984375 0.015625 0.01953125
0 0.7203125 0.994140625 0.015625 0.01953125
0 0.7984375 0.830078125 0.015625 0.01953125
