0 0.21875 0.65234375 0.015625 0.01953125
0 0.2359375 0.654296875 0.015625 0.01953125
0 0.1421875 0.595703125 0.015625 0.01953125
0 0.1328125 0.458984375 0.015625 0.01953125
0 0.2515625 0.333984375 0.015625 0.01953125
0 0.2671875 0.341796875 0.015625 0.01953125
0 0.36875 0.16796875 0.015625 0.01953125
0 0.359375 0.166015625 0.015625 0.01953125
0 0.34375 0.16796875 0.015625 0.01953125
0 0.321875 0.08984375 0.015625 0.01953125
0 0.30625 0.07421875 0.015625 0.01953125
0 0.396875 0.220703125 0.015625 0.01953125
0 0.3453125 0.20703125 0.015625 0.01953125
0 0.3296875 0.203125 0.015625 0.01953125
0 0.490625 0.1953125 0.015625 0.01953125
0 0.50625 0.107421875 0.015625 0.01953125
0 0.25625 0.80078125 0.015625 0.01953125
0 0.1421875 0.8515625 0.015625 0.01953125
0 0.159375 0.865234375 0.015625 0.01953125
0 0.4578125 0.771484375 0.015625 0.01953125
0 0.4203125 0.9296875 0.015625 0.01953125
0 0.4234375 0.9453125 0.015625 0.01953125
0 0.4296875 0.96875 0.015625 0.01953125
0 0.3 0.98828125 0.015625 0.01953125
0 0.4328125 0.98046875 0.015625 0.01953125
0 0.5046875 0.943359375 0.015625 0.01953125
0 0.546875 0.984375 0.015625 0.01953125
0 0.5578125 0.98046875 0.015625 0.01953125
0 0.5203125 0.9921875 0.015625 0.01953125
0 0.5765625 0.96484375 0.015625 0.01953125
0 0.5890625 0.984375 0.015625 0.01953125
0 0.6328125 0.9921875 0.015625 0.01953125
0 0.6546875 0.9921875 0.015625 0.01953125
0 0.6546875 0.98046875 0.015625 0.01953125
0 0.68125 0.625 0.015625 0.01953125
0 0.5703125 0.615234375 0.015625 0.01953125
0 0.5578125 0.607421875 0.015625 0.01953125
0 0.546875 0.58984375 0.015625 0.01953125
0 0.540625 0.576171875 0.015625 0.01953125
0 0.515625 0.63671875 0.015625 0.01953125
0 0.4859375 0.640625 0.015625 0.01953125
0 0.4515625 0.712890625 0.015625 0.01953125
0 0.6109375 0.5625 0.015625 0.01953125
0 0.5984375 0.5546875 0.015625 0.01953125
0 0.5375 0.4453125 0.015625 0.01953125
0 0.6125 0.298828125 0.015625 0.01953125
0 0.6 0.2890625 0.015625 0.01953125
0 0.553125 0.068359375 0.015625 0.01953125
0 0.590625 0.0859375 0.015625 0.01953125
0 0.771875 0.197265625 0.015625 0.01953125
0 0.7625 0.17578125 0.015625 0.01953125
0 0.7609375 0.296875 0.015625 0.01953125
0 0.7796875 0.30078125 0.015625 0.01953125
0 0.8109375 0.28515625 0.015625 0.01953125
0 0.828125 0.228515625 0.015625 0.01953125
0 0.775 0.408203125 0.015625 0.01953125
0 0.7625 0.431640625 0.015625 0.01953125
0 0.7546875 0.39453125 0.015625 0.01953125
0 0.746875 0.380859375 0.015625 0.01953125
0 0.85625 0.673828125 0.015625 0.01953125
0 0.8125 0.49609375 0.015625 0.01953125
0 0.8640625 0.435546875 0.015625 0.01953125
0 0.66875 0.017578125 0.015625 0.01953125
0 0.696875 0.046875 0.015625 0.01953125
0 0.70625 0.056640625 0.015625 0.01953125
0 0.7140625 0.037109375 0.015625 0.01953125
0 0.721875 0.009765625 0.015625 0.01953125
