0 0.3859375 0.611328125 0.015625 0.01953125
0 0.375 0.609375 0.015625 0.01953125
0 0.3671875 0.599609375 0.015625 0.01953125
0 0.3546875 0.814453125 0.015625 0.01953125
0 0.3015625 0.97265625 0.015625 0.01953125
0 0.2046875 0.9140625 0.015625 0.01953125
0 0.390625 0.92578125 0.015625 0.01953125
0 0.5390625 0.947265625 0.015625 0.01953125
0 0.5703125 0.90625 0.015625 0.01953125
0 0.63125 0.921875 0.015625 0.01953125
0 0.625 0.9765625 0.015625 0.01953125
0 0.621875 0.9921875 0.015625 0.01953125
0 0.6015625 0.990234375 0.015625 0.01953125
0 0.590625 0.986328125 0.015625 0.01953125
0 0.571875 0.9609375 0.015625 0.01953125
0 0.646875 0.96875 0.015625 0.01953125
0 0.665625 0.84375 0.015625 0.01953125
0 0.61875 0.91796875 0.015625 0.01953125
0 0.6421875 0.623046875 0.015625 0.01953125
0 0.6265625 0.603515625 0.015625 0.01953125
0 0.671875 0.615234375 0.015625 0.01953125
0 0.7171875 0.630859375 0.015625 0.01953125
0 0.7390625 0.603515625 0.015625 0.01953125
0 0.725 0.701171875 0.015625 0.01953125
0 0.7734375 0.55859375 0.015625 0.01953125
0 0.765625 0.552734375 0.015625 0.01953125
0 0.7078125 0.55859375 0.015625 0.01953125
0 0.7015625 0.580078125 0.015625 0.01953125
0 0.8078125 0.60546875 0.015625 0.01953125
0 0.9234375 0.541015625 0.015625 0.01953125
0 0.9296875 0.421875 0.015625 0.01953125
0 0.9734375 0.357421875 0.015625 0.01953125
0 0.984375 0.31640625 0.015625 0.01953125
0 0.975 0.30859375 0.015625 0.01953125
0 0.9609375 0.296875 0.015625 0.01953125
0 0.9859375 0.20703125 0.015625 0.01953125
0 0.9703125 0.1875 0.015625 0.01953125
0 0.840625 0.322265625 0.015625 0.01953125
0 0.8125 0.306640625 0.015625 0.01953125
0 0.7953125 0.29296875 0.015625 0.01953125
0 0.8140625 0.287109375 0.015625 0.01953125
0 0.8359375 0.052734375 0.015625 0.01953125
0 0.815625 0.060546875 0.015625 0.01953125
0 0.8015625 0.0703125 0.015625 0.01953125
0 0.88125 0.080078125 0.015625 0.01953125
0 0.9015625 0.07421875 0.015625 0.01953125
0 0.91875 0.046875 0.015625 0.01953125
0 0.9390625 0.07421875 0.015625 0.01953125
0 0.9546875 0.078125 0.015625 0.01953125
0 0.921875 0.150390625 0.015625 0.01953125
0 0.934375 0.171875 0.015625 0.01953125
0 0.63125 0.1796875 0.015625 0.01953125
0 0.6328125 0.162109375 0.015625 0.01953125
0 0.6453125 0.12109375 0.015625 0.01953125
0 0.65625 0.115234375 0.015625 0.01953125
0 0.6171875 0.0234375 0.015625 0.01953125
0 0.6078125 0.021484375 0.015625 0.01953125
0 0.746875 0.03515625 0.015625 0.01953125
0 0.5171875 0.09765625 0.015625 0.01953125
0 0.528125 0.09375 0.015625 0.01953125
0 0.546875 0.1484375 0.015625 0.01953125
0 0.559375 0.1484375 0.015625 0.01953125
0 0.5703125 0.150390625 0.015625 0.01953125
0 0.5375 0.216796875 0.015625 0.01953125
0 0.5203125 0.220703125 0.015625 0.01953125
0 0.4796875 0.2265625 0.015625 0.01953125
0 0.4625 0.216796875 0.015625 0.01953125
0 0.584375 0.21484375 0.015625 0.01953125
0 0.571875 0.212890625 0.015625 0.01953125
0 0.5609375 0.3203125 0.015625 0.01953125
0 0.553125 0.478515625 0.015625 0.01953125
0 0.653125 0.42578125 0.015625 0.01953125
0 0.7140625 0.427734375 0.015625 0.01953125
0 0.303125 0.5078125 0.015625 0.01953125
0 0.325 0.359375 0.015625 0.01953125
0 0.6125 0.474609375 0.015625 0.01953125
0 0.59375 0.494140625 0.015625 0.01953125
0 0.9703125 0.822265625 0.015625 0.01953125
0 0.75625 0.982421875 0.015625 0.01953125
0 0.7 0.95703125 0.015625 0.01953125
0 0.690625 0.953125 0.015625 0.01953125
0 0.70625 0.802734375 0.015625 0.01953125
0 0.70625 0.791015625 0.015625 0.01953125
0 0.828125 0.865234375 0.015625 0.01953125
0 0.9890625 0.759765625 0.015625 0.01953125
