0 0.4078125 0.376953125 0.015625 0.01953125
0 0.3859375 0.37109375 0.015625 0.01953125
0 0.353125 0.255859375 0.015625 0.01953125
0 0.621875 0.041015625 0.015625 0.01953125
0 0.59375 0.029296875 0.015625 0.01953125
0 0.5609375 0.06640625 0.015625 0.01953125
0 0.5484375 0.05859375 0.015625 0.01953125
0 0.709375 0.0546875 0.015625 0.01953125
0 0.70625 0.14453125 0.015625 0.01953125
0 0.6296875 0.21484375 0.015625 0.01953125
0 0.6234375 0.21484375 0.015625 0.01953125
0 0.59375 0.2421875 0.015625 0.01953125
0 0.6265625 0.25390625 0.015625 0.01953125
0 0.6390625 0.25 0.015625 0.01953125
0 0.6390625 0.23828125 0.015625 0.01953125
0 0.6515625 0.24609375 0.015625 0.01953125
0 0.69375 0.244140625 0.015625 0.01953125
0 0.746875 0.19921875 0.015625 0.01953125
0 0.7390625 0.20703125 0.015625 0.01953125
0 0.8765625 0.16796875 0.015625 0.01953125
0 0.8609375 0.1640625 0.015625 0.01953125
0 0.8390625 0.091796875 0.015625 0.01953125
0 0.8234375 0.0703125 0.015625 0.01953125
0 0.9875 0.056640625 0.015625 0.01953125
0 0.9875 0.166015625 0.015625 0.01953125
0 0.9734375 0.15234375 0.015625 0.01953125
0 0.928125 0.169921875 0.015625 0.01953125
0 0.921875 0.185546875 0.015625 0.01953125
0 0.9296875 0.369140625 0.015625 0.01953125
0 0.834375 0.322265625 0.015625 0.01953125
0 0.803125 0.31640625 0.015625 0.01953125
0 0.790625 0.318359375 0.015625 0.01953125
0 0.753125 0.3125 0.015625 0.01953125
0 0.74375 0.337890625 0.015625 0.01953125
0 0.7296875 0.333984375 0.015625 0.01953125
0 0.7640625 0.361328125 0.015625 0.01953125
0 0.740625 0.39453125 0.015625 0.01953125
0 0.709375 0.39453125 0.015625 0.01953125
0 0.6953125 0.361328125 0.015625 0.01953125
0 0.66875 0.359375 0.015625 0.01953125
0 0.75 0.44921875 0.015625 0.01953125
0 0.690625 0.564453125 0.015625 0.01953125
0 0.6609375 0.55078125 0.015625 0.01953125
0 0.628125 0.55859375 0.015625 0.01953125
0 0.734375 0.5234375 0.015625 0.01953125
0 0.734375 0.54296875 0.015625 0.01953125
0 0.653125 0.646484375 0.015625 0.01953125
0 0.6203125 0.6796875 0.015625 0.01953125
0 0.628125 0.658203125 0.015625 0.01953125
0 0.615625 0.658203125 0.015625 0.01953125
0 0.5921875 0.66796875 0.015625 0.01953125
0 0.5828125 0.6640625 0.015625 0.01953125
0 0.565625 0.669921875 0.015625 0.01953125
0 0.6765625 0.6875 0.015625 0.01953125
0 0.6875 0.68359375 0.015625 0.01953125
0 0.7140625 0.67578125 0.015625 0.01953125
0 0.7234375 0.68359375 0.015625 0.01953125
0 0.78125 0.708984375 0.015625 0.01953125
0 0.803125 0.736328125 0.015625 0.01953125
0 0.8328125 0.787109375 0.015625 0.01953125
0 0.784375 0.83203125 0.015625 0.01953125
0 0.771875 0.833984375 0.015625 0.01953125
0 0.9734375 0.650390625 0.015625 0.01953125
0 0.65 0.7109375 0.015625 0.01953125
0 0.640625 0.70703125 0.015625 0.01953125
0 0.63125 0.70703125 0.015625 0.01953125
0 0.6 0.736328125 0.015625 0.01953125
0 0.45625 0.765625 0.015625 0.01953125
0 0.41875 0.65234375 0.015625 0.01953125
0 0.396875 0.658203125 0.015625 0.01953125
0 0.390625 0.650390625 0.015625 0.01953125
0 0.378125 0.64453125 0.015625 0.01953125
0 0.35 0.638671875 0.015625 0.01953125
0 0.3421875 0.728515625 0.015625 0.01953125
0 0.3078125 0.720703125 0.015625 0.01953125
0 0.24375 0.84375 0.015625 0.01953125
0 0.234375 0.8359375 0.015625 0.01953125
0 0.29375 0.71875 0.015625 0.01953125
0 0.1359375 0.984375 0.015625 0.01953125
0 0.14375 0.96484375 0.015625 0.01953125
0 0.459375 0.818359375 0.015625 0.01953125
