0 0.921875 0.1953125 0.015625 0.01953125
0 0.9296875 0.201171875 0.015625 0.01953125
0 0.965625 0.140625 0.015625 0.01953125
0 0.9 0.05078125 0.015625 0.01953125
0 0.88125 0.056640625 0.015625 0.01953125
0 0.890625 0.068359375 0.015625 0.01953125
0 0.765625 0.07421875 0.015625 0.01953125
0 0.7890625 0.091796875 0.015625 0.01953125
0 0.6953125 0.216796875 0.015625 0.01953125
0 0.696875 0.193359375 0.015625 0.01953125
0 0.6828125 0.22265625 0.015625 0.01953125
0 0.675 0.201171875 0.015625 0.01953125
0 0.6859375 0.177734375 0.015625 0.01953125
0 0.6515625 0.205078125 0.015625 0.01953125
0 0.6078125 0.083984375 0.015625 0.01953125
0 0.5921875 0.0859375 0.015625 0.01953125
0 0.6359375 0.017578125 0.015625 0.01953125
0 0.434375 0.0703125 0.015625 0.01953125
0 0.409375 0.208984375 0.015625 0.01953125
0 0.421875 0.357421875 0.015625 0.01953125
0 0.434375 0.34765625 0.015625 0.01953125
0 0.471875 0.5390625 0.015625 0.01953125
0 0.453125 0.544921875 0.015625 0.01953125
0 0.446875 0.59765625 0.015625 0.01953125
0 0.3828125 0.59765625 0.015625 0.01953125
0 0.375 0.595703125 0.015625 0.01953125
0 0.3609375 0.59375 0.015625 0.01953125
0 0.2984375 0.578125 0.015625 0.01953125
0 0.2921875 0.51953125 0.015625 0.01953125
0 0.2890625 0.697265625 0.015625 0.01953125
0 0.3671875 0.677734375 0.015625 0.01953125
0 0.2484375 0.810546875 0.015625 0.01953125
0 0.2390625 0.794921875 0.015625 0.01953125
0 0.2328125 0.919921875 0.015625 0.01953125
0 0.6171875 0.60546875 0.015625 0.01953125
0 0.6265625 0.59765625 0.015625 0.01953125
0 0.6453125 0.5859375 0.015625 0.01953125
0 0.640625 0.603515625 0.015625 0.01953125
0 0.70625 0.5859375 0.015625 0.01953125
0 0.696875 0.603515625 0.015625 0.01953125
0 0.6875 0.626953125 0.015625 0.01953125
0 0.6734375 0.638671875 0.015625 0.01953125
0 0.690625 0.66796875 0.015625 0.01953125
0 0.63125 0.712890625 0.015625 0.01953125
0 0.509375 0.76953125 0.015625 0.01953125
0 0.74375 0.546875 0.015625 0.01953125
0 0.7203125 0.64453125 0.015625 0.01953125
0 0.734375 0.64453125 0.015625 0.01953125
0 0.7640625 0.65625 0.015625 0.01953125
0 0.7625 0.63671875 0.015625 0.01953125
0 0.778125 0.509765625 0.015625 0.01953125
0 0.778125 0.49609375 0.015625 0.01953125
0 0.859375 0.677734375 0.015625 0.01953125
0 0.8296875 0.671875 0.015625 0.01953125
0 0.81875 0.689453125 0.015625 0.01953125
0 0.884375 0.677734375 0.015625 0.01953125
0 0.8375 0.74609375 0.015625 0.01953125
0 0.81875 0.861328125 0.015625 0.01953125
0 0.803125 0.845703125 0.015625 0.01953125
0 0.959375 0.40234375 0.015625 0.01953125
0 0.8921875 0.255859375 0.015625 0.01953125
0 0.8625 0.283203125 0.015625 0.01953125
0 0.846875 0.2890625 0.015625 0.01953125
0 0.825 0.337890625 0.015625 0.01953125
0 0.7984375 0.310546875 0.015625 0.01953125
0 0.784375 0.302734375 0.015625 0.01953125
0 0.7578125 0.330078125 0.015625 0.01953125
0 0.7265625 0.337890625 0.015625 0.01953125
0 0.7953125 0.37109375 0.015625 0.01953125
0 0.7625 0.35546875 0.015625 0.01953125
0 0.803125 0.412109375 0.015625 0.01953125
0 0.8140625 0.408203125 0.015625 0.01953125
0 0.9671875 0.2421875 0.015625 0.01953125
