0 0.6625 0.41796875 0.015625 0.01953125
0 0.6515625 0.41796875 0.015625 0.01953125
0 0.5796875 0.4609375 0.015625 0.01953125
0 0.565625 0.46484375 0.015625 0.01953125
0 0.55 0.31640625 0.015625 0.01953125
0 0.5546875 0.021484375 0.015625 0.01953125
0 0.546875 0.193359375 0.015625 0.01953125
0 0.5359375 0.298828125 0.015625 0.01953125
0 0.70625 0.08203125 0.015625 0.01953125
0 0.6953125 0.08203125 0.015625 0.01953125
0 0.778125 0.130859375 0.015625 0.01953125
0 0.8046875 0.109375 0.015625 0.01953125
0 0.825 0.126953125 0.015625 0.01953125
0 0.8234375 0.14453125 0.015625 0.01953125
0 0.8359375 0.158203125 0.015625 0.01953125
0 0.8703125 0.037109375 0.015625 0.01953125
0 0.9546875 0.1953125 0.015625 0.01953125
0 0.96875 0.1953125 0.015625 0.01953125
0 0.978125 0.19921875 0.015625 0.01953125
0 0.9546875 0.244140625 0.015625 0.01953125
0 0.93125 0.22265625 0.015625 0.01953125
0 0.91875 0.216796875 0.015625 0.01953125
0 0.8921875 0.251953125 0.015625 0.01953125
0 0.884375 0.244140625 0.015625 0.01953125
0 0.875 0.240234375 0.015625 0.01953125
0 0.959375 0.3203125 0.015625 0.01953125
0 0.94375 0.3203125 0.015625 0.01953125
0 0.9328125 0.291015625 0.015625 0.01953125
0 0.896875 0.287109375 0.015625 0.01953125
0 0.9296875 0.3984375 0.015625 0.01953125
0 0.8921875 0.4453125 0.015625 0.01953125
0 0.9015625 0.49609375 0.015625 0.01953125
0 0.9109375 0.564453125 0.015625 0.01953125
0 0.8921875 0.552734375 0.015625 0.01953125
0 0.925 0.560546875 0.015625 0.01953125
0 0.871875 0.583984375 0.015625 0.01953125
0 0.8625 0.578125 0.015625 0.01953125
0 0.8515625 0.564453125 0.015625 0.01953125
0 0.8546875 0.53125 0.015625 0.01953125
0 0.8359375 0.515625 0.015625 0.01953125
0 0.815625 0.4921875 0.015625 0.01953125
0 0.8046875 0.4921875 0.015625 0.01953125
0 0.7890625 0.498046875 0.015625 0.01953125
0 0.5953125 0.529296875 0.015625 0.01953125
0 0.490625 0.71484375 0.015625 0.01953125
0 0.39375 0.77734375 0.015625 0.01953125
0 0.3890625 0.763671875 0.015625 0.01953125
0 0.3515625 0.837890625 0.015625 0.01953125
0 0.3671875 0.84765625 0.015625 0.01953125
0 0.990625 0.5859375 0.015625 0.01953125
0 0.9921875 0.798828125 0.015625 0.01953125
