0 0.60625 0.330078125 0.015625 0.01953125
0 0.5953125 0.330078125 0.015625 0.01953125
0 0.628125 0.265625 0.015625 0.01953125
0 0.6390625 0.265625 0.015625 0.01953125
0 0.6171875 0.216796875 0.015625 0.01953125
0 0.6359375 0.17578125 0.015625 0.01953125
0 0.628125 0.17578125 0.015625 0.01953125
0 0.61875 0.166015625 0.015625 0.01953125
0 0.6125 0.1484375 0.015625 0.01953125
0 0.5953125 0.154296875 0.015625 0.01953125
0 0.5875 0.173828125 0.015625 0.01953125
0 0.5796875 0.169921875 0.015625 0.01953125
0 0.553125 0.169921875 0.015625 0.01953125
0 0.5390625 0.18359375 0.015625 0.01953125
0 0.53125 0.189453125 0.015625 0.01953125
0 0.4390625 0.12890625 0.015625 0.01953125
0 0.428125 0.12890625 0.015625 0.01953125
0 0.3421875 0.052734375 0.015625 0.01953125
0 0.3296875 0.056640625 0.015625 0.01953125
0 0.3171875 0.189453125 0.015625 0.01953125
0 0.3125 0.20703125 0.015625 0.01953125
0 0.3984375 0.26953125 0.015625 0.01953125
0 0.3421875 0.380859375 0.015625 0.01953125
0 0.4875 0.3125 0.015625 0.01953125
0 0.4015625 0.451171875 0.015625 0.01953125
0 0.3328125 0.525390625 0.015625 0.01953125
0 0.340625 0.576171875 0.015625 0.01953125
0 0.265625 0.671875 0.015625 0.01953125
0 0.2375 0.771484375 0.015625 0.01953125
0 0.23125 0.748046875 0.015625 0.01953125
0 0.1546875 0.892578125 0.015625 0.01953125
0 0.2875 0.869140625 0.015625 0.01953125
0 0.321875 0.78515625 0.015625 0.01953125
0 0.3609375 0.669921875 0.015625 0.01953125
0 0.446875 0.80859375 0.015625 0.01953125
0 0.475 0.88671875 0.015625 0.01953125
0 0.546875 0.818359375 0.015625 0.01953125
0 0.49375 0.798828125 0.015625 0.01953125
0 0.4921875 0.78125 0.015625 0.01953125
0 0.46875 0.734375 0.015625 0.01953125
0 0.45 0.716796875 0.015625 0.01953125
0 0.5203125 0.76171875 0.015625 0.01953125
0 0.6375 0.869140625 0.015625 0.01953125
0 0.6421875 0.849609375 0.015625 0.01953125
0 0.6296875 0.84765625 0.015625 0.01953125
0 0.8 0.86328125 0.015625 0.01953125
0 0.8078125 0.8828125 0.015625 0.01953125
0 0.834375 0.8125 0.015625 0.01953125
0 0.678125 0.978515625 0.015625 0.01953125
0 0.91875 0.97265625 0.015625 0.01953125
0 0.9046875 0.966796875 0.015625 0.01953125
0 0.978125 0.970703125 0.015625 0.01953125
0 0.8515625 0.498046875 0.015625 0.01953125
0 0.8515625 0.455078125 0.015625 0.01953125
0 0.8453125 0.37890625 0.015625 0.01953125
0 0.684375 0.224609375 0.015625 0.01953125
0 0.6765625 0.234375 0.015625 0.01953125
0 0.6765625 0.212890625 0.015625 0.01953125
0 0.65 0.220703125 0.015625 0.01953125
0 0.7390625 0.205078125 0.015625 0.01953125
0 0.7421875 0.18359375 0.015625 0.01953125
0 0.7609375 0.22265625 0.015625 0.01953125
0 0.7703125 0.087890625 0.015625 0.01953125
0 0.8515625 0.02734375 0.015625 0.01953125
0 0.690625 0.0234375 0.015625 0.01953125
0 0.6828125 0.017578125 0.015625 0.01953125
0 0.6140625 0.0078125 0.015625 0.01953125
0 0.60625 0.01953125 0.015625 0.01953125
0 0.5515625 0.0078125 0.015625 0.01953125
0 0.9 0.42578125 0.015625 0.01953125
0 0.8859375 0.4296875 0.015625 0.01953125
0 0.89375 0.3515625 0.015625 0.01953125
