0 0.546875 0.345703125 0.015625 0.01953125
0 0.5375 0.3125 0.015625 0.01953125
0 0.515625 0.291015625 0.015625 0.01953125
0 0.51875 0.26171875 0.015625 0.01953125
0 0.5078125 0.26171875 0.015625 0.01953125
0 0.4796875 0.283203125 0.015625 0.01953125
0 0.4640625 0.296875 0.015625 0.01953125
0 0.453125 0.298828125 0.015625 0.01953125
0 0.2046875 0.03125 0.015625 0.01953125
0 0.190625 0.029296875 0.015625 0.01953125
0 0.1859375 0.107421875 0.015625 0.01953125
0 0.1640625 0.193359375 0.015625 0.01953125
0 0.23125 0.27734375 0.015625 0.01953125
0 0.2203125 0.287109375 0.015625 0.01953125
0 0.2640625 0.255859375 0.015625 0.01953125
0 0.2734375 0.25 0.015625 0.01953125
0 0.3171875 0.064453125 0.015625 0.01953125
0 0.3671875 0.056640625 0.015625 0.01953125
0 0.3875 0.056640625 0.015625 0.01953125
0 0.4046875 0.09765625 0.015625 0.01953125
0 0.421875 0.09765625 0.015625 0.01953125
0 0.428125 0.09375 0.015625 0.01953125
0 0.45 0.08984375 0.015625 0.01953125
0 0.45625 0.068359375 0.015625 0.01953125
0 0.4703125 0.056640625 0.015625 0.01953125
0 0.509375 0.0625 0.015625 0.01953125
0 0.5875 0.08984375 0.015625 0.01953125
0 0.575 0.08984375 0.015625 0.01953125
0 0.5328125 0.126953125 0.015625 0.01953125
0 0.525 0.134765625 0.015625 0.01953125
0 0.521875 0.15234375 0.015625 0.01953125
0 0.6125 0.1015625 0.015625 0.01953125
0 0.7984375 0.185546875 0.015625 0.01953125
0 0.7859375 0.2109375 0.015625 0.01953125
0 0.7171875 0.24609375 0.015625 0.01953125
0 0.6703125 0.3046875 0.015625 0.01953125
0 0.6765625 0.3203125 0.015625 0.01953125
0 0.603125 0.349609375 0.015625 0.01953125
0 0.59375 0.369140625 0.015625 0.01953125
0 0.5859375 0.341796875 0.015625 0.01953125
0 0.5546875 0.390625 0.015625 0.01953125
0 0.546875 0.46484375 0.015625 0.01953125
0 0.5265625 0.47265625 0.015625 0.01953125
0 0.3390625 0.603515625 0.015625 0.01953125
0 0.2796875 0.46484375 0.015625 0.01953125
0 0.25625 0.52734375 0.015625 0.01953125
0 0.16875 0.541015625 0.015625 0.01953125
0 0.2859375 0.669921875 0.015625 0.01953125
0 0.265625 0.6875 0.015625 0.01953125
0 0.2125 0.84375 0.015625 0.01953125
0 0.1875 0.900390625 0.015625 0.01953125
0 0.1328125 0.955078125 0.015625 0.01953125
0 0.1390625 0.974609375 0.015625 0.01953125
0 0.290625 0.888671875 0.015625 0.01953125
0 0.30625 0.87109375 0.015625 0.01953125
0 0.321875 0.875 0.015625 0.01953125
0 0.403125 0.978515625 0.015625 0.01953125
0 0.4421875 0.943359375 0.015625 0.01953125
0 0.45 0.96484375 0.015625 0.01953125
0 0.4578125 0.953125 0.015625 0.01953125
0 0.646875 0.91015625 0.015625 0.01953125
0 0.803125 0.921875 0.015625 0.01953125
0 0.7734375 0.966796875 0.015625 0.01953125
0 0.8 0.587890625 0.015625 0.01953125
0 0.803125 0.6015625 0.015625 0.01953125
0 0.7734375 0.57421875 0.015625 0.01953125
0 0.8078125 0.5390625 0.015625 0.01953125
0 0.825 0.494140625 0.015625 0.01953125
0 0.821875 0.484375 0.015625 0.01953125
0 0.734375 0.310546875 0.015625 0.01953125
0 0.3125 0.01953125 0.015625 0.01953125
0 0.309375 0.03125 0.015625 0.01953125
0 0.296875 0.037109375 0.015625 0.01953125
0 0.3421875 0.078125 0.015625 0.01953125
0 0.3875 0.208984375 0.015625 0.01953125
0 0.478125 0.130859375 0.015625 0.01953125
0 0.871875 0.546875 0.015625 0.01953125
