0 0.1578125 0.3203125 0.015625 0.01953125
0 0.1421875 0.32421875 0.015625 0.01953125
0 0.1078125 0.25 0.015625 0.01953125
0 0.1203125 0.15234375 0.015625 0.01953125
0 0.1078125 0.169921875 0.015625 0.01953125
0 0.1578125 0.1328125 0.015625 0.01953125
0 0.21875 0.11328125 0.015625 0.01953125
0 0.23125 0.126953125 0.015625 0.01953125
0 0.2453125 0.126953125 0.015625 0.01953125
0 0.28125 0.111328125 0.015625 0.01953125
0 0.309375 0.025390625 0.015625 0.01953125
0 0.3703125 0.033203125 0.015625 0.01953125
0 0.3484375 0.03125 0.015625 0.01953125
0 0.4234375 0.095703125 0.015625 0.01953125
0 0.3828125 0.125 0.015625 0.01953125
0 0.36875 0.1328125 0.015625 0.01953125
0 0.365625 0.154296875 0.015625 0.01953125
0 0.3390625 0.162109375 0.015625 0.01953125
0 0.321875 0.171875 0.015625 0.01953125
0 0.3078125 0.171875 0.015625 0.01953125
0 0.2921875 0.17578125 0.015625 0.01953125
0 0.25625 0.181640625 0.015625 0.01953125
0 0.240625 0.173828125 0.015625 0.01953125
0 0.471875 0.09375 0.015625 0.01953125
0 0.453125 0.095703125 0.015625 0.01953125
0 0.45625 0.181640625 0.015625 0.01953125
0 0.4421875 0.18359375 0.015625 0.01953125
0 0.4 0.197265625 0.015625 0.01953125
0 0.359375 0.259765625 0.015625 0.01953125
0 0.3484375 0.259765625 0.015625 0.01953125
0 0.234375 0.408203125 0.015625 0.01953125
0 0.215625 0.416015625 0.015625 0.01953125
0 0.1015625 0.373046875 0.015625 0.01953125
0 0.084375 0.373046875 0.015625 0.01953125
0 0.3890625 0.33984375 0.015625 0.01953125
0 0.39375 0.330078125 0.015625 0.01953125
0 0.4046875 0.330078125 0.015625 0.01953125
0 0.4390625 0.29296875 0.015625 0.01953125
0 0.4078125 0.255859375 0.015625 0.01953125
0 0.459375 0.20703125 0.015625 0.01953125
0 0.5484375 0.2109375 0.015625 0.01953125
0 0.5640625 0.20703125 0.015625 0.01953125
0 0.4765625 0.2734375 0.015625 0.01953125
0 0.5296875 0.3515625 0.015625 0.01953125
0 0.5375 0.375 0.015625 0.01953125
0 0.5171875 0.400390625 0.015625 0.01953125
0 0.5078125 0.416015625 0.015625 0.01953125
0 0.4796875 0.396484375 0.015625 0.01953125
0 0.4609375 0.37109375 0.015625 0.01953125
0 0.4578125 0.34765625 0.015625 0.01953125
0 0.478125 0.330078125 0.015625 0.01953125
0 0.6171875 0.357421875 0.015625 0.01953125
0 0.6140625 0.337890625 0.015625 0.01953125
0 0.628125 0.3203125 0.015625 0.01953125
0 0.6609375 0.34375 0.015625 0.01953125
0 0.675 0.26171875 0.015625 0.01953125
0 0.7390625 0.263671875 0.015625 0.01953125
0 0.5921875 0.046875 0.015625 0.01953125
0 0.76875 0.455078125 0.015625 0.01953125
0 0.753125 0.451171875 0.015625 0.01953125
0 0.7296875 0.533203125 0.015625 0.01953125
0 0.78125 0.5859375 0.015625 0.01953125
0 0.7609375 0.611328125 0.015625 0.01953125
0 0.8109375 0.728515625 0.015625 0.01953125
0 0.88125 0.619140625 0.015625 0.01953125
0 0.9296875 0.73828125 0.015625 0.01953125
0 0.89375 0.931640625 0.015625 0.01953125
0 0.7359375 0.916015625 0.015625 0.01953125
0 0.81875 0.90625 0.015625 0.01953125
0 0.7953125 0.98046875 0.015625 0.01953125
0 0.334375 0.904296875 0.015625 0.01953125
0 0.221875 0.94921875 0.015625 0.01953125
0 0.3046875 0.791015625 0.015625 0.01953125
0 0.2484375 0.78515625 0.015625 0.01953125
0 0.2484375 0.693359375 0.015625 0.01953125
0 0.20625 0.646484375 0.015625 0.01953125
0 0.196875 0.599609375 0.015625 0.01953125
0 0.496875 0.4921875 0.015625 0.01953125
0 0.50625 0.5078125 0.015625 0.01953125
0 0.5015625 0.525390625 0.015625 0.01953125
0 0.3765625 0.79296875 0.015625 0.01953125
0 0.3859375 0.794921875 0.015625 0.01953125
0 0.3890625 0.875 0.015625 0.01953125
0 0.4046875 0.87890625 0.015625 0.01953125
