0 0.1921875 0.548828125 0.015625 0.01953125
0 0.178125 0.55078125 0.015625 0.01953125
0 0.18125 0.6875 0.015625 0.01953125
0 0.2328125 0.865234375 0.015625 0.01953125
0 0.2609375 0.78515625 0.015625 0.01953125
0 0.278125 0.755859375 0.015625 0.01953125
0 0.3125 0.896484375 0.015625 0.01953125
0 0.296875 0.900390625 0.015625 0.01953125
0 0.2890625 0.90234375 0.015625 0.01953125
0 0.3390625 0.865234375 0.015625 0.01953125
0 0.353125 0.83984375 0.015625 0.01953125
0 0.359375 0.822265625 0.015625 0.01953125
0 0.3765625 0.830078125 0.015625 0.01953125
0 0.38125 0.791015625 0.015625 0.01953125
0 0.1453125 0.74609375 0.015625 0.01953125
0 0.453125 0.556640625 0.015625 0.01953125
0 0.453125 0.54296875 0.015625 0.01953125
0 0.43125 0.41796875 0.015625 0.01953125
0 0.409375 0.423828125 0.015625 0.01953125
0 0.3890625 0.408203125 0.015625 0.01953125
0 0.384375 0.39453125 0.015625 0.01953125
0 0.4015625 0.302734375 0.015625 0.01953125
0 0.3875 0.298828125 0.015625 0.01953125
0 0.3546875 0.318359375 0.015625 0.01953125
0 0.353125 0.353515625 0.015625 0.01953125
0 0.3125 0.35546875 0.015625 0.01953125
0 0.29375 0.35546875 0.015625 0.01953125
0 0.3171875 0.298828125 0.015625 0.01953125
0 0.30625 0.244140625 0.015625 0.01953125
0 0.275 0.263671875 0.015625 0.01953125
0 0.2546875 0.26953125 0.015625 0.01953125
0 0.2296875 0.263671875 0.015625 0.01953125
0 0.215625 0.283203125 0.015625 0.01953125
0 0.2265625 0.23828125 0.015625 0.01953125
0 0.2359375 0.21484375 0.015625 0.01953125
0 0.265625 0.205078125 0.015625 0.01953125
0 0.278125 0.17578125 0.015625 0.01953125
0 0.2671875 0.17578125 0.015625 0.01953125
0 0.240625 0.115234375 0.015625 0.01953125
0 0.221875 0.119140625 0.015625 0.01953125
0 0.259375 0.0859375 0.015625 0.01953125
0 0.225 0.037109375 0.015625 0.01953125
0 0.1921875 0.087890625 0.015625 0.01953125
0 0.0171875 0.07421875 0.015625 0.01953125
0 0.00625 0.08203125 0.015625 0.01953125
0 0.0828125 0.271484375 0.015625 0.01953125
0 0.040625 0.271484375 0.015625 0.01953125
0 0.0234375 0.2734375 0.015625 0.01953125
0 0.0140625 0.298828125 0.015625 0.01953125
0 0.0390625 0.3515625 0.015625 0.01953125
0 0.0265625 0.38671875 0.015625 0.01953125
0 0.15 0.244140625 0.015625 0.01953125
0 0.203125 0.189453125 0.015625 0.01953125
0 0.203125 0.20703125 0.015625 0.01953125
0 0.3546875 0.216796875 0.015625 0.01953125
0 0.3609375 0.236328125 0.015625 0.01953125
0 0.3203125 0.134765625 0.015625 0.01953125
0 0.3203125 0.1015625 0.015625 0.01953125
0 0.3109375 0.107421875 0.015625 0.01953125
0 0.3375 0.0078125 0.015625 0.01953125
0 0.5 0.267578125 0.015625 0.01953125
0 0.5546875 0.205078125 0.015625 0.01953125
0 0.5296875 0.34765625 0.015625 0.01953125
0 0.5421875 0.365234375 0.015625 0.01953125
0 0.5484375 0.396484375 0.015625 0.01953125
0 0.4703125 0.4140625 0.015625 0.01953125
0 0.6734375 0.384765625 0.015625 0.01953125
0 0.671875 0.306640625 0.015625 0.01953125
0 0.6375 0.474609375 0.015625 0.01953125
0 0.6734375 0.396484375 0.015625 0.01953125
0 0.7328125 0.556640625 0.015625 0.01953125
0 0.7046875 0.568359375 0.015625 0.01953125
0 0.7921875 0.8359375 0.015625 0.01953125
0 0.809375 0.85546875 0.015625 0.01953125
0 0.790625 0.927734375 0.015625 0.01953125
0 0.7875 0.970703125 0.015625 0.01953125
0 0.7921875 0.962890625 0.015625 0.01953125
0 0.8 0.99609375 0.015625 0.01953125
0 0.840625 0.65234375 0.015625 0.01953125
0 0.8375 0.81640625 0.015625 0.01953125
0 0.98125 0.759765625 0.015625 0.01953125
