0 0.271875 0.337890625 0.015625 0.01953125
0 0.2703125 0.322265625 0.015625 0.01953125
0 0.159375 0.3203125 0.015625 0.01953125
0 0.4546875 0.841796875 0.015625 0.01953125
0 0.3859375 0.814453125 0.015625 0.01953125
0 0.434375 0.72265625 0.015625 0.01953125
0 0.4796875 0.677734375 0.015625 0.01953125
0 0.4484375 0.673828125 0.015625 0.01953125
0 0.53125 0.59375 0.015625 0.01953125
0 0.496875 0.580078125 0.015625 0.01953125
0 0.5734375 0.662109375 0.015625 0.01953125
0 0.6140625 0.666015625 0.015625 0.01953125
0 0.2453125 0.890625 0.015625 0.01953125
0 0.246875 0.92578125 0.015625 0.01953125
0 0.10625 0.59765625 0.015625 0.01953125
0 0.9609375 0.94140625 0.015625 0.01953125
0 0.9484375 0.9296875 0.015625 0.01953125
0 0.5765625 0.9375 0.015625 0.01953125
0 0.578125 0.876953125 0.015625 0.01953125
0 0.5625 0.904296875 0.015625 0.01953125
0 0.5234375 0.9375 0.015625 0.01953125
0 0.8484375 0.73828125 0.015625 0.01953125
0 0.8578125 0.849609375 0.015625 0.01953125
0 0.86875 0.849609375 0.015625 0.01953125
0 0.840625 0.87890625 0.015625 0.01953125
0 0.775 0.373046875 0.015625 0.01953125
0 0.61875 0.453125 0.015625 0.01953125
0 0.60625 0.45703125 0.015625 0.01953125
0 0.5828125 0.236328125 0.015625 0.01953125
0 0.609375 0.14453125 0.015625 0.01953125
0 0.5828125 0.087890625 0.015625 0.01953125
0 0.5765625 0.056640625 0.015625 0.01953125
0 0.565625 0.03515625 0.015625 0.01953125
0 0.5640625 0.220703125 0.015625 0.01953125
0 0.5453125 0.201171875 0.015625 0.01953125
0 0.484375 0.251953125 0.015625 0.01953125
0 0.54375 0.275390625 0.015625 0.01953125
0 0.553125 0.26953125 0.015625 0.01953125
0 0.5953125 0.255859375 0.015625 0.01953125
0 0.603125 0.25390625 0.015625 0.01953125
0 0.8140625 0.216796875 0.015625 0.01953125
0 0.9109375 0.478515625 0.015625 0.01953125
