0 0.6984375 0.337890625 0.015625 0.01953125
0 0.6609375 0.283203125 0.015625 0.01953125
0 0.6296875 0.27734375 0.015625 0.01953125
0 0.6078125 0.25390625 0.015625 0.01953125
0 0.646875 0.21875 0.015625 0.01953125
0 0.6640625 0.1328125 0.015625 0.01953125
0 0.68125 0.138671875 0.015625 0.01953125
0 0.6625 0.091796875 0.015625 0.01953125
0 0.45 0.2890625 0.015625 0.01953125
0 0.08125 0.40234375 0.015625 0.01953125
0 0.0671875 0.404296875 0.015625 0.01953125
0 0.0328125 0.390625 0.015625 0.01953125
0 0.0875 0.505859375 0.015625 0.01953125
0 0.0765625 0.48828125 0.015625 0.01953125
0 0.059375 0.541015625 0.015625 0.01953125
0 0.04375 0.552734375 0.015625 0.01953125
0 0.0140625 0.626953125 0.015625 0.01953125
0 0.025 0.61328125 0.015625 0.01953125
0 0.034375 0.640625 0.015625 0.01953125
0 0.0734375 0.611328125 0.015625 0.01953125
0 0.1125 0.68359375 0.015625 0.01953125
0 0.0953125 0.6875 0.015625 0.01953125
0 0.103125 0.8125 0.015625 0.01953125
0 0.0953125 0.818359375 0.015625 0.01953125
0 0.36875 0.970703125 0.015625 0.01953125
0 0.2390625 0.919921875 0.015625 0.01953125
0 0.3828125 0.947265625 0.015625 0.01953125
0 0.4796875 0.826171875 0.015625 0.01953125
0 0.4578125 0.810546875 0.015625 0.01953125
0 0.5484375 0.8515625 0.015625 0.01953125
0 0.63125 0.6015625 0.015625 0.01953125
0 0.5765625 0.6796875 0.015625 0.01953125
0 0.5671875 0.669921875 0.015625 0.01953125
0 0.553125 0.6796875 0.015625 0.01953125
0 0.509375 0.525390625 0.015625 0.01953125
0 0.490625 0.49609375 0.015625 0.01953125
0 0.49375 0.46484375 0.015625 0.01953125
0 0.5109375 0.478515625 0.015625 0.01953125
0 0.515625 0.447265625 0.015625 0.01953125
0 0.53125 0.482421875 0.015625 0.01953125
0 0.4234375 0.330078125 0.015625 0.01953125
0 0.45625 0.35546875 0.015625 0.01953125
0 0.671875 0.6640625 0.015625 0.01953125
0 0.6765625 0.67578125 0.015625 0.01953125
0 0.678125 0.88671875 0.015625 0.01953125
0 0.659375 0.908203125 0.015625 0.01953125
0 0.63125 0.94921875 0.015625 0.01953125
0 0.94375 0.74609375 0.015625 0.01953125
0 0.9828125 0.39453125 0.015625 0.01953125
0 0.9359375 0.333984375 0.015625 0.01953125
0 0.9734375 0.232421875 0.015625 0.01953125
0 0.6921875 0.20703125 0.015625 0.01953125
0 0.675 0.208984375 0.015625 0.01953125
0 0.690625 0.123046875 0.015625 0.01953125
0 0.5765625 0.2578125 0.015625 0.01953125
0 0.546875 0.2890625 0.015625 0.01953125
0 0.5359375 0.28125 0.015625 0.01953125
0 0.909375 0.681640625 0.015625 0.01953125
0 0.7046875 0.666015625 0.015625 0.01953125
0 0.7015625 0.505859375 0.015625 0.01953125
