0 0.0328125 0.521484375 0.015625 0.01953125
0 0.0046875 0.61328125 0.015625 0.01953125
0 0.0359375 0.5703125 0.015625 0.01953125
0 0.0484375 0.591796875 0.015625 0.01953125
0 0.078125 0.62109375 0.015625 0.01953125
0 0.1 0.6328125 0.015625 0.01953125
0 0.1 0.609375 0.015625 0.01953125
0 0.1265625 0.63671875 0.015625 0.01953125
0 0.053125 0.71875 0.015625 0.01953125
0 0.0359375 0.72265625 0.015625 0.01953125
0 0.0359375 0.751953125 0.015625 0.01953125
0 0.0109375 0.71484375 0.015625 0.01953125
0 0.0265625 0.68359375 0.015625 0.01953125
0 0.271875 0.708984375 0.015625 0.01953125
0 0.25625 0.71875 0.015625 0.01953125
0 0.2359375 0.646484375 0.015625 0.01953125
0 0.203125 0.521484375 0.015625 0.01953125
0 0.18125 0.4921875 0.015625 0.01953125
0 0.1578125 0.5234375 0.015625 0.01953125
0 0.159375 0.4921875 0.015625 0.01953125
0 0.2 0.412109375 0.015625 0.01953125
0 0.1859375 0.41015625 0.015625 0.01953125
0 0.2453125 0.318359375 0.015625 0.01953125
0 0.025 0.35546875 0.015625 0.01953125
0 0.01875 0.341796875 0.015625 0.01953125
0 0.4984375 0.3203125 0.015625 0.01953125
0 0.5078125 0.30859375 0.015625 0.01953125
0 0.553125 0.373046875 0.015625 0.01953125
0 0.5796875 0.361328125 0.015625 0.01953125
0 0.64375 0.45703125 0.015625 0.01953125
0 0.6578125 0.478515625 0.015625 0.01953125
0 0.640625 0.474609375 0.015625 0.01953125
0 0.59375 0.44921875 0.015625 0.01953125
0 0.625 0.490234375 0.015625 0.01953125
0 0.759375 0.611328125 0.015625 0.01953125
0 0.7015625 0.68359375 0.015625 0.01953125
0 0.6890625 0.68359375 0.015625 0.01953125
0 0.6859375 0.662109375 0.015625 0.01953125
0 0.66875 0.6640625 0.015625 0.01953125
0 0.6578125 0.6640625 0.015625 0.01953125
0 0.66875 0.697265625 0.015625 0.01953125
0 0.6734375 0.845703125 0.015625 0.01953125
0 0.615625 0.826171875 0.015625 0.01953125
0 0.5984375 0.8125 0.015625 0.01953125
0 0.5953125 0.96484375 0.015625 0.01953125
0 0.584375 0.966796875 0.015625 0.01953125
0 0.546875 0.99609375 0.015625 0.01953125
0 0.8046875 0.896484375 0.015625 0.01953125
0 0.7953125 0.9140625 0.015625 0.01953125
0 0.7625 0.951171875 0.015625 0.01953125
0 0.83125 0.673828125 0.015625 0.01953125
0 0.7875 0.697265625 0.015625 0.01953125
0 0.78125 0.6796875 0.015625 0.01953125
0 0.771875 0.23046875 0.015625 0.01953125
0 0.765625 0.23046875 0.015625 0.01953125
0 0.7953125 0.1875 0.015625 0.01953125
0 0.78125 0.15625 0.015625 0.01953125
0 0.7765625 0.13671875 0.015625 0.01953125
0 0.696875 0.255859375 0.015625 0.01953125
0 0.6875 0.294921875 0.015625 0.01953125
0 0.678125 0.283203125 0.015625 0.01953125
0 0.7140625 0.27734375 0.015625 0.01953125
0 0.8046875 0.947265625 0.015625 0.01953125
0 0.7765625 0.923828125 0.015625 0.01953125
0 0.7921875 0.900390625 0.015625 0.01953125
