0 0.1671875 0.693359375 0.015625 0.01953125
0 0.16875 0.65625 0.015625 0.01953125
0 0.1359375 0.630859375 0.015625 0.01953125
0 0.1375 0.61328125 0.015625 0.01953125
0 0.09375 0.6171875 0.015625 0.01953125
0 0.090625 0.6484375 0.015625 0.01953125
0 0.078125 0.5859375 0.015625 0.01953125
0 0.071875 0.56640625 0.015625 0.01953125
0 0.05 0.54296875 0.015625 0.01953125
0 0.0484375 0.56640625 0.015625 0.01953125
0 0.0359375 0.5703125 0.015625 0.01953125
0 0.0359375 0.5859375 0.015625 0.01953125
0 0.03125 0.59765625 0.015625 0.01953125
0 0.0328125 0.6171875 0.015625 0.01953125
0 0.0359375 0.54296875 0.015625 0.01953125
0 0.0328125 0.48046875 0.015625 0.01953125
0 0.0234375 0.328125 0.015625 0.01953125
0 0.0296875 0.341796875 0.015625 0.01953125
0 0.0859375 0.34375 0.015625 0.01953125
0 0.0890625 0.361328125 0.015625 0.01953125
0 0.1328125 0.4921875 0.015625 0.01953125
0 0.1140625 0.484375 0.015625 0.01953125
0 0.11875 0.505859375 0.015625 0.01953125
0 0.1390625 0.525390625 0.015625 0.01953125
0 0.125 0.55078125 0.015625 0.01953125
0 0.190625 0.509765625 0.015625 0.01953125
0 0.184375 0.572265625 0.015625 0.01953125
0 0.19375 0.6015625 0.015625 0.01953125
0 0.2015625 0.623046875 0.015625 0.01953125
0 0.221875 0.6328125 0.015625 0.01953125
0 0.1765625 0.734375 0.015625 0.01953125
0 0.1671875 0.7578125 0.015625 0.01953125
0 0.10625 0.828125 0.015625 0.01953125
0 0.0875 0.830078125 0.015625 0.01953125
0 0.09375 0.85546875 0.015625 0.01953125
0 0.0546875 0.78125 0.015625 0.01953125
0 0.04375 0.7421875 0.015625 0.01953125
0 0.0359375 0.7578125 0.015625 0.01953125
0 0.0125 0.70703125 0.015625 0.01953125
0 0.015625 0.662109375 0.015625 0.01953125
0 0.1265625 0.859375 0.015625 0.01953125
0 0.221875 0.7578125 0.015625 0.01953125
0 0.23125 0.75 0.015625 0.01953125
0 0.4109375 0.67578125 0.015625 0.01953125
0 0.415625 0.599609375 0.015625 0.01953125
0 0.3328125 0.52734375 0.015625 0.01953125
0 0.3078125 0.54296875 0.015625 0.01953125
0 0.2953125 0.529296875 0.015625 0.01953125
0 0.3 0.49609375 0.015625 0.01953125
0 0.33125 0.41015625 0.015625 0.01953125
0 0.3203125 0.41015625 0.015625 0.01953125
0 0.4546875 0.73828125 0.015625 0.01953125
0 0.434375 0.75 0.015625 0.01953125
0 0.440625 0.857421875 0.015625 0.01953125
0 0.7484375 0.98046875 0.015625 0.01953125
0 0.7328125 0.974609375 0.015625 0.01953125
0 0.7578125 0.884765625 0.015625 0.01953125
0 0.7578125 0.833984375 0.015625 0.01953125
0 0.7734375 0.80078125 0.015625 0.01953125
0 0.7734375 0.78125 0.015625 0.01953125
0 0.828125 0.69140625 0.015625 0.01953125
0 0.8484375 0.69140625 0.015625 0.01953125
0 0.90625 0.625 0.015625 0.01953125
0 0.9046875 0.736328125 0.015625 0.01953125
0 0.8875 0.72265625 0.015625 0.01953125
0 0.5609375 0.349609375 0.015625 0.01953125
0 0.5765625 0.330078125 0.015625 0.01953125
0 0.58125 0.314453125 0.015625 0.01953125
0 0.703125 0.39453125 0.015625 0.01953125
0 0.83125 0.263671875 0.015625 0.01953125
0 0.915625 0.189453125 0.015625 0.01953125
0 0.9234375 0.216796875 0.015625 0.01953125
0 0.9359375 0.142578125 0.015625 0.01953125
0 0.90625 0.109375 0.015625 0.01953125
0 0.915625 0.033203125 0.015625 0.01953125
0 0.953125 0.900390625 0.015625 0.01953125
0 0.953125 0.880859375 0.015625 0.01953125
0 0.9296875 0.904296875 0.015625 0.01953125
0 0.9390625 0.923828125 0.015625 0.01953125
0 0.925 0.927734375 0.015625 0.01953125
0 0.9484375 0.955078125 0.015625 0.01953125
0 0.9140625 0.9609375 0.015625 0.01953125
0 0.8265625 0.859375 0.015625 0.01953125
0 0.7953125 0.482421875 0.015625 0.01953125
0 0.7875 0.48046875 0.015625 0.01953125
