0 0.29375 0.603515625 0.015625 0.01953125
0 0.3140625 0.58984375 0.015625 0.01953125
0 0.325 0.58984375 0.015625 0.01953125
0 0.346875 0.58984375 0.015625 0.01953125
0 0.3265625 0.517578125 0.015625 0.01953125
0 0.2734375 0.53515625 0.015625 0.01953125
0 0.2578125 0.5 0.015625 0.01953125
0 0.2375 0.505859375 0.015625 0.01953125
0 0.2484375 0.5234375 0.015625 0.01953125
0 0.18125 0.556640625 0.015625 0.01953125
0 0.18125 0.5703125 0.015625 0.01953125
0 0.140625 0.595703125 0.015625 0.01953125
0 0.1296875 0.580078125 0.015625 0.01953125
0 0.0375 0.576171875 0.015625 0.01953125
0 0.03125 0.453125 0.015625 0.01953125
0 0.046875 0.44140625 0.015625 0.01953125
0 0.109375 0.33203125 0.015625 0.01953125
0 0.1640625 0.361328125 0.015625 0.01953125
0 0.1609375 0.482421875 0.015625 0.01953125
0 0.171875 0.603515625 0.015625 0.01953125
0 0.1703125 0.62890625 0.015625 0.01953125
0 0.14375 0.61328125 0.015625 0.01953125
0 0.209375 0.595703125 0.015625 0.01953125
0 0.1890625 0.595703125 0.015625 0.01953125
0 0.196875 0.57421875 0.015625 0.01953125
0 0.1921875 0.634765625 0.015625 0.01953125
0 0.2296875 0.623046875 0.015625 0.01953125
0 0.2859375 0.61328125 0.015625 0.01953125
0 0.2984375 0.615234375 0.015625 0.01953125
0 0.3 0.65234375 0.015625 0.01953125
0 0.3078125 0.69921875 0.015625 0.01953125
0 0.2671875 0.640625 0.015625 0.01953125
0 0.1421875 0.708984375 0.015625 0.01953125
0 0.13125 0.7109375 0.015625 0.01953125
0 0.115625 0.693359375 0.015625 0.01953125
0 0.0921875 0.662109375 0.015625 0.01953125
0 0.0875 0.677734375 0.015625 0.01953125
0 0.1140625 0.73828125 0.015625 0.01953125
0 0.1265625 0.73828125 0.015625 0.01953125
0 0.121875 0.7578125 0.015625 0.01953125
0 0.1296875 0.779296875 0.015625 0.01953125
0 0.2328125 0.837890625 0.015625 0.01953125
0 0.221875 0.859375 0.015625 0.01953125
0 0.2078125 0.845703125 0.015625 0.01953125
0 0.2578125 0.87109375 0.015625 0.01953125
0 0.346875 0.78515625 0.015625 0.01953125
0 0.3546875 0.759765625 0.015625 0.01953125
0 0.396875 0.775390625 0.015625 0.01953125
0 0.4015625 0.74609375 0.015625 0.01953125
0 0.5890625 0.7109375 0.015625 0.01953125
0 0.61875 0.7890625 0.015625 0.01953125
0 0.5640625 0.609375 0.015625 0.01953125
0 0.3875 0.322265625 0.015625 0.01953125
0 0.465625 0.416015625 0.015625 0.01953125
0 0.4484375 0.41796875 0.015625 0.01953125
0 0.4625 0.52734375 0.015625 0.01953125
0 0.4609375 0.54296875 0.015625 0.01953125
0 0.4484375 0.580078125 0.015625 0.01953125
0 0.44375 0.494140625 0.015625 0.01953125
0 0.4234375 0.537109375 0.015625 0.01953125
0 0.74375 0.318359375 0.015625 0.01953125
0 0.725 0.3203125 0.015625 0.01953125
0 0.6578125 0.341796875 0.015625 0.01953125
0 0.6578125 0.32421875 0.015625 0.01953125
0 0.971875 0.306640625 0.015625 0.01953125
0 0.9734375 0.328125 0.015625 0.01953125
0 0.8671875 0.314453125 0.015625 0.01953125
0 0.8546875 0.3046875 0.015625 0.01953125
0 0.959375 0.275390625 0.015625 0.01953125
0 0.9171875 0.80859375 0.015625 0.01953125
0 0.9 0.84765625 0.015625 0.01953125
0 0.9 0.876953125 0.015625 0.01953125
0 0.90625 0.892578125 0.015625 0.01953125
0 0.971875 0.701171875 0.015625 0.01953125
0 0.9859375 0.693359375 0.015625 0.01953125
0 0.975 0.87109375 0.015625 0.01953125
0 0.021875 0.337890625 0.015625 0.01953125
0 0.0796875 0.28125 0.015625 0.01953125
