0 0.3671875 0.513671875 0.015625 0.01953125
0 0.31875 0.533203125 0.015625 0.01953125
0 0.3078125 0.5625 0.015625 0.01953125
0 0.3078125 0.6015625 0.015625 0.01953125
0 0.3234375 0.609375 0.015625 0.01953125
0 0.328125 0.650390625 0.015625 0.01953125
0 0.2515625 0.578125 0.015625 0.01953125
0 0.23125 0.576171875 0.015625 0.01953125
0 0.228125 0.5546875 0.015625 0.01953125
0 0.2109375 0.548828125 0.015625 0.01953125
0 0.184375 0.55859375 0.015625 0.01953125
0 0.2140625 0.474609375 0.015625 0.01953125
0 0.140625 0.5703125 0.015625 0.01953125
0 0.1296875 0.55859375 0.015625 0.01953125
0 0.0953125 0.431640625 0.015625 0.01953125
0 0.078125 0.4375 0.015625 0.01953125
0 0.0703125 0.455078125 0.015625 0.01953125
0 0.0984375 0.34375 0.015625 0.01953125
0 0.1046875 0.3203125 0.015625 0.01953125
0 0.1140625 0.3203125 0.015625 0.01953125
0 0.1296875 0.283203125 0.015625 0.01953125
0 0.078125 0.576171875 0.015625 0.01953125
0 0.1296875 0.671875 0.015625 0.01953125
0 0.140625 0.64453125 0.015625 0.01953125
0 0.215625 0.607421875 0.015625 0.01953125
0 0.2171875 0.638671875 0.015625 0.01953125
0 0.2734375 0.619140625 0.015625 0.01953125
0 0.28125 0.640625 0.015625 0.01953125
0 0.240625 0.640625 0.015625 0.01953125
0 0.19375 0.70703125 0.015625 0.01953125
0 0.178125 0.7109375 0.015625 0.01953125
0 0.178125 0.6796875 0.015625 0.01953125
0 0.1359375 0.724609375 0.015625 0.01953125
0 0.11875 0.73828125 0.015625 0.01953125
0 0.1328125 0.759765625 0.015625 0.01953125
0 0.2484375 0.830078125 0.015625 0.01953125
0 0.2640625 0.84765625 0.015625 0.01953125
0 0.284375 0.8359375 0.015625 0.01953125
0 0.309375 0.8828125 0.015625 0.01953125
0 0.4296875 0.794921875 0.015625 0.01953125
0 0.434375 0.775390625 0.015625 0.01953125
0 0.4890625 0.7734375 0.015625 0.01953125
0 0.496875 0.771484375 0.015625 0.01953125
0 0.4875 0.751953125 0.015625 0.01953125
0 0.49375 0.74609375 0.015625 0.01953125
0 0.4453125 0.677734375 0.015625 0.01953125
0 0.3765625 0.5859375 0.015625 0.01953125
0 0.3609375 0.5859375 0.015625 0.01953125
0 0.3078125 0.63671875 0.015625 0.01953125
0 0.35 0.630859375 0.015625 0.01953125
0 0.5046875 0.552734375 0.015625 0.01953125
0 0.5140625 0.50390625 0.015625 0.01953125
0 0.5078125 0.53125 0.015625 0.01953125
0 0.475 0.529296875 0.015625 0.01953125
0 0.4875 0.4921875 0.015625 0.01953125
0 0.5203125 0.4140625 0.015625 0.01953125
0 0.5015625 0.4140625 0.015625 0.01953125
0 0.3765625 0.330078125 0.015625 0.01953125
0 0.178125 0.36328125 0.015625 0.01953125
0 0.1734375 0.34765625 0.015625 0.01953125
0 0.121875 0.259765625 0.015625 0.01953125
0 0.396875 0.390625 0.015625 0.01953125
0 0.4265625 0.439453125 0.015625 0.01953125
0 0.41875 0.447265625 0.015625 0.01953125
0 0.3828125 0.51953125 0.015625 0.01953125
0 0.6421875 0.349609375 0.015625 0.01953125
0 0.64375 0.333984375 0.015625 0.01953125
0 0.6875 0.328125 0.015625 0.01953125
0 0.7859375 0.357421875 0.015625 0.01953125
0 0.8578125 0.32421875 0.015625 0.01953125
0 0.846875 0.3046875 0.015625 0.01953125
0 0.903125 0.376953125 0.015625 0.01953125
0 0.9546875 0.890625 0.015625 0.01953125
0 0.9578125 0.849609375 0.015625 0.01953125
0 0.9234375 0.8203125 0.015625 0.01953125
0 0.7078125 0.833984375 0.015625 0.01953125
0 0.69375 0.8359375 0.015625 0.01953125
0 0.671875 0.740234375 0.015625 0.01953125
0 0.66875 0.73046875 0.015625 0.01953125
0 0.6125 0.611328125 0.015625 0.01953125
0 0.3828125 0.84375 0.015625 0.01953125
