0 0.328125 0.705078125 0.015625 0.01953125
0 0.3515625 0.7109375 0.015625 0.01953125
0 0.3640625 0.705078125 0.015625 0.01953125
0 0.353125 0.685546875 0.015625 0.01953125
0 0.3453125 0.6796875 0.015625 0.01953125
0 0.3265625 0.671875 0.015625 0.01953125
0 0.353125 0.65234375 0.015625 0.01953125
0 0.38125 0.630859375 0.015625 0.01953125
0 0.3703125 0.611328125 0.015625 0.01953125
0 0.3859375 0.580078125 0.015625 0.01953125
0 0.3859375 0.560546875 0.015625 0.01953125
0 0.4078125 0.58203125 0.015625 0.01953125
0 0.4390625 0.587890625 0.015625 0.01953125
0 0.43125 0.625 0.015625 0.01953125
0 0.4171875 0.615234375 0.015625 0.01953125
0 0.403125 0.607421875 0.015625 0.01953125
0 0.403125 0.640625 0.015625 0.01953125
0 0.51875 0.701171875 0.015625 0.01953125
0 0.4890625 0.619140625 0.015625 0.01953125
0 0.4671875 0.638671875 0.015625 0.01953125
0 0.51875 0.6328125 0.015625 0.01953125
0 0.4375 0.6640625 0.015625 0.01953125
0 0.5203125 0.650390625 0.015625 0.01953125
0 0.5328125 0.591796875 0.015625 0.01953125
0 0.5234375 0.58984375 0.015625 0.01953125
0 0.5375 0.51953125 0.015625 0.01953125
0 0.478125 0.53515625 0.015625 0.01953125
0 0.46875 0.498046875 0.015625 0.01953125
0 0.36875 0.486328125 0.015625 0.01953125
0 0.340625 0.537109375 0.015625 0.01953125
0 0.2453125 0.431640625 0.015625 0.01953125
0 0.228125 0.44140625 0.015625 0.01953125
0 0.271875 0.35546875 0.015625 0.01953125
0 0.21875 0.310546875 0.015625 0.01953125
0 0.090625 0.291015625 0.015625 0.01953125
0 0.09375 0.314453125 0.015625 0.01953125
0 0.021875 0.30078125 0.015625 0.01953125
0 0.1078125 0.49609375 0.015625 0.01953125
0 0.103125 0.515625 0.015625 0.01953125
0 0.090625 0.4921875 0.015625 0.01953125
0 0.3265625 0.35546875 0.015625 0.01953125
0 0.31875 0.34765625 0.015625 0.01953125
0 0.2734375 0.275390625 0.015625 0.01953125
0 0.4046875 0.279296875 0.015625 0.01953125
0 0.6015625 0.283203125 0.015625 0.01953125
0 0.7125 0.265625 0.015625 0.01953125
0 0.740625 0.330078125 0.015625 0.01953125
0 0.7390625 0.34765625 0.015625 0.01953125
0 0.9484375 0.328125 0.015625 0.01953125
0 0.940625 0.314453125 0.015625 0.01953125
0 0.9328125 0.384765625 0.015625 0.01953125
0 0.825 0.638671875 0.015625 0.01953125
0 0.671875 0.560546875 0.015625 0.01953125
0 0.665625 0.53125 0.015625 0.01953125
0 0.665625 0.50390625 0.015625 0.01953125
0 0.6421875 0.529296875 0.015625 0.01953125
0 0.65 0.4921875 0.015625 0.01953125
0 0.6734375 0.412109375 0.015625 0.01953125
0 0.6578125 0.416015625 0.015625 0.01953125
0 0.5890625 0.4453125 0.015625 0.01953125
0 0.4515625 0.5078125 0.015625 0.01953125
0 0.8703125 0.767578125 0.015625 0.01953125
0 0.921875 0.87109375 0.015625 0.01953125
0 0.7140625 0.767578125 0.015625 0.01953125
0 0.703125 0.79296875 0.015625 0.01953125
0 0.6578125 0.724609375 0.015625 0.01953125
0 0.640625 0.78125 0.015625 0.01953125
0 0.6296875 0.798828125 0.015625 0.01953125
0 0.6296875 0.822265625 0.015625 0.01953125
0 0.4375 0.85546875 0.015625 0.01953125
0 0.421875 0.845703125 0.015625 0.01953125
0 0.2265625 0.72265625 0.015625 0.01953125
0 0.240625 0.720703125 0.015625 0.01953125
0 0.253125 0.70703125 0.015625 0.01953125
0 0.275 0.69140625 0.015625 0.01953125
0 0.234375 0.75390625 0.015625 0.01953125
0 0.240625 0.755859375 0.015625 0.01953125
0 0.2453125 0.73828125 0.015625 0.01953125
0 0.8046875 0.880859375 0.015625 0.01953125
0 0.8984375 0.884765625 0.015625 0.01953125
