0 0.0390625 0.43359375 0.015625 0.01953125
0 0.0515625 0.38671875 0.015625 0.01953125
0 0.228125 0.341796875 0.015625 0.01953125
0 0.2296875 0.314453125 0.015625 0.01953125
0 0.2765625 0.34375 0.015625 0.01953125
0 0.40625 0.365234375 0.015625 0.01953125
0 0.4171875 0.384765625 0.015625 0.01953125
0 0.428125 0.384765625 0.015625 0.01953125
0 0.3421875 0.455078125 0.015625 0.01953125
0 0.3296875 0.4609375 0.015625 0.01953125
0 0.31875 0.474609375 0.015625 0.01953125
0 0.303125 0.56640625 0.015625 0.01953125
0 0.3046875 0.583984375 0.015625 0.01953125
0 0.2109375 0.51953125 0.015625 0.01953125
0 0.2 0.537109375 0.015625 0.01953125
0 0.19375 0.525390625 0.015625 0.01953125
0 0.3015625 0.71875 0.015625 0.01953125
0 0.2890625 0.72265625 0.015625 0.01953125
0 0.29375 0.755859375 0.015625 0.01953125
0 0.0484375 0.47265625 0.015625 0.01953125
0 0.028125 0.478515625 0.015625 0.01953125
0 0.3859375 0.7109375 0.015625 0.01953125
0 0.396875 0.7109375 0.015625 0.01953125
0 0.365625 0.724609375 0.015625 0.01953125
0 0.43125 0.728515625 0.015625 0.01953125
0 0.446875 0.716796875 0.015625 0.01953125
0 0.45625 0.712890625 0.015625 0.01953125
0 0.471875 0.703125 0.015625 0.01953125
0 0.490625 0.7109375 0.015625 0.01953125
0 0.475 0.73046875 0.015625 0.01953125
0 0.51875 0.62890625 0.015625 0.01953125
0 0.4859375 0.634765625 0.015625 0.01953125
0 0.4984375 0.599609375 0.015625 0.01953125
0 0.4953125 0.580078125 0.015625 0.01953125
0 0.4796875 0.50390625 0.015625 0.01953125
0 0.559375 0.541015625 0.015625 0.01953125
0 0.5734375 0.515625 0.015625 0.01953125
0 0.5859375 0.548828125 0.015625 0.01953125
0 0.5859375 0.583984375 0.015625 0.01953125
0 0.53125 0.58984375 0.015625 0.01953125
0 0.51875 0.603515625 0.015625 0.01953125
0 0.5390625 0.611328125 0.015625 0.01953125
0 0.559375 0.658203125 0.015625 0.01953125
0 0.55 0.6796875 0.015625 0.01953125
0 0.5390625 0.6953125 0.015625 0.01953125
0 0.528125 0.671875 0.015625 0.01953125
0 0.515625 0.662109375 0.015625 0.01953125
0 0.490625 0.66015625 0.015625 0.01953125
0 0.5875 0.65625 0.015625 0.01953125
0 0.596875 0.64453125 0.015625 0.01953125
0 0.628125 0.654296875 0.015625 0.01953125
0 0.6140625 0.66796875 0.015625 0.01953125
0 0.6296875 0.6171875 0.015625 0.01953125
0 0.6421875 0.6171875 0.015625 0.01953125
0 0.640625 0.546875 0.015625 0.01953125
0 0.53125 0.416015625 0.015625 0.01953125
0 0.7828125 0.376953125 0.015625 0.01953125
0 0.7890625 0.357421875 0.015625 0.01953125
0 0.775 0.505859375 0.015625 0.01953125
0 0.78125 0.44140625 0.015625 0.01953125
0 0.7640625 0.44140625 0.015625 0.01953125
0 0.690625 0.46875 0.015625 0.01953125
0 0.7859375 0.576171875 0.015625 0.01953125
0 0.7765625 0.548828125 0.015625 0.01953125
0 0.7515625 0.56640625 0.015625 0.01953125
0 0.6296875 0.724609375 0.015625 0.01953125
0 0.5625 0.859375 0.015625 0.01953125
0 0.5453125 0.87109375 0.015625 0.01953125
0 0.534375 0.873046875 0.015625 0.01953125
0 0.7734375 0.85546875 0.015625 0.01953125
0 0.7765625 0.83203125 0.015625 0.01953125
0 0.7984375 0.818359375 0.015625 0.01953125
0 0.8109375 0.794921875 0.015625 0.01953125
0 0.8765625 0.8125 0.015625 0.01953125
0 0.8640625 0.826171875 0.015625 0.01953125
0 0.8703125 0.83984375 0.015625 0.01953125
0 0.91875 0.8984375 0.015625 0.01953125
0 0.56875 0.947265625 0.015625 0.01953125
0 0.596875 0.912109375 0.015625 0.01953125
0 0.70625 0.29296875 0.015625 0.01953125
0 0.9921875 0.328125 0.015625 0.01953125
0 0.9953125 0.34375 0.015625 0.01953125
0 0.996875 0.400390625 0.015625 0.01953125
0 0.990625 0.623046875 0.015625 0.01953125
