0 0.0953125 0.421875 0.015625 0.01953125
0 0.0625 0.390625 0.015625 0.01953125
0 0.0625 0.36328125 0.015625 0.01953125
0 0.2109375 0.44921875 0.015625 0.01953125
0 0.196875 0.4609375 0.015625 0.01953125
0 0.1890625 0.44921875 0.015625 0.01953125
0 0.1375 0.51953125 0.015625 0.01953125
0 0.1359375 0.55078125 0.015625 0.01953125
0 0.0859375 0.4765625 0.015625 0.01953125
0 0.396875 0.728515625 0.015625 0.01953125
0 0.3890625 0.744140625 0.015625 0.01953125
0 0.3859375 0.77734375 0.015625 0.01953125
0 0.403125 0.640625 0.015625 0.01953125
0 0.403125 0.625 0.015625 0.01953125
0 0.3375 0.580078125 0.015625 0.01953125
0 0.340625 0.56640625 0.015625 0.01953125
0 0.3265625 0.5625 0.015625 0.01953125
0 0.440625 0.51953125 0.015625 0.01953125
0 0.4671875 0.50390625 0.015625 0.01953125
0 0.4515625 0.490234375 0.015625 0.01953125
0 0.353125 0.3984375 0.015625 0.01953125
0 0.390625 0.376953125 0.015625 0.01953125
0 0.4 0.34765625 0.015625 0.01953125
0 0.5 0.318359375 0.015625 0.01953125
0 0.5015625 0.337890625 0.015625 0.01953125
0 0.575 0.41015625 0.015625 0.01953125
0 0.5625 0.421875 0.015625 0.01953125
0 0.546875 0.416015625 0.015625 0.01953125
0 0.56875 0.419921875 0.015625 0.01953125
0 0.8546875 0.400390625 0.015625 0.01953125
0 0.7140625 0.5546875 0.015625 0.01953125
0 0.703125 0.572265625 0.015625 0.01953125
0 0.69375 0.572265625 0.015625 0.01953125
0 0.6515625 0.61328125 0.015625 0.01953125
0 0.6625 0.63671875 0.015625 0.01953125
0 0.6390625 0.6328125 0.015625 0.01953125
0 0.634375 0.619140625 0.015625 0.01953125
0 0.6125 0.615234375 0.015625 0.01953125
0 0.6046875 0.623046875 0.015625 0.01953125
0 0.609375 0.5390625 0.015625 0.01953125
0 0.58125 0.595703125 0.015625 0.01953125
0 0.6171875 0.48046875 0.015625 0.01953125
0 0.690625 0.556640625 0.015625 0.01953125
0 0.725 0.59375 0.015625 0.01953125
0 0.6765625 0.650390625 0.015625 0.01953125
0 0.659375 0.673828125 0.015625 0.01953125
0 0.625 0.673828125 0.015625 0.01953125
0 0.63125 0.6953125 0.015625 0.01953125
0 0.609375 0.74609375 0.015625 0.01953125
0 0.6125 0.76953125 0.015625 0.01953125
0 0.59375 0.755859375 0.015625 0.01953125
0 0.571875 0.767578125 0.015625 0.01953125
0 0.571875 0.734375 0.015625 0.01953125
0 0.534375 0.755859375 0.015625 0.01953125
0 0.5234375 0.763671875 0.015625 0.01953125
0 0.509375 0.763671875 0.015625 0.01953125
0 0.6390625 0.76171875 0.015625 0.01953125
0 0.6828125 0.76171875 0.015625 0.01953125
0 0.690625 0.71875 0.015625 0.01953125
0 0.7046875 0.705078125 0.015625 0.01953125
0 0.7234375 0.701171875 0.015625 0.01953125
0 0.715625 0.681640625 0.015625 0.01953125
0 0.7140625 0.626953125 0.015625 0.01953125
0 0.771875 0.654296875 0.015625 0.01953125
0 0.78125 0.658203125 0.015625 0.01953125
0 0.74375 0.67578125 0.015625 0.01953125
0 0.7515625 0.703125 0.015625 0.01953125
0 0.7703125 0.76171875 0.015625 0.01953125
0 0.7046875 0.91015625 0.015625 0.01953125
0 0.690625 0.90625 0.015625 0.01953125
0 0.959375 0.91015625 0.015625 0.01953125
0 0.9703125 0.8828125 0.015625 0.01953125
0 0.7421875 0.94921875 0.015625 0.01953125
0 0.921875 0.623046875 0.015625 0.01953125
0 0.921875 0.599609375 0.015625 0.01953125
0 0.9234375 0.5703125 0.015625 0.01953125
0 0.9171875 0.4765625 0.015625 0.01953125
0 0.88125 0.6015625 0.015625 0.01953125
0 0.834375 0.49609375 0.015625 0.01953125
0 0.8890625 0.26171875 0.015625 0.01953125
0 0.7859375 0.578125 0.015625 0.01953125
