0 0.128125 0.38671875 0.015625 0.01953125
0 0.0609375 0.345703125 0.015625 0.01953125
0 0.1421875 0.44140625 0.015625 0.01953125
0 0.1296875 0.47265625 0.015625 0.01953125
0 0.096875 0.505859375 0.015625 0.01953125
0 0.115625 0.556640625 0.015625 0.01953125
0 0.0125 0.728515625 0.015625 0.01953125
0 0.0265625 0.6328125 0.015625 0.01953125
0 0.359375 0.619140625 0.015625 0.01953125
0 0.3609375 0.60546875 0.015625 0.01953125
0 0.3609375 0.59375 0.015625 0.01953125
0 0.3453125 0.55078125 0.015625 0.01953125
0 0.334375 0.556640625 0.015625 0.01953125
0 0.3296875 0.54296875 0.015625 0.01953125
0 0.3515625 0.689453125 0.015625 0.01953125
0 0.34375 0.703125 0.015625 0.01953125
0 0.334375 0.728515625 0.015625 0.01953125
0 0.4765625 0.625 0.015625 0.01953125
0 0.425 0.5 0.015625 0.01953125
0 0.4296875 0.478515625 0.015625 0.01953125
0 0.4296875 0.458984375 0.015625 0.01953125
0 0.4359375 0.384765625 0.015625 0.01953125
0 0.4359375 0.359375 0.015625 0.01953125
0 0.4453125 0.33203125 0.015625 0.01953125
0 0.315625 0.380859375 0.015625 0.01953125
0 0.246875 0.390625 0.015625 0.01953125
0 0.478125 0.314453125 0.015625 0.01953125
0 0.95625 0.306640625 0.015625 0.01953125
0 0.890625 0.2578125 0.015625 0.01953125
0 0.80625 0.380859375 0.015625 0.01953125
0 0.5625 0.40625 0.015625 0.01953125
0 0.5515625 0.40625 0.015625 0.01953125
0 0.559375 0.486328125 0.015625 0.01953125
0 0.609375 0.533203125 0.015625 0.01953125
0 0.5796875 0.591796875 0.015625 0.01953125
0 0.63125 0.59375 0.015625 0.01953125
0 0.6296875 0.603515625 0.015625 0.01953125
0 0.609375 0.607421875 0.015625 0.01953125
0 0.6375 0.634765625 0.015625 0.01953125
0 0.6515625 0.63671875 0.015625 0.01953125
0 0.671875 0.6484375 0.015625 0.01953125
0 0.6703125 0.6640625 0.015625 0.01953125
0 0.65625 0.6640625 0.015625 0.01953125
0 0.6234375 0.6640625 0.015625 0.01953125
0 0.6328125 0.6875 0.015625 0.01953125
0 0.6125 0.724609375 0.015625 0.01953125
0 0.6 0.75 0.015625 0.01953125
0 0.6109375 0.77734375 0.015625 0.01953125
0 0.6375 0.755859375 0.015625 0.01953125
0 0.5578125 0.7578125 0.015625 0.01953125
0 0.5453125 0.732421875 0.015625 0.01953125
0 0.5015625 0.765625 0.015625 0.01953125
0 0.6859375 0.73828125 0.015625 0.01953125
0 0.696875 0.73828125 0.015625 0.01953125
0 0.7109375 0.740234375 0.015625 0.01953125
0 0.7046875 0.70703125 0.015625 0.01953125
0 0.71875 0.6875 0.015625 0.01953125
0 0.7328125 0.6875 0.015625 0.01953125
0 0.753125 0.67578125 0.015625 0.01953125
0 0.7765625 0.650390625 0.015625 0.01953125
0 0.784375 0.646484375 0.015625 0.01953125
0 0.771875 0.75390625 0.015625 0.01953125
0 0.7421875 0.935546875 0.015625 0.01953125
0 0.696875 0.904296875 0.015625 0.01953125
0 0.6859375 0.892578125 0.015625 0.01953125
0 0.99375 0.927734375 0.015625 0.01953125
0 0.9234375 0.509765625 0.015625 0.01953125
0 0.9234375 0.55078125 0.015625 0.01953125
0 0.9203125 0.5859375 0.015625 0.01953125
0 0.9171875 0.603515625 0.015625 0.01953125
0 0.884375 0.580078125 0.015625 0.01953125
0 0.8921875 0.52734375 0.015625 0.01953125
0 0.896875 0.47265625 0.015625 0.01953125
0 0.9140625 0.46875 0.015625 0.01953125
0 0.83125 0.490234375 0.015625 0.01953125
0 0.721875 0.583984375 0.015625 0.01953125
0 0.7140625 0.546875 0.015625 0.01953125
0 0.6921875 0.5390625 0.015625 0.01953125
0 0.7046875 0.564453125 0.015625 0.01953125
0 0.69375 0.564453125 0.015625 0.01953125
0 0.7859375 0.57421875 0.015625 0.01953125
