0 0.3265625 0.6640625 0.015625 0.01953125
0 0.315625 0.703125 0.015625 0.01953125
0 0.35625 0.61328125 0.015625 0.01953125
0 0.3484375 0.599609375 0.015625 0.01953125
0 0.353125 0.54296875 0.015625 0.01953125
0 0.371875 0.533203125 0.015625 0.01953125
0 0.415625 0.486328125 0.015625 0.01953125
0 0.425 0.455078125 0.015625 0.01953125
0 0.3078125 0.380859375 0.015625 0.01953125
0 0.3265625 0.345703125 0.015625 0.01953125
0 0.315625 0.337890625 0.015625 0.01953125
0 0.2328125 0.37109375 0.015625 0.01953125
0 0.2234375 0.41796875 0.015625 0.01953125
0 0.2328125 0.44921875 0.015625 0.01953125
0 0.2078125 0.466796875 0.015625 0.01953125
0 0.0921875 0.5390625 0.015625 0.01953125
0 0.078125 0.494140625 0.015625 0.01953125
0 0.05 0.357421875 0.015625 0.01953125
0 0.0359375 0.337890625 0.015625 0.01953125
0 0.059375 0.626953125 0.015625 0.01953125
0 0.5171875 0.369140625 0.015625 0.01953125
0 0.5171875 0.34765625 0.015625 0.01953125
0 0.525 0.33203125 0.015625 0.01953125
0 0.4703125 0.30078125 0.015625 0.01953125
0 0.665625 0.3984375 0.015625 0.01953125
0 0.59375 0.392578125 0.015625 0.01953125
0 0.58125 0.396484375 0.015625 0.01953125
0 0.7765625 0.361328125 0.015625 0.01953125
0 0.765625 0.37109375 0.015625 0.01953125
0 0.765625 0.38671875 0.015625 0.01953125
0 0.7421875 0.537109375 0.015625 0.01953125
0 0.725 0.533203125 0.015625 0.01953125
0 0.7328125 0.548828125 0.015625 0.01953125
0 0.7203125 0.548828125 0.015625 0.01953125
0 0.6390625 0.51953125 0.015625 0.01953125
0 0.659375 0.576171875 0.015625 0.01953125
0 0.659375 0.59375 0.015625 0.01953125
0 0.6421875 0.58984375 0.015625 0.01953125
0 0.590625 0.611328125 0.015625 0.01953125
0 0.5734375 0.70703125 0.015625 0.01953125
0 0.5734375 0.76171875 0.015625 0.01953125
0 0.628125 0.7421875 0.015625 0.01953125
0 0.634375 0.71484375 0.015625 0.01953125
0 0.646875 0.779296875 0.015625 0.01953125
0 0.675 0.73046875 0.015625 0.01953125
0 0.709375 0.7265625 0.015625 0.01953125
0 0.725 0.74609375 0.015625 0.01953125
0 0.7359375 0.744140625 0.015625 0.01953125
0 0.746875 0.677734375 0.015625 0.01953125
0 0.7546875 0.669921875 0.015625 0.01953125
0 0.765625 0.66015625 0.015625 0.01953125
0 0.7109375 0.658203125 0.015625 0.01953125
0 0.6859375 0.646484375 0.015625 0.01953125
0 0.6546875 0.650390625 0.015625 0.01953125
0 0.659375 0.677734375 0.015625 0.01953125
0 0.690625 0.615234375 0.015625 0.01953125
0 0.66875 0.61328125 0.015625 0.01953125
0 0.765625 0.5859375 0.015625 0.01953125
0 0.7359375 0.603515625 0.015625 0.01953125
0 0.8109375 0.5625 0.015625 0.01953125
0 0.859375 0.48046875 0.015625 0.01953125
0 0.9265625 0.46484375 0.015625 0.01953125
0 0.9484375 0.45703125 0.015625 0.01953125
0 0.953125 0.552734375 0.015625 0.01953125
0 0.946875 0.568359375 0.015625 0.01953125
0 0.95 0.587890625 0.015625 0.01953125
0 0.9453125 0.595703125 0.015625 0.01953125
0 0.9140625 0.580078125 0.015625 0.01953125
0 0.821875 0.654296875 0.015625 0.01953125
0 0.8015625 0.7421875 0.015625 0.01953125
0 0.8140625 0.642578125 0.015625 0.01953125
0 0.8046875 0.6328125 0.015625 0.01953125
0 0.7796875 0.9296875 0.015625 0.01953125
0 0.7328125 0.88671875 0.015625 0.01953125
0 0.9890625 0.34765625 0.015625 0.01953125
0 0.9859375 0.330078125 0.015625 0.01953125
0 0.915625 0.255859375 0.015625 0.01953125
