0 0.18125 0.353515625 0.015625 0.01953125
0 0.1328125 0.447265625 0.015625 0.01953125
0 0.0625 0.48828125 0.015625 0.01953125
0 0.0578125 0.470703125 0.015625 0.01953125
0 0.0453125 0.55078125 0.015625 0.01953125
0 0.01875 0.552734375 0.015625 0.01953125
0 0.11875 0.5234375 0.015625 0.01953125
0 0.328125 0.5 0.015625 0.01953125
0 0.3671875 0.443359375 0.015625 0.01953125
0 0.3328125 0.38671875 0.015625 0.01953125
0 0.365625 0.3671875 0.015625 0.01953125
0 0.4203125 0.2890625 0.015625 0.01953125
0 0.4078125 0.2890625 0.015625 0.01953125
0 0.475 0.458984375 0.015625 0.01953125
0 0.45625 0.478515625 0.015625 0.01953125
0 0.459375 0.541015625 0.015625 0.01953125
0 0.453125 0.5625 0.015625 0.01953125
0 0.4359375 0.54296875 0.015625 0.01953125
0 0.3875 0.60546875 0.015625 0.01953125
0 0.35625 0.66015625 0.015625 0.01953125
0 0.5515625 0.50390625 0.015625 0.01953125
0 0.6765625 0.404296875 0.015625 0.01953125
0 0.665625 0.3984375 0.015625 0.01953125
0 0.6390625 0.375 0.015625 0.01953125
0 0.65 0.333984375 0.015625 0.01953125
0 0.5375 0.30859375 0.015625 0.01953125
0 0.8 0.380859375 0.015625 0.01953125
0 0.771875 0.421875 0.015625 0.01953125
0 0.75625 0.330078125 0.015625 0.01953125
0 0.75 0.583984375 0.015625 0.01953125
0 0.75 0.59765625 0.015625 0.01953125
0 0.73125 0.603515625 0.015625 0.01953125
0 0.73125 0.634765625 0.015625 0.01953125
0 0.7421875 0.654296875 0.015625 0.01953125
0 0.746875 0.69921875 0.015625 0.01953125
0 0.7171875 0.7265625 0.015625 0.01953125
0 0.703125 0.73828125 0.015625 0.01953125
0 0.715625 0.76171875 0.015625 0.01953125
0 0.66875 0.7578125 0.015625 0.01953125
0 0.659375 0.712890625 0.015625 0.01953125
0 0.65 0.65234375 0.015625 0.01953125
0 0.6015625 0.6171875 0.015625 0.01953125
0 0.7765625 0.6328125 0.015625 0.01953125
0 0.7546875 0.62109375 0.015625 0.01953125
0 0.765625 0.650390625 0.015625 0.01953125
0 0.775 0.673828125 0.015625 0.01953125
0 0.8 0.728515625 0.015625 0.01953125
0 0.8125 0.75 0.015625 0.01953125
0 0.7828125 0.693359375 0.015625 0.01953125
0 0.821875 0.771484375 0.015625 0.01953125
0 0.8375 0.68359375 0.015625 0.01953125
0 0.859375 0.673828125 0.015625 0.01953125
0 0.8359375 0.642578125 0.015625 0.01953125
0 0.8375 0.609375 0.015625 0.01953125
0 0.8171875 0.55859375 0.015625 0.01953125
0 0.8125 0.54296875 0.015625 0.01953125
0 0.83125 0.548828125 0.015625 0.01953125
0 0.8921875 0.572265625 0.015625 0.01953125
0 0.8921875 0.634765625 0.015625 0.01953125
0 0.903125 0.634765625 0.015625 0.01953125
0 0.9328125 0.642578125 0.015625 0.01953125
0 0.9453125 0.630859375 0.015625 0.01953125
0 0.9875 0.58203125 0.015625 0.01953125
0 0.94375 0.486328125 0.015625 0.01953125
0 0.9734375 0.46484375 0.015625 0.01953125
0 0.9578125 0.251953125 0.015625 0.01953125
