0 0.2859375 0.357421875 0.015625 0.01953125
0 0.14375 0.5625 0.015625 0.01953125
0 0.1265625 0.5625 0.015625 0.01953125
0 0.1140625 0.5234375 0.015625 0.01953125
0 0.24375 0.44921875 0.015625 0.01953125
0 0.0078125 0.46875 0.015625 0.01953125
0 0.0078125 0.296875 0.015625 0.01953125
0 0.3484375 0.390625 0.015625 0.01953125
0 0.353125 0.40625 0.015625 0.01953125
0 0.4921875 0.380859375 0.015625 0.01953125
0 0.56875 0.322265625 0.015625 0.01953125
0 0.4875 0.47265625 0.015625 0.01953125
0 0.4890625 0.458984375 0.015625 0.01953125
0 0.484375 0.443359375 0.015625 0.01953125
0 0.4765625 0.48828125 0.015625 0.01953125
0 0.4328125 0.509765625 0.015625 0.01953125
0 0.3984375 0.599609375 0.015625 0.01953125
0 0.4078125 0.630859375 0.015625 0.01953125
0 0.35625 0.67578125 0.015625 0.01953125
0 0.5046875 0.712890625 0.015625 0.01953125
0 0.5171875 0.74609375 0.015625 0.01953125
0 0.715625 0.712890625 0.015625 0.01953125
0 0.7296875 0.73828125 0.015625 0.01953125
0 0.7140625 0.73046875 0.015625 0.01953125
0 0.7203125 0.765625 0.015625 0.01953125
0 0.759375 0.76171875 0.015625 0.01953125
0 0.75 0.775390625 0.015625 0.01953125
0 0.8640625 0.74609375 0.015625 0.01953125
0 0.8765625 0.775390625 0.015625 0.01953125
0 0.884375 0.701171875 0.015625 0.01953125
0 0.8984375 0.693359375 0.015625 0.01953125
0 0.9125 0.6796875 0.015625 0.01953125
0 0.8671875 0.66796875 0.015625 0.01953125
0 0.8359375 0.66015625 0.015625 0.01953125
0 0.8328125 0.634765625 0.015625 0.01953125
0 0.815625 0.625 0.015625 0.01953125
0 0.8078125 0.607421875 0.015625 0.01953125
0 0.8 0.58984375 0.015625 0.01953125
0 0.784375 0.599609375 0.015625 0.01953125
0 0.7703125 0.599609375 0.015625 0.01953125
0 0.7890625 0.6328125 0.015625 0.01953125
0 0.803125 0.666015625 0.015625 0.01953125
0 0.7984375 0.6875 0.015625 0.01953125
0 0.65625 0.6328125 0.015625 0.01953125
0 0.659375 0.64453125 0.015625 0.01953125
0 0.7375 0.375 0.015625 0.01953125
0 0.74375 0.341796875 0.015625 0.01953125
0 0.74375 0.353515625 0.015625 0.01953125
0 0.7984375 0.328125 0.015625 0.01953125
0 0.7953125 0.38671875 0.015625 0.01953125
0 0.853125 0.427734375 0.015625 0.01953125
0 0.8625 0.548828125 0.015625 0.01953125
0 0.865625 0.556640625 0.015625 0.01953125
0 0.865625 0.5703125 0.015625 0.01953125
0 0.8859375 0.5546875 0.015625 0.01953125
0 0.946875 0.5703125 0.015625 0.01953125
0 0.95 0.611328125 0.015625 0.01953125
0 0.9375 0.609375 0.015625 0.01953125
0 0.9 0.611328125 0.015625 0.01953125
0 0.95 0.732421875 0.015625 0.01953125
0 0.778125 0.53125 0.015625 0.01953125
0 0.5578125 0.529296875 0.015625 0.01953125
0 0.515625 0.546875 0.015625 0.01953125
0 0.5046875 0.568359375 0.015625 0.01953125
0 0.5015625 0.5546875 0.015625 0.01953125
0 0.015625 0.4609375 0.015625 0.01953125
0 0.9953125 0.490234375 0.015625 0.01953125
