0 0.9125 0.77734375 0.015625 0.01953125
0 0.896875 0.7578125 0.015625 0.01953125
0 0.8953125 0.740234375 0.015625 0.01953125
0 0.9421875 0.68359375 0.015625 0.01953125
0 0.9296875 0.685546875 0.015625 0.01953125
0 0.9859375 0.73046875 0.015625 0.01953125
0 0.99375 0.798828125 0.015625 0.01953125
0 0.984375 0.580078125 0.015625 0.01953125
0 0.9703125 0.58203125 0.015625 0.01953125
0 0.9578125 0.580078125 0.015625 0.01953125
0 0.9171875 0.560546875 0.015625 0.01953125
0 0.9046875 0.56640625 0.015625 0.01953125
0 0.9 0.556640625 0.015625 0.01953125
0 0.8921875 0.5703125 0.015625 0.01953125
0 0.9078125 0.46484375 0.015625 0.01953125
0 0.984375 0.369140625 0.015625 0.01953125
0 0.809375 0.376953125 0.015625 0.01953125
0 0.8125 0.3671875 0.015625 0.01953125
0 0.8171875 0.357421875 0.015625 0.01953125
0 0.7703125 0.388671875 0.015625 0.01953125
0 0.765625 0.3984375 0.015625 0.01953125
0 0.7515625 0.408203125 0.015625 0.01953125
0 0.8140625 0.54296875 0.015625 0.01953125
0 0.8234375 0.583984375 0.015625 0.01953125
0 0.8296875 0.58984375 0.015625 0.01953125
0 0.8390625 0.61328125 0.015625 0.01953125
0 0.8390625 0.630859375 0.015625 0.01953125
0 0.8609375 0.638671875 0.015625 0.01953125
0 0.86875 0.65625 0.015625 0.01953125
0 0.8328125 0.66796875 0.015625 0.01953125
0 0.8359375 0.693359375 0.015625 0.01953125
0 0.884375 0.67578125 0.015625 0.01953125
0 0.7609375 0.736328125 0.015625 0.01953125
0 0.7625 0.759765625 0.015625 0.01953125
0 0.759375 0.775390625 0.015625 0.01953125
0 0.7765625 0.775390625 0.015625 0.01953125
0 0.746875 0.720703125 0.015625 0.01953125
0 0.6828125 0.767578125 0.015625 0.01953125
0 0.7015625 0.751953125 0.015625 0.01953125
0 0.609375 0.705078125 0.015625 0.01953125
0 0.6046875 0.69921875 0.015625 0.01953125
0 0.69375 0.640625 0.015625 0.01953125
0 0.5484375 0.55078125 0.015625 0.01953125
0 0.5359375 0.548828125 0.015625 0.01953125
0 0.546875 0.56640625 0.015625 0.01953125
0 0.5265625 0.53125 0.015625 0.01953125
0 0.5046875 0.515625 0.015625 0.01953125
0 0.4859375 0.46875 0.015625 0.01953125
0 0.4828125 0.482421875 0.015625 0.01953125
0 0.471875 0.4921875 0.015625 0.01953125
0 0.3734375 0.384765625 0.015625 0.01953125
0 0.375 0.373046875 0.015625 0.01953125
0 0.33125 0.39453125 0.015625 0.01953125
0 0.3359375 0.447265625 0.015625 0.01953125
0 0.3859375 0.591796875 0.015625 0.01953125
0 0.3859375 0.61328125 0.015625 0.01953125
0 0.3375 0.66015625 0.015625 0.01953125
0 0.340625 0.69140625 0.015625 0.01953125
0 0.5953125 0.384765625 0.015625 0.01953125
0 0.56875 0.326171875 0.015625 0.01953125
0 0.56875 0.46484375 0.015625 0.01953125
0 0.228125 0.54296875 0.015625 0.01953125
0 0.2046875 0.560546875 0.015625 0.01953125
0 0.0765625 0.490234375 0.015625 0.01953125
0 0.0078125 0.451171875 0.015625 0.01953125
0 0.0125 0.30078125 0.015625 0.01953125
0 0.4796875 0.76953125 0.015625 0.01953125
0 0.475 0.755859375 0.015625 0.01953125
0 0.40625 0.77734375 0.015625 0.01953125
