0 0.453125 0.498046875 0.015625 0.01953125
0 0.4640625 0.482421875 0.015625 0.01953125
0 0.409375 0.45703125 0.015625 0.01953125
0 0.446875 0.3828125 0.015625 0.01953125
0 0.303125 0.412109375 0.015625 0.01953125
0 0.2984375 0.41015625 0.015625 0.01953125
0 0.0171875 0.3515625 0.015625 0.01953125
0 0.0140625 0.330078125 0.015625 0.01953125
0 0.0171875 0.453125 0.015625 0.01953125
0 0.0390625 0.490234375 0.015625 0.01953125
0 0.296875 0.716796875 0.015625 0.01953125
0 0.296875 0.685546875 0.015625 0.01953125
0 0.3484375 0.626953125 0.015625 0.01953125
0 0.3484375 0.611328125 0.015625 0.01953125
0 0.3484375 0.599609375 0.015625 0.01953125
0 0.2859375 0.548828125 0.015625 0.01953125
0 0.265625 0.568359375 0.015625 0.01953125
0 0.475 0.548828125 0.015625 0.01953125
0 0.4484375 0.515625 0.015625 0.01953125
0 0.55625 0.5625 0.015625 0.01953125
0 0.553125 0.580078125 0.015625 0.01953125
0 0.5421875 0.56640625 0.015625 0.01953125
0 0.5703125 0.55078125 0.015625 0.01953125
0 0.63125 0.515625 0.015625 0.01953125
0 0.696875 0.646484375 0.015625 0.01953125
0 0.68125 0.681640625 0.015625 0.01953125
0 0.6875 0.701171875 0.015625 0.01953125
0 0.4703125 0.779296875 0.015625 0.01953125
0 0.7484375 0.78125 0.015625 0.01953125
0 0.7578125 0.744140625 0.015625 0.01953125
0 0.7703125 0.77734375 0.015625 0.01953125
0 0.7703125 0.798828125 0.015625 0.01953125
0 0.7921875 0.826171875 0.015625 0.01953125
0 0.6953125 0.85546875 0.015625 0.01953125
0 0.890625 0.8203125 0.015625 0.01953125
0 0.9296875 0.787109375 0.015625 0.01953125
0 0.909375 0.775390625 0.015625 0.01953125
0 0.909375 0.75 0.015625 0.01953125
0 0.94375 0.708984375 0.015625 0.01953125
0 0.9546875 0.705078125 0.015625 0.01953125
0 0.9453125 0.630859375 0.015625 0.01953125
0 0.871875 0.650390625 0.015625 0.01953125
0 0.8765625 0.681640625 0.015625 0.01953125
0 0.8515625 0.68359375 0.015625 0.01953125
0 0.8625 0.68359375 0.015625 0.01953125
0 0.8515625 0.70703125 0.015625 0.01953125
0 0.8390625 0.673828125 0.015625 0.01953125
0 0.8546875 0.642578125 0.015625 0.01953125
0 0.853125 0.626953125 0.015625 0.01953125
0 0.84375 0.607421875 0.015625 0.01953125
0 0.8390625 0.595703125 0.015625 0.01953125
0 0.8296875 0.62109375 0.015625 0.01953125
0 0.8140625 0.6015625 0.015625 0.01953125
0 0.83125 0.548828125 0.015625 0.01953125
0 0.765625 0.427734375 0.015625 0.01953125
0 0.725 0.40234375 0.015625 0.01953125
0 0.6765625 0.384765625 0.015625 0.01953125
0 0.553125 0.328125 0.015625 0.01953125
0 0.8703125 0.3828125 0.015625 0.01953125
0 0.865625 0.3984375 0.015625 0.01953125
0 0.8421875 0.34765625 0.015625 0.01953125
0 0.9328125 0.376953125 0.015625 0.01953125
0 0.94375 0.376953125 0.015625 0.01953125
0 0.9234375 0.505859375 0.015625 0.01953125
0 0.9109375 0.556640625 0.015625 0.01953125
0 0.9140625 0.57421875 0.015625 0.01953125
0 0.90625 0.58984375 0.015625 0.01953125
0 0.921875 0.583984375 0.015625 0.01953125
0 0.9578125 0.552734375 0.015625 0.01953125
0 0.9671875 0.55078125 0.015625 0.01953125
0 0.9921875 0.748046875 0.015625 0.01953125
0 0.996875 0.5859375 0.015625 0.01953125
