0 0.2921875 0.328125 0.015625 0.01953125
0 0.271875 0.369140625 0.015625 0.01953125
0 0.2328125 0.455078125 0.015625 0.01953125
0 0.18125 0.48828125 0.015625 0.01953125
0 0.18125 0.470703125 0.015625 0.01953125
0 0.1734375 0.505859375 0.015625 0.01953125
0 0.1734375 0.546875 0.015625 0.01953125
0 0.1 0.55078125 0.015625 0.01953125
0 0.08125 0.5625 0.015625 0.01953125
0 0.0703125 0.587890625 0.015625 0.01953125
0 0.0640625 0.60546875 0.015625 0.01953125
0 0.0390625 0.41796875 0.015625 0.01953125
0 0.025 0.40234375 0.015625 0.01953125
0 0.04375 0.359375 0.015625 0.01953125
0 0.00625 0.705078125 0.015625 0.01953125
0 0.003125 0.677734375 0.015625 0.01953125
0 0.3078125 0.580078125 0.015625 0.01953125
0 0.3140625 0.556640625 0.015625 0.01953125
0 0.3 0.5625 0.015625 0.01953125
0 0.4546875 0.64453125 0.015625 0.01953125
0 0.3515625 0.732421875 0.015625 0.01953125
0 0.3421875 0.72265625 0.015625 0.01953125
0 0.365625 0.810546875 0.015625 0.01953125
0 0.5015625 0.767578125 0.015625 0.01953125
0 0.4953125 0.751953125 0.015625 0.01953125
0 0.490625 0.728515625 0.015625 0.01953125
0 0.4875 0.765625 0.015625 0.01953125
0 0.5203125 0.748046875 0.015625 0.01953125
0 0.5078125 0.78515625 0.015625 0.01953125
0 0.6 0.78515625 0.015625 0.01953125
0 0.6703125 0.796875 0.015625 0.01953125
0 0.6609375 0.7734375 0.015625 0.01953125
0 0.6625 0.748046875 0.015625 0.01953125
0 0.615625 0.71484375 0.015625 0.01953125
0 0.625 0.697265625 0.015625 0.01953125
0 0.621875 0.689453125 0.015625 0.01953125
0 0.63125 0.673828125 0.015625 0.01953125
0 0.6328125 0.64453125 0.015625 0.01953125
0 0.609375 0.64453125 0.015625 0.01953125
0 0.603125 0.6171875 0.015625 0.01953125
0 0.6 0.603515625 0.015625 0.01953125
0 0.5921875 0.59375 0.015625 0.01953125
0 0.5796875 0.578125 0.015625 0.01953125
0 0.5828125 0.541015625 0.015625 0.01953125
0 0.5796875 0.626953125 0.015625 0.01953125
0 0.590625 0.64453125 0.015625 0.01953125
0 0.496875 0.63671875 0.015625 0.01953125
0 0.4875 0.62890625 0.015625 0.01953125
0 0.5265625 0.416015625 0.015625 0.01953125
0 0.5109375 0.39453125 0.015625 0.01953125
0 0.4296875 0.423828125 0.015625 0.01953125
0 0.4265625 0.40234375 0.015625 0.01953125
0 0.434375 0.529296875 0.015625 0.01953125
0 0.371875 0.548828125 0.015625 0.01953125
0 0.6625 0.380859375 0.015625 0.01953125
0 0.6546875 0.3984375 0.015625 0.01953125
0 0.6671875 0.400390625 0.015625 0.01953125
0 0.65 0.357421875 0.015625 0.01953125
0 0.6578125 0.34375 0.015625 0.01953125
0 0.9 0.390625 0.015625 0.01953125
0 0.8921875 0.3984375 0.015625 0.01953125
0 0.8828125 0.427734375 0.015625 0.01953125
0 0.875 0.466796875 0.015625 0.01953125
0 0.8921875 0.484375 0.015625 0.01953125
0 0.80625 0.5078125 0.015625 0.01953125
0 0.7390625 0.50390625 0.015625 0.01953125
0 0.7515625 0.580078125 0.015625 0.01953125
0 0.8671875 0.546875 0.015625 0.01953125
0 0.8984375 0.57421875 0.015625 0.01953125
0 0.9 0.611328125 0.015625 0.01953125
0 0.8953125 0.630859375 0.015625 0.01953125
0 0.884375 0.640625 0.015625 0.01953125
0 0.8046875 0.83984375 0.015625 0.01953125
0 0.7796875 0.833984375 0.015625 0.01953125
0 0.74375 0.904296875 0.015625 0.01953125
0 0.721875 0.927734375 0.015625 0.01953125
0 0.73125 0.939453125 0.015625 0.01953125
0 0.728125 0.953125 0.015625 0.01953125
0 0.7484375 0.75 0.015625 0.01953125
0 0.709375 0.697265625 0.015625 0.01953125
0 0.6921875 0.703125 0.015625 0.01953125
0 0.70625 0.623046875 0.015625 0.01953125
0 0.8140625 0.3359375 0.015625 0.01953125
0 0.7859375 0.408203125 0.015625 0.01953125
0 0.7296875 0.5 0.015625 0.01953125
0 0.875 0.484375 0.015625 0.01953125
