0 0.3671875 0.6328125 0.015625 0.01953125
0 0.3421875 0.646484375 0.015625 0.01953125
0 0.3359375 0.62109375 0.015625 0.01953125
0 0.3328125 0.59375 0.015625 0.01953125
0 0.3234375 0.5859375 0.015625 0.01953125
0 0.315625 0.580078125 0.015625 0.01953125
0 0.3265625 0.544921875 0.015625 0.01953125
0 0.3203125 0.626953125 0.015625 0.01953125
0 0.3046875 0.625 0.015625 0.01953125
0 0.278125 0.568359375 0.015625 0.01953125
0 0.2640625 0.56640625 0.015625 0.01953125
0 0.2234375 0.556640625 0.015625 0.01953125
0 0.1609375 0.560546875 0.015625 0.01953125
0 0.1859375 0.630859375 0.015625 0.01953125
0 0.1375 0.7421875 0.015625 0.01953125
0 0.1359375 0.697265625 0.015625 0.01953125
0 0.0640625 0.765625 0.015625 0.01953125
0 0.0484375 0.748046875 0.015625 0.01953125
0 0.0484375 0.81640625 0.015625 0.01953125
0 0.0609375 0.556640625 0.015625 0.01953125
0 0.059375 0.572265625 0.015625 0.01953125
0 0.05 0.546875 0.015625 0.01953125
0 0.040625 0.5703125 0.015625 0.01953125
0 0.0796875 0.3671875 0.015625 0.01953125
0 0.0390625 0.443359375 0.015625 0.01953125
0 0.025 0.3359375 0.015625 0.01953125
0 0.35625 0.306640625 0.015625 0.01953125
0 0.35 0.30859375 0.015625 0.01953125
0 0.3140625 0.392578125 0.015625 0.01953125
0 0.2640625 0.423828125 0.015625 0.01953125
0 0.446875 0.384765625 0.015625 0.01953125
0 0.4296875 0.39453125 0.015625 0.01953125
0 0.453125 0.4140625 0.015625 0.01953125
0 0.5765625 0.3984375 0.015625 0.01953125
0 0.5890625 0.37890625 0.015625 0.01953125
0 0.615625 0.330078125 0.015625 0.01953125
0 0.56875 0.42578125 0.015625 0.01953125
0 0.4890625 0.462890625 0.015625 0.01953125
0 0.503125 0.486328125 0.015625 0.01953125
0 0.421875 0.52734375 0.015625 0.01953125
0 0.421875 0.564453125 0.015625 0.01953125
0 0.403125 0.580078125 0.015625 0.01953125
0 0.4 0.5546875 0.015625 0.01953125
0 0.6296875 0.48046875 0.015625 0.01953125
0 0.5984375 0.548828125 0.015625 0.01953125
0 0.609375 0.4765625 0.015625 0.01953125
0 0.60625 0.5703125 0.015625 0.01953125
0 0.49375 0.583984375 0.015625 0.01953125
0 0.634375 0.61328125 0.015625 0.01953125
0 0.6234375 0.625 0.015625 0.01953125
0 0.6203125 0.599609375 0.015625 0.01953125
0 0.6234375 0.580078125 0.015625 0.01953125
0 0.653125 0.578125 0.015625 0.01953125
0 0.60625 0.693359375 0.015625 0.01953125
0 0.5375 0.779296875 0.015625 0.01953125
0 0.5125 0.787109375 0.015625 0.01953125
0 0.4609375 0.873046875 0.015625 0.01953125
0 0.4453125 0.927734375 0.015625 0.01953125
0 0.453125 0.9296875 0.015625 0.01953125
0 0.45625 0.953125 0.015625 0.01953125
0 0.3921875 0.92578125 0.015625 0.01953125
0 0.384375 0.9453125 0.015625 0.01953125
0 0.3859375 0.923828125 0.015625 0.01953125
0 0.88125 0.92578125 0.015625 0.01953125
0 0.7515625 0.947265625 0.015625 0.01953125
0 0.653125 0.435546875 0.015625 0.01953125
0 0.1203125 0.408203125 0.015625 0.01953125
