0 0.1140625 0.658203125 0.015625 0.01953125
0 0.08125 0.6328125 0.015625 0.01953125
0 0.1125 0.6875 0.015625 0.01953125
0 0.1125 0.720703125 0.015625 0.01953125
0 0.1296875 0.7109375 0.015625 0.01953125
0 0.1234375 0.70703125 0.015625 0.01953125
0 0.11875 0.751953125 0.015625 0.01953125
0 0.175 0.65625 0.015625 0.01953125
0 0.1578125 0.5546875 0.015625 0.01953125
0 0.109375 0.52734375 0.015625 0.01953125
0 0.0875 0.5859375 0.015625 0.01953125
0 0.175 0.384765625 0.015625 0.01953125
0 0.0421875 0.3359375 0.015625 0.01953125
0 0.275 0.3671875 0.015625 0.01953125
0 0.253125 0.404296875 0.015625 0.01953125
0 0.221875 0.4765625 0.015625 0.01953125
0 0.209375 0.462890625 0.015625 0.01953125
0 0.2125 0.50390625 0.015625 0.01953125
0 0.20625 0.53515625 0.015625 0.01953125
0 0.2 0.5546875 0.015625 0.01953125
0 0.221875 0.546875 0.015625 0.01953125
0 0.2328125 0.556640625 0.015625 0.01953125
0 0.2328125 0.576171875 0.015625 0.01953125
0 0.2078125 0.57421875 0.015625 0.01953125
0 0.2203125 0.591796875 0.015625 0.01953125
0 0.2375 0.595703125 0.015625 0.01953125
0 0.253125 0.599609375 0.015625 0.01953125
0 0.2515625 0.62109375 0.015625 0.01953125
0 0.2625 0.703125 0.015625 0.01953125
0 0.2671875 0.732421875 0.015625 0.01953125
0 0.2796875 0.75 0.015625 0.01953125
0 0.334375 0.669921875 0.015625 0.01953125
0 0.3234375 0.650390625 0.015625 0.01953125
0 0.30625 0.65234375 0.015625 0.01953125
0 0.3171875 0.66796875 0.015625 0.01953125
0 0.3203125 0.69140625 0.015625 0.01953125
0 0.3328125 0.685546875 0.015625 0.01953125
0 0.35625 0.703125 0.015625 0.01953125
0 0.4359375 0.69140625 0.015625 0.01953125
0 0.4078125 0.705078125 0.015625 0.01953125
0 0.3984375 0.61328125 0.015625 0.01953125
0 0.378125 0.54296875 0.015625 0.01953125
0 0.325 0.580078125 0.015625 0.01953125
0 0.315625 0.525390625 0.015625 0.01953125
0 0.303125 0.53125 0.015625 0.01953125
0 0.3 0.5234375 0.015625 0.01953125
0 0.321875 0.484375 0.015625 0.01953125
0 0.3609375 0.501953125 0.015625 0.01953125
0 0.3953125 0.380859375 0.015625 0.01953125
0 0.375 0.359375 0.015625 0.01953125
0 0.3859375 0.3203125 0.015625 0.01953125
0 0.4390625 0.341796875 0.015625 0.01953125
0 0.4265625 0.3515625 0.015625 0.01953125
0 0.415625 0.400390625 0.015625 0.01953125
0 0.415625 0.4296875 0.015625 0.01953125
0 0.265625 0.306640625 0.015625 0.01953125
0 0.2359375 0.2109375 0.015625 0.01953125
0 0.2234375 0.216796875 0.015625 0.01953125
0 0.503125 0.39453125 0.015625 0.01953125
0 0.509375 0.44921875 0.015625 0.01953125
0 0.5234375 0.44921875 0.015625 0.01953125
0 0.434375 0.47265625 0.015625 0.01953125
0 0.4453125 0.43359375 0.015625 0.01953125
0 0.546875 0.4453125 0.015625 0.01953125
0 0.515625 0.576171875 0.015625 0.01953125
0 0.53125 0.564453125 0.015625 0.01953125
0 0.51875 0.533203125 0.015625 0.01953125
0 0.465625 0.55859375 0.015625 0.01953125
0 0.4890625 0.51953125 0.015625 0.01953125
0 0.5359375 0.708984375 0.015625 0.01953125
0 0.36875 0.90234375 0.015625 0.01953125
0 0.359375 0.888671875 0.015625 0.01953125
0 0.3421875 0.869140625 0.015625 0.01953125
0 0.3265625 0.892578125 0.015625 0.01953125
0 0.3359375 0.9375 0.015625 0.01953125
0 0.71875 0.83984375 0.015625 0.01953125
0 0.725 0.869140625 0.015625 0.01953125
0 0.634375 0.91796875 0.015625 0.01953125
0 0.925 0.986328125 0.015625 0.01953125
0 0.9625 0.9375 0.015625 0.01953125
0 0.9625 0.90234375 0.015625 0.01953125
0 0.9625 0.87109375 0.015625 0.01953125
