0 0.31875 0.478515625 0.015625 0.01953125
0 0.30625 0.484375 0.015625 0.01953125
0 0.296875 0.54296875 0.015625 0.01953125
0 0.2921875 0.55078125 0.015625 0.01953125
0 0.28125 0.529296875 0.015625 0.01953125
0 0.146875 0.44140625 0.015625 0.01953125
0 0.0140625 0.404296875 0.015625 0.01953125
0 0.3234375 0.283203125 0.015625 0.01953125
0 0.34375 0.43359375 0.015625 0.01953125
0 0.50625 0.40625 0.015625 0.01953125
0 0.5125 0.3984375 0.015625 0.01953125
0 0.55 0.35546875 0.015625 0.01953125
0 0.6171875 0.3828125 0.015625 0.01953125
0 0.621875 0.3671875 0.015625 0.01953125
0 0.6421875 0.404296875 0.015625 0.01953125
0 0.6265625 0.396484375 0.015625 0.01953125
0 0.6265625 0.4140625 0.015625 0.01953125
0 0.5484375 0.5546875 0.015625 0.01953125
0 0.5609375 0.57421875 0.015625 0.01953125
0 0.575 0.5703125 0.015625 0.01953125
0 0.578125 0.587890625 0.015625 0.01953125
0 0.575 0.599609375 0.015625 0.01953125
0 0.584375 0.623046875 0.015625 0.01953125
0 0.59375 0.638671875 0.015625 0.01953125
0 0.6109375 0.626953125 0.015625 0.01953125
0 0.61875 0.6015625 0.015625 0.01953125
0 0.609375 0.66015625 0.015625 0.01953125
0 0.5765625 0.658203125 0.015625 0.01953125
0 0.565625 0.658203125 0.015625 0.01953125
0 0.5484375 0.66796875 0.015625 0.01953125
0 0.4984375 0.716796875 0.015625 0.01953125
0 0.478125 0.712890625 0.015625 0.01953125
0 0.475 0.734375 0.015625 0.01953125
0 0.4703125 0.73046875 0.015625 0.01953125
0 0.4578125 0.76171875 0.015625 0.01953125
0 0.45 0.75 0.015625 0.01953125
0 0.4796875 0.775390625 0.015625 0.01953125
0 0.4828125 0.80078125 0.015625 0.01953125
0 0.446875 0.857421875 0.015625 0.01953125
0 0.6515625 0.56640625 0.015625 0.01953125
0 0.653125 0.546875 0.015625 0.01953125
0 0.6734375 0.55078125 0.015625 0.01953125
0 0.66875 0.5078125 0.015625 0.01953125
0 0.534375 0.494140625 0.015625 0.01953125
0 0.4859375 0.546875 0.015625 0.01953125
0 0.4359375 0.623046875 0.015625 0.01953125
0 0.1328125 0.44140625 0.015625 0.01953125
0 0.7578125 0.439453125 0.015625 0.01953125
0 0.7390625 0.46484375 0.015625 0.01953125
0 0.73125 0.458984375 0.015625 0.01953125
0 0.803125 0.416015625 0.015625 0.01953125
0 0.8046875 0.390625 0.015625 0.01953125
0 0.815625 0.380859375 0.015625 0.01953125
0 0.78125 0.376953125 0.015625 0.01953125
0 0.8734375 0.416015625 0.015625 0.01953125
0 0.8734375 0.427734375 0.015625 0.01953125
0 0.8765625 0.46875 0.015625 0.01953125
0 0.859375 0.46875 0.015625 0.01953125
0 0.78125 0.486328125 0.015625 0.01953125
0 0.7390625 0.5703125 0.015625 0.01953125
0 0.7125 0.5703125 0.015625 0.01953125
0 0.70625 0.59375 0.015625 0.01953125
0 0.6859375 0.607421875 0.015625 0.01953125
0 0.715625 0.63671875 0.015625 0.01953125
0 0.73125 0.62109375 0.015625 0.01953125
0 0.80625 0.58984375 0.015625 0.01953125
0 0.8625 0.56640625 0.015625 0.01953125
0 0.871875 0.587890625 0.015625 0.01953125
0 0.871875 0.61328125 0.015625 0.01953125
0 0.853125 0.70703125 0.015625 0.01953125
0 0.8625 0.72265625 0.015625 0.01953125
0 0.840625 0.734375 0.015625 0.01953125
0 0.88125 0.767578125 0.015625 0.01953125
0 0.9171875 0.720703125 0.015625 0.01953125
0 0.70625 0.720703125 0.015625 0.01953125
0 0.6765625 0.67578125 0.015625 0.01953125
0 0.6578125 0.6796875 0.015625 0.01953125
0 0.625 0.728515625 0.015625 0.01953125
0 0.696875 0.791015625 0.015625 0.01953125
0 0.6953125 0.775390625 0.015625 0.01953125
0 0.640625 0.896484375 0.015625 0.01953125
0 0.6609375 0.8671875 0.015625 0.01953125
0 0.821875 0.9296875 0.015625 0.01953125
0 0.8375 0.94140625 0.015625 0.01953125
0 0.8328125 0.95703125 0.015625 0.01953125
0 0.8265625 0.978515625 0.015625 0.01953125
0 0.8859375 0.96875 0.015625 0.01953125
0 0.9078125 0.96875 0.015625 0.01953125
0 0.915625 0.98046875 0.015625 0.01953125
0 0.9609375 0.9375 0.015625 0.01953125
