0 0.2109375 0.44140625 0.015625 0.01953125
0 0.1390625 0.412109375 0.015625 0.01953125
0 0.0875 0.439453125 0.015625 0.01953125
0 0.08125 0.4609375 0.015625 0.01953125
0 0.0625 0.4765625 0.015625 0.01953125
0 0.1015625 0.720703125 0.015625 0.01953125
0 0.115625 0.626953125 0.015625 0.01953125
0 0.1890625 0.6328125 0.015625 0.01953125
0 0.4234375 0.548828125 0.015625 0.01953125
0 0.4296875 0.5625 0.015625 0.01953125
0 0.4390625 0.552734375 0.015625 0.01953125
0 0.49375 0.501953125 0.015625 0.01953125
0 0.50625 0.47265625 0.015625 0.01953125
0 0.4578125 0.453125 0.015625 0.01953125
0 0.68125 0.40234375 0.015625 0.01953125
0 0.6578125 0.41015625 0.015625 0.01953125
0 0.640625 0.4140625 0.015625 0.01953125
0 0.690625 0.3828125 0.015625 0.01953125
0 0.696875 0.375 0.015625 0.01953125
0 0.4828125 0.28515625 0.015625 0.01953125
0 0.7453125 0.375 0.015625 0.01953125
0 0.953125 0.421875 0.015625 0.01953125
0 0.959375 0.4140625 0.015625 0.01953125
0 0.9515625 0.396484375 0.015625 0.01953125
0 0.9671875 0.380859375 0.015625 0.01953125
0 0.875 0.4609375 0.015625 0.01953125
0 0.8109375 0.529296875 0.015625 0.01953125
0 0.790625 0.556640625 0.015625 0.01953125
0 0.8125 0.5703125 0.015625 0.01953125
0 0.78125 0.5703125 0.015625 0.01953125
0 0.796875 0.57421875 0.015625 0.01953125
0 0.803125 0.599609375 0.015625 0.01953125
0 0.725 0.58984375 0.015625 0.01953125
0 0.7140625 0.5859375 0.015625 0.01953125
0 0.7234375 0.55859375 0.015625 0.01953125
0 0.7015625 0.572265625 0.015625 0.01953125
0 0.6734375 0.501953125 0.015625 0.01953125
0 0.5890625 0.541015625 0.015625 0.01953125
0 0.571875 0.626953125 0.015625 0.01953125
0 0.5640625 0.626953125 0.015625 0.01953125
0 0.55 0.626953125 0.015625 0.01953125
0 0.721875 0.611328125 0.015625 0.01953125
0 0.7375 0.62890625 0.015625 0.01953125
0 0.7515625 0.6328125 0.015625 0.01953125
0 0.7421875 0.65625 0.015625 0.01953125
0 0.7140625 0.640625 0.015625 0.01953125
0 0.7515625 0.666015625 0.015625 0.01953125
0 0.7375 0.705078125 0.015625 0.01953125
0 0.65625 0.720703125 0.015625 0.01953125
0 0.65 0.78125 0.015625 0.01953125
0 0.634375 0.775390625 0.015625 0.01953125
0 0.621875 0.775390625 0.015625 0.01953125
0 0.6265625 0.802734375 0.015625 0.01953125
0 0.6765625 0.771484375 0.015625 0.01953125
0 0.76875 0.734375 0.015625 0.01953125
0 0.70625 0.822265625 0.015625 0.01953125
0 0.6640625 0.8671875 0.015625 0.01953125
0 0.65625 0.87890625 0.015625 0.01953125
0 0.7796875 0.83203125 0.015625 0.01953125
0 0.8578125 0.7890625 0.015625 0.01953125
0 0.91875 0.888671875 0.015625 0.01953125
0 0.9765625 0.7734375 0.015625 0.01953125
0 0.9859375 0.705078125 0.015625 0.01953125
0 0.90625 0.634765625 0.015625 0.01953125
0 0.8734375 0.623046875 0.015625 0.01953125
0 0.8546875 0.626953125 0.015625 0.01953125
0 0.859375 0.634765625 0.015625 0.01953125
0 0.8390625 0.634765625 0.015625 0.01953125
0 0.821875 0.623046875 0.015625 0.01953125
0 0.8296875 0.66015625 0.015625 0.01953125
0 0.8015625 0.69140625 0.015625 0.01953125
0 0.7828125 0.701171875 0.015625 0.01953125
0 0.88125 0.580078125 0.015625 0.01953125
0 0.9375 0.470703125 0.015625 0.01953125
0 0.9953125 0.484375 0.015625 0.01953125
0 0.9828125 0.546875 0.015625 0.01953125
0 0.9484375 0.583984375 0.015625 0.01953125
0 0.2859375 0.302734375 0.015625 0.01953125
0 0.1625 0.26953125 0.015625 0.01953125
