0 0.1859375 0.470703125 0.015625 0.01953125
0 0.190625 0.4453125 0.015625 0.01953125
0 0.1734375 0.478515625 0.015625 0.01953125
0 0.0046875 0.453125 0.015625 0.01953125
0 0.0046875 0.533203125 0.015625 0.01953125
0 0.0078125 0.55859375 0.015625 0.01953125
0 0.2921875 0.447265625 0.015625 0.01953125
0 0.284375 0.462890625 0.015625 0.01953125
0 0.56875 0.564453125 0.015625 0.01953125
0 0.5796875 0.580078125 0.015625 0.01953125
0 0.58125 0.560546875 0.015625 0.01953125
0 0.6140625 0.494140625 0.015625 0.01953125
0 0.6875 0.548828125 0.015625 0.01953125
0 0.6921875 0.505859375 0.015625 0.01953125
0 0.703125 0.478515625 0.015625 0.01953125
0 0.6609375 0.302734375 0.015625 0.01953125
0 0.653125 0.30078125 0.015625 0.01953125
0 0.3375 0.279296875 0.015625 0.01953125
0 0.796875 0.40234375 0.015625 0.01953125
0 0.7875 0.416015625 0.015625 0.01953125
0 0.7421875 0.400390625 0.015625 0.01953125
0 0.784375 0.431640625 0.015625 0.01953125
0 0.7953125 0.43359375 0.015625 0.01953125
0 0.9375 0.40234375 0.015625 0.01953125
0 0.940625 0.392578125 0.015625 0.01953125
0 0.9875 0.509765625 0.015625 0.01953125
0 0.9515625 0.544921875 0.015625 0.01953125
0 0.959375 0.583984375 0.015625 0.01953125
0 0.9375 0.57421875 0.015625 0.01953125
0 0.94375 0.591796875 0.015625 0.01953125
0 0.93125 0.59375 0.015625 0.01953125
0 0.8703125 0.591796875 0.015625 0.01953125
0 0.859375 0.599609375 0.015625 0.01953125
0 0.8421875 0.595703125 0.015625 0.01953125
0 0.8171875 0.51953125 0.015625 0.01953125
0 0.7421875 0.6015625 0.015625 0.01953125
0 0.734375 0.59765625 0.015625 0.01953125
0 0.7234375 0.646484375 0.015625 0.01953125
0 0.7421875 0.75390625 0.015625 0.01953125
0 0.809375 0.771484375 0.015625 0.01953125
0 0.8078125 0.787109375 0.015625 0.01953125
0 0.8015625 0.82421875 0.015625 0.01953125
0 0.7875 0.82421875 0.015625 0.01953125
0 0.76875 0.810546875 0.015625 0.01953125
0 0.7796875 0.869140625 0.015625 0.01953125
0 0.846875 0.796875 0.015625 0.01953125
0 0.865625 0.884765625 0.015625 0.01953125
0 0.903125 0.78125 0.015625 0.01953125
0 0.9375 0.7421875 0.015625 0.01953125
0 0.9375 0.724609375 0.015625 0.01953125
0 0.9375 0.69921875 0.015625 0.01953125
0 0.96875 0.67578125 0.015625 0.01953125
0 0.971875 0.63671875 0.015625 0.01953125
0 0.9921875 0.62109375 0.015625 0.01953125
0 0.9953125 0.56640625 0.015625 0.01953125
0 0.9765625 0.57421875 0.015625 0.01953125
0 0.925 0.728515625 0.015625 0.01953125
0 0.9125 0.72265625 0.015625 0.01953125
0 0.915625 0.75390625 0.015625 0.01953125
0 0.8828125 0.65234375 0.015625 0.01953125
0 0.8765625 0.6328125 0.015625 0.01953125
0 0.8625 0.615234375 0.015625 0.01953125
0 0.8734375 0.603515625 0.015625 0.01953125
0 0.8609375 0.658203125 0.015625 0.01953125
