0 0.03125 0.32421875 0.015625 0.01953125
0 0.028125 0.197265625 0.015625 0.01953125
0 0.0171875 0.197265625 0.015625 0.01953125
0 0.0484375 0.322265625 0.015625 0.01953125
0 0.053125 0.310546875 0.015625 0.01953125
0 0.1125 0.37890625 0.015625 0.01953125
0 0.121875 0.390625 0.015625 0.01953125
0 0.1078125 0.47265625 0.015625 0.01953125
0 0.0703125 0.646484375 0.015625 0.01953125
0 0.059375 0.6484375 0.015625 0.01953125
0 0.0640625 0.681640625 0.015625 0.01953125
0 0.0796875 0.8359375 0.015625 0.01953125
0 0.0828125 0.814453125 0.015625 0.01953125
0 0.2484375 0.771484375 0.015625 0.01953125
0 0.1265625 0.919921875 0.015625 0.01953125
0 0.13125 0.9296875 0.015625 0.01953125
0 0.1375 0.587890625 0.015625 0.01953125
0 0.16875 0.59765625 0.015625 0.01953125
0 0.1640625 0.556640625 0.015625 0.01953125
0 0.15625 0.541015625 0.015625 0.01953125
0 0.1515625 0.546875 0.015625 0.01953125
0 0.1484375 0.525390625 0.015625 0.01953125
0 0.3578125 0.484375 0.015625 0.01953125
0 0.3671875 0.462890625 0.015625 0.01953125
0 0.3671875 0.455078125 0.015625 0.01953125
0 0.409375 0.4375 0.015625 0.01953125
0 0.4078125 0.46484375 0.015625 0.01953125
0 0.2984375 0.345703125 0.015625 0.01953125
0 0.2875 0.34375 0.015625 0.01953125
0 0.2421875 0.26171875 0.015625 0.01953125
0 0.234375 0.26171875 0.015625 0.01953125
0 0.8265625 0.369140625 0.015625 0.01953125
0 0.9140625 0.396484375 0.015625 0.01953125
0 0.9296875 0.37109375 0.015625 0.01953125
0 0.984375 0.328125 0.015625 0.01953125
0 0.9109375 0.505859375 0.015625 0.01953125
0 0.86875 0.5078125 0.015625 0.01953125
0 0.978125 0.3125 0.015625 0.01953125
0 0.9859375 0.640625 0.015625 0.01953125
0 0.8375 0.556640625 0.015625 0.01953125
0 0.8296875 0.568359375 0.015625 0.01953125
0 0.8265625 0.5546875 0.015625 0.01953125
