0 0.471875 0.46875 0.015625 0.01953125
0 0.471875 0.4453125 0.015625 0.01953125
0 0.4625 0.48046875 0.015625 0.01953125
0 0.490625 0.431640625 0.015625 0.01953125
0 0.2984375 0.59375 0.015625 0.01953125
0 0.2828125 0.59375 0.015625 0.01953125
0 0.240625 0.5546875 0.015625 0.01953125
0 0.2390625 0.5390625 0.015625 0.01953125
0 0.2359375 0.53125 0.015625 0.01953125
0 0.2078125 0.40234375 0.015625 0.01953125
0 0.2 0.384765625 0.015625 0.01953125
0 0.275 0.326171875 0.015625 0.01953125
0 0.1359375 0.306640625 0.015625 0.01953125
0 0.1140625 0.3203125 0.015625 0.01953125
0 0.4015625 0.2109375 0.015625 0.01953125
0 0.425 0.279296875 0.015625 0.01953125
0 0.4125 0.279296875 0.015625 0.01953125
0 0.1453125 0.642578125 0.015625 0.01953125
0 0.1375 0.654296875 0.015625 0.01953125
0 0.140625 0.666015625 0.015625 0.01953125
0 0.0375 0.650390625 0.015625 0.01953125
0 0.025 0.66796875 0.015625 0.01953125
0 0.0703125 0.703125 0.015625 0.01953125
0 0.065625 0.736328125 0.015625 0.01953125
0 0.0296875 0.72265625 0.015625 0.01953125
0 0.0390625 0.814453125 0.015625 0.01953125
0 0.0390625 0.8828125 0.015625 0.01953125
0 0.2453125 0.8203125 0.015625 0.01953125
0 0.24375 0.83203125 0.015625 0.01953125
0 0.1328125 0.744140625 0.015625 0.01953125
0 0.3234375 0.91796875 0.015625 0.01953125
0 0.3234375 0.939453125 0.015625 0.01953125
0 0.45 0.791015625 0.015625 0.01953125
0 0.778125 0.78515625 0.015625 0.01953125
0 0.96875 0.5703125 0.015625 0.01953125
0 0.975 0.55859375 0.015625 0.01953125
0 0.9625 0.552734375 0.015625 0.01953125
0 0.9578125 0.505859375 0.015625 0.01953125
0 0.8703125 0.330078125 0.015625 0.01953125
0 0.6515625 0.296875 0.015625 0.01953125
0 0.996875 0.392578125 0.015625 0.01953125
