0 0.215625 0.322265625 0.015625 0.01953125
0 0.2484375 0.30859375 0.015625 0.01953125
0 0.0640625 0.400390625 0.015625 0.01953125
0 0.0625 0.4296875 0.015625 0.01953125
0 0.0546875 0.4296875 0.015625 0.01953125
0 0.0234375 0.462890625 0.015625 0.01953125
0 0.1265625 0.625 0.015625 0.01953125
0 0.246875 0.6484375 0.015625 0.01953125
0 0.23125 0.677734375 0.015625 0.01953125
0 0.2375 0.69140625 0.015625 0.01953125
0 0.2046875 0.755859375 0.015625 0.01953125
0 0.2703125 0.744140625 0.015625 0.01953125
0 0.278125 0.705078125 0.015625 0.01953125
0 0.2453125 0.8125 0.015625 0.01953125
0 0.2390625 0.904296875 0.015625 0.01953125
0 0.2296875 0.91796875 0.015625 0.01953125
0 0.4234375 0.845703125 0.015625 0.01953125
0 0.4203125 0.82421875 0.015625 0.01953125
0 0.54375 0.94140625 0.015625 0.01953125
0 0.54375 0.92578125 0.015625 0.01953125
0 0.9421875 0.314453125 0.015625 0.01953125
0 0.75625 0.306640625 0.015625 0.01953125
0 0.596875 0.45703125 0.015625 0.01953125
0 0.5890625 0.482421875 0.015625 0.01953125
0 0.5796875 0.44140625 0.015625 0.01953125
0 0.4546875 0.28125 0.015625 0.01953125
0 0.5515625 0.22265625 0.015625 0.01953125
0 0.3046875 0.39453125 0.015625 0.01953125
0 0.3046875 0.412109375 0.015625 0.01953125
0 0.3484375 0.5390625 0.015625 0.01953125
0 0.4359375 0.603515625 0.015625 0.01953125
0 0.4546875 0.603515625 0.015625 0.01953125
