0 0.134375 0.501953125 0.015625 0.01953125
0 0.1171875 0.537109375 0.015625 0.01953125
0 0.10625 0.53125 0.015625 0.01953125
0 0.065625 0.6015625 0.015625 0.01953125
0 0.0515625 0.599609375 0.015625 0.01953125
0 0.046875 0.599609375 0.015625 0.01953125
0 0.025 0.59375 0.015625 0.01953125
0 0.0171875 0.587890625 0.015625 0.01953125
0 0.0875 0.46484375 0.015625 0.01953125
0 0.021875 0.275390625 0.015625 0.01953125
0 0.15 0.6796875 0.015625 0.01953125
0 0.25 0.64453125 0.015625 0.01953125
0 0.2375 0.654296875 0.015625 0.01953125
0 0.184375 0.91796875 0.015625 0.01953125
0 0.171875 0.9296875 0.015625 0.01953125
0 0.3640625 0.763671875 0.015625 0.01953125
0 0.353125 0.78125 0.015625 0.01953125
0 0.409375 0.68359375 0.015625 0.01953125
0 0.40625 0.640625 0.015625 0.01953125
0 0.5140625 0.541015625 0.015625 0.01953125
0 0.5109375 0.560546875 0.015625 0.01953125
0 0.471875 0.400390625 0.015625 0.01953125
0 0.4640625 0.421875 0.015625 0.01953125
0 0.4015625 0.3203125 0.015625 0.01953125
0 0.39375 0.322265625 0.015625 0.01953125
0 0.375 0.330078125 0.015625 0.01953125
0 0.3640625 0.333984375 0.015625 0.01953125
0 0.6953125 0.25 0.015625 0.01953125
0 0.909375 0.326171875 0.015625 0.01953125
0 0.784375 0.470703125 0.015625 0.01953125
0 0.7328125 0.46875 0.015625 0.01953125
0 0.6765625 0.61328125 0.015625 0.01953125
0 0.6578125 0.615234375 0.015625 0.01953125
0 0.546875 0.759765625 0.015625 0.01953125
0 0.5046875 0.68359375 0.015625 0.01953125
0 0.503125 0.703125 0.015625 0.01953125
0 0.4875 0.7109375 0.015625 0.01953125
0 0.5203125 0.83203125 0.015625 0.01953125
0 0.521875 0.9140625 0.015625 0.01953125
0 0.528125 0.931640625 0.015625 0.01953125
0 0.5109375 0.93359375 0.015625 0.01953125
0 0.66875 0.857421875 0.015625 0.01953125
0 0.665625 0.83984375 0.015625 0.01953125
0 0.8265625 0.931640625 0.015625 0.01953125
0 0.8296875 0.947265625 0.015625 0.01953125
0 0.890625 0.919921875 0.015625 0.01953125
0 0.7703125 0.482421875 0.015625 0.01953125
