0 0.240625 0.61328125 0.015625 0.01953125
0 0.25625 0.603515625 0.015625 0.01953125
0 0.215625 0.505859375 0.015625 0.01953125
0 0.196875 0.44140625 0.015625 0.01953125
0 0.165625 0.384765625 0.015625 0.01953125
0 0.1375 0.46484375 0.015625 0.01953125
0 0.103125 0.5 0.015625 0.01953125
0 0.0796875 0.47265625 0.015625 0.01953125
0 0.0546875 0.44140625 0.015625 0.01953125
0 0.0234375 0.33984375 0.015625 0.01953125
0 0.0890625 0.31640625 0.015625 0.01953125
0 0.178125 0.349609375 0.015625 0.01953125
0 0.1859375 0.3359375 0.015625 0.01953125
0 0.25 0.28515625 0.015625 0.01953125
0 0.04375 0.9296875 0.015625 0.01953125
0 0.0390625 0.953125 0.015625 0.01953125
0 0.028125 0.9375 0.015625 0.01953125
0 0.1734375 0.8828125 0.015625 0.01953125
0 0.5203125 0.84765625 0.015625 0.01953125
0 0.484375 0.66015625 0.015625 0.01953125
0 0.49375 0.650390625 0.015625 0.01953125
0 0.4640625 0.68359375 0.015625 0.01953125
0 0.6015625 0.669921875 0.015625 0.01953125
0 0.6125 0.716796875 0.015625 0.01953125
0 0.7984375 0.701171875 0.015625 0.01953125
0 0.8515625 0.779296875 0.015625 0.01953125
0 0.83125 0.83984375 0.015625 0.01953125
0 0.8375 0.916015625 0.015625 0.01953125
0 0.8328125 0.9296875 0.015625 0.01953125
0 0.94375 0.845703125 0.015625 0.01953125
0 0.9453125 0.87109375 0.015625 0.01953125
0 0.99375 0.7578125 0.015625 0.01953125
0 0.990625 0.486328125 0.015625 0.01953125
0 0.709375 0.53515625 0.015625 0.01953125
0 0.715625 0.564453125 0.015625 0.01953125
0 0.5890625 0.509765625 0.015625 0.01953125
0 0.66875 0.400390625 0.015625 0.01953125
0 0.5875 0.34375 0.015625 0.01953125
0 0.5875 0.328125 0.015625 0.01953125
0 0.4984375 0.42578125 0.015625 0.01953125
0 0.503125 0.455078125 0.015625 0.01953125
0 0.9625 0.2265625 0.015625 0.01953125
0 0.6953125 0.20703125 0.015625 0.01953125
0 0.6765625 0.203125 0.015625 0.01953125
0 0.646875 0.203125 0.015625 0.01953125
0 0.271875 0.208984375 0.015625 0.01953125
0 0.2859375 0.203125 0.015625 0.01953125
