0 0.1703125 0.349609375 0.015625 0.01953125
0 0.1546875 0.34765625 0.015625 0.01953125
0 0.1890625 0.341796875 0.015625 0.01953125
0 0.190625 0.380859375 0.015625 0.01953125
0 0.1765625 0.390625 0.015625 0.01953125
0 0.06875 0.435546875 0.015625 0.01953125
0 0.271875 0.4921875 0.015625 0.01953125
0 0.275 0.4609375 0.015625 0.01953125
0 0.2 0.505859375 0.015625 0.01953125
0 0.165625 0.69921875 0.015625 0.01953125
0 0.0140625 0.87109375 0.015625 0.01953125
0 0.184375 0.845703125 0.015625 0.01953125
0 0.3671875 0.896484375 0.015625 0.01953125
0 0.3171875 0.9296875 0.015625 0.01953125
0 0.33125 0.9453125 0.015625 0.01953125
0 0.3328125 0.984375 0.015625 0.01953125
0 0.7171875 0.7890625 0.015625 0.01953125
0 0.5359375 0.630859375 0.015625 0.01953125
0 0.5484375 0.630859375 0.015625 0.01953125
0 0.540625 0.611328125 0.015625 0.01953125
0 0.5046875 0.58984375 0.015625 0.01953125
0 0.49375 0.6171875 0.015625 0.01953125
0 0.596875 0.56640625 0.015625 0.01953125
0 0.58125 0.587890625 0.015625 0.01953125
0 0.571875 0.607421875 0.015625 0.01953125
0 0.5921875 0.552734375 0.015625 0.01953125
0 0.578125 0.546875 0.015625 0.01953125
0 0.559375 0.4921875 0.015625 0.01953125
0 0.5640625 0.4453125 0.015625 0.01953125
0 0.54375 0.453125 0.015625 0.01953125
0 0.496875 0.51953125 0.015625 0.01953125
0 0.434375 0.40234375 0.015625 0.01953125
0 0.4234375 0.34765625 0.015625 0.01953125
0 0.4078125 0.353515625 0.015625 0.01953125
0 0.334375 0.310546875 0.015625 0.01953125
0 0.48125 0.294921875 0.015625 0.01953125
0 0.803125 0.353515625 0.015625 0.01953125
0 0.790625 0.34765625 0.015625 0.01953125
0 0.728125 0.451171875 0.015625 0.01953125
0 0.74375 0.47265625 0.015625 0.01953125
0 0.76875 0.515625 0.015625 0.01953125
0 0.709375 0.576171875 0.015625 0.01953125
0 0.709375 0.58984375 0.015625 0.01953125
0 0.853125 0.416015625 0.015625 0.01953125
0 0.853125 0.44921875 0.015625 0.01953125
0 0.909375 0.537109375 0.015625 0.01953125
0 0.909375 0.57421875 0.015625 0.01953125
0 0.9140625 0.66796875 0.015625 0.01953125
0 0.83125 0.859375 0.015625 0.01953125
