0 0.4609375 0.4921875 0.015625 0.01953125
0 0.4578125 0.478515625 0.015625 0.01953125
0 0.39375 0.39453125 0.015625 0.01953125
0 0.353125 0.427734375 0.015625 0.01953125
0 0.2203125 0.4296875 0.015625 0.01953125
0 0.215625 0.431640625 0.015625 0.01953125
0 0.0953125 0.26953125 0.015625 0.01953125
0 0.0984375 0.294921875 0.015625 0.01953125
0 0.065625 0.46875 0.015625 0.01953125
0 0.109375 0.673828125 0.015625 0.01953125
0 0.0953125 0.732421875 0.015625 0.01953125
0 0.109375 0.748046875 0.015625 0.01953125
0 0.078125 0.78125 0.015625 0.01953125
0 0.0796875 0.806640625 0.015625 0.01953125
0 0.09375 0.84765625 0.015625 0.01953125
0 0.2796875 0.890625 0.015625 0.01953125
0 0.2703125 0.94921875 0.015625 0.01953125
0 0.3484375 0.861328125 0.015625 0.01953125
0 0.35625 0.861328125 0.015625 0.01953125
0 0.540625 0.900390625 0.015625 0.01953125
0 0.615625 0.947265625 0.015625 0.01953125
0 0.615625 0.9765625 0.015625 0.01953125
0 0.4640625 0.7109375 0.015625 0.01953125
0 0.540625 0.498046875 0.015625 0.01953125
0 0.359375 0.466796875 0.015625 0.01953125
0 0.3859375 0.3515625 0.015625 0.01953125
0 0.3765625 0.35546875 0.015625 0.01953125
0 0.56875 0.310546875 0.015625 0.01953125
0 0.6265625 0.365234375 0.015625 0.01953125
0 0.6453125 0.359375 0.015625 0.01953125
0 0.70625 0.3125 0.015625 0.01953125
0 0.7359375 0.296875 0.015625 0.01953125
0 0.9671875 0.4765625 0.015625 0.01953125
0 0.9375 0.51953125 0.015625 0.01953125
0 0.8359375 0.583984375 0.015625 0.01953125
0 0.8203125 0.587890625 0.015625 0.01953125
0 0.825 0.552734375 0.015625 0.01953125
0 0.80625 0.55859375 0.015625 0.01953125
0 0.778125 0.533203125 0.015625 0.01953125
0 0.778125 0.5546875 0.015625 0.01953125
0 0.7953125 0.4921875 0.015625 0.01953125
0 0.784375 0.638671875 0.015625 0.01953125
0 0.778125 0.634765625 0.015625 0.01953125
0 0.7625 0.640625 0.015625 0.01953125
0 0.7109375 0.625 0.015625 0.01953125
0 0.7265625 0.623046875 0.015625 0.01953125
0 0.7359375 0.609375 0.015625 0.01953125
0 0.80625 0.615234375 0.015625 0.01953125
0 0.7125 0.71484375 0.015625 0.01953125
0 0.88125 0.78515625 0.015625 0.01953125
0 0.89375 0.740234375 0.015625 0.01953125
0 0.98125 0.7109375 0.015625 0.01953125
0 0.971875 0.677734375 0.015625 0.01953125
0 0.9921875 0.626953125 0.015625 0.01953125
0 0.9953125 0.34375 0.015625 0.01953125
0 0.9953125 0.357421875 0.015625 0.01953125
0 0.6609375 0.673828125 0.015625 0.01953125
