0 0.0625 0.37109375 0.015625 0.01953125
0 0.0546875 0.376953125 0.015625 0.01953125
0 0.03125 0.404296875 0.015625 0.01953125
0 0.0171875 0.40234375 0.015625 0.01953125
0 0.028125 0.4375 0.015625 0.01953125
0 0.0203125 0.4296875 0.015625 0.01953125
0 0.025 0.56640625 0.015625 0.01953125
0 0.0109375 0.5859375 0.015625 0.01953125
0 0.009375 0.66015625 0.015625 0.01953125
0 0.0140625 0.634765625 0.015625 0.01953125
0 0.025 0.765625 0.015625 0.01953125
0 0.0125 0.767578125 0.015625 0.01953125
0 0.196875 0.7578125 0.015625 0.01953125
0 0.178125 0.732421875 0.015625 0.01953125
0 0.1640625 0.724609375 0.015625 0.01953125
0 0.246875 0.68359375 0.015625 0.01953125
0 0.2859375 0.728515625 0.015625 0.01953125
0 0.309375 0.744140625 0.015625 0.01953125
0 0.165625 0.443359375 0.015625 0.01953125
0 0.2828125 0.30078125 0.015625 0.01953125
0 0.2828125 0.294921875 0.015625 0.01953125
0 0.2828125 0.275390625 0.015625 0.01953125
0 0.3875 0.421875 0.015625 0.01953125
0 0.3875 0.435546875 0.015625 0.01953125
0 0.428125 0.341796875 0.015625 0.01953125
0 0.525 0.392578125 0.015625 0.01953125
0 0.5515625 0.416015625 0.015625 0.01953125
0 0.5625 0.48828125 0.015625 0.01953125
0 0.5546875 0.48046875 0.015625 0.01953125
0 0.4953125 0.46875 0.015625 0.01953125
0 0.4921875 0.505859375 0.015625 0.01953125
0 0.44375 0.853515625 0.015625 0.01953125
0 0.4328125 0.853515625 0.015625 0.01953125
0 0.459375 0.90625 0.015625 0.01953125
0 0.45 0.97265625 0.015625 0.01953125
0 0.184375 0.830078125 0.015625 0.01953125
0 0.1515625 0.818359375 0.015625 0.01953125
0 0.1484375 0.794921875 0.015625 0.01953125
0 0.6203125 0.890625 0.015625 0.01953125
0 0.8046875 0.9609375 0.015625 0.01953125
0 0.7984375 0.974609375 0.015625 0.01953125
0 0.671875 0.724609375 0.015625 0.01953125
0 0.91875 0.642578125 0.015625 0.01953125
0 0.9171875 0.62890625 0.015625 0.01953125
0 0.9015625 0.634765625 0.015625 0.01953125
0 0.875 0.634765625 0.015625 0.01953125
0 0.8859375 0.63671875 0.015625 0.01953125
0 0.8703125 0.623046875 0.015625 0.01953125
0 0.95 0.61328125 0.015625 0.01953125
0 0.94375 0.62109375 0.015625 0.01953125
0 0.95625 0.595703125 0.015625 0.01953125
0 0.96875 0.5859375 0.015625 0.01953125
0 0.96875 0.556640625 0.015625 0.01953125
0 0.9546875 0.533203125 0.015625 0.01953125
0 0.9671875 0.509765625 0.015625 0.01953125
0 0.965625 0.48828125 0.015625 0.01953125
0 0.940625 0.56640625 0.015625 0.01953125
0 0.884375 0.529296875 0.015625 0.01953125
0 0.86875 0.46875 0.015625 0.01953125
0 0.840625 0.455078125 0.015625 0.01953125
0 0.840625 0.44140625 0.015625 0.01953125
0 0.8078125 0.4609375 0.015625 0.01953125
0 0.803125 0.419921875 0.015625 0.01953125
0 0.7890625 0.421875 0.015625 0.01953125
0 0.7765625 0.359375 0.015625 0.01953125
0 0.7609375 0.361328125 0.015625 0.01953125
0 0.721875 0.310546875 0.015625 0.01953125
0 0.8390625 0.3125 0.015625 0.01953125
0 0.86875 0.306640625 0.015625 0.01953125
0 0.6515625 0.509765625 0.015625 0.01953125
0 0.9609375 0.76953125 0.015625 0.01953125
0 0.9 0.70703125 0.015625 0.01953125
