0 0.440625 0.509765625 0.015625 0.01953125
0 0.4375 0.49609375 0.015625 0.01953125
0 0.3703125 0.416015625 0.015625 0.01953125
0 0.35 0.34765625 0.015625 0.01953125
0 0.221875 0.5078125 0.015625 0.01953125
0 0.08125 0.533203125 0.015625 0.01953125
0 0.05625 0.5390625 0.015625 0.01953125
0 0.0390625 0.509765625 0.015625 0.01953125
0 0.0515625 0.484375 0.015625 0.01953125
0 0.0375 0.484375 0.015625 0.01953125
0 0.025 0.5 0.015625 0.01953125
0 0.071875 0.44921875 0.015625 0.01953125
0 0.065625 0.447265625 0.015625 0.01953125
0 0.040625 0.5625 0.015625 0.01953125
0 0.021875 0.544921875 0.015625 0.01953125
0 0.0296875 0.650390625 0.015625 0.01953125
0 0.021875 0.650390625 0.015625 0.01953125
0 0.025 0.70703125 0.015625 0.01953125
0 0.0015625 0.71875 0.015625 0.01953125
0 0.2515625 0.7578125 0.015625 0.01953125
0 0.2484375 0.71484375 0.015625 0.01953125
0 0.215625 0.794921875 0.015625 0.01953125
0 0.259375 0.8125 0.015625 0.01953125
0 0.3625 0.80078125 0.015625 0.01953125
0 0.3859375 0.8203125 0.015625 0.01953125
0 0.3859375 0.92578125 0.015625 0.01953125
0 0.509375 0.982421875 0.015625 0.01953125
0 0.4984375 0.96875 0.015625 0.01953125
0 0.5609375 0.96484375 0.015625 0.01953125
0 0.75 0.8046875 0.015625 0.01953125
0 0.8046875 0.75 0.015625 0.01953125
0 0.884375 0.708984375 0.015625 0.01953125
0 0.865625 0.703125 0.015625 0.01953125
0 0.8 0.53125 0.015625 0.01953125
0 0.765625 0.529296875 0.015625 0.01953125
0 0.765625 0.5 0.015625 0.01953125
0 0.79375 0.43359375 0.015625 0.01953125
0 0.771875 0.44140625 0.015625 0.01953125
0 0.625 0.48046875 0.015625 0.01953125
0 0.53125 0.466796875 0.015625 0.01953125
0 0.53125 0.568359375 0.015625 0.01953125
0 0.5203125 0.5703125 0.015625 0.01953125
0 0.6375 0.591796875 0.015625 0.01953125
0 0.74375 0.38671875 0.015625 0.01953125
0 0.84375 0.390625 0.015625 0.01953125
0 0.8703125 0.375 0.015625 0.01953125
0 0.9515625 0.57421875 0.015625 0.01953125
0 0.9640625 0.61328125 0.015625 0.01953125
0 0.9640625 0.6328125 0.015625 0.01953125
0 0.971875 0.646484375 0.015625 0.01953125
0 0.9765625 0.658203125 0.015625 0.01953125
0 0.9703125 0.66796875 0.015625 0.01953125
0 0.9546875 0.693359375 0.015625 0.01953125
0 0.93125 0.701171875 0.015625 0.01953125
0 0.91875 0.705078125 0.015625 0.01953125
0 0.90625 0.7109375 0.015625 0.01953125
0 0.890625 0.712890625 0.015625 0.01953125
0 0.8953125 0.802734375 0.015625 0.01953125
0 0.9609375 0.78125 0.015625 0.01953125
0 0.0359375 0.833984375 0.015625 0.01953125
0 0.0203125 0.833984375 0.015625 0.01953125
