0 0.0921875 0.6171875 0.015625 0.01953125
0 0.10625 0.623046875 0.015625 0.01953125
0 0.0640625 0.62890625 0.015625 0.01953125
0 0.0640625 0.61328125 0.015625 0.01953125
0 0.059375 0.6015625 0.015625 0.01953125
0 0.065625 0.556640625 0.015625 0.01953125
0 0.01875 0.615234375 0.015625 0.01953125
0 0.0078125 0.626953125 0.015625 0.01953125
0 0.10625 0.544921875 0.015625 0.01953125
0 0.1265625 0.54296875 0.015625 0.01953125
0 0.1703125 0.533203125 0.015625 0.01953125
0 0.1640625 0.51953125 0.015625 0.01953125
0 0.146875 0.47265625 0.015625 0.01953125
0 0.11875 0.4140625 0.015625 0.01953125
0 0.0875 0.408203125 0.015625 0.01953125
0 0.065625 0.373046875 0.015625 0.01953125
0 0.071875 0.361328125 0.015625 0.01953125
0 0.0390625 0.337890625 0.015625 0.01953125
0 0.49375 0.412109375 0.015625 0.01953125
0 0.45625 0.515625 0.015625 0.01953125
0 0.3890625 0.439453125 0.015625 0.01953125
0 0.45 0.716796875 0.015625 0.01953125
0 0.45625 0.7578125 0.015625 0.01953125
0 0.4328125 0.798828125 0.015625 0.01953125
0 0.3765625 0.736328125 0.015625 0.01953125
0 0.221875 0.845703125 0.015625 0.01953125
0 0.2109375 0.837890625 0.015625 0.01953125
0 0.178125 0.75390625 0.015625 0.01953125
0 0.20625 0.7265625 0.015625 0.01953125
0 0.2171875 0.732421875 0.015625 0.01953125
0 0.2125 0.671875 0.015625 0.01953125
0 0.2125 0.65234375 0.015625 0.01953125
0 0.1578125 0.732421875 0.015625 0.01953125
0 0.1421875 0.720703125 0.015625 0.01953125
0 0.1171875 0.7421875 0.015625 0.01953125
0 0.103125 0.720703125 0.015625 0.01953125
0 0.078125 0.6875 0.015625 0.01953125
0 0.078125 0.6640625 0.015625 0.01953125
0 0.08125 0.650390625 0.015625 0.01953125
0 0.078125 0.7578125 0.015625 0.01953125
0 0.0484375 0.7421875 0.015625 0.01953125
0 0.021875 0.748046875 0.015625 0.01953125
0 0.059375 0.810546875 0.015625 0.01953125
0 0.7046875 0.943359375 0.015625 0.01953125
0 0.75 0.984375 0.015625 0.01953125
0 0.64375 0.8203125 0.015625 0.01953125
0 0.6265625 0.802734375 0.015625 0.01953125
0 0.5265625 0.798828125 0.015625 0.01953125
0 0.6953125 0.54296875 0.015625 0.01953125
0 0.675 0.552734375 0.015625 0.01953125
0 0.675 0.517578125 0.015625 0.01953125
0 0.7109375 0.46484375 0.015625 0.01953125
0 0.878125 0.478515625 0.015625 0.01953125
0 0.9015625 0.4921875 0.015625 0.01953125
0 0.915625 0.509765625 0.015625 0.01953125
0 0.95 0.515625 0.015625 0.01953125
0 0.9484375 0.5 0.015625 0.01953125
0 0.9765625 0.431640625 0.015625 0.01953125
0 0.965625 0.427734375 0.015625 0.01953125
0 0.928125 0.388671875 0.015625 0.01953125
0 0.8453125 0.541015625 0.015625 0.01953125
0 0.8 0.58203125 0.015625 0.01953125
