0 0.059375 0.34765625 0.015625 0.01953125
0 0.0640625 0.328125 0.015625 0.01953125
0 0.084375 0.302734375 0.015625 0.01953125
0 0.0953125 0.310546875 0.015625 0.01953125
0 0.265625 0.341796875 0.015625 0.01953125
0 0.2734375 0.357421875 0.015625 0.01953125
0 0.2640625 0.3515625 0.015625 0.01953125
0 0.28125 0.35546875 0.015625 0.01953125
0 0.2671875 0.375 0.015625 0.01953125
0 0.2609375 0.361328125 0.015625 0.01953125
0 0.246875 0.361328125 0.015625 0.01953125
0 0.2953125 0.337890625 0.015625 0.01953125
0 0.3390625 0.43359375 0.015625 0.01953125
0 0.3484375 0.498046875 0.015625 0.01953125
0 0.3484375 0.509765625 0.015625 0.01953125
0 0.359375 0.513671875 0.015625 0.01953125
0 0.3609375 0.544921875 0.015625 0.01953125
0 0.346875 0.564453125 0.015625 0.01953125
0 0.334375 0.56640625 0.015625 0.01953125
0 0.3234375 0.56640625 0.015625 0.01953125
0 0.29375 0.564453125 0.015625 0.01953125
0 0.259375 0.623046875 0.015625 0.01953125
0 0.2484375 0.626953125 0.015625 0.01953125
0 0.0703125 0.791015625 0.015625 0.01953125
0 0.1421875 0.865234375 0.015625 0.01953125
0 0.1296875 0.9140625 0.015625 0.01953125
0 0.21875 0.904296875 0.015625 0.01953125
0 0.1953125 0.923828125 0.015625 0.01953125
0 0.2828125 0.77734375 0.015625 0.01953125
0 0.44375 0.828125 0.015625 0.01953125
0 0.43125 0.78515625 0.015625 0.01953125
0 0.4390625 0.765625 0.015625 0.01953125
0 0.5203125 0.81640625 0.015625 0.01953125
0 0.5328125 0.83203125 0.015625 0.01953125
0 0.5453125 0.828125 0.015625 0.01953125
0 0.5453125 0.80859375 0.015625 0.01953125
0 0.475 0.875 0.015625 0.01953125
0 0.6203125 0.869140625 0.015625 0.01953125
0 0.6515625 0.8359375 0.015625 0.01953125
0 0.6328125 0.794921875 0.015625 0.01953125
0 0.6109375 0.775390625 0.015625 0.01953125
0 0.590625 0.7890625 0.015625 0.01953125
0 0.603125 0.71875 0.015625 0.01953125
0 0.6078125 0.736328125 0.015625 0.01953125
0 0.6140625 0.7265625 0.015625 0.01953125
0 0.63125 0.720703125 0.015625 0.01953125
0 0.634375 0.703125 0.015625 0.01953125
0 0.6375 0.6875 0.015625 0.01953125
0 0.625 0.66796875 0.015625 0.01953125
0 0.61875 0.650390625 0.015625 0.01953125
0 0.6109375 0.638671875 0.015625 0.01953125
0 0.5984375 0.638671875 0.015625 0.01953125
0 0.6046875 0.666015625 0.015625 0.01953125
0 0.60625 0.6875 0.015625 0.01953125
0 0.559375 0.66015625 0.015625 0.01953125
0 0.559375 0.64453125 0.015625 0.01953125
0 0.5375 0.630859375 0.015625 0.01953125
0 0.453125 0.58203125 0.015625 0.01953125
0 0.4984375 0.455078125 0.015625 0.01953125
0 0.4984375 0.4375 0.015625 0.01953125
0 0.546875 0.390625 0.015625 0.01953125
0 0.5953125 0.40625 0.015625 0.01953125
0 0.6984375 0.4453125 0.015625 0.01953125
0 0.70625 0.466796875 0.015625 0.01953125
0 0.68125 0.47265625 0.015625 0.01953125
0 0.7171875 0.37109375 0.015625 0.01953125
0 0.78125 0.4609375 0.015625 0.01953125
0 0.7609375 0.533203125 0.015625 0.01953125
0 0.7484375 0.525390625 0.015625 0.01953125
0 0.75 0.57421875 0.015625 0.01953125
0 0.6671875 0.5625 0.015625 0.01953125
0 0.6546875 0.572265625 0.015625 0.01953125
0 0.6390625 0.56640625 0.015625 0.01953125
0 0.6125 0.544921875 0.015625 0.01953125
0 0.63125 0.548828125 0.015625 0.01953125
0 0.8171875 0.50390625 0.015625 0.01953125
0 0.865625 0.4296875 0.015625 0.01953125
0 0.925 0.462890625 0.015625 0.01953125
0 0.9328125 0.564453125 0.015625 0.01953125
0 0.8734375 0.52734375 0.015625 0.01953125
0 0.865625 0.578125 0.015625 0.01953125
0 0.9234375 0.720703125 0.015625 0.01953125
0 0.95 0.755859375 0.015625 0.01953125
0 0.915625 0.80078125 0.015625 0.01953125
0 0.809375 0.873046875 0.015625 0.01953125
0 0.7921875 0.87890625 0.015625 0.01953125
0 0.784375 0.7421875 0.015625 0.01953125
0 0.7859375 0.703125 0.015625 0.01953125
0 0.778125 0.681640625 0.015625 0.01953125
0 0.7640625 0.68359375 0.015625 0.01953125
0 0.759375 0.703125 0.015625 0.01953125
0 0.7265625 0.66015625 0.015625 0.01953125
0 0.665625 0.66796875 0.015625 0.01953125
0 0.646875 0.638671875 0.015625 0.01953125
0 0.6578125 0.63671875 0.015625 0.01953125
0 0.6546875 0.6640625 0.015625 0.01953125
0 0.6578125 0.740234375 0.015625 0.01953125
0 0.6515625 0.73828125 0.015625 0.01953125
0 0.665625 0.7265625 0.015625 0.01953125
0 0.703125 0.765625 0.015625 0.01953125
0 0.7171875 0.76171875 0.015625 0.01953125
0 0.7484375 0.755859375 0.015625 0.01953125
0 0.771875 0.763671875 0.015625 0.01953125
0 0.759375 0.73828125 0.015625 0.01953125
0 0.7265625 0.890625 0.015625 0.01953125
0 0.6671875 0.916015625 0.015625 0.01953125
0 0.6671875 0.845703125 0.015625 0.01953125
0 0.871875 0.30859375 0.015625 0.01953125
0 0.8859375 0.30859375 0.015625 0.01953125
