0 0.071875 0.431640625 0.015625 0.01953125
0 0.078125 0.421875 0.015625 0.01953125
0 0.0890625 0.421875 0.015625 0.01953125
0 0.1796875 0.412109375 0.015625 0.01953125
0 0.2671875 0.361328125 0.015625 0.01953125
0 0.278125 0.333984375 0.015625 0.01953125
0 0.2703125 0.314453125 0.015625 0.01953125
0 0.25 0.314453125 0.015625 0.01953125
0 0.1953125 0.8984375 0.015625 0.01953125
0 0.090625 0.880859375 0.015625 0.01953125
0 0.3875 0.91796875 0.015625 0.01953125
0 0.415625 0.939453125 0.015625 0.01953125
0 0.2953125 0.947265625 0.015625 0.01953125
0 0.428125 0.8828125 0.015625 0.01953125
0 0.51875 0.80078125 0.015625 0.01953125
0 0.496875 0.95703125 0.015625 0.01953125
0 0.60625 0.9375 0.015625 0.01953125
0 0.6640625 0.900390625 0.015625 0.01953125
0 0.6765625 0.7890625 0.015625 0.01953125
0 0.6859375 0.78125 0.015625 0.01953125
0 0.528125 0.630859375 0.015625 0.01953125
0 0.5078125 0.607421875 0.015625 0.01953125
0 0.503125 0.623046875 0.015625 0.01953125
0 0.5203125 0.58203125 0.015625 0.01953125
0 0.54375 0.576171875 0.015625 0.01953125
0 0.5578125 0.576171875 0.015625 0.01953125
0 0.571875 0.58203125 0.015625 0.01953125
0 0.5859375 0.546875 0.015625 0.01953125
0 0.5796875 0.529296875 0.015625 0.01953125
0 0.565625 0.455078125 0.015625 0.01953125
0 0.45 0.34765625 0.015625 0.01953125
0 0.4375 0.353515625 0.015625 0.01953125
0 0.428125 0.36328125 0.015625 0.01953125
0 0.428125 0.345703125 0.015625 0.01953125
0 0.4671875 0.34375 0.015625 0.01953125
0 0.7734375 0.48828125 0.015625 0.01953125
0 0.771875 0.46484375 0.015625 0.01953125
0 0.8296875 0.4140625 0.015625 0.01953125
0 0.91875 0.44921875 0.015625 0.01953125
0 0.9296875 0.4609375 0.015625 0.01953125
0 0.98125 0.53515625 0.015625 0.01953125
0 0.9921875 0.48828125 0.015625 0.01953125
0 0.98125 0.548828125 0.015625 0.01953125
0 0.9 0.568359375 0.015625 0.01953125
0 0.8875 0.580078125 0.015625 0.01953125
0 0.8453125 0.5703125 0.015625 0.01953125
0 0.8375 0.60546875 0.015625 0.01953125
0 0.8390625 0.62109375 0.015625 0.01953125
0 0.8015625 0.650390625 0.015625 0.01953125
0 0.7625 0.642578125 0.015625 0.01953125
0 0.6828125 0.62890625 0.015625 0.01953125
0 0.8421875 0.642578125 0.015625 0.01953125
0 0.846875 0.65625 0.015625 0.01953125
0 0.8546875 0.669921875 0.015625 0.01953125
0 0.8765625 0.650390625 0.015625 0.01953125
0 0.8703125 0.689453125 0.015625 0.01953125
0 0.8703125 0.7109375 0.015625 0.01953125
0 0.8640625 0.732421875 0.015625 0.01953125
0 0.840625 0.724609375 0.015625 0.01953125
0 0.8453125 0.73828125 0.015625 0.01953125
0 0.84375 0.7890625 0.015625 0.01953125
0 0.7765625 0.833984375 0.015625 0.01953125
0 0.778125 0.8203125 0.015625 0.01953125
0 0.7625 0.849609375 0.015625 0.01953125
0 0.925 0.8984375 0.015625 0.01953125
0 0.9578125 0.7734375 0.015625 0.01953125
0 0.8875 0.7421875 0.015625 0.01953125
0 0.8953125 0.75390625 0.015625 0.01953125
0 0.903125 0.677734375 0.015625 0.01953125
0 0.8953125 0.669921875 0.015625 0.01953125
0 0.884375 0.671875 0.015625 0.01953125
0 0.9609375 0.671875 0.015625 0.01953125
0 0.9703125 0.580078125 0.015625 0.01953125
0 0.9421875 0.56640625 0.015625 0.01953125
0 0.9359375 0.5546875 0.015625 0.01953125
0 0.909375 0.529296875 0.015625 0.01953125
0 0.9890625 0.3828125 0.015625 0.01953125
0 0.9796875 0.923828125 0.015625 0.01953125
