0 0.3015625 0.306640625 0.015625 0.01953125
0 0.3140625 0.32421875 0.015625 0.01953125
0 0.3609375 0.330078125 0.015625 0.01953125
0 0.359375 0.3515625 0.015625 0.01953125
0 0.4515625 0.353515625 0.015625 0.01953125
0 0.4671875 0.35546875 0.015625 0.01953125
0 0.4828125 0.33984375 0.015625 0.01953125
0 0.5109375 0.330078125 0.015625 0.01953125
0 0.4890625 0.330078125 0.015625 0.01953125
0 0.475 0.32421875 0.015625 0.01953125
0 0.2671875 0.412109375 0.015625 0.01953125
0 0.20625 0.44921875 0.015625 0.01953125
0 0.1953125 0.447265625 0.015625 0.01953125
0 0.125 0.470703125 0.015625 0.01953125
0 0.309375 0.443359375 0.015625 0.01953125
0 0.6796875 0.513671875 0.015625 0.01953125
0 0.684375 0.5390625 0.015625 0.01953125
0 0.6765625 0.556640625 0.015625 0.01953125
0 0.6515625 0.5703125 0.015625 0.01953125
0 0.653125 0.58984375 0.015625 0.01953125
0 0.6515625 0.607421875 0.015625 0.01953125
0 0.6765625 0.603515625 0.015625 0.01953125
0 0.659375 0.4375 0.015625 0.01953125
0 0.928125 0.40625 0.015625 0.01953125
0 0.909375 0.474609375 0.015625 0.01953125
0 0.9109375 0.49609375 0.015625 0.01953125
0 0.93125 0.5546875 0.015625 0.01953125
0 0.953125 0.546875 0.015625 0.01953125
0 0.9625 0.572265625 0.015625 0.01953125
0 0.95625 0.59765625 0.015625 0.01953125
0 0.9359375 0.60546875 0.015625 0.01953125
0 0.896875 0.646484375 0.015625 0.01953125
0 0.9359375 0.634765625 0.015625 0.01953125
0 0.9453125 0.650390625 0.015625 0.01953125
0 0.9546875 0.666015625 0.015625 0.01953125
0 0.96875 0.6484375 0.015625 0.01953125
0 0.9796875 0.576171875 0.015625 0.01953125
0 0.965625 0.685546875 0.015625 0.01953125
0 0.9703125 0.705078125 0.015625 0.01953125
0 0.9609375 0.728515625 0.015625 0.01953125
0 0.9390625 0.720703125 0.015625 0.01953125
0 0.934375 0.66796875 0.015625 0.01953125
0 0.9453125 0.7890625 0.015625 0.01953125
0 0.9234375 0.787109375 0.015625 0.01953125
0 0.96875 0.794921875 0.015625 0.01953125
0 0.7140625 0.890625 0.015625 0.01953125
0 0.7828125 0.76953125 0.015625 0.01953125
0 0.690625 0.63671875 0.015625 0.01953125
0 0.7765625 0.65625 0.015625 0.01953125
0 0.621875 0.791015625 0.015625 0.01953125
0 0.5625 0.935546875 0.015625 0.01953125
0 0.653125 0.923828125 0.015625 0.01953125
0 0.2625 0.896484375 0.015625 0.01953125
0 0.096875 0.767578125 0.015625 0.01953125
0 0.09375 0.78515625 0.015625 0.01953125
0 0.1671875 0.927734375 0.015625 0.01953125
0 0.1546875 0.87109375 0.015625 0.01953125
0 0.41875 0.921875 0.015625 0.01953125
0 0.53125 0.9296875 0.015625 0.01953125
0 0.659375 0.98046875 0.015625 0.01953125
0 0.7890625 0.990234375 0.015625 0.01953125
0 0.765625 0.978515625 0.015625 0.01953125
