0 0.64375 0.345703125 0.015625 0.01953125
0 0.5984375 0.361328125 0.015625 0.01953125
0 0.575 0.369140625 0.015625 0.01953125
0 0.534375 0.36328125 0.015625 0.01953125
0 0.540625 0.341796875 0.015625 0.01953125
0 0.44375 0.333984375 0.015625 0.01953125
0 0.4328125 0.326171875 0.015625 0.01953125
0 0.425 0.4609375 0.015625 0.01953125
0 0.66875 0.302734375 0.015625 0.01953125
0 0.53125 0.458984375 0.015625 0.01953125
0 0.5890625 0.423828125 0.015625 0.01953125
0 0.7234375 0.54296875 0.015625 0.01953125
0 0.85625 0.53125 0.015625 0.01953125
0 0.8390625 0.5859375 0.015625 0.01953125
0 0.8015625 0.583984375 0.015625 0.01953125
0 0.8640625 0.568359375 0.015625 0.01953125
0 0.8859375 0.599609375 0.015625 0.01953125
0 0.8578125 0.58984375 0.015625 0.01953125
0 0.83125 0.5859375 0.015625 0.01953125
0 0.734375 0.931640625 0.015625 0.01953125
0 0.8015625 0.953125 0.015625 0.01953125
0 0.8078125 0.935546875 0.015625 0.01953125
0 0.815625 0.92578125 0.015625 0.01953125
0 0.8109375 0.89453125 0.015625 0.01953125
0 0.8578125 0.91015625 0.015625 0.01953125
0 0.809375 0.810546875 0.015625 0.01953125
0 0.4125 0.90625 0.015625 0.01953125
0 0.3015625 0.88671875 0.015625 0.01953125
0 0.4109375 0.947265625 0.015625 0.01953125
0 0.2765625 0.78125 0.015625 0.01953125
0 0.1375 0.57421875 0.015625 0.01953125
0 0.7125 0.94140625 0.015625 0.01953125
0 0.5515625 0.962890625 0.015625 0.01953125
0 0.68125 0.9296875 0.015625 0.01953125
0 0.5890625 0.806640625 0.015625 0.01953125
0 0.6109375 0.83203125 0.015625 0.01953125
0 0.6015625 0.845703125 0.015625 0.01953125
0 0.5890625 0.861328125 0.015625 0.01953125
