0 0.68125 0.32421875 0.015625 0.01953125
0 0.6703125 0.33984375 0.015625 0.01953125
0 0.665625 0.3671875 0.015625 0.01953125
0 0.69375 0.357421875 0.015625 0.01953125
0 0.6765625 0.38671875 0.015625 0.01953125
0 0.728125 0.337890625 0.015625 0.01953125
0 0.8390625 0.341796875 0.015625 0.01953125
0 0.7171875 0.46875 0.015625 0.01953125
0 0.6140625 0.462890625 0.015625 0.01953125
0 0.5578125 0.421875 0.015625 0.01953125
0 0.55 0.42578125 0.015625 0.01953125
0 0.5296875 0.337890625 0.015625 0.01953125
0 0.5234375 0.330078125 0.015625 0.01953125
0 0.3859375 0.41796875 0.015625 0.01953125
0 0.41875 0.78515625 0.015625 0.01953125
0 0.415625 0.802734375 0.015625 0.01953125
0 0.4140625 0.888671875 0.015625 0.01953125
0 0.384375 0.947265625 0.015625 0.01953125
0 0.371875 0.9609375 0.015625 0.01953125
0 0.5203125 0.8984375 0.015625 0.01953125
0 0.5203125 0.923828125 0.015625 0.01953125
0 0.5734375 0.943359375 0.015625 0.01953125
0 0.5875 0.943359375 0.015625 0.01953125
0 0.6125 0.931640625 0.015625 0.01953125
0 0.7140625 0.849609375 0.015625 0.01953125
0 0.7390625 0.841796875 0.015625 0.01953125
0 0.7546875 0.828125 0.015625 0.01953125
0 0.953125 0.814453125 0.015625 0.01953125
0 0.9578125 0.904296875 0.015625 0.01953125
0 0.965625 0.955078125 0.015625 0.01953125
0 0.9125 0.91015625 0.015625 0.01953125
0 0.9015625 0.943359375 0.015625 0.01953125
0 0.8703125 0.92578125 0.015625 0.01953125
0 0.934375 0.935546875 0.015625 0.01953125
