0 0.74375 0.365234375 0.015625 0.01953125
0 0.728125 0.36328125 0.015625 0.01953125
0 0.703125 0.3515625 0.015625 0.01953125
0 0.7359375 0.3515625 0.015625 0.01953125
0 0.778125 0.33203125 0.015625 0.01953125
0 0.771875 0.357421875 0.015625 0.01953125
0 0.7765625 0.455078125 0.015625 0.01953125
0 0.984375 0.3515625 0.015625 0.01953125
0 0.590625 0.34375 0.015625 0.01953125
0 0.5828125 0.3359375 0.015625 0.01953125
0 0.11875 0.34375 0.015625 0.01953125
0 0.8296875 0.41796875 0.015625 0.01953125
0 0.665625 0.41796875 0.015625 0.01953125
0 0.6546875 0.427734375 0.015625 0.01953125
0 0.54375 0.63671875 0.015625 0.01953125
0 0.540625 0.78125 0.015625 0.01953125
0 0.5359375 0.80078125 0.015625 0.01953125
0 0.0515625 0.94921875 0.015625 0.01953125
0 0.1328125 0.8359375 0.015625 0.01953125
0 0.140625 0.580078125 0.015625 0.01953125
0 0.1453125 0.560546875 0.015625 0.01953125
0 0.378125 0.5703125 0.015625 0.01953125
0 0.8640625 0.8359375 0.015625 0.01953125
0 0.8359375 0.828125 0.015625 0.01953125
0 0.8546875 0.806640625 0.015625 0.01953125
0 0.7234375 0.876953125 0.015625 0.01953125
0 0.709375 0.87109375 0.015625 0.01953125
0 0.6109375 0.904296875 0.015625 0.01953125
0 0.4375 0.9140625 0.015625 0.01953125
0 0.4296875 0.921875 0.015625 0.01953125
0 0.79375 0.92578125 0.015625 0.01953125
0 0.984375 0.90625 0.015625 0.01953125
