0 0.74375 0.359375 0.015625 0.01953125
0 0.7296875 0.353515625 0.015625 0.01953125
0 0.76875 0.345703125 0.015625 0.01953125
0 0.8078125 0.333984375 0.015625 0.01953125
0 0.85 0.34765625 0.015625 0.01953125
0 0.834375 0.365234375 0.015625 0.01953125
0 0.9015625 0.45703125 0.015625 0.01953125
0 0.90625 0.427734375 0.015625 0.01953125
0 0.7453125 0.423828125 0.015625 0.01953125
0 0.7328125 0.421875 0.015625 0.01953125
0 0.5703125 0.421875 0.015625 0.01953125
0 0.61875 0.333984375 0.015625 0.01953125
0 0.6234375 0.34765625 0.015625 0.01953125
0 0.296875 0.40625 0.015625 0.01953125
0 0.2828125 0.41015625 0.015625 0.01953125
0 0.2171875 0.8359375 0.015625 0.01953125
0 0.4484375 0.892578125 0.015625 0.01953125
0 0.44375 0.90625 0.015625 0.01953125
0 0.55625 0.955078125 0.015625 0.01953125
0 0.6234375 0.78515625 0.015625 0.01953125
0 0.6234375 0.8125 0.015625 0.01953125
0 0.6609375 0.912109375 0.015625 0.01953125
0 0.83125 0.814453125 0.015625 0.01953125
0 0.815625 0.802734375 0.015625 0.01953125
0 0.9140625 0.826171875 0.015625 0.01953125
0 0.9328125 0.927734375 0.015625 0.01953125
0 0.953125 0.82421875 0.015625 0.01953125
0 0.9390625 0.80859375 0.015625 0.01953125
0 0.9453125 0.82421875 0.015625 0.01953125
