0 0.6890625 0.44921875 0.015625 0.01953125
0 0.6859375 0.427734375 0.015625 0.01953125
0 0.7796875 0.44140625 0.015625 0.01953125
0 0.790625 0.451171875 0.015625 0.01953125
0 0.815625 0.44921875 0.015625 0.01953125
0 0.8109375 0.4375 0.015625 0.01953125
0 0.86875 0.423828125 0.015625 0.01953125
0 0.734375 0.498046875 0.015625 0.01953125
0 0.7875 0.55859375 0.015625 0.01953125
0 0.6296875 0.66796875 0.015625 0.01953125
0 0.6203125 0.658203125 0.015625 0.01953125
0 0.796875 0.875 0.015625 0.01953125
0 0.46875 0.984375 0.015625 0.01953125
0 0.3859375 0.93359375 0.015625 0.01953125
0 0.6609375 0.984375 0.015625 0.01953125
0 0.3765625 0.669921875 0.015625 0.01953125
0 0.38125 0.65234375 0.015625 0.01953125
0 0.896875 0.50390625 0.015625 0.01953125
0 0.9046875 0.501953125 0.015625 0.01953125
0 0.0453125 0.576171875 0.015625 0.01953125
0 0.0703125 0.56640625 0.015625 0.01953125
0 0.196875 0.421875 0.015625 0.01953125
