0 0.2765625 0.505859375 0.015625 0.01953125
0 0.2515625 0.5078125 0.015625 0.01953125
0 0.6515625 0.4609375 0.015625 0.01953125
0 0.6265625 0.462890625 0.015625 0.01953125
0 0.7859375 0.419921875 0.015625 0.01953125
0 0.7875 0.435546875 0.015625 0.01953125
0 0.8625 0.4453125 0.015625 0.01953125
0 0.859375 0.427734375 0.015625 0.01953125
0 0.8796875 0.400390625 0.015625 0.01953125
0 0.89375 0.421875 0.015625 0.01953125
0 0.95625 0.408203125 0.015625 0.01953125
0 0.915625 0.474609375 0.015625 0.01953125
0 0.81875 0.634765625 0.015625 0.01953125
0 0.7109375 0.970703125 0.015625 0.01953125
0 0.7140625 0.955078125 0.015625 0.01953125
0 0.809375 0.95703125 0.015625 0.01953125
0 0.9046875 0.97265625 0.015625 0.01953125
0 0.58125 0.64453125 0.015625 0.01953125
0 0.571875 0.623046875 0.015625 0.01953125
