0 0.0171875 0.50390625 0.015625 0.01953125
0 0.0234375 0.7421875 0.015625 0.01953125
0 0.003125 0.6953125 0.015625 0.01953125
0 0.00625 0.640625 0.015625 0.01953125
0 0.915625 0.421875 0.015625 0.01953125
0 0.9265625 0.4375 0.015625 0.01953125
0 0.9875 0.45703125 0.015625 0.01953125
0 0.978125 0.44921875 0.015625 0.01953125
0 0.4546875 0.513671875 0.015625 0.01953125
0 0.440625 0.515625 0.015625 0.01953125
0 0.2859375 0.6484375 0.015625 0.01953125
0 0.275 0.64453125 0.015625 0.01953125
0 0.7625 0.62890625 0.015625 0.01953125
0 0.759375 0.658203125 0.015625 0.01953125
0 0.528125 0.583984375 0.015625 0.01953125
0 0.5171875 0.5625 0.015625 0.01953125
