0 0.140625 0.744140625 0.015625 0.01953125
0 0.128125 0.712890625 0.015625 0.01953125
0 0.0984375 0.7421875 0.015625 0.01953125
0 0.0609375 0.720703125 0.015625 0.01953125
0 0.0390625 0.6875 0.015625 0.01953125
0 0.0875 0.603515625 0.015625 0.01953125
0 0.1015625 0.671875 0.015625 0.01953125
0 0.078125 0.6953125 0.015625 0.01953125
0 0.096875 0.68359375 0.015625 0.01953125
0 0.0921875 0.52734375 0.015625 0.01953125
0 0.13125 0.521484375 0.015625 0.01953125
0 0.0671875 0.4609375 0.015625 0.01953125
0 0.0625 0.47265625 0.015625 0.01953125
0 0.0109375 0.515625 0.015625 0.01953125
0 0.5765625 0.515625 0.015625 0.01953125
0 0.565625 0.517578125 0.015625 0.01953125
0 0.99375 0.431640625 0.015625 0.01953125
0 0.9890625 0.419921875 0.015625 0.01953125
0 0.8828125 0.654296875 0.015625 0.01953125
0 0.8828125 0.63671875 0.015625 0.01953125
0 0.4203125 0.623046875 0.015625 0.01953125
0 0.409375 0.6171875 0.015625 0.01953125
0 0.684375 0.587890625 0.015625 0.01953125
0 0.68125 0.556640625 0.015625 0.01953125
