0 0.1359375 0.46875 0.015625 0.01953125
0 0.1375 0.455078125 0.015625 0.01953125
0 0.1015625 0.462890625 0.015625 0.01953125
0 0.025 0.447265625 0.015625 0.01953125
0 0.053125 0.67578125 0.015625 0.01953125
0 0.040625 0.66015625 0.015625 0.01953125
0 0.05 0.76171875 0.015625 0.01953125
0 0.0515625 0.744140625 0.015625 0.01953125
0 0.103125 0.765625 0.015625 0.01953125
0 0.15 0.599609375 0.015625 0.01953125
0 0.175 0.587890625 0.015625 0.01953125
0 0.26875 0.552734375 0.015625 0.01953125
0 0.2640625 0.703125 0.015625 0.01953125
0 0.275 0.7421875 0.015625 0.01953125
0 0.225 0.6875 0.015625 0.01953125
0 0.2296875 0.671875 0.015625 0.01953125
0 0.203125 0.697265625 0.015625 0.01953125
0 0.16875 0.7421875 0.015625 0.01953125
0 0.1609375 0.677734375 0.015625 0.01953125
0 0.175 0.671875 0.015625 0.01953125
0 0.1125 0.75390625 0.015625 0.01953125
0 0.228125 0.74609375 0.015625 0.01953125
0 0.58125 0.609375 0.015625 0.01953125
0 0.5703125 0.587890625 0.015625 0.01953125
0 0.8296875 0.55859375 0.015625 0.01953125
0 0.8484375 0.57421875 0.015625 0.01953125
