0 0.1609375 0.76171875 0.015625 0.01953125
0 0.1703125 0.73828125 0.015625 0.01953125
0 0.1453125 0.703125 0.015625 0.01953125
0 0.1375 0.69140625 0.015625 0.01953125
0 0.125 0.69140625 0.015625 0.01953125
0 0.028125 0.662109375 0.015625 0.01953125
0 0.1734375 0.470703125 0.015625 0.01953125
0 0.1734375 0.421875 0.015625 0.01953125
0 0.1984375 0.443359375 0.015625 0.01953125
0 0.190625 0.46484375 0.015625 0.01953125
0 0.19375 0.48046875 0.015625 0.01953125
0 0.246875 0.576171875 0.015625 0.01953125
0 0.21875 0.587890625 0.015625 0.01953125
0 0.275 0.673828125 0.015625 0.01953125
0 0.2953125 0.689453125 0.015625 0.01953125
0 0.2875 0.748046875 0.015625 0.01953125
0 0.3359375 0.7109375 0.015625 0.01953125
0 0.3125 0.662109375 0.015625 0.01953125
0 0.378125 0.69921875 0.015625 0.01953125
0 0.371875 0.728515625 0.015625 0.01953125
0 0.3421875 0.75 0.015625 0.01953125
0 0.390625 0.74609375 0.015625 0.01953125
0 0.4078125 0.76171875 0.015625 0.01953125
0 0.41875 0.765625 0.015625 0.01953125
0 0.3921875 0.583984375 0.015625 0.01953125
0 0.2171875 0.763671875 0.015625 0.01953125
0 0.19375 0.771484375 0.015625 0.01953125
0 0.2421875 0.751953125 0.015625 0.01953125
0 0.2375 0.685546875 0.015625 0.01953125
0 0.721875 0.607421875 0.015625 0.01953125
0 0.721875 0.58984375 0.015625 0.01953125
0 0.475 0.62890625 0.015625 0.01953125
0 0.965625 0.552734375 0.015625 0.01953125
0 0.975 0.580078125 0.015625 0.01953125
0 0.9890625 0.568359375 0.015625 0.01953125
