0 0.221875 0.384765625 0.015625 0.01953125
0 0.2234375 0.453125 0.015625 0.01953125
0 0.2953125 0.4921875 0.015625 0.01953125
0 0.065625 0.712890625 0.015625 0.01953125
0 0.0546875 0.775390625 0.015625 0.01953125
0 0.0859375 0.763671875 0.015625 0.01953125
0 0.10625 0.75 0.015625 0.01953125
0 0.1015625 0.76953125 0.015625 0.01953125
0 0.23125 0.751953125 0.015625 0.01953125
0 0.21875 0.740234375 0.015625 0.01953125
0 0.259375 0.759765625 0.015625 0.01953125
0 0.265625 0.7421875 0.015625 0.01953125
0 0.3046875 0.767578125 0.015625 0.01953125
0 0.2921875 0.78515625 0.015625 0.01953125
0 0.3734375 0.69140625 0.015625 0.01953125
0 0.2890625 0.56640625 0.015625 0.01953125
0 0.2671875 0.5859375 0.015625 0.01953125
0 0.321875 0.5 0.015625 0.01953125
0 0.525 0.7265625 0.015625 0.01953125
0 0.534375 0.73046875 0.015625 0.01953125
0 0.4859375 0.7109375 0.015625 0.01953125
0 0.4953125 0.748046875 0.015625 0.01953125
0 0.4421875 0.75390625 0.015625 0.01953125
0 0.403125 0.765625 0.015625 0.01953125
0 0.4015625 0.72265625 0.015625 0.01953125
0 0.4375 0.7109375 0.015625 0.01953125
0 0.4375 0.6875 0.015625 0.01953125
0 0.5640625 0.619140625 0.015625 0.01953125
0 0.509375 0.615234375 0.015625 0.01953125
0 0.575 0.62890625 0.015625 0.01953125
0 0.85 0.6015625 0.015625 0.01953125
0 0.66875 0.40234375 0.015625 0.01953125
0 0.978125 0.427734375 0.015625 0.01953125
0 0.35 0.373046875 0.015625 0.01953125
