0 0.3515625 0.765625 0.015625 0.01953125
0 0.3578125 0.751953125 0.015625 0.01953125
0 0.3921875 0.791015625 0.015625 0.01953125
0 0.403125 0.771484375 0.015625 0.01953125
0 0.465625 0.677734375 0.015625 0.01953125
0 0.471875 0.693359375 0.015625 0.01953125
0 0.5078125 0.705078125 0.015625 0.01953125
0 0.4953125 0.724609375 0.015625 0.01953125
0 0.4859375 0.734375 0.015625 0.01953125
0 0.4734375 0.732421875 0.015625 0.01953125
0 0.521875 0.689453125 0.015625 0.01953125
0 0.5265625 0.666015625 0.015625 0.01953125
0 0.528125 0.708984375 0.015625 0.01953125
0 0.6234375 0.6484375 0.015625 0.01953125
0 0.6328125 0.689453125 0.015625 0.01953125
0 0.6515625 0.69140625 0.015625 0.01953125
0 0.5828125 0.748046875 0.015625 0.01953125
0 0.5796875 0.72265625 0.015625 0.01953125
0 0.565625 0.734375 0.015625 0.01953125
0 0.540625 0.75 0.015625 0.01953125
0 0.5265625 0.76953125 0.015625 0.01953125
0 0.4953125 0.763671875 0.015625 0.01953125
0 0.121875 0.779296875 0.015625 0.01953125
0 0.19375 0.7734375 0.015625 0.01953125
0 0.190625 0.75390625 0.015625 0.01953125
0 0.175 0.765625 0.015625 0.01953125
0 0.1390625 0.78125 0.015625 0.01953125
0 0.25625 0.462890625 0.015625 0.01953125
0 0.2640625 0.44921875 0.015625 0.01953125
0 0.0078125 0.47265625 0.015625 0.01953125
0 0.7140625 0.41015625 0.015625 0.01953125
0 0.9671875 0.60546875 0.015625 0.01953125
0 0.665625 0.630859375 0.015625 0.01953125
