0 0.3 0.765625 0.015625 0.01953125
0 0.2828125 0.783203125 0.015625 0.01953125
0 0.34375 0.802734375 0.015625 0.01953125
0 0.3609375 0.80859375 0.015625 0.01953125
0 0.3609375 0.822265625 0.015625 0.01953125
0 0.403125 0.73828125 0.015625 0.01953125
0 0.4546875 0.76953125 0.015625 0.01953125
0 0.465625 0.755859375 0.015625 0.01953125
0 0.39375 0.57421875 0.015625 0.01953125
0 0.375 0.583984375 0.015625 0.01953125
0 0.3078125 0.45703125 0.015625 0.01953125
0 0.3078125 0.47265625 0.015625 0.01953125
0 0.0640625 0.533203125 0.015625 0.01953125
0 0.05625 0.55078125 0.015625 0.01953125
0 0.0375 0.69921875 0.015625 0.01953125
0 0.134375 0.751953125 0.015625 0.01953125
0 0.584375 0.705078125 0.015625 0.01953125
0 0.615625 0.712890625 0.015625 0.01953125
0 0.628125 0.697265625 0.015625 0.01953125
0 0.6 0.73828125 0.015625 0.01953125
0 0.5875 0.740234375 0.015625 0.01953125
0 0.640625 0.701171875 0.015625 0.01953125
0 0.6390625 0.71875 0.015625 0.01953125
0 0.65 0.759765625 0.015625 0.01953125
0 0.640625 0.78515625 0.015625 0.01953125
0 0.6125 0.775390625 0.015625 0.01953125
0 0.671875 0.7421875 0.015625 0.01953125
0 0.6921875 0.72265625 0.015625 0.01953125
0 0.690625 0.7578125 0.015625 0.01953125
0 0.7109375 0.76171875 0.015625 0.01953125
0 0.7953125 0.681640625 0.015625 0.01953125
0 0.7828125 0.66796875 0.015625 0.01953125
0 0.7421875 0.69140625 0.015625 0.01953125
0 0.771875 0.640625 0.015625 0.01953125
0 0.8375 0.748046875 0.015625 0.01953125
0 0.834375 0.775390625 0.015625 0.01953125
0 0.5859375 0.5625 0.015625 0.01953125
0 0.5640625 0.548828125 0.015625 0.01953125
0 0.615625 0.533203125 0.015625 0.01953125
0 0.7734375 0.4140625 0.015625 0.01953125
