0 0.5859375 0.708984375 0.015625 0.01953125
0 0.5265625 0.72265625 0.015625 0.01953125
0 0.5328125 0.765625 0.015625 0.01953125
0 0.6734375 0.669921875 0.015625 0.01953125
0 0.4734375 0.703125 0.015625 0.01953125
0 0.4765625 0.68359375 0.015625 0.01953125
0 0.4609375 0.705078125 0.015625 0.01953125
0 0.4734375 0.73046875 0.015625 0.01953125
0 0.484375 0.76953125 0.015625 0.01953125
0 0.45 0.71875 0.015625 0.01953125
0 0.4140625 0.6953125 0.015625 0.01953125
0 0.4203125 0.7109375 0.015625 0.01953125
0 0.4625 0.60546875 0.015625 0.01953125
0 0.434375 0.58984375 0.015625 0.01953125
0 0.1921875 0.576171875 0.015625 0.01953125
0 0.1765625 0.587890625 0.015625 0.01953125
0 0.1390625 0.767578125 0.015625 0.01953125
0 0.125 0.78125 0.015625 0.01953125
0 0.084375 0.79296875 0.015625 0.01953125
0 0.178125 0.73046875 0.015625 0.01953125
0 0.290625 0.78125 0.015625 0.01953125
0 0.3 0.767578125 0.015625 0.01953125
0 0.0984375 0.46875 0.015625 0.01953125
0 0.0953125 0.48046875 0.015625 0.01953125
0 0.365625 0.796875 0.015625 0.01953125
0 0.4375 0.779296875 0.015625 0.01953125
0 0.5015625 0.74609375 0.015625 0.01953125
0 0.471875 0.783203125 0.015625 0.01953125
0 0.5734375 0.427734375 0.015625 0.01953125
0 0.9765625 0.6015625 0.015625 0.01953125
