0 0.0453125 0.73828125 0.015625 0.01953125
0 0.2953125 0.615234375 0.015625 0.01953125
0 0.2703125 0.591796875 0.015625 0.01953125
0 0.28125 0.669921875 0.015625 0.01953125
0 0.2765625 0.69140625 0.015625 0.01953125
0 0.265625 0.6875 0.015625 0.01953125
0 0.2515625 0.69921875 0.015625 0.01953125
0 0.225 0.69921875 0.015625 0.01953125
0 0.2390625 0.72265625 0.015625 0.01953125
0 0.3265625 0.7109375 0.015625 0.01953125
0 0.3859375 0.69140625 0.015625 0.01953125
0 0.346875 0.6796875 0.015625 0.01953125
0 0.33125 0.669921875 0.015625 0.01953125
0 0.5203125 0.630859375 0.015625 0.01953125
0 0.3328125 0.748046875 0.015625 0.01953125
0 0.8453125 0.474609375 0.015625 0.01953125
0 0.871875 0.42578125 0.015625 0.01953125
0 0.9046875 0.412109375 0.015625 0.01953125
0 0.925 0.419921875 0.015625 0.01953125
0 0.9609375 0.421875 0.015625 0.01953125
0 0.3453125 0.419921875 0.015625 0.01953125
0 0.1078125 0.7421875 0.015625 0.01953125
