0 0.503125 0.458984375 0.015625 0.01953125
0 0.528125 0.455078125 0.015625 0.01953125
0 0.53125 0.416015625 0.015625 0.01953125
0 0.625 0.421875 0.015625 0.01953125
0 0.8328125 0.462890625 0.015625 0.01953125
0 0.825 0.52734375 0.015625 0.01953125
0 0.775 0.654296875 0.015625 0.01953125
0 0.7703125 0.63671875 0.015625 0.01953125
0 0.025 0.705078125 0.015625 0.01953125
0 0.0421875 0.728515625 0.015625 0.01953125
0 0.0046875 0.611328125 0.015625 0.01953125
0 0.26875 0.6015625 0.015625 0.01953125
0 0.090625 0.681640625 0.015625 0.01953125
0 0.1234375 0.619140625 0.015625 0.01953125
