0 0.128125 0.568359375 0.015625 0.01953125
0 0.390625 0.404296875 0.015625 0.01953125
0 0.4140625 0.38671875 0.015625 0.01953125
0 0.2609375 0.443359375 0.015625 0.01953125
0 0.284375 0.42578125 0.015625 0.01953125
0 0.2875 0.408203125 0.015625 0.01953125
0 0.5765625 0.63671875 0.015625 0.01953125
0 0.58125 0.62109375 0.015625 0.01953125
0 0.684375 0.501953125 0.015625 0.01953125
0 0.6359375 0.451171875 0.015625 0.01953125
0 0.6578125 0.4453125 0.015625 0.01953125
0 0.88125 0.404296875 0.015625 0.01953125
0 0.85625 0.91015625 0.015625 0.01953125
0 0.859375 0.88671875 0.015625 0.01953125
0 0.9140625 0.927734375 0.015625 0.01953125
0 0.9265625 0.47265625 0.015625 0.01953125
0 0.978125 0.525390625 0.015625 0.01953125
