0 0.8796875 0.427734375 0.015625 0.01953125
0 0.8796875 0.412109375 0.015625 0.01953125
0 0.8953125 0.396484375 0.015625 0.01953125
0 0.8546875 0.373046875 0.015625 0.01953125
0 0.984375 0.421875 0.015625 0.01953125
0 0.21875 0.90234375 0.015625 0.01953125
0 0.9109375 0.900390625 0.015625 0.01953125
0 0.828125 0.966796875 0.015625 0.01953125
0 0.8046875 0.966796875 0.015625 0.01953125
0 0.7890625 0.912109375 0.015625 0.01953125
0 0.896875 0.962890625 0.015625 0.01953125
0 0.946875 0.94140625 0.015625 0.01953125
0 0.55 0.90234375 0.015625 0.01953125
0 0.4046875 0.470703125 0.015625 0.01953125
0 0.5046875 0.41015625 0.015625 0.01953125
0 0.39375 0.484375 0.015625 0.01953125
0 0.0203125 0.416015625 0.015625 0.01953125
0 0.090625 0.392578125 0.015625 0.01953125
0 0.1125 0.552734375 0.015625 0.01953125
0 0.1046875 0.568359375 0.015625 0.01953125
0 0.6203125 0.677734375 0.015625 0.01953125
0 0.684375 0.650390625 0.015625 0.01953125
0 0.690625 0.6015625 0.015625 0.01953125
0 0.68125 0.748046875 0.015625 0.01953125
0 0.603125 0.939453125 0.015625 0.01953125
0 0.6546875 0.845703125 0.015625 0.01953125
0 0.5453125 0.9140625 0.015625 0.01953125
0 0.1546875 0.943359375 0.015625 0.01953125
0 0.175 0.951171875 0.015625 0.01953125
0 0.2234375 0.974609375 0.015625 0.01953125
0 0.3421875 0.958984375 0.015625 0.01953125
0 0.246875 0.623046875 0.015625 0.01953125
0 0.24375 0.642578125 0.015625 0.01953125
