0 0.1296875 0.423828125 0.015625 0.01953125
0 0.1484375 0.412109375 0.015625 0.01953125
0 0.1546875 0.384765625 0.015625 0.01953125
0 0.475 0.34765625 0.015625 0.01953125
0 0.5828125 0.37109375 0.015625 0.01953125
0 0.6 0.365234375 0.015625 0.01953125
0 0.6171875 0.388671875 0.015625 0.01953125
0 0.4578125 0.427734375 0.015625 0.01953125
0 0.471875 0.431640625 0.015625 0.01953125
0 0.78125 0.380859375 0.015625 0.01953125
0 0.7765625 0.3671875 0.015625 0.01953125
0 0.83125 0.431640625 0.015625 0.01953125
0 0.7140625 0.51171875 0.015625 0.01953125
0 0.71875 0.615234375 0.015625 0.01953125
0 0.54375 0.919921875 0.015625 0.01953125
0 0.409375 0.921875 0.015625 0.01953125
0 0.4328125 0.923828125 0.015625 0.01953125
0 0.3921875 0.859375 0.015625 0.01953125
0 0.3265625 0.806640625 0.015625 0.01953125
0 0.315625 0.951171875 0.015625 0.01953125
0 0.9640625 0.673828125 0.015625 0.01953125
0 0.984375 0.6640625 0.015625 0.01953125
0 0.853125 0.60546875 0.015625 0.01953125
0 0.8796875 0.59765625 0.015625 0.01953125
0 0.896875 0.603515625 0.015625 0.01953125
0 0.909375 0.603515625 0.015625 0.01953125
0 0.915625 0.5859375 0.015625 0.01953125
0 0.9078125 0.552734375 0.015625 0.01953125
0 0.125 0.751953125 0.015625 0.01953125
0 0.1828125 0.58203125 0.015625 0.01953125
0 0.078125 0.91015625 0.015625 0.01953125
0 0.0171875 0.953125 0.015625 0.01953125
