0 0.209375 0.34375 0.015625 0.01953125
0 0.4171875 0.357421875 0.015625 0.01953125
0 0.4015625 0.37109375 0.015625 0.01953125
0 0.35625 0.36328125 0.015625 0.01953125
0 0.5453125 0.349609375 0.015625 0.01953125
0 0.5640625 0.455078125 0.015625 0.01953125
0 0.6234375 0.404296875 0.015625 0.01953125
0 0.8046875 0.404296875 0.015625 0.01953125
0 0.8109375 0.435546875 0.015625 0.01953125
0 0.8171875 0.50390625 0.015625 0.01953125
0 0.921875 0.455078125 0.015625 0.01953125
0 0.9734375 0.380859375 0.015625 0.01953125
0 0.9390625 0.34375 0.015625 0.01953125
0 0.5265625 0.93359375 0.015625 0.01953125
0 0.35 0.892578125 0.015625 0.01953125
0 0.18125 0.91015625 0.015625 0.01953125
0 0.146875 0.8984375 0.015625 0.01953125
0 0.1640625 0.87890625 0.015625 0.01953125
0 0.1359375 0.794921875 0.015625 0.01953125
0 0.128125 0.833984375 0.015625 0.01953125
0 0.1203125 0.865234375 0.015625 0.01953125
0 0.0671875 0.931640625 0.015625 0.01953125
0 0.025 0.5625 0.015625 0.01953125
0 0.0140625 0.62109375 0.015625 0.01953125
0 0.0359375 0.623046875 0.015625 0.01953125
0 0.1875 0.61328125 0.015625 0.01953125
0 0.1921875 0.5546875 0.015625 0.01953125
0 0.46875 0.6015625 0.015625 0.01953125
0 0.759375 0.59375 0.015625 0.01953125
0 0.7796875 0.59375 0.015625 0.01953125
0 0.7375 0.568359375 0.015625 0.01953125
0 0.7296875 0.541015625 0.015625 0.01953125
0 0.7328125 0.599609375 0.015625 0.01953125
0 0.7125 0.59375 0.015625 0.01953125
0 0.6984375 0.59375 0.015625 0.01953125
0 0.675 0.591796875 0.015625 0.01953125
0 0.74375 0.66796875 0.015625 0.01953125
0 0.671875 0.8203125 0.015625 0.01953125
0 0.9171875 0.66015625 0.015625 0.01953125
0 0.8375 0.80078125 0.015625 0.01953125
0 0.834375 0.822265625 0.015625 0.01953125
0 0.8046875 0.83984375 0.015625 0.01953125
0 0.8046875 0.806640625 0.015625 0.01953125
0 0.9453125 0.673828125 0.015625 0.01953125
0 0.9875 0.603515625 0.015625 0.01953125
0 0.9796875 0.626953125 0.015625 0.01953125
0 0.984375 0.6640625 0.015625 0.01953125
0 0.990625 0.681640625 0.015625 0.01953125
0 0.925 0.859375 0.015625 0.01953125
0 0.9328125 0.8359375 0.015625 0.01953125
0 0.9359375 0.849609375 0.015625 0.01953125
0 0.95 0.853515625 0.015625 0.01953125
0 0.9828125 0.828125 0.015625 0.01953125
0 0.971875 0.548828125 0.015625 0.01953125
