0 0.26875 0.380859375 0.015625 0.01953125
0 0.2875 0.369140625 0.015625 0.01953125
0 0.1609375 0.337890625 0.015625 0.01953125
0 0.1328125 0.453125 0.015625 0.01953125
0 0.459375 0.416015625 0.015625 0.01953125
0 0.471875 0.427734375 0.015625 0.01953125
0 0.640625 0.42578125 0.015625 0.01953125
0 0.6265625 0.408203125 0.015625 0.01953125
0 0.621875 0.5390625 0.015625 0.01953125
0 0.60625 0.544921875 0.015625 0.01953125
0 0.525 0.603515625 0.015625 0.01953125
0 0.55 0.603515625 0.015625 0.01953125
0 0.5640625 0.603515625 0.015625 0.01953125
0 0.584375 0.60546875 0.015625 0.01953125
0 0.584375 0.580078125 0.015625 0.01953125
0 0.909375 0.498046875 0.015625 0.01953125
0 0.934375 0.50390625 0.015625 0.01953125
0 0.946875 0.517578125 0.015625 0.01953125
0 0.975 0.48828125 0.015625 0.01953125
0 0.971875 0.470703125 0.015625 0.01953125
0 0.95 0.583984375 0.015625 0.01953125
0 0.9140625 0.56640625 0.015625 0.01953125
0 0.9 0.552734375 0.015625 0.01953125
0 0.8765625 0.576171875 0.015625 0.01953125
0 0.85625 0.552734375 0.015625 0.01953125
0 0.7953125 0.5390625 0.015625 0.01953125
0 0.8953125 0.609375 0.015625 0.01953125
0 0.853125 0.62109375 0.015625 0.01953125
0 0.8484375 0.63671875 0.015625 0.01953125
0 0.8109375 0.68359375 0.015625 0.01953125
0 0.775 0.669921875 0.015625 0.01953125
0 0.834375 0.712890625 0.015625 0.01953125
0 0.853125 0.677734375 0.015625 0.01953125
0 0.8578125 0.693359375 0.015625 0.01953125
0 0.8609375 0.70703125 0.015625 0.01953125
0 0.8828125 0.724609375 0.015625 0.01953125
0 0.8671875 0.75 0.015625 0.01953125
0 0.8515625 0.76171875 0.015625 0.01953125
0 0.85625 0.775390625 0.015625 0.01953125
0 0.8609375 0.826171875 0.015625 0.01953125
0 0.7890625 0.85546875 0.015625 0.01953125
0 0.79375 0.875 0.015625 0.01953125
0 0.7765625 0.873046875 0.015625 0.01953125
0 0.8359375 0.896484375 0.015625 0.01953125
0 0.8484375 0.9140625 0.015625 0.01953125
0 0.8890625 0.755859375 0.015625 0.01953125
0 0.875 0.771484375 0.015625 0.01953125
0 0.8953125 0.779296875 0.015625 0.01953125
0 0.90625 0.794921875 0.015625 0.01953125
0 0.9515625 0.814453125 0.015625 0.01953125
0 0.9671875 0.80859375 0.015625 0.01953125
0 0.9015625 0.849609375 0.015625 0.01953125
0 0.8796875 0.8359375 0.015625 0.01953125
0 0.8828125 0.85546875 0.015625 0.01953125
0 0.9390625 0.888671875 0.015625 0.01953125
0 0.434375 0.931640625 0.015625 0.01953125
0 0.4359375 0.955078125 0.015625 0.01953125
0 0.1984375 0.923828125 0.015625 0.01953125
0 0.1890625 0.904296875 0.015625 0.01953125
0 0.1828125 0.919921875 0.015625 0.01953125
0 0.0453125 0.916015625 0.015625 0.01953125
0 0.0296875 0.87109375 0.015625 0.01953125
0 0.00625 0.88671875 0.015625 0.01953125
0 0.05625 0.62109375 0.015625 0.01953125
0 0.0578125 0.58203125 0.015625 0.01953125
0 0.26875 0.6171875 0.015625 0.01953125
0 0.815625 0.296875 0.015625 0.01953125
0 0.9578125 0.3515625 0.015625 0.01953125
0 0.9453125 0.34765625 0.015625 0.01953125
0 0.1515625 0.4453125 0.015625 0.01953125
0 0.3234375 0.439453125 0.015625 0.01953125
