0 0.5609375 0.94140625 0.015625 0.01953125
0 0.55625 0.9296875 0.015625 0.01953125
0 0.54375 0.921875 0.015625 0.01953125
0 0.5515625 0.873046875 0.015625 0.01953125
0 0.565625 0.845703125 0.015625 0.01953125
0 0.5734375 0.87109375 0.015625 0.01953125
0 0.6375 0.81640625 0.015625 0.01953125
0 0.6375 0.78125 0.015625 0.01953125
0 0.6265625 0.748046875 0.015625 0.01953125
0 0.6546875 0.76953125 0.015625 0.01953125
0 0.671875 0.744140625 0.015625 0.01953125
0 0.6640625 0.7265625 0.015625 0.01953125
0 0.6515625 0.697265625 0.015625 0.01953125
0 0.6453125 0.6875 0.015625 0.01953125
0 0.6328125 0.66796875 0.015625 0.01953125
0 0.6265625 0.640625 0.015625 0.01953125
0 0.6328125 0.619140625 0.015625 0.01953125
0 0.659375 0.5703125 0.015625 0.01953125
0 0.634375 0.5703125 0.015625 0.01953125
0 0.6890625 0.57421875 0.015625 0.01953125
0 0.678125 0.607421875 0.015625 0.01953125
0 0.78125 0.564453125 0.015625 0.01953125
0 0.8109375 0.552734375 0.015625 0.01953125
0 0.80625 0.4921875 0.015625 0.01953125
0 0.8109375 0.470703125 0.015625 0.01953125
0 0.915625 0.509765625 0.015625 0.01953125
0 0.765625 0.5390625 0.015625 0.01953125
0 0.6921875 0.515625 0.015625 0.01953125
0 0.7046875 0.44921875 0.015625 0.01953125
0 0.6875 0.443359375 0.015625 0.01953125
0 0.659375 0.43359375 0.015625 0.01953125
0 0.6375 0.4921875 0.015625 0.01953125
0 0.5375 0.501953125 0.015625 0.01953125
0 0.4765625 0.533203125 0.015625 0.01953125
0 0.371875 0.478515625 0.015625 0.01953125
0 0.359375 0.486328125 0.015625 0.01953125
0 0.309375 0.416015625 0.015625 0.01953125
0 0.31875 0.412109375 0.015625 0.01953125
0 0.3765625 0.380859375 0.015625 0.01953125
0 0.2171875 0.400390625 0.015625 0.01953125
0 0.090625 0.3671875 0.015625 0.01953125
0 0.075 0.37109375 0.015625 0.01953125
0 0.115625 0.3359375 0.015625 0.01953125
0 0.1078125 0.34765625 0.015625 0.01953125
0 0.2625 0.9296875 0.015625 0.01953125
0 0.2625 0.904296875 0.015625 0.01953125
0 0.3 0.82421875 0.015625 0.01953125
0 0.8265625 0.87890625 0.015625 0.01953125
0 0.840625 0.859375 0.015625 0.01953125
0 0.9515625 0.7578125 0.015625 0.01953125
0 0.8296875 0.783203125 0.015625 0.01953125
0 0.809375 0.80078125 0.015625 0.01953125
0 0.7453125 0.80078125 0.015625 0.01953125
0 0.6828125 0.80859375 0.015625 0.01953125
0 0.6734375 0.787109375 0.015625 0.01953125
0 0.6796875 0.76953125 0.015625 0.01953125
0 0.6671875 0.859375 0.015625 0.01953125
0 0.6625 0.833984375 0.015625 0.01953125
0 0.459375 0.83203125 0.015625 0.01953125
0 0.4640625 0.810546875 0.015625 0.01953125
0 0.471875 0.791015625 0.015625 0.01953125
0 0.559375 0.65625 0.015625 0.01953125
0 0.3546875 0.595703125 0.015625 0.01953125
0 0.34375 0.59375 0.015625 0.01953125
0 0.315625 0.59375 0.015625 0.01953125
0 0.375 0.578125 0.015625 0.01953125
0 0.3796875 0.546875 0.015625 0.01953125
0 0.359375 0.5390625 0.015625 0.01953125
0 0.7484375 0.38671875 0.015625 0.01953125
0 0.734375 0.380859375 0.015625 0.01953125
0 0.625 0.236328125 0.015625 0.01953125
0 0.1015625 0.837890625 0.015625 0.01953125
0 0.10625 0.671875 0.015625 0.01953125
0 0.146875 0.5625 0.015625 0.01953125
0 0.8046875 0.546875 0.015625 0.01953125
0 0.703125 0.556640625 0.015625 0.01953125
0 0.60625 0.712890625 0.015625 0.01953125
0 0.5875 0.68359375 0.015625 0.01953125
0 0.4125 0.6640625 0.015625 0.01953125
0 0.4171875 0.611328125 0.015625 0.01953125
0 0.3828125 0.66796875 0.015625 0.01953125
