0 0.034375 0.380859375 0.015625 0.01953125
0 0.0359375 0.36328125 0.015625 0.01953125
0 0.19375 0.34765625 0.015625 0.01953125
0 0.1828125 0.4140625 0.015625 0.01953125
0 0.175 0.427734375 0.015625 0.01953125
0 0.215625 0.39453125 0.015625 0.01953125
0 0.2171875 0.38671875 0.015625 0.01953125
0 0.2296875 0.521484375 0.015625 0.01953125
0 0.2203125 0.51171875 0.015625 0.01953125
0 0.2390625 0.509765625 0.015625 0.01953125
0 0.246875 0.54296875 0.015625 0.01953125
0 0.2265625 0.548828125 0.015625 0.01953125
0 0.2109375 0.576171875 0.015625 0.01953125
0 0.2 0.5703125 0.015625 0.01953125
0 0.190625 0.5703125 0.015625 0.01953125
0 0.1625 0.5625 0.015625 0.01953125
0 0.2203125 0.640625 0.015625 0.01953125
0 0.228125 0.646484375 0.015625 0.01953125
0 0.140625 0.79296875 0.015625 0.01953125
0 0.171875 0.837890625 0.015625 0.01953125
0 0.171875 0.8828125 0.015625 0.01953125
0 0.15 0.8984375 0.015625 0.01953125
0 0.29375 0.818359375 0.015625 0.01953125
0 0.296875 0.78515625 0.015625 0.01953125
0 0.3078125 0.771484375 0.015625 0.01953125
0 0.396875 0.818359375 0.015625 0.01953125
0 0.3875 0.83984375 0.015625 0.01953125
0 0.403125 0.83984375 0.015625 0.01953125
0 0.4234375 0.84375 0.015625 0.01953125
0 0.4421875 0.794921875 0.015625 0.01953125
0 0.4546875 0.798828125 0.015625 0.01953125
0 0.4640625 0.798828125 0.015625 0.01953125
0 0.4953125 0.7421875 0.015625 0.01953125
0 0.4953125 0.736328125 0.015625 0.01953125
0 0.4703125 0.73046875 0.015625 0.01953125
0 0.465625 0.70703125 0.015625 0.01953125
0 0.421875 0.6953125 0.015625 0.01953125
0 0.4359375 0.66796875 0.015625 0.01953125
0 0.4328125 0.65234375 0.015625 0.01953125
0 0.4 0.638671875 0.015625 0.01953125
0 0.3 0.427734375 0.015625 0.01953125
0 0.3390625 0.466796875 0.015625 0.01953125
0 0.31875 0.515625 0.015625 0.01953125
0 0.4828125 0.34375 0.015625 0.01953125
0 0.4828125 0.154296875 0.015625 0.01953125
0 0.5 0.365234375 0.015625 0.01953125
0 0.503125 0.392578125 0.015625 0.01953125
0 0.503125 0.443359375 0.015625 0.01953125
0 0.4796875 0.490234375 0.015625 0.01953125
0 0.4796875 0.525390625 0.015625 0.01953125
0 0.48125 0.5546875 0.015625 0.01953125
0 0.5046875 0.544921875 0.015625 0.01953125
0 0.5125 0.564453125 0.015625 0.01953125
0 0.525 0.58984375 0.015625 0.01953125
0 0.503125 0.60546875 0.015625 0.01953125
0 0.4875 0.587890625 0.015625 0.01953125
0 0.4765625 0.60546875 0.015625 0.01953125
0 0.4765625 0.646484375 0.015625 0.01953125
0 0.4796875 0.6640625 0.015625 0.01953125
0 0.4875 0.67578125 0.015625 0.01953125
0 0.5109375 0.642578125 0.015625 0.01953125
0 0.4984375 0.701171875 0.015625 0.01953125
0 0.503125 0.720703125 0.015625 0.01953125
0 0.528125 0.6640625 0.015625 0.01953125
0 0.534375 0.677734375 0.015625 0.01953125
0 0.50625 0.755859375 0.015625 0.01953125
0 0.515625 0.7421875 0.015625 0.01953125
0 0.3109375 0.931640625 0.015625 0.01953125
0 0.328125 0.927734375 0.015625 0.01953125
0 0.3453125 0.943359375 0.015625 0.01953125
0 0.5671875 0.78515625 0.015625 0.01953125
0 0.5890625 0.78515625 0.015625 0.01953125
0 0.5203125 0.80859375 0.015625 0.01953125
0 0.496875 0.8046875 0.015625 0.01953125
0 0.5046875 0.83984375 0.015625 0.01953125
0 0.459375 0.833984375 0.015625 0.01953125
0 0.5125 0.841796875 0.015625 0.01953125
0 0.6578125 0.89453125 0.015625 0.01953125
0 0.66875 0.896484375 0.015625 0.01953125
0 0.71875 0.85546875 0.015625 0.01953125
0 0.6828125 0.822265625 0.015625 0.01953125
0 0.6859375 0.791015625 0.015625 0.01953125
0 0.678125 0.705078125 0.015625 0.01953125
0 0.6296875 0.619140625 0.015625 0.01953125
0 0.6171875 0.587890625 0.015625 0.01953125
0 0.5921875 0.564453125 0.015625 0.01953125
0 0.5828125 0.546875 0.015625 0.01953125
0 0.5703125 0.533203125 0.015625 0.01953125
0 0.54375 0.544921875 0.015625 0.01953125
0 0.5765625 0.46875 0.015625 0.01953125
0 0.575 0.408203125 0.015625 0.01953125
0 0.6 0.41796875 0.015625 0.01953125
0 0.715625 0.462890625 0.015625 0.01953125
0 0.7046875 0.48046875 0.015625 0.01953125
0 0.653125 0.5234375 0.015625 0.01953125
0 0.6375 0.513671875 0.015625 0.01953125
0 0.6328125 0.54296875 0.015625 0.01953125
0 0.621875 0.544921875 0.015625 0.01953125
0 0.64375 0.6015625 0.015625 0.01953125
0 0.6515625 0.578125 0.015625 0.01953125
0 0.81875 0.78515625 0.015625 0.01953125
0 0.834375 0.74609375 0.015625 0.01953125
0 0.9 0.802734375 0.015625 0.01953125
0 0.875 0.533203125 0.015625 0.01953125
0 0.8859375 0.529296875 0.015625 0.01953125
0 0.9046875 0.541015625 0.015625 0.01953125
0 0.9109375 0.52734375 0.015625 0.01953125
0 0.871875 0.599609375 0.015625 0.01953125
0 0.8640625 0.6171875 0.015625 0.01953125
0 0.9421875 0.6875 0.015625 0.01953125
0 0.9546875 0.69140625 0.015625 0.01953125
0 0.9828125 0.712890625 0.015625 0.01953125
0 0.5421875 0.896484375 0.015625 0.01953125
0 0.81875 0.443359375 0.015625 0.01953125
0 0.8078125 0.474609375 0.015625 0.01953125
