0 0.06875 0.51953125 0.015625 0.01953125
0 0.0796875 0.53125 0.015625 0.01953125
0 0.09375 0.529296875 0.015625 0.01953125
0 0.13125 0.529296875 0.015625 0.01953125
0 0.153125 0.521484375 0.015625 0.01953125
0 0.15 0.53515625 0.015625 0.01953125
0 0.26875 0.662109375 0.015625 0.01953125
0 0.0890625 0.712890625 0.015625 0.01953125
0 0.103125 0.71875 0.015625 0.01953125
0 0.0703125 0.7890625 0.015625 0.01953125
0 0.0828125 0.806640625 0.015625 0.01953125
0 0.053125 0.83984375 0.015625 0.01953125
0 0.040625 0.84765625 0.015625 0.01953125
0 0.025 0.849609375 0.015625 0.01953125
0 0.0125 0.83984375 0.015625 0.01953125
0 0.0078125 0.830078125 0.015625 0.01953125
0 0.0328125 0.86328125 0.015625 0.01953125
0 0.0328125 0.8828125 0.015625 0.01953125
0 0.03125 0.91796875 0.015625 0.01953125
0 0.0921875 0.9609375 0.015625 0.01953125
0 0.1015625 0.943359375 0.015625 0.01953125
0 0.071875 0.94921875 0.015625 0.01953125
0 0.053125 0.9453125 0.015625 0.01953125
0 0.2328125 0.7890625 0.015625 0.01953125
0 0.1703125 0.751953125 0.015625 0.01953125
0 0.0625 0.744140625 0.015625 0.01953125
0 0.05625 0.751953125 0.015625 0.01953125
0 0.040625 0.775390625 0.015625 0.01953125
0 0.0484375 0.791015625 0.015625 0.01953125
0 0.059375 0.806640625 0.015625 0.01953125
0 0.4171875 0.70703125 0.015625 0.01953125
0 0.3765625 0.7578125 0.015625 0.01953125
0 0.3171875 0.775390625 0.015625 0.01953125
0 0.309375 0.798828125 0.015625 0.01953125
0 0.3921875 0.84765625 0.015625 0.01953125
0 0.3375 0.775390625 0.015625 0.01953125
0 0.3265625 0.76171875 0.015625 0.01953125
0 0.70625 0.849609375 0.015625 0.01953125
0 0.71875 0.953125 0.015625 0.01953125
0 0.9515625 0.83203125 0.015625 0.01953125
0 0.109375 0.49609375 0.015625 0.01953125
