0 0.0125 0.724609375 0.015625 0.01953125
0 0.0046875 0.5078125 0.015625 0.01953125
0 0.178125 0.767578125 0.015625 0.01953125
0 0.1828125 0.751953125 0.015625 0.01953125
0 0.1640625 0.74609375 0.015625 0.01953125
0 0.0796875 0.61328125 0.015625 0.01953125
0 0.0140625 0.751953125 0.015625 0.01953125
0 0.2703125 0.673828125 0.015625 0.01953125
0 0.2453125 0.712890625 0.015625 0.01953125
0 0.2609375 0.73046875 0.015625 0.01953125
0 0.4984375 0.81640625 0.015625 0.01953125
0 0.846875 0.818359375 0.015625 0.01953125
0 0.853125 0.96875 0.015625 0.01953125
0 0.6828125 0.96875 0.015625 0.01953125
0 0.603125 0.966796875 0.015625 0.01953125
0 0.553125 0.927734375 0.015625 0.01953125
0 0.225 0.822265625 0.015625 0.01953125
