0 0.2953125 0.68359375 0.015625 0.01953125
0 0.25625 0.888671875 0.015625 0.01953125
0 0.265625 0.88671875 0.015625 0.01953125
0 0.6296875 0.94140625 0.015625 0.01953125
0 0.684375 0.869140625 0.015625 0.01953125
0 0.690625 0.85546875 0.015625 0.01953125
0 0.8390625 0.89453125 0.015625 0.01953125
0 0.8328125 0.908203125 0.015625 0.01953125
0 0.8390625 0.93359375 0.015625 0.01953125
0 0.7859375 0.9765625 0.015625 0.01953125
0 0.8875 0.99609375 0.015625 0.01953125
0 0.909375 0.984375 0.015625 0.01953125
0 0.915625 0.96875 0.015625 0.01953125
0 0.8453125 0.701171875 0.015625 0.01953125
0 0.8453125 0.716796875 0.015625 0.01953125
0 0.965625 0.75390625 0.015625 0.01953125
0 0.9828125 0.6171875 0.015625 0.01953125
0 0.528125 0.501953125 0.015625 0.01953125
0 0.4140625 0.375 0.015625 0.01953125
0 0.3140625 0.37109375 0.015625 0.01953125
0 0.3140625 0.408203125 0.015625 0.01953125
0 0.303125 0.419921875 0.015625 0.01953125
0 0.209375 0.400390625 0.015625 0.01953125
0 0.065625 0.380859375 0.015625 0.01953125
0 0.0515625 0.3828125 0.015625 0.01953125
0 0.059375 0.361328125 0.015625 0.01953125
0 0.040625 0.37109375 0.015625 0.01953125
0 0.01875 0.421875 0.015625 0.01953125
0 0.03125 0.4296875 0.015625 0.01953125
0 0.0390625 0.42578125 0.015625 0.01953125
0 0.01875 0.453125 0.015625 0.01953125
0 0.0125 0.490234375 0.015625 0.01953125
0 0.0296875 0.482421875 0.015625 0.01953125
0 0.04375 0.509765625 0.015625 0.01953125
0 0.0578125 0.51953125 0.015625 0.01953125
0 0.2015625 0.236328125 0.015625 0.01953125
0 0.1796875 0.185546875 0.015625 0.01953125
0 0.184375 0.1796875 0.015625 0.01953125
0 0.0078125 0.13671875 0.015625 0.01953125
0 0.103125 0.33203125 0.015625 0.01953125
0 0.240625 0.638671875 0.015625 0.01953125
0 0.603125 0.634765625 0.015625 0.01953125
0 0.6515625 0.67578125 0.015625 0.01953125
0 0.7578125 0.71875 0.015625 0.01953125
0 0.6484375 0.65234375 0.015625 0.01953125
