0 0.190625 0.296875 0.015625 0.01953125
0 0.040625 0.28515625 0.015625 0.01953125
0 0.0546875 0.515625 0.015625 0.01953125
0 0.0328125 0.806640625 0.015625 0.01953125
0 0.075 0.794921875 0.015625 0.01953125
0 0.01875 0.771484375 0.015625 0.01953125
0 0.2421875 0.966796875 0.015625 0.01953125
0 0.2640625 0.986328125 0.015625 0.01953125
0 0.2796875 0.96484375 0.015625 0.01953125
0 0.43125 0.841796875 0.015625 0.01953125
0 0.4421875 0.830078125 0.015625 0.01953125
0 0.565625 0.90234375 0.015625 0.01953125
0 0.521875 0.939453125 0.015625 0.01953125
0 0.60625 0.962890625 0.015625 0.01953125
0 0.6109375 0.94921875 0.015625 0.01953125
0 0.590625 0.91015625 0.015625 0.01953125
0 0.625 0.689453125 0.015625 0.01953125
0 0.6328125 0.681640625 0.015625 0.01953125
0 0.5140625 0.669921875 0.015625 0.01953125
0 0.5671875 0.623046875 0.015625 0.01953125
0 0.8890625 0.712890625 0.015625 0.01953125
0 0.921875 0.98046875 0.015625 0.01953125
0 0.5890625 0.93359375 0.015625 0.01953125
0 0.2734375 0.322265625 0.015625 0.01953125
0 0.23125 0.408203125 0.015625 0.01953125
0 0.2234375 0.38671875 0.015625 0.01953125
0 0.2140625 0.404296875 0.015625 0.01953125
0 0.265625 0.384765625 0.015625 0.01953125
0 0.271875 0.37890625 0.015625 0.01953125
0 0.1109375 0.119140625 0.015625 0.01953125
0 0.096875 0.072265625 0.015625 0.01953125
0 0.1640625 0.158203125 0.015625 0.01953125
