0 0.828125 0.732421875 0.015625 0.01953125
0 0.946875 0.7421875 0.015625 0.01953125
0 0.9578125 0.802734375 0.015625 0.01953125
0 0.771875 0.9453125 0.015625 0.01953125
0 0.5640625 0.919921875 0.015625 0.01953125
0 0.5796875 0.826171875 0.015625 0.01953125
0 0.3828125 0.650390625 0.015625 0.01953125
0 0.346875 0.671875 0.015625 0.01953125
0 0.28125 0.716796875 0.015625 0.01953125
0 0.2078125 0.5859375 0.015625 0.01953125
0 0.228125 0.36328125 0.015625 0.01953125
0 0.340625 0.376953125 0.015625 0.01953125
0 0.45625 0.427734375 0.015625 0.01953125
0 0.734375 0.578125 0.015625 0.01953125
0 0.5984375 0.666015625 0.015625 0.01953125
0 0.728125 0.693359375 0.015625 0.01953125
0 0.6890625 0.654296875 0.015625 0.01953125
0 0.8328125 0.57421875 0.015625 0.01953125
0 0.0921875 0.2578125 0.015625 0.01953125
0 0.0140625 0.169921875 0.015625 0.01953125
0 0.009375 0.26171875 0.015625 0.01953125
0 0.053125 0.611328125 0.015625 0.01953125
0 0.003125 0.53515625 0.015625 0.01953125
0 0.2421875 0.685546875 0.015625 0.01953125
0 0.4484375 0.689453125 0.015625 0.01953125
0 0.4859375 0.66796875 0.015625 0.01953125
