0 0.8140625 0.904296875 0.015625 0.01953125
0 0.9359375 0.705078125 0.015625 0.01953125
0 0.934375 0.69140625 0.015625 0.01953125
0 0.753125 0.7109375 0.015625 0.01953125
0 0.621875 0.578125 0.015625 0.01953125
0 0.5921875 0.58984375 0.015625 0.01953125
0 0.3875 0.6328125 0.015625 0.01953125
0 0.384375 0.62109375 0.015625 0.01953125
0 0.3640625 0.68359375 0.015625 0.01953125
0 0.4109375 0.677734375 0.015625 0.01953125
0 0.421875 0.685546875 0.015625 0.01953125
0 0.4859375 0.6875 0.015625 0.01953125
0 0.409375 0.779296875 0.015625 0.01953125
0 0.26875 0.91015625 0.015625 0.01953125
0 0.290625 0.904296875 0.015625 0.01953125
0 0.4734375 0.873046875 0.015625 0.01953125
0 0.4859375 0.873046875 0.015625 0.01953125
0 0.521875 0.88671875 0.015625 0.01953125
0 0.5375 0.896484375 0.015625 0.01953125
0 0.5515625 0.91015625 0.015625 0.01953125
0 0.015625 0.443359375 0.015625 0.01953125
0 0.0859375 0.69921875 0.015625 0.01953125
0 0.053125 0.828125 0.015625 0.01953125
0 0.0359375 0.830078125 0.015625 0.01953125
0 0.121875 0.642578125 0.015625 0.01953125
0 0.1015625 0.6328125 0.015625 0.01953125
0 0.1171875 0.607421875 0.015625 0.01953125
0 0.10625 0.609375 0.015625 0.01953125
0 0.1625 0.6640625 0.015625 0.01953125
0 0.3546875 0.439453125 0.015625 0.01953125
0 0.3421875 0.439453125 0.015625 0.01953125
0 0.40625 0.966796875 0.015625 0.01953125
0 0.0484375 0.68359375 0.015625 0.01953125
0 0.48125 0.7734375 0.015625 0.01953125
