0 0.140625 0.6171875 0.015625 0.01953125
0 0.15 0.603515625 0.015625 0.01953125
0 0.1609375 0.599609375 0.015625 0.01953125
0 0.1625 0.62109375 0.015625 0.01953125
0 0.1625 0.646484375 0.015625 0.01953125
0 0.4953125 0.96484375 0.015625 0.01953125
0 0.4828125 0.955078125 0.015625 0.01953125
0 0.465625 0.9296875 0.015625 0.01953125
0 0.46875 0.8984375 0.015625 0.01953125
0 0.4859375 0.8984375 0.015625 0.01953125
0 0.509375 0.748046875 0.015625 0.01953125
0 0.496875 0.732421875 0.015625 0.01953125
0 0.4625 0.6875 0.015625 0.01953125
0 0.421875 0.693359375 0.015625 0.01953125
0 0.41875 0.638671875 0.015625 0.01953125
0 0.2640625 0.8828125 0.015625 0.01953125
0 0.2671875 0.91015625 0.015625 0.01953125
0 0.2828125 0.9296875 0.015625 0.01953125
0 0.3671875 0.796875 0.015625 0.01953125
0 0.4359375 0.78515625 0.015625 0.01953125
0 0.065625 0.806640625 0.015625 0.01953125
0 0.1671875 0.693359375 0.015625 0.01953125
0 0.1984375 0.650390625 0.015625 0.01953125
0 0.2140625 0.677734375 0.015625 0.01953125
0 0.04375 0.654296875 0.015625 0.01953125
0 0.025 0.4140625 0.015625 0.01953125
0 0.4109375 0.453125 0.015625 0.01953125
0 0.3984375 0.458984375 0.015625 0.01953125
0 0.89375 0.7734375 0.015625 0.01953125
0 0.8890625 0.763671875 0.015625 0.01953125
0 0.89375 0.74609375 0.015625 0.01953125
0 0.915625 0.75 0.015625 0.01953125
0 0.759375 0.966796875 0.015625 0.01953125
0 0.896875 0.84765625 0.015625 0.01953125
0 0.759375 0.7578125 0.015625 0.01953125
0 0.740625 0.78515625 0.015625 0.01953125
0 0.7453125 0.7578125 0.015625 0.01953125
0 0.790625 0.6796875 0.015625 0.01953125
0 0.853125 0.634765625 0.015625 0.01953125
0 0.5859375 0.6796875 0.015625 0.01953125
0 0.61875 0.60546875 0.015625 0.01953125
