0 0.3140625 0.955078125 0.015625 0.01953125
0 0.2234375 0.98046875 0.015625 0.01953125
0 0.215625 0.98046875 0.015625 0.01953125
0 0.0828125 0.62890625 0.015625 0.01953125
0 0.1109375 0.49609375 0.015625 0.01953125
0 0.0953125 0.501953125 0.015625 0.01953125
0 0.0578125 0.5078125 0.015625 0.01953125
0 0.0484375 0.505859375 0.015625 0.01953125
0 0.0421875 0.49609375 0.015625 0.01953125
0 0.1578125 0.46484375 0.015625 0.01953125
0 0.1734375 0.478515625 0.015625 0.01953125
0 0.209375 0.458984375 0.015625 0.01953125
0 0.3390625 0.787109375 0.015625 0.01953125
0 0.3515625 0.771484375 0.015625 0.01953125
0 0.3640625 0.7421875 0.015625 0.01953125
0 0.4875 0.845703125 0.015625 0.01953125
0 0.50625 0.873046875 0.015625 0.01953125
0 0.5109375 0.8984375 0.015625 0.01953125
0 0.565625 0.8125 0.015625 0.01953125
0 0.5796875 0.814453125 0.015625 0.01953125
0 0.6015625 0.93359375 0.015625 0.01953125
0 0.7828125 0.91015625 0.015625 0.01953125
0 0.9890625 0.85546875 0.015625 0.01953125
0 0.93125 0.75 0.015625 0.01953125
0 0.9375 0.732421875 0.015625 0.01953125
0 0.859375 0.73828125 0.015625 0.01953125
0 0.9078125 0.6796875 0.015625 0.01953125
0 0.7296875 0.548828125 0.015625 0.01953125
0 0.6203125 0.599609375 0.015625 0.01953125
0 0.6109375 0.66015625 0.015625 0.01953125
0 0.61875 0.677734375 0.015625 0.01953125
0 0.653125 0.66796875 0.015625 0.01953125
0 0.4859375 0.66796875 0.015625 0.01953125
0 0.5453125 0.556640625 0.015625 0.01953125
0 0.5359375 0.541015625 0.015625 0.01953125
0 0.58125 0.5859375 0.015625 0.01953125
0 0.3453125 0.57421875 0.015625 0.01953125
0 0.340625 0.50390625 0.015625 0.01953125
0 0.30625 0.494140625 0.015625 0.01953125
0 0.3015625 0.458984375 0.015625 0.01953125
0 0.1515625 0.248046875 0.015625 0.01953125
0 0.5765625 0.37109375 0.015625 0.01953125
0 0.565625 0.365234375 0.015625 0.01953125
0 0.0265625 0.173828125 0.015625 0.01953125
0 0.978125 0.642578125 0.015625 0.01953125
