0 0.1171875 0.30078125 0.015625 0.01953125
0 0.184375 0.251953125 0.015625 0.01953125
0 0.19375 0.23828125 0.015625 0.01953125
0 0.04375 0.232421875 0.015625 0.01953125
0 0.0515625 0.224609375 0.015625 0.01953125
0 0.315625 0.3515625 0.015625 0.01953125
0 0.29375 0.34375 0.015625 0.01953125
0 0.3015625 0.365234375 0.015625 0.01953125
0 0.2859375 0.39453125 0.015625 0.01953125
0 0.26875 0.39453125 0.015625 0.01953125
0 0.0859375 0.486328125 0.015625 0.01953125
0 0.075 0.4765625 0.015625 0.01953125
0 0.134375 0.46875 0.015625 0.01953125
0 0.1203125 0.4765625 0.015625 0.01953125
0 0.0828125 0.572265625 0.015625 0.01953125
0 0.075 0.591796875 0.015625 0.01953125
0 0.284375 0.66015625 0.015625 0.01953125
0 0.3125 0.708984375 0.015625 0.01953125
0 0.309375 0.73828125 0.015625 0.01953125
0 0.3375 0.837890625 0.015625 0.01953125
0 0.33125 0.85546875 0.015625 0.01953125
0 0.3265625 0.869140625 0.015625 0.01953125
0 0.36875 0.634765625 0.015625 0.01953125
0 0.36875 0.615234375 0.015625 0.01953125
0 0.3578125 0.6015625 0.015625 0.01953125
0 0.390625 0.716796875 0.015625 0.01953125
0 0.540625 0.734375 0.015625 0.01953125
0 0.5765625 0.810546875 0.015625 0.01953125
0 0.5890625 0.81640625 0.015625 0.01953125
0 0.6625 0.74609375 0.015625 0.01953125
0 0.6890625 0.66015625 0.015625 0.01953125
0 0.7015625 0.650390625 0.015625 0.01953125
0 0.8328125 0.587890625 0.015625 0.01953125
0 0.8546875 0.599609375 0.015625 0.01953125
0 0.93125 0.671875 0.015625 0.01953125
0 0.915625 0.671875 0.015625 0.01953125
0 0.90625 0.658203125 0.015625 0.01953125
0 0.896875 0.66796875 0.015625 0.01953125
0 0.9296875 0.7109375 0.015625 0.01953125
0 0.93125 0.6484375 0.015625 0.01953125
0 0.853125 0.66796875 0.015625 0.01953125
0 0.840625 0.666015625 0.015625 0.01953125
0 0.8359375 0.67578125 0.015625 0.01953125
0 0.840625 0.814453125 0.015625 0.01953125
0 0.871875 0.88671875 0.015625 0.01953125
0 0.0578125 0.44921875 0.015625 0.01953125
0 0.0484375 0.45703125 0.015625 0.01953125
0 0.3703125 0.984375 0.015625 0.01953125
