0 0.2015625 0.46484375 0.015625 0.01953125
0 0.1921875 0.46484375 0.015625 0.01953125
0 0.1828125 0.484375 0.015625 0.01953125
0 0.1296875 0.390625 0.015625 0.01953125
0 0.1203125 0.396484375 0.015625 0.01953125
0 0.0515625 0.234375 0.015625 0.01953125
0 0.0421875 0.24609375 0.015625 0.01953125
0 0.2203125 0.39453125 0.015625 0.01953125
0 0.2046875 0.384765625 0.015625 0.01953125
0 0.0765625 0.626953125 0.015625 0.01953125
0 0.16875 0.6796875 0.015625 0.01953125
0 0.171875 0.724609375 0.015625 0.01953125
0 0.1640625 0.74609375 0.015625 0.01953125
0 0.1515625 0.8359375 0.015625 0.01953125
0 0.1390625 0.85546875 0.015625 0.01953125
0 0.1640625 0.958984375 0.015625 0.01953125
0 0.153125 0.974609375 0.015625 0.01953125
0 0.228125 0.87890625 0.015625 0.01953125
0 0.2765625 0.75 0.015625 0.01953125
0 0.3671875 0.71875 0.015625 0.01953125
0 0.428125 0.8359375 0.015625 0.01953125
0 0.440625 0.84375 0.015625 0.01953125
0 0.50625 0.65625 0.015625 0.01953125
0 0.521875 0.65234375 0.015625 0.01953125
0 0.453125 0.470703125 0.015625 0.01953125
0 0.490625 0.396484375 0.015625 0.01953125
0 0.48125 0.390625 0.015625 0.01953125
0 0.7 0.615234375 0.015625 0.01953125
0 0.7203125 0.62109375 0.015625 0.01953125
0 0.68125 0.64453125 0.015625 0.01953125
0 0.678125 0.654296875 0.015625 0.01953125
0 0.7984375 0.724609375 0.015625 0.01953125
0 0.790625 0.70703125 0.015625 0.01953125
0 0.7765625 0.69921875 0.015625 0.01953125
0 0.775 0.7421875 0.015625 0.01953125
0 0.759375 0.736328125 0.015625 0.01953125
0 0.69375 0.892578125 0.015625 0.01953125
0 0.7078125 0.8984375 0.015625 0.01953125
0 0.81875 0.943359375 0.015625 0.01953125
0 0.8203125 0.9140625 0.015625 0.01953125
0 0.853125 0.91015625 0.015625 0.01953125
0 0.8859375 0.953125 0.015625 0.01953125
0 0.9265625 0.947265625 0.015625 0.01953125
0 0.975 0.974609375 0.015625 0.01953125
0 0.9828125 0.978515625 0.015625 0.01953125
0 0.9375 0.955078125 0.015625 0.01953125
0 0.896875 0.828125 0.015625 0.01953125
0 0.946875 0.828125 0.015625 0.01953125
