0 0.609375 0.916015625 0.015625 0.01953125
0 0.5921875 0.94921875 0.015625 0.01953125
0 0.1328125 0.9765625 0.015625 0.01953125
0 0.06875 0.12890625 0.015625 0.01953125
0 0.159375 0.017578125 0.015625 0.01953125
0 0.478125 0.083984375 0.015625 0.01953125
0 0.5921875 0.03515625 0.015625 0.01953125
0 0.5734375 0.15625 0.015625 0.01953125
0 0.815625 0.02734375 0.015625 0.01953125
0 0.825 0.228515625 0.015625 0.01953125
0 0.5296875 0.3671875 0.015625 0.01953125
0 0.3140625 0.4765625 0.015625 0.01953125
