0 0.04375 0.0390625 0.015625 0.01953125
0 0.009375 0.111328125 0.015625 0.01953125
0 0.1078125 0.107421875 0.015625 0.01953125
0 0.1859375 0.169921875 0.015625 0.01953125
0 0.0828125 0.296875 0.015625 0.01953125
0 0.1046875 0.533203125 0.015625 0.01953125
0 0.35625 0.1015625 0.015625 0.01953125
0 0.528125 0.271484375 0.015625 0.01953125
0 0.6125 0.341796875 0.015625 0.01953125
0 0.5609375 0.5625 0.015625 0.01953125
0 0.64375 0.20703125 0.015625 0.01953125
0 0.621875 0.158203125 0.015625 0.01953125
0 0.4984375 0.078125 0.015625 0.01953125
0 0.409375 0.02734375 0.015625 0.01953125
0 0.65625 0.0546875 0.015625 0.01953125
0 0.2734375 0.03125 0.015625 0.01953125
0 0.7515625 0.14453125 0.015625 0.01953125
0 0.8421875 0.033203125 0.015625 0.01953125
0 0.9578125 0.06640625 0.015625 0.01953125
0 0.86875 0.22265625 0.015625 0.01953125
0 0.8859375 0.435546875 0.015625 0.01953125
0 0.334375 0.685546875 0.015625 0.01953125
