0 0.0640625 0.490234375 0.015625 0.01953125
0 0.028125 0.556640625 0.015625 0.01953125
0 0.1265625 0.55078125 0.015625 0.01953125
0 0.215625 0.630859375 0.015625 0.01953125
0 0.109375 0.763671875 0.015625 0.01953125
0 0.115625 0.791015625 0.015625 0.01953125
0 0.55 0.7265625 0.015625 0.01953125
0 0.6421875 0.810546875 0.015625 0.01953125
0 0.6578125 0.6640625 0.015625 0.01953125
0 0.903125 0.8984375 0.015625 0.01953125
0 0.8953125 0.6875 0.015625 0.01953125
0 0.7671875 0.603515625 0.015625 0.01953125
0 0.809375 0.564453125 0.015625 0.01953125
0 0.68125 0.521484375 0.015625 0.01953125
0 0.5953125 0.458984375 0.015625 0.01953125
0 0.5421875 0.37109375 0.015625 0.01953125
0 0.45625 0.330078125 0.015625 0.01953125
0 0.3765625 0.248046875 0.015625 0.01953125
0 0.315625 0.1953125 0.015625 0.01953125
0 0.2390625 0.181640625 0.015625 0.01953125
0 0.0921875 0.1484375 0.015625 0.01953125
0 0.08125 0.16796875 0.015625 0.01953125
0 0.040625 0.068359375 0.015625 0.01953125
0 0.1171875 0.333984375 0.015625 0.01953125
0 0.2203125 0.416015625 0.015625 0.01953125
0 0.296875 0.4765625 0.015625 0.01953125
0 0.371875 0.552734375 0.015625 0.01953125
0 0.4421875 0.48046875 0.015625 0.01953125
0 0.515625 0.552734375 0.015625 0.01953125
0 0.35625 0.404296875 0.015625 0.01953125
0 0.2875 0.326171875 0.015625 0.01953125
0 0.39375 0.09375 0.015625 0.01953125
0 0.378125 0.0078125 0.015625 0.01953125
0 0.45 0.015625 0.015625 0.01953125
0 0.446875 0.130859375 0.015625 0.01953125
0 0.5296875 0.04296875 0.015625 0.01953125
0 0.509375 0.1875 0.015625 0.01953125
0 0.5921875 0.25390625 0.015625 0.01953125
0 0.5921875 0.11328125 0.015625 0.01953125
0 0.6875 0.189453125 0.015625 0.01953125
0 0.6765625 0.33203125 0.015625 0.01953125
0 0.76875 0.3984375 0.015625 0.01953125
0 0.8625 0.4921875 0.015625 0.01953125
0 0.98125 0.533203125 0.015625 0.01953125
0 0.921875 0.375 0.015625 0.01953125
0 0.85 0.3046875 0.015625 0.01953125
0 0.765625 0.23828125 0.015625 0.01953125
0 0.8125 0.171875 0.015625 0.01953125
0 0.9015625 0.232421875 0.015625 0.01953125
0 0.9515625 0.1796875 0.015625 0.01953125
0 0.8671875 0.123046875 0.015625 0.01953125
0 0.7828125 0.037109375 0.015625 0.01953125
0 0.65 0.05078125 0.015625 0.01953125
0 0.5875 0.015625 0.015625 0.01953125
0 0.703125 0.01171875 0.015625 0.01953125
0 0.8984375 0.037109375 0.015625 0.01953125
0 0.9859375 0.123046875 0.015625 0.01953125
