0 0.39375 0.556640625 0.015625 0.01953125
0 0.3265625 0.482421875 0.015625 0.01953125
0 0.2890625 0.404296875 0.015625 0.01953125
0 0.23125 0.46484375 0.015625 0.01953125
0 0.1390625 0.416015625 0.015625 0.01953125
0 0.128125 0.5390625 0.015625 0.01953125
0 0.2046875 0.59375 0.015625 0.01953125
0 0.1875 0.6484375 0.015625 0.01953125
0 0.1609375 0.681640625 0.015625 0.01953125
0 0.2 0.650390625 0.015625 0.01953125
0 0.0171875 0.228515625 0.015625 0.01953125
0 0.2859375 0.66015625 0.015625 0.01953125
0 0.290625 0.697265625 0.015625 0.01953125
0 0.2625 0.90625 0.015625 0.01953125
0 0.1828125 0.9921875 0.015625 0.01953125
0 0.503125 0.439453125 0.015625 0.01953125
0 0.5765625 0.537109375 0.015625 0.01953125
0 0.721875 0.732421875 0.015625 0.01953125
0 0.8078125 0.837890625 0.015625 0.01953125
0 0.8359375 0.6953125 0.015625 0.01953125
0 0.9765625 0.662109375 0.015625 0.01953125
0 0.8828125 0.521484375 0.015625 0.01953125
0 0.715625 0.52734375 0.015625 0.01953125
0 0.9875 0.44140625 0.015625 0.01953125
0 0.9828125 0.4609375 0.015625 0.01953125
0 0.9046875 0.357421875 0.015625 0.01953125
0 0.809375 0.451171875 0.015625 0.01953125
0 0.6296875 0.46484375 0.015625 0.01953125
0 0.58125 0.37890625 0.015625 0.01953125
0 0.51875 0.287109375 0.015625 0.01953125
0 0.3515625 0.25390625 0.015625 0.01953125
0 0.325 0.138671875 0.015625 0.01953125
0 0.2984375 0.13671875 0.015625 0.01953125
0 0.203125 0.216796875 0.015625 0.01953125
0 0.1953125 0.27734375 0.015625 0.01953125
0 0.5421875 0.1484375 0.015625 0.01953125
0 0.496875 0.138671875 0.015625 0.01953125
0 0.6015625 0.2265625 0.015625 0.01953125
0 0.6640625 0.298828125 0.015625 0.01953125
0 0.7484375 0.353515625 0.015625 0.01953125
0 0.8140625 0.2734375 0.015625 0.01953125
0 0.9328125 0.212890625 0.015625 0.01953125
0 0.7640625 0.19140625 0.015625 0.01953125
0 0.6953125 0.1171875 0.015625 0.01953125
0 0.65 0.06640625 0.015625 0.01953125
0 0.646875 0.01171875 0.015625 0.01953125
0 0.7171875 0.01171875 0.015625 0.01953125
0 0.778125 0.041015625 0.015625 0.01953125
0 0.85 0.109375 0.015625 0.01953125
0 0.915625 0.068359375 0.015625 0.01953125
0 0.8578125 0.013671875 0.015625 0.01953125
0 0.9734375 0.01953125 0.015625 0.01953125
0 0.9875 0.30078125 0.015625 0.01953125
