0 0.4453125 0.7578125 0.015625 0.01953125
0 0.3875 0.75 0.015625 0.01953125
0 0.2890625 0.7578125 0.015625 0.01953125
0 0.2390625 0.703125 0.015625 0.01953125
0 0.203125 0.650390625 0.015625 0.01953125
0 0.1875 0.802734375 0.015625 0.01953125
0 0.209375 0.478515625 0.015625 0.01953125
0 0.1578125 0.353515625 0.015625 0.01953125
0 0.103125 0.318359375 0.015625 0.01953125
0 0.171875 0.27734375 0.015625 0.01953125
0 0.0109375 0.24609375 0.015625 0.01953125
0 0.1828125 0.234375 0.015625 0.01953125
0 0.28125 0.404296875 0.015625 0.01953125
0 0.2859375 0.4375 0.015625 0.01953125
0 0.3125 0.501953125 0.015625 0.01953125
0 0.396875 0.509765625 0.015625 0.01953125
0 0.3921875 0.5703125 0.015625 0.01953125
0 0.4734375 0.470703125 0.015625 0.01953125
0 0.40625 0.375 0.015625 0.01953125
0 0.321875 0.279296875 0.015625 0.01953125
0 0.49375 0.29296875 0.015625 0.01953125
0 0.5828125 0.208984375 0.015625 0.01953125
0 0.5421875 0.15234375 0.015625 0.01953125
0 0.4703125 0.126953125 0.015625 0.01953125
0 0.6328125 0.068359375 0.015625 0.01953125
0 0.3078125 0.015625 0.015625 0.01953125
0 0.6328125 0.01171875 0.015625 0.01953125
0 0.684375 0.0078125 0.015625 0.01953125
0 0.7640625 0.05078125 0.015625 0.01953125
0 0.7265625 0.19140625 0.015625 0.01953125
0 0.8296875 0.138671875 0.015625 0.01953125
0 0.8953125 0.08203125 0.015625 0.01953125
0 0.9484375 0.03125 0.015625 0.01953125
0 0.959375 0.015625 0.015625 0.01953125
0 0.9015625 0.220703125 0.015625 0.01953125
0 0.809375 0.2734375 0.015625 0.01953125
0 0.73125 0.345703125 0.015625 0.01953125
0 0.6515625 0.302734375 0.015625 0.01953125
0 0.7796875 0.46484375 0.015625 0.01953125
0 0.6984375 0.53125 0.015625 0.01953125
0 0.625 0.44921875 0.015625 0.01953125
0 0.846875 0.548828125 0.015625 0.01953125
0 0.9625 0.4609375 0.015625 0.01953125
0 0.8921875 0.376953125 0.015625 0.01953125
0 0.9765625 0.30859375 0.015625 0.01953125
0 0.9421875 0.66015625 0.015625 0.01953125
0 0.8171875 0.6953125 0.015625 0.01953125
0 0.7015625 0.73046875 0.015625 0.01953125
0 0.7734375 0.8359375 0.015625 0.01953125
