0 0.196875 0.349609375 0.015625 0.01953125
0 0.1546875 0.337890625 0.015625 0.01953125
0 0.1546875 0.474609375 0.015625 0.01953125
0 0.1921875 0.16015625 0.015625 0.01953125
0 0.078125 0.287109375 0.015625 0.01953125
0 0.1921875 0.736328125 0.015625 0.01953125
0 0.359375 0.603515625 0.015625 0.01953125
0 0.3640625 0.412109375 0.015625 0.01953125
0 0.425 0.37109375 0.015625 0.01953125
0 0.503125 0.248046875 0.015625 0.01953125
0 0.5671875 0.33984375 0.015625 0.01953125
0 0.653125 0.29296875 0.015625 0.01953125
0 0.7171875 0.158203125 0.015625 0.01953125
0 0.65 0.126953125 0.015625 0.01953125
0 0.8109375 0.08984375 0.015625 0.01953125
0 0.8359375 0.017578125 0.015625 0.01953125
0 0.8921875 0.025390625 0.015625 0.01953125
0 0.9671875 0.099609375 0.015625 0.01953125
0 0.903125 0.2421875 0.015625 0.01953125
0 0.80625 0.326171875 0.015625 0.01953125
0 0.8875 0.3984375 0.015625 0.01953125
0 0.9578125 0.337890625 0.015625 0.01953125
0 0.9125 0.525390625 0.015625 0.01953125
0 0.978125 0.6171875 0.015625 0.01953125
0 0.9359375 0.73828125 0.015625 0.01953125
0 0.803125 0.7578125 0.015625 0.01953125
0 0.8734375 0.892578125 0.015625 0.01953125
0 0.6765625 0.859375 0.015625 0.01953125
0 0.6484375 0.953125 0.015625 0.01953125
0 0.6984375 0.87890625 0.015625 0.01953125
0 0.64375 0.880859375 0.015625 0.01953125
0 0.5234375 0.763671875 0.015625 0.01953125
0 0.578125 0.64453125 0.015625 0.01953125
0 0.5046875 0.533203125 0.015625 0.01953125
0 0.4484375 0.44921875 0.015625 0.01953125
0 0.621875 0.4453125 0.015625 0.01953125
0 0.6875 0.53125 0.015625 0.01953125
0 0.7546875 0.482421875 0.015625 0.01953125
0 0.8234375 0.583984375 0.015625 0.01953125
