0 0.4046875 0.53515625 0.015625 0.01953125
0 0.209375 0.3203125 0.015625 0.01953125
0 0.2109375 0.291015625 0.015625 0.01953125
0 0.1734375 0.275390625 0.015625 0.01953125
0 0.1671875 0.208984375 0.015625 0.01953125
0 0.1375 0.201171875 0.015625 0.01953125
0 0.05625 0.0859375 0.015625 0.01953125
0 0.0359375 0.06640625 0.015625 0.01953125
0 0.2265625 0.16015625 0.015625 0.01953125
0 0.35 0.0703125 0.015625 0.01953125
0 0.509375 0.12890625 0.015625 0.01953125
0 0.49375 0.16796875 0.015625 0.01953125
0 0.6390625 0.21875 0.015625 0.01953125
0 0.546875 0.32421875 0.015625 0.01953125
0 0.540625 0.384765625 0.015625 0.01953125
0 0.46875 0.3515625 0.015625 0.01953125
0 0.3265625 0.916015625 0.015625 0.01953125
0 0.640625 0.62890625 0.015625 0.01953125
0 0.5828125 0.513671875 0.015625 0.01953125
0 0.709375 0.443359375 0.015625 0.01953125
0 0.675 0.318359375 0.015625 0.01953125
0 0.7828125 0.291015625 0.015625 0.01953125
0 0.8625 0.19921875 0.015625 0.01953125
0 0.984375 0.1484375 0.015625 0.01953125
0 0.8890625 0.279296875 0.015625 0.01953125
0 0.9234375 0.38671875 0.015625 0.01953125
0 0.8078125 0.392578125 0.015625 0.01953125
0 0.8453125 0.533203125 0.015625 0.01953125
0 0.7453125 0.56640625 0.015625 0.01953125
0 0.975 0.478515625 0.015625 0.01953125
0 0.978125 0.595703125 0.015625 0.01953125
0 0.8765625 0.63671875 0.015625 0.01953125
0 0.8265625 0.81640625 0.015625 0.01953125
0 0.7 0.888671875 0.015625 0.01953125
0 0.725 0.98046875 0.015625 0.01953125
0 0.853125 0.94921875 0.015625 0.01953125
0 0.953125 0.8359375 0.015625 0.01953125
