0 0.6984375 0.8359375 0.015625 0.01953125
0 0.825 0.89453125 0.015625 0.01953125
0 0.934375 0.810546875 0.015625 0.01953125
0 0.921875 0.67578125 0.015625 0.01953125
0 0.80625 0.6796875 0.015625 0.01953125
0 0.790625 0.5859375 0.015625 0.01953125
0 0.684375 0.59375 0.015625 0.01953125
0 0.571875 0.6328125 0.015625 0.01953125
0 0.528125 0.515625 0.015625 0.01953125
0 0.68125 0.462890625 0.015625 0.01953125
0 0.7734375 0.435546875 0.015625 0.01953125
0 0.90625 0.453125 0.015625 0.01953125
0 0.9546875 0.568359375 0.015625 0.01953125
0 0.8859375 0.357421875 0.015625 0.01953125
0 0.7765625 0.3359375 0.015625 0.01953125
0 0.6734375 0.357421875 0.015625 0.01953125
0 0.528125 0.326171875 0.015625 0.01953125
0 0.515625 0.3828125 0.015625 0.01953125
0 0.4625 0.322265625 0.015625 0.01953125
0 0.3671875 0.482421875 0.015625 0.01953125
0 0.43125 0.208984375 0.015625 0.01953125
0 0.16875 0.1015625 0.015625 0.01953125
0 0.1453125 0.140625 0.015625 0.01953125
0 0.121875 0.2109375 0.015625 0.01953125
0 0.10625 0.298828125 0.015625 0.01953125
0 0.275 0.0859375 0.015625 0.01953125
0 0.4109375 0.029296875 0.015625 0.01953125
0 0.528125 0.150390625 0.015625 0.01953125
0 0.55 0.130859375 0.015625 0.01953125
0 0.63125 0.12109375 0.015625 0.01953125
0 0.590625 0.181640625 0.015625 0.01953125
0 0.571875 0.25390625 0.015625 0.01953125
0 0.6484375 0.2265625 0.015625 0.01953125
0 0.7796875 0.22265625 0.015625 0.01953125
0 0.815625 0.197265625 0.015625 0.01953125
0 0.8796875 0.25 0.015625 0.01953125
0 0.31875 0.982421875 0.015625 0.01953125
0 0.7046875 0.990234375 0.015625 0.01953125
0 0.9578125 0.97265625 0.015625 0.01953125
