0 0.1328125 0.072265625 0.015625 0.01953125
0 0.484375 0.068359375 0.015625 0.01953125
0 0.2703125 0.173828125 0.015625 0.01953125
0 0.246875 0.189453125 0.015625 0.01953125
0 0.153125 0.357421875 0.015625 0.01953125
0 0.228125 0.345703125 0.015625 0.01953125
0 0.2125 0.416015625 0.015625 0.01953125
0 0.0625 0.498046875 0.015625 0.01953125
0 0.2109375 0.5234375 0.015625 0.01953125
0 0.3484375 0.28515625 0.015625 0.01953125
0 0.378125 0.310546875 0.015625 0.01953125
0 0.35625 0.396484375 0.015625 0.01953125
0 0.35625 0.498046875 0.015625 0.01953125
0 0.3484375 0.611328125 0.015625 0.01953125
0 0.3359375 0.765625 0.015625 0.01953125
0 0.3296875 0.8671875 0.015625 0.01953125
0 0.453125 0.71875 0.015625 0.01953125
0 0.453125 0.921875 0.015625 0.01953125
0 0.44375 0.623046875 0.015625 0.01953125
0 0.4515625 0.48828125 0.015625 0.01953125
0 0.4515625 0.376953125 0.015625 0.01953125
0 0.5703125 0.30859375 0.015625 0.01953125
0 0.6734375 0.05078125 0.015625 0.01953125
0 0.678125 0.30859375 0.015625 0.01953125
0 0.7890625 0.306640625 0.015625 0.01953125
0 0.7390625 0.259765625 0.015625 0.01953125
0 0.5640625 0.40625 0.015625 0.01953125
0 0.6796875 0.390625 0.015625 0.01953125
0 0.803125 0.408203125 0.015625 0.01953125
0 0.884375 0.4140625 0.015625 0.01953125
0 0.8765625 0.298828125 0.015625 0.01953125
0 0.8671875 0.228515625 0.015625 0.01953125
0 0.9578125 0.283203125 0.015625 0.01953125
0 0.9703125 0.427734375 0.015625 0.01953125
0 0.5609375 0.5078125 0.015625 0.01953125
0 0.6796875 0.474609375 0.015625 0.01953125
0 0.8 0.509765625 0.015625 0.01953125
0 0.8890625 0.51953125 0.015625 0.01953125
0 0.978125 0.509765625 0.015625 0.01953125
0 0.69375 0.59375 0.015625 0.01953125
0 0.5828125 0.607421875 0.015625 0.01953125
0 0.559375 0.7109375 0.015625 0.01953125
0 0.5734375 0.845703125 0.015625 0.01953125
0 0.7 0.845703125 0.015625 0.01953125
0 0.7 0.724609375 0.015625 0.01953125
0 0.81875 0.626953125 0.015625 0.01953125
0 0.8203125 0.728515625 0.015625 0.01953125
0 0.8359375 0.8671875 0.015625 0.01953125
0 0.9375 0.87109375 0.015625 0.01953125
0 0.91875 0.736328125 0.015625 0.01953125
0 0.975 0.607421875 0.015625 0.01953125
0 0.8328125 0.984375 0.015625 0.01953125
0 0.721875 0.986328125 0.015625 0.01953125
0 0.5640625 0.9921875 0.015625 0.01953125
0 0.9375 0.990234375 0.015625 0.01953125
