0 0.09375 0.189453125 0.015625 0.01953125
0 0.0359375 0.123046875 0.015625 0.01953125
0 0.2 0.169921875 0.015625 0.01953125
0 0.2671875 0.125 0.015625 0.01953125
0 0.3984375 0.095703125 0.015625 0.01953125
0 0.390625 0.1640625 0.015625 0.01953125
0 0.3 0.18359375 0.015625 0.01953125
0 0.0828125 0.26171875 0.015625 0.01953125
0 0.1984375 0.25390625 0.015625 0.01953125
0 0.184375 0.34375 0.015625 0.01953125
0 0.071875 0.3671875 0.015625 0.01953125
0 0.090625 0.46875 0.015625 0.01953125
0 0.1921875 0.455078125 0.015625 0.01953125
0 0.0515625 0.5703125 0.015625 0.01953125
0 0.0484375 0.6796875 0.015625 0.01953125
0 0.0203125 0.8359375 0.015625 0.01953125
0 0.03125 0.828125 0.015625 0.01953125
0 0.0453125 0.95703125 0.015625 0.01953125
0 0.028125 0.98046875 0.015625 0.01953125
0 0.196875 0.974609375 0.015625 0.01953125
0 0.1734375 0.833984375 0.015625 0.01953125
0 0.1765625 0.69921875 0.015625 0.01953125
0 0.1921875 0.583984375 0.015625 0.01953125
0 0.3078125 0.58203125 0.015625 0.01953125
0 0.309375 0.484375 0.015625 0.01953125
0 0.3015625 0.37890625 0.015625 0.01953125
0 0.315625 0.26953125 0.015625 0.01953125
0 0.30625 0.70703125 0.015625 0.01953125
0 0.2765625 0.830078125 0.015625 0.01953125
0 0.3125 0.966796875 0.015625 0.01953125
0 0.39375 0.83984375 0.015625 0.01953125
0 0.390625 0.71484375 0.015625 0.01953125
0 0.390625 0.578125 0.015625 0.01953125
0 0.3859375 0.37109375 0.015625 0.01953125
0 0.5421875 0.55859375 0.015625 0.01953125
0 0.459375 0.5859375 0.015625 0.01953125
0 0.4515625 0.455078125 0.015625 0.01953125
0 0.4640625 0.373046875 0.015625 0.01953125
0 0.4640625 0.287109375 0.015625 0.01953125
0 0.390625 0.28515625 0.015625 0.01953125
0 0.3796875 0.22265625 0.015625 0.01953125
0 0.4703125 0.169921875 0.015625 0.01953125
0 0.56875 0.162109375 0.015625 0.01953125
0 0.478125 0.7109375 0.015625 0.01953125
0 0.4765625 0.841796875 0.015625 0.01953125
0 0.5484375 0.8359375 0.015625 0.01953125
0 0.5453125 0.703125 0.015625 0.01953125
0 0.628125 0.9375 0.015625 0.01953125
0 0.634375 0.828125 0.015625 0.01953125
0 0.6359375 0.705078125 0.015625 0.01953125
0 0.63125 0.5703125 0.015625 0.01953125
0 0.5390625 0.27734375 0.015625 0.01953125
0 0.54375 0.359375 0.015625 0.01953125
0 0.540625 0.458984375 0.015625 0.01953125
0 0.68125 0.390625 0.015625 0.01953125
0 0.684375 0.255859375 0.015625 0.01953125
0 0.6359375 0.134765625 0.015625 0.01953125
0 0.784375 0.17578125 0.015625 0.01953125
0 0.7921875 0.28125 0.015625 0.01953125
0 0.80625 0.453125 0.015625 0.01953125
0 0.8171875 0.572265625 0.015625 0.01953125
0 0.7171875 0.576171875 0.015625 0.01953125
0 0.7171875 0.708984375 0.015625 0.01953125
0 0.721875 0.8125 0.015625 0.01953125
0 0.7109375 0.93359375 0.015625 0.01953125
0 0.8234375 0.82421875 0.015625 0.01953125
0 0.8296875 0.91796875 0.015625 0.01953125
0 0.8203125 0.697265625 0.015625 0.01953125
0 0.903125 0.560546875 0.015625 0.01953125
0 0.925 0.81640625 0.015625 0.01953125
0 0.9453125 0.92578125 0.015625 0.01953125
0 0.9234375 0.92578125 0.015625 0.01953125
0 0.9609375 0.9296875 0.015625 0.01953125
0 0.9921875 0.552734375 0.015625 0.01953125
0 0.990625 0.40234375 0.015625 0.01953125
0 0.9703125 0.25 0.015625 0.01953125
0 0.95625 0.255859375 0.015625 0.01953125
0 0.59375 0.03125 0.015625 0.01953125
0 0.578125 0.03515625 0.015625 0.01953125
0 0.5609375 0.029296875 0.015625 0.01953125
0 0.5875 0.025390625 0.015625 0.01953125
0 0.5703125 0.0234375 0.015625 0.01953125
