0 0.328125 0.125 0.015625 0.01953125
0 0.321875 0.08203125 0.015625 0.01953125
0 0.4625 0.169921875 0.015625 0.01953125
0 0.4828125 0.17578125 0.015625 0.01953125
0 0.7109375 0.134765625 0.015625 0.01953125
0 0.803125 0.177734375 0.015625 0.01953125
0 0.8515625 0.2421875 0.015625 0.01953125
0 0.940625 0.203125 0.015625 0.01953125
0 0.953125 0.21484375 0.015625 0.01953125
0 0.9453125 0.181640625 0.015625 0.01953125
0 0.9578125 0.154296875 0.015625 0.01953125
0 0.953125 0.01953125 0.015625 0.01953125
0 0.89375 0.345703125 0.015625 0.01953125
0 0.9 0.404296875 0.015625 0.01953125
0 0.8109375 0.38671875 0.015625 0.01953125
0 0.9796875 0.357421875 0.015625 0.01953125
0 0.9546875 0.33203125 0.015625 0.01953125
0 0.98125 0.42578125 0.015625 0.01953125
0 0.9078125 0.541015625 0.015625 0.01953125
0 0.8375 0.546875 0.015625 0.01953125
0 0.834375 0.66796875 0.015625 0.01953125
0 0.93125 0.65625 0.015625 0.01953125
0 0.9421875 0.79296875 0.015625 0.01953125
0 0.8578125 0.8046875 0.015625 0.01953125
0 0.8515625 0.916015625 0.015625 0.01953125
0 0.940625 0.900390625 0.015625 0.01953125
0 0.7765625 0.91015625 0.015625 0.01953125
0 0.690625 0.919921875 0.015625 0.01953125
0 0.5796875 0.900390625 0.015625 0.01953125
0 0.5109375 0.927734375 0.015625 0.01953125
0 0.4375 0.939453125 0.015625 0.01953125
0 0.3671875 0.931640625 0.015625 0.01953125
0 0.284375 0.927734375 0.015625 0.01953125
0 0.178125 0.92578125 0.015625 0.01953125
0 0.0921875 0.92578125 0.015625 0.01953125
0 0.11875 0.3125 0.015625 0.01953125
0 0.178125 0.26953125 0.015625 0.01953125
0 0.015625 0.31640625 0.015625 0.01953125
0 0.0171875 0.400390625 0.015625 0.01953125
0 0.00625 0.513671875 0.015625 0.01953125
0 0.0171875 0.6015625 0.015625 0.01953125
0 0.1078125 0.4765625 0.015625 0.01953125
0 0.1125 0.388671875 0.015625 0.01953125
0 0.109375 0.58203125 0.015625 0.01953125
0 0.103125 0.701171875 0.015625 0.01953125
0 0.090625 0.806640625 0.015625 0.01953125
0 0.2046875 0.81640625 0.015625 0.01953125
0 0.2109375 0.6953125 0.015625 0.01953125
0 0.215625 0.59375 0.015625 0.01953125
0 0.215625 0.515625 0.015625 0.01953125
0 0.21875 0.416015625 0.015625 0.01953125
0 0.21875 0.333984375 0.015625 0.01953125
0 0.2921875 0.314453125 0.015625 0.01953125
0 0.5859375 0.689453125 0.015625 0.01953125
0 0.509375 0.6875 0.015625 0.01953125
0 0.4359375 0.673828125 0.015625 0.01953125
0 0.359375 0.697265625 0.015625 0.01953125
0 0.2859375 0.69140625 0.015625 0.01953125
0 0.2859375 0.8046875 0.015625 0.01953125
0 0.3625 0.814453125 0.015625 0.01953125
0 0.425 0.80859375 0.015625 0.01953125
0 0.5046875 0.81640625 0.015625 0.01953125
0 0.584375 0.80078125 0.015625 0.01953125
0 0.6796875 0.7890625 0.015625 0.01953125
0 0.671875 0.689453125 0.015625 0.01953125
0 0.759375 0.68359375 0.015625 0.01953125
0 0.6671875 0.5625 0.015625 0.01953125
0 0.6640625 0.419921875 0.015625 0.01953125
0 0.653125 0.32421875 0.015625 0.01953125
0 0.5625 0.39453125 0.015625 0.01953125
0 0.5515625 0.517578125 0.015625 0.01953125
0 0.4328125 0.50390625 0.015625 0.01953125
0 0.3609375 0.501953125 0.015625 0.01953125
0 0.2859375 0.509765625 0.015625 0.01953125
0 0.2875 0.41796875 0.015625 0.01953125
0 0.3640625 0.306640625 0.015625 0.01953125
0 0.45 0.287109375 0.015625 0.01953125
0 0.5203125 0.267578125 0.015625 0.01953125
0 0.425 0.408203125 0.015625 0.01953125
0 0.3578125 0.42578125 0.015625 0.01953125
0 0.36875 0.578125 0.015625 0.01953125
0 0.4359375 0.583984375 0.015625 0.01953125
0 0.9859375 0.58203125 0.015625 0.01953125
