0 0.078125 0.42578125 0.015625 0.01953125
0 0.0515625 0.51953125 0.015625 0.01953125
0 0.0171875 0.6328125 0.015625 0.01953125
0 0.0140625 0.751953125 0.015625 0.01953125
0 0.10625 0.666015625 0.015625 0.01953125
0 0.10625 0.78125 0.015625 0.01953125
0 0.1984375 0.73828125 0.015625 0.01953125
0 0.1984375 0.70703125 0.015625 0.01953125
0 0.2234375 0.572265625 0.015625 0.01953125
0 0.15625 0.55859375 0.015625 0.01953125
0 0.1765625 0.458984375 0.015625 0.01953125
0 0.1953125 0.3515625 0.015625 0.01953125
0 0.209375 0.26953125 0.015625 0.01953125
0 0.2359375 0.18359375 0.015625 0.01953125
0 0.25625 0.09765625 0.015625 0.01953125
0 0.1578125 0.060546875 0.015625 0.01953125
0 0.1375 0.123046875 0.015625 0.01953125
0 0.11875 0.1953125 0.015625 0.01953125
0 0.096875 0.310546875 0.015625 0.01953125
0 0.025 0.294921875 0.015625 0.01953125
0 0.0375 0.10546875 0.015625 0.01953125
0 0.0125 0.19921875 0.015625 0.01953125
0 0.321875 0.09375 0.015625 0.01953125
0 0.396875 0.111328125 0.015625 0.01953125
0 0.2953125 0.201171875 0.015625 0.01953125
0 0.36875 0.212890625 0.015625 0.01953125
0 0.35625 0.287109375 0.015625 0.01953125
0 0.284375 0.27734375 0.015625 0.01953125
0 0.3328125 0.37109375 0.015625 0.01953125
0 0.2484375 0.46875 0.015625 0.01953125
0 0.3109375 0.482421875 0.015625 0.01953125
0 0.2953125 0.59765625 0.015625 0.01953125
0 0.2703125 0.71484375 0.015625 0.01953125
0 0.3359375 0.724609375 0.015625 0.01953125
0 0.234375 0.931640625 0.015625 0.01953125
0 0.175 0.89453125 0.015625 0.01953125
0 0.38125 0.83984375 0.015625 0.01953125
0 0.4453125 0.845703125 0.015625 0.01953125
0 0.5578125 0.869140625 0.015625 0.01953125
0 0.6546875 0.890625 0.015625 0.01953125
0 0.746875 0.8203125 0.015625 0.01953125
0 0.8296875 0.83203125 0.015625 0.01953125
0 0.9328125 0.869140625 0.015625 0.01953125
0 0.9296875 0.771484375 0.015625 0.01953125
0 0.846875 0.7265625 0.015625 0.01953125
0 0.7796875 0.716796875 0.015625 0.01953125
0 0.6671875 0.806640625 0.015625 0.01953125
0 0.5734375 0.7890625 0.015625 0.01953125
0 0.490625 0.748046875 0.015625 0.01953125
0 0.4125 0.73828125 0.015625 0.01953125
0 0.359375 0.599609375 0.015625 0.01953125
0 0.43125 0.63671875 0.015625 0.01953125
0 0.5046875 0.66015625 0.015625 0.01953125
0 0.596875 0.671875 0.015625 0.01953125
0 0.6203125 0.56640625 0.015625 0.01953125
0 0.53125 0.5390625 0.015625 0.01953125
0 0.4546875 0.517578125 0.015625 0.01953125
0 0.390625 0.482421875 0.015625 0.01953125
0 0.403125 0.39453125 0.015625 0.01953125
0 0.421875 0.322265625 0.015625 0.01953125
0 0.4328125 0.2421875 0.015625 0.01953125
0 0.4890625 0.146484375 0.015625 0.01953125
0 0.5578125 0.12890625 0.015625 0.01953125
0 0.575 0.251953125 0.015625 0.01953125
0 0.534375 0.376953125 0.015625 0.01953125
0 0.6453125 0.287109375 0.015625 0.01953125
0 0.675 0.19921875 0.015625 0.01953125
0 0.69375 0.357421875 0.015625 0.01953125
0 0.63125 0.44140625 0.015625 0.01953125
0 0.7984375 0.455078125 0.015625 0.01953125
0 0.703125 0.578125 0.015625 0.01953125
0 0.7859375 0.583984375 0.015625 0.01953125
0 0.8703125 0.607421875 0.015625 0.01953125
0 0.9484375 0.53515625 0.015625 0.01953125
0 0.8703125 0.48046875 0.015625 0.01953125
0 0.903125 0.34765625 0.015625 0.01953125
0 0.903125 0.294921875 0.015625 0.01953125
0 0.8203125 0.30078125 0.015625 0.01953125
0 0.9796875 0.39453125 0.015625 0.01953125
0 0.9828125 0.31640625 0.015625 0.01953125
0 0.8859375 0.173828125 0.015625 0.01953125
0 0.940625 0.193359375 0.015625 0.01953125
0 0.978125 0.283203125 0.015625 0.01953125
0 0.8578125 0.09765625 0.015625 0.01953125
0 0.9734375 0.0625 0.015625 0.01953125
