0 0.109375 0.14453125 0.015625 0.01953125
0 0.0875 0.2265625 0.015625 0.01953125
0 0.06875 0.30078125 0.015625 0.01953125
0 0.05625 0.392578125 0.015625 0.01953125
0 0.0203125 0.4609375 0.015625 0.01953125
0 0.090625 0.599609375 0.015625 0.01953125
0 0.0703125 0.697265625 0.015625 0.01953125
0 0.0640625 0.806640625 0.015625 0.01953125
0 0.115625 0.501953125 0.015625 0.01953125
0 0.659375 0.943359375 0.015625 0.01953125
0 0.5640625 0.921875 0.015625 0.01953125
0 0.471875 0.88671875 0.015625 0.01953125
0 0.40625 0.90625 0.015625 0.01953125
0 0.2109375 0.947265625 0.015625 0.01953125
0 0.21875 0.9140625 0.015625 0.01953125
0 0.23125 0.806640625 0.015625 0.01953125
0 0.15 0.83984375 0.015625 0.01953125
0 0.146875 0.73046875 0.015625 0.01953125
0 0.228125 0.765625 0.015625 0.01953125
0 0.303125 0.783203125 0.015625 0.01953125
0 0.365625 0.806640625 0.015625 0.01953125
0 0.4296875 0.798828125 0.015625 0.01953125
0 0.5015625 0.818359375 0.015625 0.01953125
0 0.578125 0.833984375 0.015625 0.01953125
0 0.6609375 0.86328125 0.015625 0.01953125
0 0.75 0.8828125 0.015625 0.01953125
0 0.821875 0.904296875 0.015625 0.01953125
0 0.90625 0.935546875 0.015625 0.01953125
0 0.9 0.837890625 0.015625 0.01953125
0 0.8328125 0.787109375 0.015625 0.01953125
0 0.7625 0.7734375 0.015625 0.01953125
0 0.6015625 0.744140625 0.015625 0.01953125
0 0.5203125 0.720703125 0.015625 0.01953125
0 0.4484375 0.703125 0.015625 0.01953125
0 0.3828125 0.685546875 0.015625 0.01953125
0 0.321875 0.671875 0.015625 0.01953125
0 0.25625 0.64453125 0.015625 0.01953125
0 0.190625 0.640625 0.015625 0.01953125
0 0.2078125 0.529296875 0.015625 0.01953125
0 0.234375 0.451171875 0.015625 0.01953125
0 0.134375 0.3984375 0.015625 0.01953125
0 0.1625 0.31640625 0.015625 0.01953125
0 0.178125 0.2421875 0.015625 0.01953125
0 0.196875 0.177734375 0.015625 0.01953125
0 0.075 0.109375 0.015625 0.01953125
0 0.2546875 0.1484375 0.015625 0.01953125
0 0.2796875 0.201171875 0.015625 0.01953125
0 0.2671875 0.279296875 0.015625 0.01953125
0 0.240625 0.353515625 0.015625 0.01953125
0 0.3046875 0.37890625 0.015625 0.01953125
0 0.33125 0.29296875 0.015625 0.01953125
0 0.3484375 0.193359375 0.015625 0.01953125
0 0.428125 0.03515625 0.015625 0.01953125
0 0.5234375 0.11328125 0.015625 0.01953125
0 0.54375 0.12109375 0.015625 0.01953125
0 0.490625 0.232421875 0.015625 0.01953125
0 0.4078125 0.216796875 0.015625 0.01953125
0 0.384375 0.3203125 0.015625 0.01953125
0 0.375 0.380859375 0.015625 0.01953125
0 0.3546875 0.462890625 0.015625 0.01953125
0 0.3390625 0.56640625 0.015625 0.01953125
0 0.2734375 0.54296875 0.015625 0.01953125
0 0.39375 0.56640625 0.015625 0.01953125
0 0.4234375 0.484375 0.015625 0.01953125
0 0.4421875 0.40234375 0.015625 0.01953125
0 0.4515625 0.3359375 0.015625 0.01953125
0 0.559375 0.228515625 0.015625 0.01953125
0 0.575 0.349609375 0.015625 0.01953125
0 0.6578125 0.39453125 0.015625 0.01953125
0 0.66875 0.30078125 0.015625 0.01953125
0 0.865625 0.26953125 0.015625 0.01953125
0 0.8328125 0.19921875 0.015625 0.01953125
0 0.6921875 0.068359375 0.015625 0.01953125
0 0.965625 0.412109375 0.015625 0.01953125
0 0.8890625 0.37890625 0.015625 0.01953125
0 0.809375 0.39453125 0.015625 0.01953125
0 0.546875 0.4453125 0.015625 0.01953125
0 0.5390625 0.6171875 0.015625 0.01953125
0 0.4703125 0.58984375 0.015625 0.01953125
0 0.6421875 0.52734375 0.015625 0.01953125
0 0.6171875 0.634765625 0.015625 0.01953125
0 0.696875 0.64453125 0.015625 0.01953125
0 0.790625 0.5390625 0.015625 0.01953125
0 0.7703125 0.66796875 0.015625 0.01953125
0 0.8546875 0.681640625 0.015625 0.01953125
0 0.853125 0.552734375 0.015625 0.01953125
0 0.871875 0.51171875 0.015625 0.01953125
0 0.8796875 0.4453125 0.015625 0.01953125
0 0.9578125 0.478515625 0.015625 0.01953125
0 0.9140625 0.623046875 0.015625 0.01953125
