0 0.2140625 0.119140625 0.015625 0.01953125
0 0.2359375 0.126953125 0.015625 0.01953125
0 0.2515625 0.150390625 0.015625 0.01953125
0 0.259375 0.162109375 0.015625 0.01953125
0 0.284375 0.14453125 0.015625 0.01953125
0 0.2890625 0.11328125 0.015625 0.01953125
0 0.30625 0.103515625 0.015625 0.01953125
0 0.3171875 0.103515625 0.015625 0.01953125
0 0.3046875 0.07421875 0.015625 0.01953125
0 0.303125 0.052734375 0.015625 0.01953125
0 0.315625 0.052734375 0.015625 0.01953125
0 0.1921875 0.013671875 0.015625 0.01953125
0 0.1984375 0.0390625 0.015625 0.01953125
0 0.20625 0.046875 0.015625 0.01953125
0 0.228125 0.05078125 0.015625 0.01953125
0 0.2359375 0.02734375 0.015625 0.01953125
0 0.2390625 0.3515625 0.015625 0.01953125
0 0.1953125 0.34765625 0.015625 0.01953125
0 0.215625 0.43359375 0.015625 0.01953125
0 0.178125 0.46484375 0.015625 0.01953125
0 0.11875 0.40625 0.015625 0.01953125
0 0.11875 0.431640625 0.015625 0.01953125
0 0.1 0.486328125 0.015625 0.01953125
0 0.0703125 0.51171875 0.015625 0.01953125
0 0.0234375 0.603515625 0.015625 0.01953125
0 0.0453125 0.6875 0.015625 0.01953125
0 0.0671875 0.7109375 0.015625 0.01953125
0 0.0421875 0.828125 0.015625 0.01953125
0 0.025 0.80859375 0.015625 0.01953125
0 0.046875 0.908203125 0.015625 0.01953125
0 0.025 0.908203125 0.015625 0.01953125
0 0.0109375 0.919921875 0.015625 0.01953125
0 0.0484375 0.86328125 0.015625 0.01953125
0 0.1046875 0.630859375 0.015625 0.01953125
0 0.0890625 0.609375 0.015625 0.01953125
0 0.0796875 0.591796875 0.015625 0.01953125
0 0.1828125 0.548828125 0.015625 0.01953125
0 0.2140625 0.513671875 0.015625 0.01953125
0 0.2109375 0.490234375 0.015625 0.01953125
0 0.1953125 0.5703125 0.015625 0.01953125
0 0.2140625 0.580078125 0.015625 0.01953125
0 0.24375 0.580078125 0.015625 0.01953125
0 0.334375 0.603515625 0.015625 0.01953125
0 0.30625 0.6484375 0.015625 0.01953125
0 0.371875 0.56640625 0.015625 0.01953125
0 0.3546875 0.556640625 0.015625 0.01953125
0 0.346875 0.54296875 0.015625 0.01953125
0 0.3375 0.51953125 0.015625 0.01953125
0 0.3375 0.501953125 0.015625 0.01953125
0 0.3359375 0.484375 0.015625 0.01953125
0 0.3328125 0.4609375 0.015625 0.01953125
0 0.340625 0.44140625 0.015625 0.01953125
0 0.34375 0.419921875 0.015625 0.01953125
0 0.34375 0.40625 0.015625 0.01953125
0 0.3078125 0.384765625 0.015625 0.01953125
0 0.2984375 0.423828125 0.015625 0.01953125
0 0.3 0.462890625 0.015625 0.01953125
0 0.365625 0.337890625 0.015625 0.01953125
0 0.365625 0.306640625 0.015625 0.01953125
0 0.365625 0.27734375 0.015625 0.01953125
0 0.3453125 0.236328125 0.015625 0.01953125
0 0.3046875 0.23046875 0.015625 0.01953125
0 0.359375 0.21484375 0.015625 0.01953125
0 0.3703125 0.19140625 0.015625 0.01953125
0 0.38125 0.142578125 0.015625 0.01953125
0 0.4203125 0.099609375 0.015625 0.01953125
0 0.4296875 0.083984375 0.015625 0.01953125
0 0.43125 0.10546875 0.015625 0.01953125
0 0.4203125 0.115234375 0.015625 0.01953125
0 0.3609375 0.0703125 0.015625 0.01953125
0 0.40625 0.0234375 0.015625 0.01953125
0 0.315625 0.005859375 0.015625 0.01953125
0 0.6578125 0.03515625 0.015625 0.01953125
0 0.646875 0.056640625 0.015625 0.01953125
0 0.6484375 0.076171875 0.015625 0.01953125
0 0.65625 0.091796875 0.015625 0.01953125
0 0.5734375 0.103515625 0.015625 0.01953125
0 0.521875 0.08203125 0.015625 0.01953125
0 0.503125 0.1171875 0.015625 0.01953125
0 0.6109375 0.107421875 0.015625 0.01953125
0 0.5953125 0.15625 0.015625 0.01953125
0 0.609375 0.15625 0.015625 0.01953125
0 0.628125 0.162109375 0.015625 0.01953125
0 0.6265625 0.185546875 0.015625 0.01953125
0 0.646875 0.181640625 0.015625 0.01953125
0 0.659375 0.19140625 0.015625 0.01953125
0 0.66875 0.171875 0.015625 0.01953125
0 0.6984375 0.181640625 0.015625 0.01953125
0 0.690625 0.197265625 0.015625 0.01953125
0 0.728125 0.1875 0.015625 0.01953125
0 0.728125 0.197265625 0.015625 0.01953125
0 0.740625 0.130859375 0.015625 0.01953125
0 0.7546875 0.10546875 0.015625 0.01953125
0 0.7296875 0.08203125 0.015625 0.01953125
0 0.7171875 0.033203125 0.015625 0.01953125
0 0.9859375 0.126953125 0.015625 0.01953125
0 0.821875 0.662109375 0.015625 0.01953125
0 0.359375 0.50390625 0.015625 0.01953125
0 0.3671875 0.484375 0.015625 0.01953125
0 0.371875 0.505859375 0.015625 0.01953125
0 0.3859375 0.51171875 0.015625 0.01953125
0 0.4 0.513671875 0.015625 0.01953125
0 0.4234375 0.50390625 0.015625 0.01953125
0 0.4234375 0.52734375 0.015625 0.01953125
0 0.4546875 0.521484375 0.015625 0.01953125
0 0.471875 0.515625 0.015625 0.01953125
0 0.5015625 0.548828125 0.015625 0.01953125
0 0.5296875 0.5390625 0.015625 0.01953125
0 0.5234375 0.552734375 0.015625 0.01953125
0 0.3859375 0.578125 0.015625 0.01953125
0 0.403125 0.578125 0.015625 0.01953125
0 0.5171875 0.63671875 0.015625 0.01953125
0 0.51875 0.611328125 0.015625 0.01953125
0 0.4828125 0.59375 0.015625 0.01953125
0 0.728125 0.673828125 0.015625 0.01953125
0 0.76875 0.642578125 0.015625 0.01953125
0 0.8 0.638671875 0.015625 0.01953125
0 0.765625 0.615234375 0.015625 0.01953125
0 0.615625 0.6484375 0.015625 0.01953125
0 0.5765625 0.55078125 0.015625 0.01953125
0 0.6078125 0.55078125 0.015625 0.01953125
