0 0.1125 0.173828125 0.015625 0.01953125
0 0.0953125 0.16015625 0.015625 0.01953125
0 0.0828125 0.1796875 0.015625 0.01953125
0 0.096875 0.193359375 0.015625 0.01953125
0 0.1 0.203125 0.015625 0.01953125
0 0.0625 0.224609375 0.015625 0.01953125
0 0.0609375 0.2734375 0.015625 0.01953125
0 0.05 0.298828125 0.015625 0.01953125
0 0.04375 0.33984375 0.015625 0.01953125
0 0.003125 0.34375 0.015625 0.01953125
0 0.03125 0.158203125 0.015625 0.01953125
0 0.03125 0.173828125 0.015625 0.01953125
0 0.040625 0.17578125 0.015625 0.01953125
0 0.0484375 0.13671875 0.015625 0.01953125
0 0.0625 0.12890625 0.015625 0.01953125
0 0.0671875 0.11328125 0.015625 0.01953125
0 0.0578125 0.052734375 0.015625 0.01953125
0 0.175 0.06640625 0.015625 0.01953125
0 0.1859375 0.1015625 0.015625 0.01953125
0 0.1890625 0.12890625 0.015625 0.01953125
0 0.1921875 0.1484375 0.015625 0.01953125
0 0.1859375 0.16796875 0.015625 0.01953125
0 0.103125 0.259765625 0.015625 0.01953125
0 0.0921875 0.330078125 0.015625 0.01953125
0 0.078125 0.33203125 0.015625 0.01953125
0 0.0765625 0.373046875 0.015625 0.01953125
0 0.0984375 0.349609375 0.015625 0.01953125
0 0.1 0.38671875 0.015625 0.01953125
0 0.078125 0.3984375 0.015625 0.01953125
0 0.090625 0.43359375 0.015625 0.01953125
0 0.071875 0.49609375 0.015625 0.01953125
0 0.08125 0.525390625 0.015625 0.01953125
0 0.046875 0.48828125 0.015625 0.01953125
0 0.0515625 0.515625 0.015625 0.01953125
0 0.0515625 0.5390625 0.015625 0.01953125
0 0.053125 0.560546875 0.015625 0.01953125
0 0.05 0.578125 0.015625 0.01953125
0 0.015625 0.708984375 0.015625 0.01953125
0 0.1109375 0.73828125 0.015625 0.01953125
0 0.065625 0.58984375 0.015625 0.01953125
0 0.0734375 0.568359375 0.015625 0.01953125
0 0.0921875 0.58203125 0.015625 0.01953125
0 0.0953125 0.603515625 0.015625 0.01953125
0 0.11875 0.57421875 0.015625 0.01953125
0 0.134375 0.580078125 0.015625 0.01953125
0 0.1515625 0.5859375 0.015625 0.01953125
0 0.165625 0.5859375 0.015625 0.01953125
0 0.18125 0.580078125 0.015625 0.01953125
0 0.1875 0.59375 0.015625 0.01953125
0 0.2078125 0.583984375 0.015625 0.01953125
0 0.246875 0.578125 0.015625 0.01953125
0 0.2546875 0.595703125 0.015625 0.01953125
0 0.2640625 0.59765625 0.015625 0.01953125
0 0.2828125 0.59375 0.015625 0.01953125
0 0.296875 0.5625 0.015625 0.01953125
0 0.1453125 0.6484375 0.015625 0.01953125
0 0.121875 0.642578125 0.015625 0.01953125
0 0.1078125 0.623046875 0.015625 0.01953125
0 0.1671875 0.662109375 0.015625 0.01953125
0 0.2984375 0.666015625 0.015625 0.01953125
0 0.5515625 0.662109375 0.015625 0.01953125
0 0.59375 0.619140625 0.015625 0.01953125
0 0.5734375 0.58203125 0.015625 0.01953125
0 0.5421875 0.583984375 0.015625 0.01953125
0 0.5390625 0.576171875 0.015625 0.01953125
0 0.415625 0.16796875 0.015625 0.01953125
0 0.390625 0.181640625 0.015625 0.01953125
0 0.378125 0.1796875 0.015625 0.01953125
0 0.353125 0.1796875 0.015625 0.01953125
0 0.325 0.177734375 0.015625 0.01953125
0 0.29375 0.169921875 0.015625 0.01953125
0 0.3265625 0.083984375 0.015625 0.01953125
0 0.628125 0.6796875 0.015625 0.01953125
0 0.771875 0.646484375 0.015625 0.01953125
0 0.7734375 0.66796875 0.015625 0.01953125
0 0.80625 0.62890625 0.015625 0.01953125
0 0.8296875 0.650390625 0.015625 0.01953125
0 0.7359375 0.49609375 0.015625 0.01953125
0 0.7796875 0.357421875 0.015625 0.01953125
0 0.8078125 0.291015625 0.015625 0.01953125
0 0.709375 0.150390625 0.015625 0.01953125
0 0.6421875 0.0546875 0.015625 0.01953125
0 0.6984375 0.017578125 0.015625 0.01953125
0 0.721875 0.111328125 0.015625 0.01953125
0 0.6515625 0.130859375 0.015625 0.01953125
0 0.634375 0.11328125 0.015625 0.01953125
0 0.9515625 0.32421875 0.015625 0.01953125
0 0.8890625 0.53125 0.015625 0.01953125
0 0.4015625 0.34765625 0.015625 0.01953125
0 0.3390625 0.056640625 0.015625 0.01953125
0 0.2859375 0.1328125 0.015625 0.01953125
0 0.2484375 0.140625 0.015625 0.01953125
0 0.728125 0.21484375 0.015625 0.01953125
0 0.75625 0.232421875 0.015625 0.01953125
0 0.8671875 0.091796875 0.015625 0.01953125
0 0.853125 0.0703125 0.015625 0.01953125
