0 0.0515625 0.29296875 0.015625 0.01953125
0 0.090625 0.267578125 0.015625 0.01953125
0 0.0671875 0.220703125 0.015625 0.01953125
0 0.0890625 0.205078125 0.015625 0.01953125
0 0.04375 0.166015625 0.015625 0.01953125
0 0.0890625 0.115234375 0.015625 0.01953125
0 0.0828125 0.0546875 0.015625 0.01953125
0 0.0359375 0.087890625 0.015625 0.01953125
0 0.0140625 0.05859375 0.015625 0.01953125
0 0.103125 0.02734375 0.015625 0.01953125
0 0.1859375 0.138671875 0.015625 0.01953125
0 0.1734375 0.18359375 0.015625 0.01953125
0 0.1328125 0.130859375 0.015625 0.01953125
0 0.1484375 0.171875 0.015625 0.01953125
0 0.2859375 0.099609375 0.015625 0.01953125
0 0.3140625 0.115234375 0.015625 0.01953125
0 0.2734375 0.146484375 0.015625 0.01953125
0 0.234375 0.142578125 0.015625 0.01953125
0 0.0578125 0.33203125 0.015625 0.01953125
0 0.0640625 0.310546875 0.015625 0.01953125
0 0.053125 0.384765625 0.015625 0.01953125
0 0.034375 0.314453125 0.015625 0.01953125
0 0.00625 0.255859375 0.015625 0.01953125
0 0.0109375 0.46875 0.015625 0.01953125
0 0.0125 0.5 0.015625 0.01953125
0 0.04375 0.484375 0.015625 0.01953125
0 0.046875 0.51171875 0.015625 0.01953125
0 0.0421875 0.5546875 0.015625 0.01953125
0 0.0765625 0.54296875 0.015625 0.01953125
0 0.1140625 0.56640625 0.015625 0.01953125
0 0.071875 0.61328125 0.015625 0.01953125
0 0.0921875 0.623046875 0.015625 0.01953125
0 0.115625 0.626953125 0.015625 0.01953125
0 0.140625 0.58203125 0.015625 0.01953125
0 0.1640625 0.580078125 0.015625 0.01953125
0 0.1859375 0.57421875 0.015625 0.01953125
0 0.2078125 0.58984375 0.015625 0.01953125
0 0.2328125 0.583984375 0.015625 0.01953125
0 0.240625 0.56640625 0.015625 0.01953125
0 0.228125 0.65625 0.015625 0.01953125
0 0.16875 0.626953125 0.015625 0.01953125
0 0.2796875 0.576171875 0.015625 0.01953125
0 0.390625 0.568359375 0.015625 0.01953125
0 0.4046875 0.5859375 0.015625 0.01953125
0 0.4234375 0.576171875 0.015625 0.01953125
0 0.528125 0.650390625 0.015625 0.01953125
0 0.334375 0.671875 0.015625 0.01953125
0 0.3171875 0.6796875 0.015625 0.01953125
0 0.675 0.552734375 0.015625 0.01953125
0 0.5875 0.63671875 0.015625 0.01953125
0 0.4734375 0.6328125 0.015625 0.01953125
0 0.5875 0.677734375 0.015625 0.01953125
0 0.728125 0.70703125 0.015625 0.01953125
0 0.6921875 0.705078125 0.015625 0.01953125
0 0.76875 0.720703125 0.015625 0.01953125
0 0.7546875 0.755859375 0.015625 0.01953125
0 0.85625 0.509765625 0.015625 0.01953125
0 0.896875 0.41796875 0.015625 0.01953125
0 0.7625 0.3515625 0.015625 0.01953125
0 0.6765625 0.208984375 0.015625 0.01953125
0 0.6109375 0.08203125 0.015625 0.01953125
0 0.625 0.10546875 0.015625 0.01953125
0 0.625 0.14453125 0.015625 0.01953125
0 0.6765625 0.0859375 0.015625 0.01953125
0 0.6828125 0.130859375 0.015625 0.01953125
0 0.7203125 0.30078125 0.015625 0.01953125
0 0.8203125 0.162109375 0.015625 0.01953125
0 0.834375 0.1953125 0.015625 0.01953125
0 0.740625 0.408203125 0.015625 0.01953125
0 0.828125 0.6015625 0.015625 0.01953125
0 0.9296875 0.66015625 0.015625 0.01953125
0 0.88125 0.712890625 0.015625 0.01953125
