0 0.084375 0.24609375 0.015625 0.01953125
0 0.1203125 0.232421875 0.015625 0.01953125
0 0.134375 0.09765625 0.015625 0.01953125
0 0.16875 0.15234375 0.015625 0.01953125
0 0.2265625 0.16015625 0.015625 0.01953125
0 0.2046875 0.208984375 0.015625 0.01953125
0 0.1921875 0.2421875 0.015625 0.01953125
0 0.184375 0.263671875 0.015625 0.01953125
0 0.2140625 0.302734375 0.015625 0.01953125
0 0.196875 0.287109375 0.015625 0.01953125
0 0.2328125 0.255859375 0.015625 0.01953125
0 0.2375 0.232421875 0.015625 0.01953125
0 0.2984375 0.13671875 0.015625 0.01953125
0 0.2796875 0.1171875 0.015625 0.01953125
0 0.26875 0.138671875 0.015625 0.01953125
0 0.2734375 0.169921875 0.015625 0.01953125
0 0.29375 0.05078125 0.015625 0.01953125
0 0.26875 0.072265625 0.015625 0.01953125
0 0.2671875 0.017578125 0.015625 0.01953125
0 0.3078125 0.033203125 0.015625 0.01953125
0 0.3421875 0.041015625 0.015625 0.01953125
0 0.5015625 0.005859375 0.015625 0.01953125
0 0.5296875 0.025390625 0.015625 0.01953125
0 0.528125 0.064453125 0.015625 0.01953125
0 0.553125 0.078125 0.015625 0.01953125
0 0.58125 0.091796875 0.015625 0.01953125
0 0.6078125 0.09765625 0.015625 0.01953125
0 0.6359375 0.115234375 0.015625 0.01953125
0 0.659375 0.068359375 0.015625 0.01953125
0 0.6703125 0.05859375 0.015625 0.01953125
0 0.6734375 0.02734375 0.015625 0.01953125
0 0.5859375 0.0078125 0.015625 0.01953125
0 0.7515625 0.076171875 0.015625 0.01953125
0 0.871875 0.083984375 0.015625 0.01953125
0 0.8734375 0.12890625 0.015625 0.01953125
0 0.9 0.23046875 0.015625 0.01953125
0 0.9 0.26953125 0.015625 0.01953125
0 0.9375 0.408203125 0.015625 0.01953125
0 0.9875 0.37109375 0.015625 0.01953125
0 0.7984375 0.556640625 0.015625 0.01953125
0 0.896875 0.44921875 0.015625 0.01953125
0 0.7671875 0.69921875 0.015625 0.01953125
0 0.8140625 0.6328125 0.015625 0.01953125
0 0.7984375 0.712890625 0.015625 0.01953125
0 0.6328125 0.5703125 0.015625 0.01953125
0 0.6125 0.54296875 0.015625 0.01953125
0 0.58125 0.5390625 0.015625 0.01953125
0 0.596875 0.5234375 0.015625 0.01953125
0 0.596875 0.595703125 0.015625 0.01953125
0 0.546875 0.478515625 0.015625 0.01953125
0 0.5234375 0.44140625 0.015625 0.01953125
0 0.421875 0.404296875 0.015625 0.01953125
0 0.353125 0.3984375 0.015625 0.01953125
0 0.3375 0.3671875 0.015625 0.01953125
0 0.325 0.3671875 0.015625 0.01953125
0 0.3 0.359375 0.015625 0.01953125
0 0.28125 0.34375 0.015625 0.01953125
0 0.25625 0.32421875 0.015625 0.01953125
0 0.2421875 0.314453125 0.015625 0.01953125
0 0.215625 0.359375 0.015625 0.01953125
0 0.2265625 0.376953125 0.015625 0.01953125
0 0.240625 0.3828125 0.015625 0.01953125
0 0.1453125 0.435546875 0.015625 0.01953125
0 0.5546875 0.25 0.015625 0.01953125
0 0.6734375 0.708984375 0.015625 0.01953125
0 0.6375 0.66015625 0.015625 0.01953125
0 0.0546875 0.841796875 0.015625 0.01953125
0 0.9140625 0.80859375 0.015625 0.01953125
0 0.91875 0.6640625 0.015625 0.01953125
0 0.9859375 0.5703125 0.015625 0.01953125
0 0.9359375 0.357421875 0.015625 0.01953125
0 0.934375 0.12890625 0.015625 0.01953125
0 0.0890625 0.369140625 0.015625 0.01953125
0 0.0734375 0.326171875 0.015625 0.01953125
0 0.059375 0.328125 0.015625 0.01953125
0 0.028125 0.294921875 0.015625 0.01953125
0 0.0078125 0.24609375 0.015625 0.01953125
0 0.0453125 0.18359375 0.015625 0.01953125
0 0.13125 0.34765625 0.015625 0.01953125
0 0.1140625 0.359375 0.015625 0.01953125
0 0.1234375 0.396484375 0.015625 0.01953125
