0 0.8109375 0.41015625 0.015625 0.01953125
0 0.728125 0.451171875 0.015625 0.01953125
0 0.7125 0.390625 0.015625 0.01953125
0 0.6578125 0.373046875 0.015625 0.01953125
0 0.6328125 0.390625 0.015625 0.01953125
0 0.6234375 0.37109375 0.015625 0.01953125
0 0.6921875 0.330078125 0.015625 0.01953125
0 0.6875 0.30078125 0.015625 0.01953125
0 0.5578125 0.302734375 0.015625 0.01953125
0 0.596875 0.28125 0.015625 0.01953125
0 0.7640625 0.21484375 0.015625 0.01953125
0 0.81875 0.224609375 0.015625 0.01953125
0 0.815625 0.169921875 0.015625 0.01953125
0 0.7625 0.171875 0.015625 0.01953125
0 0.803125 0.36328125 0.015625 0.01953125
0 0.840625 0.326171875 0.015625 0.01953125
0 0.5859375 0.4921875 0.015625 0.01953125
0 0.396875 0.31640625 0.015625 0.01953125
0 0.4359375 0.291015625 0.015625 0.01953125
0 0.409375 0.21484375 0.015625 0.01953125
0 0.4125 0.2421875 0.015625 0.01953125
0 0.3453125 0.009765625 0.015625 0.01953125
0 0.3515625 0.01953125 0.015625 0.01953125
0 0.353125 0.029296875 0.015625 0.01953125
0 0.359375 0.0234375 0.015625 0.01953125
0 0.359375 0.033203125 0.015625 0.01953125
0 0.3609375 0.046875 0.015625 0.01953125
0 0.39375 0.103515625 0.015625 0.01953125
0 0.39375 0.11328125 0.015625 0.01953125
0 0.3890625 0.126953125 0.015625 0.01953125
0 0.4109375 0.125 0.015625 0.01953125
0 0.4109375 0.13671875 0.015625 0.01953125
0 0.4109375 0.146484375 0.015625 0.01953125
0 0.41875 0.150390625 0.015625 0.01953125
0 0.4265625 0.16015625 0.015625 0.01953125
0 0.428125 0.16796875 0.015625 0.01953125
0 0.4328125 0.171875 0.015625 0.01953125
0 0.4390625 0.1640625 0.015625 0.01953125
0 0.434375 0.189453125 0.015625 0.01953125
0 0.440625 0.177734375 0.015625 0.01953125
0 0.44375 0.193359375 0.015625 0.01953125
0 0.4484375 0.193359375 0.015625 0.01953125
0 0.453125 0.197265625 0.015625 0.01953125
0 0.4578125 0.203125 0.015625 0.01953125
0 0.465625 0.203125 0.015625 0.01953125
0 0.471875 0.201171875 0.015625 0.01953125
0 0.478125 0.203125 0.015625 0.01953125
0 0.4953125 0.201171875 0.015625 0.01953125
0 0.490625 0.21484375 0.015625 0.01953125
0 0.490625 0.2265625 0.015625 0.01953125
0 0.490625 0.2421875 0.015625 0.01953125
0 0.4828125 0.24609375 0.015625 0.01953125
0 0.4765625 0.25 0.015625 0.01953125
0 0.475 0.255859375 0.015625 0.01953125
0 0.4765625 0.26953125 0.015625 0.01953125
0 0.5109375 0.197265625 0.015625 0.01953125
0 0.5 0.2109375 0.015625 0.01953125
0 0.515625 0.212890625 0.015625 0.01953125
0 0.5265625 0.193359375 0.015625 0.01953125
0 0.5109375 0.224609375 0.015625 0.01953125
0 0.509375 0.236328125 0.015625 0.01953125
0 0.5296875 0.189453125 0.015625 0.01953125
0 0.54375 0.1953125 0.015625 0.01953125
0 0.5515625 0.201171875 0.015625 0.01953125
0 0.5375 0.234375 0.015625 0.01953125
0 0.51875 0.23828125 0.015625 0.01953125
0 0.58125 0.205078125 0.015625 0.01953125
0 0.5578125 0.20703125 0.015625 0.01953125
0 0.5671875 0.1796875 0.015625 0.01953125
0 0.559375 0.1796875 0.015625 0.01953125
0 0.59375 0.17578125 0.015625 0.01953125
0 0.5703125 0.193359375 0.015625 0.01953125
0 0.5828125 0.185546875 0.015625 0.01953125
0 0.615625 0.173828125 0.015625 0.01953125
0 0.6 0.1875 0.015625 0.01953125
0 0.6125 0.197265625 0.015625 0.01953125
0 0.6296875 0.203125 0.015625 0.01953125
0 0.634375 0.1796875 0.015625 0.01953125
0 0.64375 0.16796875 0.015625 0.01953125
0 0.6296875 0.1640625 0.015625 0.01953125
0 0.621875 0.171875 0.015625 0.01953125
0 0.6171875 0.154296875 0.015625 0.01953125
0 0.6046875 0.16796875 0.015625 0.01953125
0 0.675 0.16015625 0.015625 0.01953125
0 0.6671875 0.166015625 0.015625 0.01953125
0 0.6609375 0.16796875 0.015625 0.01953125
0 0.6578125 0.16796875 0.015625 0.01953125
0 0.6546875 0.166015625 0.015625 0.01953125
0 0.6953125 0.146484375 0.015625 0.01953125
0 0.6859375 0.154296875 0.015625 0.01953125
0 0.70625 0.15234375 0.015625 0.01953125
0 0.6953125 0.15625 0.015625 0.01953125
0 0.7140625 0.1484375 0.015625 0.01953125
0 0.721875 0.154296875 0.015625 0.01953125
0 0.7296875 0.14453125 0.015625 0.01953125
0 0.7140625 0.142578125 0.015625 0.01953125
0 0.721875 0.130859375 0.015625 0.01953125
0 0.7390625 0.154296875 0.015625 0.01953125
0 0.7421875 0.138671875 0.015625 0.01953125
0 0.734375 0.130859375 0.015625 0.01953125
0 0.753125 0.126953125 0.015625 0.01953125
0 0.7671875 0.1171875 0.015625 0.01953125
0 0.7578125 0.123046875 0.015625 0.01953125
0 0.7625 0.1328125 0.015625 0.01953125
0 0.76875 0.14453125 0.015625 0.01953125
0 0.778125 0.1328125 0.015625 0.01953125
0 0.7734375 0.125 0.015625 0.01953125
0 0.78125 0.1171875 0.015625 0.01953125
0 0.7796875 0.107421875 0.015625 0.01953125
0 0.790625 0.109375 0.015625 0.01953125
0 0.80625 0.09765625 0.015625 0.01953125
0 0.8 0.111328125 0.015625 0.01953125
0 0.790625 0.126953125 0.015625 0.01953125
0 0.8140625 0.11328125 0.015625 0.01953125
0 0.8234375 0.10546875 0.015625 0.01953125
0 0.825 0.099609375 0.015625 0.01953125
0 0.8390625 0.09375 0.015625 0.01953125
0 0.8296875 0.109375 0.015625 0.01953125
0 0.834375 0.103515625 0.015625 0.01953125
0 0.7546875 0.15234375 0.015625 0.01953125
