0 0.484375 0.51171875 0.015625 0.01953125
0 0.5171875 0.5390625 0.015625 0.01953125
0 0.63125 0.525390625 0.015625 0.01953125
0 0.684375 0.607421875 0.015625 0.01953125
0 0.63125 0.61328125 0.015625 0.01953125
0 0.5796875 0.630859375 0.015625 0.01953125
0 0.5828125 0.716796875 0.015625 0.01953125
0 0.6296875 0.697265625 0.015625 0.01953125
0 0.490625 0.59765625 0.015625 0.01953125
0 0.3625 0.529296875 0.015625 0.01953125
0 0.3515625 0.537109375 0.015625 0.01953125
0 0.33125 0.56640625 0.015625 0.01953125
0 0.3234375 0.521484375 0.015625 0.01953125
0 0.3078125 0.52734375 0.015625 0.01953125
0 0.2296875 0.599609375 0.015625 0.01953125
0 0.421875 0.94921875 0.015625 0.01953125
0 0.428125 0.896484375 0.015625 0.01953125
0 0.784375 0.609375 0.015625 0.01953125
0 0.6984375 0.6640625 0.015625 0.01953125
0 0.7171875 0.556640625 0.015625 0.01953125
0 0.7828125 0.548828125 0.015625 0.01953125
0 0.746875 0.486328125 0.015625 0.01953125
0 0.6890625 0.4453125 0.015625 0.01953125
0 0.61875 0.435546875 0.015625 0.01953125
0 0.6875 0.365234375 0.015625 0.01953125
0 0.7328125 0.3359375 0.015625 0.01953125
0 0.725 0.37109375 0.015625 0.01953125
0 0.7875 0.330078125 0.015625 0.01953125
0 0.784375 0.3828125 0.015625 0.01953125
0 0.784375 0.43359375 0.015625 0.01953125
0 0.875 0.443359375 0.015625 0.01953125
0 0.8875 0.37109375 0.015625 0.01953125
0 0.9515625 0.376953125 0.015625 0.01953125
0 0.946875 0.400390625 0.015625 0.01953125
0 0.978125 0.400390625 0.015625 0.01953125
0 0.9890625 0.373046875 0.015625 0.01953125
0 0.9484375 0.328125 0.015625 0.01953125
0 0.903125 0.5078125 0.015625 0.01953125
0 0.8625 0.552734375 0.015625 0.01953125
0 0.86875 0.623046875 0.015625 0.01953125
0 0.78125 0.662109375 0.015625 0.01953125
0 0.903125 0.607421875 0.015625 0.01953125
0 0.921875 0.55078125 0.015625 0.01953125
0 0.95 0.537109375 0.015625 0.01953125
0 0.9390625 0.5859375 0.015625 0.01953125
0 0.359375 0.46484375 0.015625 0.01953125
0 0.3421875 0.4609375 0.015625 0.01953125
0 0.325 0.44921875 0.015625 0.01953125
0 0.3140625 0.44921875 0.015625 0.01953125
0 0.303125 0.44921875 0.015625 0.01953125
0 0.2984375 0.4453125 0.015625 0.01953125
0 0.2859375 0.431640625 0.015625 0.01953125
0 0.2703125 0.408203125 0.015625 0.01953125
0 0.259375 0.380859375 0.015625 0.01953125
0 0.2484375 0.3828125 0.015625 0.01953125
0 0.240625 0.369140625 0.015625 0.01953125
0 0.2328125 0.353515625 0.015625 0.01953125
0 0.18125 0.259765625 0.015625 0.01953125
0 0.1734375 0.26171875 0.015625 0.01953125
0 0.16875 0.2265625 0.015625 0.01953125
0 0.15625 0.234375 0.015625 0.01953125
0 0.159375 0.22265625 0.015625 0.01953125
0 0.159375 0.21484375 0.015625 0.01953125
0 0.146875 0.21484375 0.015625 0.01953125
0 0.1421875 0.193359375 0.015625 0.01953125
0 0.134375 0.17578125 0.015625 0.01953125
0 0.1265625 0.17578125 0.015625 0.01953125
0 0.15 0.166015625 0.015625 0.01953125
0 0.1734375 0.15625 0.015625 0.01953125
0 0.1640625 0.16015625 0.015625 0.01953125
0 0.184375 0.150390625 0.015625 0.01953125
0 0.196875 0.14453125 0.015625 0.01953125
0 0.1921875 0.1484375 0.015625 0.01953125
0 0.1890625 0.15625 0.015625 0.01953125
0 0.215625 0.1484375 0.015625 0.01953125
0 0.23125 0.142578125 0.015625 0.01953125
0 0.2328125 0.134765625 0.015625 0.01953125
0 0.2 0.15234375 0.015625 0.01953125
0 0.2421875 0.125 0.015625 0.01953125
0 0.2640625 0.125 0.015625 0.01953125
0 0.25625 0.11328125 0.015625 0.01953125
0 0.275 0.10546875 0.015625 0.01953125
0 0.303125 0.10546875 0.015625 0.01953125
0 0.315625 0.107421875 0.015625 0.01953125
0 0.33125 0.095703125 0.015625 0.01953125
0 0.3234375 0.125 0.015625 0.01953125
0 0.3453125 0.115234375 0.015625 0.01953125
0 0.34375 0.08984375 0.015625 0.01953125
0 0.353125 0.076171875 0.015625 0.01953125
0 0.396875 0.05859375 0.015625 0.01953125
0 0.4046875 0.064453125 0.015625 0.01953125
0 0.425 0.0546875 0.015625 0.01953125
0 0.4296875 0.072265625 0.015625 0.01953125
0 0.4125 0.072265625 0.015625 0.01953125
0 0.503125 0.095703125 0.015625 0.01953125
0 0.48125 0.10546875 0.015625 0.01953125
0 0.3921875 0.45703125 0.015625 0.01953125
0 0.3671875 0.4453125 0.015625 0.01953125
0 0.353125 0.44140625 0.015625 0.01953125
0 0.3375 0.431640625 0.015625 0.01953125
0 0.3328125 0.431640625 0.015625 0.01953125
0 0.31875 0.44140625 0.015625 0.01953125
0 0.3640625 0.427734375 0.015625 0.01953125
0 0.375 0.423828125 0.015625 0.01953125
0 0.39375 0.423828125 0.015625 0.01953125
0 0.4046875 0.419921875 0.015625 0.01953125
0 0.3828125 0.419921875 0.015625 0.01953125
0 0.3953125 0.4140625 0.015625 0.01953125
0 0.4171875 0.40625 0.015625 0.01953125
0 0.4421875 0.39453125 0.015625 0.01953125
0 0.45 0.384765625 0.015625 0.01953125
0 0.46875 0.3671875 0.015625 0.01953125
0 0.4796875 0.376953125 0.015625 0.01953125
0 0.465625 0.39453125 0.015625 0.01953125
0 0.446875 0.4140625 0.015625 0.01953125
0 0.425 0.41796875 0.015625 0.01953125
0 0.4125 0.427734375 0.015625 0.01953125
0 0.4625 0.431640625 0.015625 0.01953125
0 0.4125 0.4609375 0.015625 0.01953125
0 0.49375 0.404296875 0.015625 0.01953125
0 0.4953125 0.384765625 0.015625 0.01953125
0 0.4984375 0.37109375 0.015625 0.01953125
0 0.5171875 0.353515625 0.015625 0.01953125
0 0.5046875 0.373046875 0.015625 0.01953125
0 0.509375 0.3828125 0.015625 0.01953125
0 0.53125 0.369140625 0.015625 0.01953125
0 0.546875 0.3515625 0.015625 0.01953125
0 0.5515625 0.345703125 0.015625 0.01953125
0 0.5609375 0.33203125 0.015625 0.01953125
0 0.559375 0.3515625 0.015625 0.01953125
0 0.5640625 0.3515625 0.015625 0.01953125
0 0.553125 0.36328125 0.015625 0.01953125
0 0.5765625 0.345703125 0.015625 0.01953125
0 0.58125 0.330078125 0.015625 0.01953125
0 0.5890625 0.330078125 0.015625 0.01953125
0 0.6046875 0.330078125 0.015625 0.01953125
0 0.5984375 0.349609375 0.015625 0.01953125
0 0.6140625 0.33984375 0.015625 0.01953125
0 0.5859375 0.349609375 0.015625 0.01953125
0 0.615625 0.3125 0.015625 0.01953125
0 0.63125 0.30859375 0.015625 0.01953125
0 0.6234375 0.328125 0.015625 0.01953125
0 0.63125 0.333984375 0.015625 0.01953125
0 0.6421875 0.30078125 0.015625 0.01953125
0 0.659375 0.291015625 0.015625 0.01953125
0 0.66875 0.283203125 0.015625 0.01953125
0 0.6703125 0.29296875 0.015625 0.01953125
0 0.6546875 0.310546875 0.015625 0.01953125
0 0.684375 0.29296875 0.015625 0.01953125
0 0.7015625 0.283203125 0.015625 0.01953125
0 0.7109375 0.27734375 0.015625 0.01953125
0 0.715625 0.267578125 0.015625 0.01953125
0 0.721875 0.265625 0.015625 0.01953125
0 0.734375 0.255859375 0.015625 0.01953125
0 0.74375 0.255859375 0.015625 0.01953125
0 0.75625 0.251953125 0.015625 0.01953125
0 0.7640625 0.25 0.015625 0.01953125
0 0.7734375 0.248046875 0.015625 0.01953125
0 0.7921875 0.24609375 0.015625 0.01953125
0 0.8046875 0.232421875 0.015625 0.01953125
0 0.815625 0.224609375 0.015625 0.01953125
0 0.8234375 0.216796875 0.015625 0.01953125
0 0.83125 0.20703125 0.015625 0.01953125
0 0.8171875 0.236328125 0.015625 0.01953125
0 0.8046875 0.25390625 0.015625 0.01953125
0 0.7609375 0.271484375 0.015625 0.01953125
0 0.7515625 0.279296875 0.015625 0.01953125
0 0.7421875 0.287109375 0.015625 0.01953125
0 0.8390625 0.21875 0.015625 0.01953125
0 0.821875 0.1796875 0.015625 0.01953125
0 0.8140625 0.185546875 0.015625 0.01953125
0 0.803125 0.203125 0.015625 0.01953125
0 0.8390625 0.193359375 0.015625 0.01953125
0 0.83125 0.193359375 0.015625 0.01953125
0 0.859375 0.1796875 0.015625 0.01953125
0 0.8625 0.166015625 0.015625 0.01953125
0 0.8328125 0.15234375 0.015625 0.01953125
0 0.846875 0.103515625 0.015625 0.01953125
0 0.83125 0.09375 0.015625 0.01953125
0 0.8 0.05078125 0.015625 0.01953125
0 0.7953125 0.03515625 0.015625 0.01953125
0 0.7734375 0.0234375 0.015625 0.01953125
0 0.853125 0.029296875 0.015625 0.01953125
0 0.8765625 0.02734375 0.015625 0.01953125
0 0.8859375 0.0390625 0.015625 0.01953125
0 0.875 0.0625 0.015625 0.01953125
0 0.846875 0.078125 0.015625 0.01953125
0 0.8328125 0.056640625 0.015625 0.01953125
0 0.8203125 0.052734375 0.015625 0.01953125
0 0.8703125 0.115234375 0.015625 0.01953125
0 0.884375 0.1328125 0.015625 0.01953125
0 0.890625 0.1484375 0.015625 0.01953125
0 0.8765625 0.1484375 0.015625 0.01953125
0 0.859375 0.134765625 0.015625 0.01953125
0 0.90625 0.111328125 0.015625 0.01953125
0 0.9171875 0.125 0.015625 0.01953125
0 0.9109375 0.1015625 0.015625 0.01953125
0 0.9015625 0.134765625 0.015625 0.01953125
0 0.909375 0.1484375 0.015625 0.01953125
0 0.871875 0.234375 0.015625 0.01953125
0 0.8625 0.265625 0.015625 0.01953125
0 0.859375 0.212890625 0.015625 0.01953125
