0 0.059375 0.626953125 0.015625 0.01953125
0 0.0375 0.193359375 0.015625 0.01953125
0 0.021875 0.19140625 0.015625 0.01953125
0 0.0109375 0.177734375 0.015625 0.01953125
0 0.0171875 0.173828125 0.015625 0.01953125
0 0.0328125 0.1640625 0.015625 0.01953125
0 0.0359375 0.158203125 0.015625 0.01953125
0 0.0453125 0.1484375 0.015625 0.01953125
0 0.0578125 0.140625 0.015625 0.01953125
0 0.0703125 0.140625 0.015625 0.01953125
0 0.08125 0.13671875 0.015625 0.01953125
0 0.0984375 0.125 0.015625 0.01953125
0 0.1140625 0.107421875 0.015625 0.01953125
0 0.134375 0.095703125 0.015625 0.01953125
0 0.146875 0.091796875 0.015625 0.01953125
0 0.140625 0.091796875 0.015625 0.01953125
0 0.1609375 0.068359375 0.015625 0.01953125
0 0.178125 0.0546875 0.015625 0.01953125
0 0.184375 0.05859375 0.015625 0.01953125
0 0.209375 0.037109375 0.015625 0.01953125
0 0.2171875 0.03125 0.015625 0.01953125
0 0.228125 0.025390625 0.015625 0.01953125
0 0.25 0.017578125 0.015625 0.01953125
0 0.284375 0.01953125 0.015625 0.01953125
0 0.1625 0.107421875 0.015625 0.01953125
0 0.1265625 0.115234375 0.015625 0.01953125
0 0.1625 0.173828125 0.015625 0.01953125
0 0.1828125 0.181640625 0.015625 0.01953125
0 0.190625 0.1953125 0.015625 0.01953125
0 0.7578125 0.357421875 0.015625 0.01953125
0 0.8 0.3203125 0.015625 0.01953125
0 0.5984375 0.52734375 0.015625 0.01953125
0 0.6328125 0.5078125 0.015625 0.01953125
0 0.59375 0.48046875 0.015625 0.01953125
0 0.55 0.5546875 0.015625 0.01953125
0 0.4734375 0.5546875 0.015625 0.01953125
0 0.484375 0.599609375 0.015625 0.01953125
0 0.41875 0.5859375 0.015625 0.01953125
0 0.390625 0.640625 0.015625 0.01953125
0 0.4046875 0.69140625 0.015625 0.01953125
0 0.35625 0.751953125 0.015625 0.01953125
0 0.259375 0.775390625 0.015625 0.01953125
0 0.221875 0.73828125 0.015625 0.01953125
0 0.1609375 0.73828125 0.015625 0.01953125
0 0.146875 0.765625 0.015625 0.01953125
0 0.1125 0.7265625 0.015625 0.01953125
0 0.0953125 0.73046875 0.015625 0.01953125
0 0.1296875 0.669921875 0.015625 0.01953125
0 0.18125 0.61328125 0.015625 0.01953125
0 0.1921875 0.5625 0.015625 0.01953125
0 0.2484375 0.568359375 0.015625 0.01953125
0 0.30625 0.654296875 0.015625 0.01953125
0 0.3484375 0.62109375 0.015625 0.01953125
0 0.196875 0.8671875 0.015625 0.01953125
0 0.3 0.486328125 0.015625 0.01953125
0 0.3625 0.47265625 0.015625 0.01953125
0 0.3375 0.412109375 0.015625 0.01953125
0 0.3859375 0.404296875 0.015625 0.01953125
0 0.3859375 0.3671875 0.015625 0.01953125
0 0.4296875 0.34765625 0.015625 0.01953125
0 0.4359375 0.40625 0.015625 0.01953125
0 0.4484375 0.46875 0.015625 0.01953125
0 0.4265625 0.515625 0.015625 0.01953125
0 0.515625 0.36328125 0.015625 0.01953125
0 0.584375 0.337890625 0.015625 0.01953125
0 0.565625 0.3359375 0.015625 0.01953125
0 0.5640625 0.318359375 0.015625 0.01953125
0 0.5921875 0.291015625 0.015625 0.01953125
0 0.6140625 0.26953125 0.015625 0.01953125
0 0.590625 0.240234375 0.015625 0.01953125
0 0.621875 0.255859375 0.015625 0.01953125
0 0.60625 0.326171875 0.015625 0.01953125
0 0.690625 0.19921875 0.015625 0.01953125
0 0.71875 0.216796875 0.015625 0.01953125
0 0.7453125 0.240234375 0.015625 0.01953125
0 0.765625 0.25 0.015625 0.01953125
0 0.5484375 0.439453125 0.015625 0.01953125
0 0.509375 0.201171875 0.015625 0.01953125
0 0.4953125 0.2109375 0.015625 0.01953125
0 0.4796875 0.220703125 0.015625 0.01953125
0 0.465625 0.228515625 0.015625 0.01953125
0 0.446875 0.255859375 0.015625 0.01953125
0 0.434375 0.271484375 0.015625 0.01953125
0 0.4265625 0.263671875 0.015625 0.01953125
0 0.4171875 0.267578125 0.015625 0.01953125
0 0.4046875 0.283203125 0.015625 0.01953125
0 0.390625 0.29296875 0.015625 0.01953125
0 0.384375 0.287109375 0.015625 0.01953125
0 0.3734375 0.291015625 0.015625 0.01953125
0 0.38125 0.30859375 0.015625 0.01953125
0 0.384375 0.328125 0.015625 0.01953125
0 0.35625 0.310546875 0.015625 0.01953125
0 0.3515625 0.314453125 0.015625 0.01953125
0 0.3640625 0.302734375 0.015625 0.01953125
0 0.3390625 0.32421875 0.015625 0.01953125
0 0.3296875 0.341796875 0.015625 0.01953125
0 0.31875 0.34375 0.015625 0.01953125
0 0.309375 0.34765625 0.015625 0.01953125
0 0.3 0.34765625 0.015625 0.01953125
0 0.2875 0.357421875 0.015625 0.01953125
0 0.2984375 0.3671875 0.015625 0.01953125
0 0.278125 0.376953125 0.015625 0.01953125
0 0.2703125 0.3671875 0.015625 0.01953125
0 0.2578125 0.3828125 0.015625 0.01953125
0 0.2671875 0.396484375 0.015625 0.01953125
0 0.2546875 0.404296875 0.015625 0.01953125
0 0.2453125 0.396484375 0.015625 0.01953125
0 0.275 0.412109375 0.015625 0.01953125
0 0.2546875 0.427734375 0.015625 0.01953125
0 0.234375 0.427734375 0.015625 0.01953125
0 0.2234375 0.41796875 0.015625 0.01953125
0 0.240625 0.4140625 0.015625 0.01953125
0 0.2296875 0.40234375 0.015625 0.01953125
0 0.2140625 0.404296875 0.015625 0.01953125
0 0.2078125 0.4375 0.015625 0.01953125
0 0.2171875 0.439453125 0.015625 0.01953125
0 0.2296875 0.4453125 0.015625 0.01953125
0 0.2015625 0.455078125 0.015625 0.01953125
0 0.1890625 0.45703125 0.015625 0.01953125
0 0.1859375 0.462890625 0.015625 0.01953125
0 0.18125 0.46875 0.015625 0.01953125
0 0.171875 0.47265625 0.015625 0.01953125
0 0.1609375 0.482421875 0.015625 0.01953125
0 0.15625 0.458984375 0.015625 0.01953125
0 0.1328125 0.46875 0.015625 0.01953125
0 0.1484375 0.478515625 0.015625 0.01953125
0 0.1421875 0.4921875 0.015625 0.01953125
0 0.15625 0.501953125 0.015625 0.01953125
0 0.1203125 0.51171875 0.015625 0.01953125
0 0.11875 0.482421875 0.015625 0.01953125
0 0.103125 0.501953125 0.015625 0.01953125
0 0.1 0.525390625 0.015625 0.01953125
0 0.084375 0.525390625 0.015625 0.01953125
0 0.059375 0.537109375 0.015625 0.01953125
0 0.046875 0.552734375 0.015625 0.01953125
0 0.0390625 0.572265625 0.015625 0.01953125
0 0.03125 0.578125 0.015625 0.01953125
0 0.0296875 0.5625 0.015625 0.01953125
0 0.0375 0.5546875 0.015625 0.01953125
0 0.0125 0.568359375 0.015625 0.01953125
0 0.0125 0.5859375 0.015625 0.01953125
0 0.0 0.58203125 0.015625 0.01953125
0 0.021875 0.595703125 0.015625 0.01953125
0 0.08125 0.587890625 0.015625 0.01953125
0 0.0625 0.556640625 0.015625 0.01953125
0 0.06875 0.546875 0.015625 0.01953125
0 0.0828125 0.54296875 0.015625 0.01953125
0 0.13125 0.53125 0.015625 0.01953125
0 0.44375 0.119140625 0.015625 0.01953125
0 0.475 0.125 0.015625 0.01953125
0 0.4921875 0.150390625 0.015625 0.01953125
0 0.4859375 0.173828125 0.015625 0.01953125
0 0.459375 0.169921875 0.015625 0.01953125
0 0.4734375 0.150390625 0.015625 0.01953125
0 0.496875 0.16015625 0.015625 0.01953125
0 0.525 0.12890625 0.015625 0.01953125
0 0.5046875 0.115234375 0.015625 0.01953125
0 0.5 0.08203125 0.015625 0.01953125
0 0.465625 0.033203125 0.015625 0.01953125
0 0.4578125 0.03125 0.015625 0.01953125
0 0.434375 0.02734375 0.015625 0.01953125
0 0.325 0.025390625 0.015625 0.01953125
0 0.3109375 0.021484375 0.015625 0.01953125
0 0.2984375 0.013671875 0.015625 0.01953125
0 0.409375 0.013671875 0.015625 0.01953125
