0 0.45625 0.775390625 0.015625 0.01953125
0 0.396875 0.732421875 0.015625 0.01953125
0 0.334375 0.732421875 0.015625 0.01953125
0 0.3796875 0.69140625 0.015625 0.01953125
0 0.315625 0.6640625 0.015625 0.01953125
0 0.2828125 0.71875 0.015625 0.01953125
0 0.2703125 0.68359375 0.015625 0.01953125
0 0.3140625 0.587890625 0.015625 0.01953125
0 0.371875 0.513671875 0.015625 0.01953125
0 0.3546875 0.46875 0.015625 0.01953125
0 0.334375 0.4453125 0.015625 0.01953125
0 0.340625 0.421875 0.015625 0.01953125
0 0.340625 0.41796875 0.015625 0.01953125
0 0.3375 0.4140625 0.015625 0.01953125
0 0.31875 0.423828125 0.015625 0.01953125
0 0.31875 0.439453125 0.015625 0.01953125
0 0.3 0.435546875 0.015625 0.01953125
0 0.2765625 0.4453125 0.015625 0.01953125
0 0.2953125 0.45703125 0.015625 0.01953125
0 0.303125 0.478515625 0.015625 0.01953125
0 0.3140625 0.478515625 0.015625 0.01953125
0 0.284375 0.47265625 0.015625 0.01953125
0 0.2640625 0.474609375 0.015625 0.01953125
0 0.2484375 0.474609375 0.015625 0.01953125
0 0.265625 0.48828125 0.015625 0.01953125
0 0.265625 0.505859375 0.015625 0.01953125
0 0.25 0.501953125 0.015625 0.01953125
0 0.24375 0.498046875 0.015625 0.01953125
0 0.234375 0.4921875 0.015625 0.01953125
0 0.225 0.501953125 0.015625 0.01953125
0 0.24375 0.51171875 0.015625 0.01953125
0 0.2515625 0.515625 0.015625 0.01953125
0 0.234375 0.51953125 0.015625 0.01953125
0 0.2203125 0.51953125 0.015625 0.01953125
0 0.20625 0.50390625 0.015625 0.01953125
0 0.1921875 0.5234375 0.015625 0.01953125
0 0.1984375 0.533203125 0.015625 0.01953125
0 0.215625 0.537109375 0.015625 0.01953125
0 0.2265625 0.53125 0.015625 0.01953125
0 0.2515625 0.55078125 0.015625 0.01953125
0 0.2 0.5546875 0.015625 0.01953125
0 0.184375 0.53515625 0.015625 0.01953125
0 0.1671875 0.544921875 0.015625 0.01953125
0 0.18125 0.55859375 0.015625 0.01953125
0 0.1890625 0.568359375 0.015625 0.01953125
0 0.1640625 0.578125 0.015625 0.01953125
0 0.165625 0.55859375 0.015625 0.01953125
0 0.159375 0.5546875 0.015625 0.01953125
0 0.1484375 0.56640625 0.015625 0.01953125
0 0.1484375 0.576171875 0.015625 0.01953125
0 0.1390625 0.576171875 0.015625 0.01953125
0 0.1421875 0.599609375 0.015625 0.01953125
0 0.128125 0.580078125 0.015625 0.01953125
0 0.125 0.595703125 0.015625 0.01953125
0 0.1328125 0.6171875 0.015625 0.01953125
0 0.1171875 0.611328125 0.015625 0.01953125
0 0.08125 0.60546875 0.015625 0.01953125
0 0.0921875 0.611328125 0.015625 0.01953125
0 0.10625 0.609375 0.015625 0.01953125
0 0.0953125 0.630859375 0.015625 0.01953125
0 0.0375 0.6171875 0.015625 0.01953125
0 0.0296875 0.61328125 0.015625 0.01953125
0 0.025 0.609375 0.015625 0.01953125
0 0.0140625 0.591796875 0.015625 0.01953125
0 0.0984375 0.673828125 0.015625 0.01953125
0 0.08125 0.62890625 0.015625 0.01953125
0 0.0703125 0.625 0.015625 0.01953125
0 0.0578125 0.623046875 0.015625 0.01953125
0 0.1609375 0.6015625 0.015625 0.01953125
0 0.209375 0.580078125 0.015625 0.01953125
0 0.35625 0.4140625 0.015625 0.01953125
0 0.353125 0.390625 0.015625 0.01953125
0 0.3390625 0.3984375 0.015625 0.01953125
0 0.3640625 0.380859375 0.015625 0.01953125
0 0.3765625 0.390625 0.015625 0.01953125
0 0.3796875 0.373046875 0.015625 0.01953125
0 0.3796875 0.365234375 0.015625 0.01953125
0 0.390625 0.373046875 0.015625 0.01953125
0 0.4015625 0.3671875 0.015625 0.01953125
0 0.40625 0.361328125 0.015625 0.01953125
0 0.41875 0.337890625 0.015625 0.01953125
0 0.440625 0.33203125 0.015625 0.01953125
0 0.4421875 0.318359375 0.015625 0.01953125
0 0.4515625 0.30859375 0.015625 0.01953125
0 0.4609375 0.302734375 0.015625 0.01953125
0 0.4703125 0.296875 0.015625 0.01953125
0 0.475 0.29296875 0.015625 0.01953125
0 0.4890625 0.291015625 0.015625 0.01953125
0 0.496875 0.27734375 0.015625 0.01953125
0 0.4828125 0.263671875 0.015625 0.01953125
0 0.4859375 0.248046875 0.015625 0.01953125
0 0.4921875 0.232421875 0.015625 0.01953125
0 0.5125 0.240234375 0.015625 0.01953125
0 0.51875 0.236328125 0.015625 0.01953125
0 0.525 0.232421875 0.015625 0.01953125
0 0.53125 0.25 0.015625 0.01953125
0 0.5234375 0.255859375 0.015625 0.01953125
0 0.5125 0.275390625 0.015625 0.01953125
0 0.5421875 0.25390625 0.015625 0.01953125
0 0.553125 0.236328125 0.015625 0.01953125
0 0.54375 0.201171875 0.015625 0.01953125
0 0.528125 0.205078125 0.015625 0.01953125
0 0.5203125 0.19921875 0.015625 0.01953125
0 0.5234375 0.189453125 0.015625 0.01953125
0 0.546875 0.177734375 0.015625 0.01953125
0 0.5421875 0.16796875 0.015625 0.01953125
0 0.5265625 0.16796875 0.015625 0.01953125
0 0.5015625 0.12890625 0.015625 0.01953125
0 0.48125 0.134765625 0.015625 0.01953125
0 0.465625 0.115234375 0.015625 0.01953125
0 0.4578125 0.095703125 0.015625 0.01953125
0 0.4796875 0.099609375 0.015625 0.01953125
0 0.4984375 0.107421875 0.015625 0.01953125
0 0.5390625 0.115234375 0.015625 0.01953125
0 0.5609375 0.125 0.015625 0.01953125
0 0.546875 0.15234375 0.015625 0.01953125
0 0.53125 0.142578125 0.015625 0.01953125
0 0.55625 0.171875 0.015625 0.01953125
0 0.5578125 0.193359375 0.015625 0.01953125
0 0.56875 0.1484375 0.015625 0.01953125
0 0.575 0.13671875 0.015625 0.01953125
0 0.625 0.13671875 0.015625 0.01953125
0 0.5234375 0.0859375 0.015625 0.01953125
0 0.5171875 0.052734375 0.015625 0.01953125
0 0.5109375 0.04296875 0.015625 0.01953125
0 0.484375 0.04296875 0.015625 0.01953125
0 0.4734375 0.033203125 0.015625 0.01953125
0 0.465625 0.02734375 0.015625 0.01953125
0 0.45625 0.02734375 0.015625 0.01953125
0 0.43125 0.013671875 0.015625 0.01953125
0 0.4078125 0.013671875 0.015625 0.01953125
0 0.3921875 0.0234375 0.015625 0.01953125
0 0.3640625 0.0234375 0.015625 0.01953125
0 0.3578125 0.0234375 0.015625 0.01953125
0 0.346875 0.037109375 0.015625 0.01953125
0 0.3546875 0.048828125 0.015625 0.01953125
0 0.3703125 0.0546875 0.015625 0.01953125
0 0.4046875 0.041015625 0.015625 0.01953125
0 0.4140625 0.041015625 0.015625 0.01953125
0 0.3265625 0.03515625 0.015625 0.01953125
0 0.3125 0.029296875 0.015625 0.01953125
0 0.296875 0.037109375 0.015625 0.01953125
0 0.2859375 0.046875 0.015625 0.01953125
0 0.28125 0.05078125 0.015625 0.01953125
0 0.26875 0.056640625 0.015625 0.01953125
0 0.25625 0.07421875 0.015625 0.01953125
0 0.2359375 0.08984375 0.015625 0.01953125
0 0.2203125 0.091796875 0.015625 0.01953125
0 0.209375 0.10546875 0.015625 0.01953125
0 0.196875 0.119140625 0.015625 0.01953125
0 0.19375 0.12109375 0.015625 0.01953125
0 0.18125 0.12890625 0.015625 0.01953125
0 0.1703125 0.134765625 0.015625 0.01953125
0 0.1578125 0.162109375 0.015625 0.01953125
0 0.1421875 0.162109375 0.015625 0.01953125
0 0.1265625 0.166015625 0.015625 0.01953125
0 0.1109375 0.171875 0.015625 0.01953125
0 0.1078125 0.15234375 0.015625 0.01953125
0 0.1203125 0.19140625 0.015625 0.01953125
0 0.0921875 0.203125 0.015625 0.01953125
0 0.0625 0.212890625 0.015625 0.01953125
0 0.0484375 0.228515625 0.015625 0.01953125
0 0.04375 0.201171875 0.015625 0.01953125
0 0.065625 0.185546875 0.015625 0.01953125
0 0.059375 0.193359375 0.015625 0.01953125
0 0.1078125 0.19140625 0.015625 0.01953125
0 0.075 0.203125 0.015625 0.01953125
0 0.084375 0.240234375 0.015625 0.01953125
0 0.084375 0.220703125 0.015625 0.01953125
0 0.096875 0.224609375 0.015625 0.01953125
0 0.021875 0.2578125 0.015625 0.01953125
0 0.0421875 0.2421875 0.015625 0.01953125
0 0.009375 0.25 0.015625 0.01953125
0 0.0078125 0.26953125 0.015625 0.01953125
0 0.009375 0.30078125 0.015625 0.01953125
0 0.559375 0.57421875 0.015625 0.01953125
0 0.5734375 0.638671875 0.015625 0.01953125
0 0.6046875 0.599609375 0.015625 0.01953125
0 0.653125 0.62890625 0.015625 0.01953125
0 0.6890625 0.607421875 0.015625 0.01953125
0 0.725 0.5703125 0.015625 0.01953125
0 0.825 0.826171875 0.015625 0.01953125
0 0.8 0.83203125 0.015625 0.01953125
0 0.78125 0.783203125 0.015625 0.01953125
0 0.8078125 0.77734375 0.015625 0.01953125
0 0.8203125 0.74609375 0.015625 0.01953125
0 0.8578125 0.705078125 0.015625 0.01953125
0 0.8796875 0.7421875 0.015625 0.01953125
0 0.9 0.705078125 0.015625 0.01953125
0 0.8390625 0.943359375 0.015625 0.01953125
0 0.3171875 0.869140625 0.015625 0.01953125
0 0.3234375 0.892578125 0.015625 0.01953125
0 0.2921875 0.853515625 0.015625 0.01953125
0 0.2671875 0.8671875 0.015625 0.01953125
0 0.2421875 0.81640625 0.015625 0.01953125
0 0.1609375 0.787109375 0.015625 0.01953125
0 0.084375 0.755859375 0.015625 0.01953125
0 0.5046875 0.720703125 0.015625 0.01953125
0 0.484375 0.6640625 0.015625 0.01953125
0 0.509375 0.611328125 0.015625 0.01953125
0 0.45 0.498046875 0.015625 0.01953125
0 0.4203125 0.43359375 0.015625 0.01953125
0 0.4578125 0.419921875 0.015625 0.01953125
0 0.4609375 0.37890625 0.015625 0.01953125
0 0.4953125 0.3671875 0.015625 0.01953125
0 0.515625 0.427734375 0.015625 0.01953125
0 0.5234375 0.486328125 0.015625 0.01953125
0 0.5390625 0.560546875 0.015625 0.01953125
0 0.63125 0.55859375 0.015625 0.01953125
0 0.6078125 0.455078125 0.015625 0.01953125
0 0.665625 0.505859375 0.015625 0.01953125
0 0.6875 0.54296875 0.015625 0.01953125
0 0.7140625 0.525390625 0.015625 0.01953125
0 0.7296875 0.408203125 0.015625 0.01953125
0 0.721875 0.39453125 0.015625 0.01953125
0 0.725 0.3828125 0.015625 0.01953125
0 0.70625 0.34375 0.015625 0.01953125
0 0.678125 0.32421875 0.015625 0.01953125
0 0.6625 0.314453125 0.015625 0.01953125
0 0.6203125 0.240234375 0.015625 0.01953125
0 0.7078125 0.29296875 0.015625 0.01953125
0 0.70625 0.3203125 0.015625 0.01953125
0 0.765625 0.22265625 0.015625 0.01953125
0 0.7515625 0.205078125 0.015625 0.01953125
0 0.784375 0.224609375 0.015625 0.01953125
0 0.8078125 0.25 0.015625 0.01953125
0 0.865625 0.33203125 0.015625 0.01953125
0 0.8796875 0.38671875 0.015625 0.01953125
0 0.859375 0.453125 0.015625 0.01953125
0 0.825 0.455078125 0.015625 0.01953125
0 0.803125 0.47265625 0.015625 0.01953125
0 0.709375 0.630859375 0.015625 0.01953125
0 0.7 0.625 0.015625 0.01953125
0 0.6796875 0.65234375 0.015625 0.01953125
0 0.684375 0.689453125 0.015625 0.01953125
0 0.6640625 0.703125 0.015625 0.01953125
0 0.6296875 0.69140625 0.015625 0.01953125
0 0.8984375 0.228515625 0.015625 0.01953125
