0 0.578125 0.80078125 0.015625 0.01953125
0 0.60625 0.798828125 0.015625 0.01953125
0 0.7046875 0.748046875 0.015625 0.01953125
0 0.6796875 0.650390625 0.015625 0.01953125
0 0.653125 0.69140625 0.015625 0.01953125
0 0.6296875 0.650390625 0.015625 0.01953125
0 0.596875 0.71484375 0.015625 0.01953125
0 0.58125 0.7421875 0.015625 0.01953125
0 0.5546875 0.76171875 0.015625 0.01953125
0 0.665625 0.412109375 0.015625 0.01953125
0 0.5984375 0.44921875 0.015625 0.01953125
0 0.5671875 0.484375 0.015625 0.01953125
0 0.4546875 0.65625 0.015625 0.01953125
0 0.4296875 0.673828125 0.015625 0.01953125
0 0.403125 0.701171875 0.015625 0.01953125
0 0.375 0.67578125 0.015625 0.01953125
0 0.415625 0.603515625 0.015625 0.01953125
0 0.453125 0.560546875 0.015625 0.01953125
0 0.4703125 0.5390625 0.015625 0.01953125
0 0.46875 0.578125 0.015625 0.01953125
0 0.4296875 0.638671875 0.015625 0.01953125
0 0.559375 0.4140625 0.015625 0.01953125
0 0.5703125 0.384765625 0.015625 0.01953125
0 0.6140625 0.373046875 0.015625 0.01953125
0 0.6 0.384765625 0.015625 0.01953125
0 0.646875 0.318359375 0.015625 0.01953125
0 0.096875 0.765625 0.015625 0.01953125
0 0.0734375 0.7890625 0.015625 0.01953125
0 0.05 0.8203125 0.015625 0.01953125
0 0.025 0.78125 0.015625 0.01953125
0 0.034375 0.75 0.015625 0.01953125
0 0.025 0.697265625 0.015625 0.01953125
0 0.11875 0.62890625 0.015625 0.01953125
0 0.1453125 0.84375 0.015625 0.01953125
0 0.11875 0.83984375 0.015625 0.01953125
0 0.1984375 0.728515625 0.015625 0.01953125
0 0.2640625 0.7109375 0.015625 0.01953125
0 0.2109375 0.638671875 0.015625 0.01953125
0 0.2578125 0.59375 0.015625 0.01953125
0 0.309375 0.556640625 0.015625 0.01953125
0 0.3265625 0.6015625 0.015625 0.01953125
0 0.2671875 0.501953125 0.015625 0.01953125
0 0.2515625 0.521484375 0.015625 0.01953125
0 0.1875 0.4921875 0.015625 0.01953125
0 0.1140625 0.517578125 0.015625 0.01953125
0 0.0921875 0.4765625 0.015625 0.01953125
0 0.0609375 0.45703125 0.015625 0.01953125
0 0.009375 0.498046875 0.015625 0.01953125
0 0.025 0.4765625 0.015625 0.01953125
0 0.03125 0.45703125 0.015625 0.01953125
0 0.0296875 0.4453125 0.015625 0.01953125
0 0.028125 0.443359375 0.015625 0.01953125
0 0.0171875 0.46484375 0.015625 0.01953125
0 0.0046875 0.47265625 0.015625 0.01953125
0 0.0484375 0.4296875 0.015625 0.01953125
0 0.053125 0.412109375 0.015625 0.01953125
0 0.0625 0.40625 0.015625 0.01953125
0 0.0765625 0.396484375 0.015625 0.01953125
0 0.0921875 0.384765625 0.015625 0.01953125
0 0.09375 0.373046875 0.015625 0.01953125
0 0.09375 0.361328125 0.015625 0.01953125
0 0.0828125 0.365234375 0.015625 0.01953125
0 0.1078125 0.353515625 0.015625 0.01953125
0 0.1234375 0.341796875 0.015625 0.01953125
0 0.125 0.369140625 0.015625 0.01953125
0 0.1109375 0.373046875 0.015625 0.01953125
0 0.1421875 0.333984375 0.015625 0.01953125
0 0.1546875 0.3046875 0.015625 0.01953125
0 0.171875 0.291015625 0.015625 0.01953125
0 0.1875 0.30078125 0.015625 0.01953125
0 0.196875 0.28515625 0.015625 0.01953125
0 0.196875 0.271484375 0.015625 0.01953125
0 0.1828125 0.255859375 0.015625 0.01953125
0 0.1734375 0.255859375 0.015625 0.01953125
0 0.2 0.25390625 0.015625 0.01953125
0 0.1515625 0.279296875 0.015625 0.01953125
0 0.2109375 0.2578125 0.015625 0.01953125
0 0.2234375 0.2421875 0.015625 0.01953125
0 0.2265625 0.22265625 0.015625 0.01953125
0 0.2390625 0.21875 0.015625 0.01953125
0 0.2390625 0.19921875 0.015625 0.01953125
0 0.2109375 0.203125 0.015625 0.01953125
0 0.225 0.17578125 0.015625 0.01953125
0 0.2 0.22265625 0.015625 0.01953125
0 0.240625 0.173828125 0.015625 0.01953125
0 0.2484375 0.171875 0.015625 0.01953125
0 0.259375 0.1875 0.015625 0.01953125
0 0.2625 0.154296875 0.015625 0.01953125
0 0.278125 0.154296875 0.015625 0.01953125
0 0.2828125 0.134765625 0.015625 0.01953125
0 0.278125 0.107421875 0.015625 0.01953125
0 0.26875 0.09765625 0.015625 0.01953125
0 0.2546875 0.07421875 0.015625 0.01953125
0 0.24375 0.099609375 0.015625 0.01953125
0 0.2546875 0.123046875 0.015625 0.01953125
0 0.253125 0.107421875 0.015625 0.01953125
0 0.221875 0.076171875 0.015625 0.01953125
0 0.2859375 0.05078125 0.015625 0.01953125
0 0.30625 0.07421875 0.015625 0.01953125
0 0.303125 0.09375 0.015625 0.01953125
0 0.2921875 0.091796875 0.015625 0.01953125
0 0.275 0.181640625 0.015625 0.01953125
0 0.0921875 0.015625 0.015625 0.01953125
0 0.08125 0.00390625 0.015625 0.01953125
0 0.009375 0.185546875 0.015625 0.01953125
0 0.24375 0.02734375 0.015625 0.01953125
0 0.2203125 0.046875 0.015625 0.01953125
0 0.2046875 0.046875 0.015625 0.01953125
0 0.18125 0.041015625 0.015625 0.01953125
0 0.1875 0.0625 0.015625 0.01953125
0 0.1703125 0.0625 0.015625 0.01953125
0 0.4875 0.134765625 0.015625 0.01953125
0 0.4203125 0.115234375 0.015625 0.01953125
0 0.3859375 0.111328125 0.015625 0.01953125
0 0.503125 0.13671875 0.015625 0.01953125
0 0.5484375 0.169921875 0.015625 0.01953125
0 0.55 0.271484375 0.015625 0.01953125
0 0.4375 0.25390625 0.015625 0.01953125
0 0.384375 0.181640625 0.015625 0.01953125
0 0.4015625 0.271484375 0.015625 0.01953125
0 0.375 0.263671875 0.015625 0.01953125
0 0.3578125 0.296875 0.015625 0.01953125
0 0.35 0.40625 0.015625 0.01953125
0 0.25625 0.376953125 0.015625 0.01953125
0 0.240625 0.330078125 0.015625 0.01953125
0 0.18125 0.36328125 0.015625 0.01953125
0 0.2015625 0.388671875 0.015625 0.01953125
0 0.140625 0.416015625 0.015625 0.01953125
0 0.3328125 0.599609375 0.015625 0.01953125
0 0.378125 0.541015625 0.015625 0.01953125
0 0.4421875 0.505859375 0.015625 0.01953125
0 0.4671875 0.47265625 0.015625 0.01953125
0 0.4171875 0.453125 0.015625 0.01953125
0 0.4453125 0.328125 0.015625 0.01953125
0 0.421875 0.328125 0.015625 0.01953125
0 0.415625 0.30078125 0.015625 0.01953125
0 0.4328125 0.28125 0.015625 0.01953125
0 0.6375 0.291015625 0.015625 0.01953125
0 0.6171875 0.2421875 0.015625 0.01953125
0 0.6171875 0.279296875 0.015625 0.01953125
0 0.6421875 0.119140625 0.015625 0.01953125
0 0.3453125 0.681640625 0.015625 0.01953125
