0 0.1796875 0.234375 0.015625 0.01953125
0 0.15 0.255859375 0.015625 0.01953125
0 0.153125 0.228515625 0.015625 0.01953125
0 0.1453125 0.216796875 0.015625 0.01953125
0 0.13125 0.212890625 0.015625 0.01953125
0 0.0921875 0.10546875 0.015625 0.01953125
0 0.10625 0.08984375 0.015625 0.01953125
0 0.1265625 0.060546875 0.015625 0.01953125
0 0.1296875 0.041015625 0.015625 0.01953125
0 0.159375 0.03125 0.015625 0.01953125
0 0.1484375 0.041015625 0.015625 0.01953125
0 0.18125 0.03125 0.015625 0.01953125
0 0.20625 0.05078125 0.015625 0.01953125
0 0.2296875 0.04296875 0.015625 0.01953125
0 0.2234375 0.009765625 0.015625 0.01953125
0 0.209375 0.0078125 0.015625 0.01953125
0 0.24375 0.009765625 0.015625 0.01953125
0 0.24375 0.05078125 0.015625 0.01953125
0 0.2640625 0.037109375 0.015625 0.01953125
0 0.265625 0.017578125 0.015625 0.01953125
0 0.278125 0.01953125 0.015625 0.01953125
0 0.334375 0.068359375 0.015625 0.01953125
0 0.353125 0.076171875 0.015625 0.01953125
0 0.415625 0.10546875 0.015625 0.01953125
0 0.375 0.1171875 0.015625 0.01953125
0 0.3890625 0.109375 0.015625 0.01953125
0 0.3828125 0.0859375 0.015625 0.01953125
0 0.403125 0.064453125 0.015625 0.01953125
0 0.4046875 0.033203125 0.015625 0.01953125
0 0.371875 0.041015625 0.015625 0.01953125
0 0.4484375 0.0859375 0.015625 0.01953125
0 0.425 0.078125 0.015625 0.01953125
0 0.46875 0.080078125 0.015625 0.01953125
0 0.4625 0.107421875 0.015625 0.01953125
0 0.475 0.107421875 0.015625 0.01953125
0 0.4703125 0.125 0.015625 0.01953125
0 0.453125 0.138671875 0.015625 0.01953125
0 0.440625 0.1328125 0.015625 0.01953125
0 0.4265625 0.17578125 0.015625 0.01953125
0 0.4390625 0.171875 0.015625 0.01953125
0 0.4421875 0.15234375 0.015625 0.01953125
0 0.4609375 0.166015625 0.015625 0.01953125
0 0.4515625 0.19140625 0.015625 0.01953125
0 0.4421875 0.185546875 0.015625 0.01953125
0 0.434375 0.208984375 0.015625 0.01953125
0 0.425 0.2109375 0.015625 0.01953125
0 0.4203125 0.208984375 0.015625 0.01953125
0 0.403125 0.205078125 0.015625 0.01953125
0 0.39375 0.21875 0.015625 0.01953125
0 0.396875 0.236328125 0.015625 0.01953125
0 0.3953125 0.259765625 0.015625 0.01953125
0 0.4140625 0.259765625 0.015625 0.01953125
0 0.440625 0.224609375 0.015625 0.01953125
0 0.4640625 0.232421875 0.015625 0.01953125
0 0.3921875 0.287109375 0.015625 0.01953125
0 0.4 0.291015625 0.015625 0.01953125
0 0.3828125 0.3203125 0.015625 0.01953125
0 0.3765625 0.3046875 0.015625 0.01953125
0 0.3609375 0.30078125 0.015625 0.01953125
0 0.4109375 0.30078125 0.015625 0.01953125
0 0.3828125 0.34765625 0.015625 0.01953125
0 0.3546875 0.330078125 0.015625 0.01953125
0 0.346875 0.330078125 0.015625 0.01953125
0 0.328125 0.345703125 0.015625 0.01953125
0 0.353125 0.357421875 0.015625 0.01953125
0 0.334375 0.3671875 0.015625 0.01953125
0 0.334375 0.375 0.015625 0.01953125
0 0.346875 0.384765625 0.015625 0.01953125
0 0.3234375 0.400390625 0.015625 0.01953125
0 0.3203125 0.388671875 0.015625 0.01953125
0 0.3078125 0.388671875 0.015625 0.01953125
0 0.3046875 0.40625 0.015625 0.01953125
0 0.290625 0.416015625 0.015625 0.01953125
0 0.28125 0.42578125 0.015625 0.01953125
0 0.296875 0.431640625 0.015625 0.01953125
0 0.3078125 0.431640625 0.015625 0.01953125
0 0.315625 0.431640625 0.015625 0.01953125
0 0.28125 0.45703125 0.015625 0.01953125
0 0.278125 0.435546875 0.015625 0.01953125
0 0.25625 0.447265625 0.015625 0.01953125
0 0.25625 0.466796875 0.015625 0.01953125
0 0.2515625 0.482421875 0.015625 0.01953125
0 0.240625 0.48828125 0.015625 0.01953125
0 0.2296875 0.494140625 0.015625 0.01953125
0 0.225 0.494140625 0.015625 0.01953125
0 0.228125 0.51171875 0.015625 0.01953125
0 0.228125 0.529296875 0.015625 0.01953125
0 0.2140625 0.537109375 0.015625 0.01953125
0 0.184375 0.54296875 0.015625 0.01953125
0 0.20625 0.572265625 0.015625 0.01953125
0 0.2125 0.587890625 0.015625 0.01953125
0 0.215625 0.603515625 0.015625 0.01953125
0 0.1859375 0.6171875 0.015625 0.01953125
0 0.165625 0.61328125 0.015625 0.01953125
0 0.1765625 0.576171875 0.015625 0.01953125
0 0.1640625 0.59765625 0.015625 0.01953125
0 0.1875 0.578125 0.015625 0.01953125
0 0.190625 0.58984375 0.015625 0.01953125
0 0.1515625 0.583984375 0.015625 0.01953125
0 0.1421875 0.595703125 0.015625 0.01953125
0 0.146875 0.607421875 0.015625 0.01953125
0 0.1421875 0.62109375 0.015625 0.01953125
0 0.125 0.630859375 0.015625 0.01953125
0 0.125 0.64453125 0.015625 0.01953125
0 0.1296875 0.66015625 0.015625 0.01953125
0 0.1546875 0.630859375 0.015625 0.01953125
0 0.1125 0.68359375 0.015625 0.01953125
0 0.096875 0.68359375 0.015625 0.01953125
0 0.090625 0.68359375 0.015625 0.01953125
0 0.0703125 0.689453125 0.015625 0.01953125
0 0.0765625 0.6875 0.015625 0.01953125
0 0.08125 0.7109375 0.015625 0.01953125
0 0.096875 0.71484375 0.015625 0.01953125
0 0.0703125 0.720703125 0.015625 0.01953125
0 0.059375 0.7109375 0.015625 0.01953125
0 0.053125 0.71875 0.015625 0.01953125
0 0.0421875 0.7265625 0.015625 0.01953125
0 0.0421875 0.74609375 0.015625 0.01953125
0 0.0328125 0.748046875 0.015625 0.01953125
0 0.0203125 0.751953125 0.015625 0.01953125
0 0.0125 0.751953125 0.015625 0.01953125
0 0.0296875 0.775390625 0.015625 0.01953125
0 0.040625 0.7734375 0.015625 0.01953125
0 0.0546875 0.759765625 0.015625 0.01953125
0 0.0671875 0.744140625 0.015625 0.01953125
0 0.0765625 0.744140625 0.015625 0.01953125
0 0.0546875 0.73828125 0.015625 0.01953125
0 0.1140625 0.7421875 0.015625 0.01953125
0 0.1078125 0.724609375 0.015625 0.01953125
0 0.065625 0.888671875 0.015625 0.01953125
0 0.0390625 0.90625 0.015625 0.01953125
0 0.1109375 0.943359375 0.015625 0.01953125
0 0.175 0.85546875 0.015625 0.01953125
0 0.125 0.95703125 0.015625 0.01953125
0 0.315625 0.826171875 0.015625 0.01953125
0 0.271875 0.736328125 0.015625 0.01953125
0 0.2609375 0.76953125 0.015625 0.01953125
0 0.321875 0.6875 0.015625 0.01953125
0 0.3859375 0.62890625 0.015625 0.01953125
0 0.3375 0.5703125 0.015625 0.01953125
0 0.3015625 0.537109375 0.015625 0.01953125
0 0.275 0.498046875 0.015625 0.01953125
0 0.2765625 0.4609375 0.015625 0.01953125
0 0.2484375 0.51953125 0.015625 0.01953125
0 0.25625 0.505859375 0.015625 0.01953125
0 0.3640625 0.474609375 0.015625 0.01953125
0 0.3890625 0.427734375 0.015625 0.01953125
0 0.4078125 0.447265625 0.015625 0.01953125
0 0.4265625 0.380859375 0.015625 0.01953125
0 0.4609375 0.427734375 0.015625 0.01953125
0 0.4421875 0.453125 0.015625 0.01953125
0 0.521875 0.48828125 0.015625 0.01953125
0 0.5640625 0.4609375 0.015625 0.01953125
0 0.5234375 0.373046875 0.015625 0.01953125
0 0.553125 0.357421875 0.015625 0.01953125
0 0.5640625 0.341796875 0.015625 0.01953125
0 0.615625 0.3203125 0.015625 0.01953125
0 0.634375 0.34375 0.015625 0.01953125
0 0.6359375 0.29296875 0.015625 0.01953125
0 0.653125 0.37109375 0.015625 0.01953125
0 0.7375 0.30078125 0.015625 0.01953125
0 0.721875 0.283203125 0.015625 0.01953125
0 0.7109375 0.2734375 0.015625 0.01953125
0 0.7328125 0.201171875 0.015625 0.01953125
0 0.7296875 0.18359375 0.015625 0.01953125
0 0.6953125 0.171875 0.015625 0.01953125
0 0.6875 0.16015625 0.015625 0.01953125
0 0.6734375 0.15234375 0.015625 0.01953125
0 0.6734375 0.185546875 0.015625 0.01953125
0 0.83125 0.2734375 0.015625 0.01953125
0 0.7984375 0.291015625 0.015625 0.01953125
0 0.840625 0.341796875 0.015625 0.01953125
0 0.8265625 0.39453125 0.015625 0.01953125
0 0.7984375 0.404296875 0.015625 0.01953125
0 0.778125 0.435546875 0.015625 0.01953125
0 0.7671875 0.46875 0.015625 0.01953125
0 0.7515625 0.5078125 0.015625 0.01953125
0 0.6796875 0.517578125 0.015625 0.01953125
0 0.6671875 0.5390625 0.015625 0.01953125
0 0.634375 0.515625 0.015625 0.01953125
0 0.6171875 0.580078125 0.015625 0.01953125
0 0.534375 0.607421875 0.015625 0.01953125
0 0.571875 0.62890625 0.015625 0.01953125
0 0.49375 0.66796875 0.015625 0.01953125
0 0.509375 0.560546875 0.015625 0.01953125
0 0.4078125 0.541015625 0.015625 0.01953125
0 0.471875 0.7265625 0.015625 0.01953125
0 0.415625 0.71875 0.015625 0.01953125
0 0.3828125 0.806640625 0.015625 0.01953125
0 0.38125 0.86328125 0.015625 0.01953125
0 0.403125 0.857421875 0.015625 0.01953125
0 0.4421875 0.8203125 0.015625 0.01953125
0 0.4328125 0.798828125 0.015625 0.01953125
0 0.5171875 0.771484375 0.015625 0.01953125
0 0.584375 0.73046875 0.015625 0.01953125
0 0.6546875 0.640625 0.015625 0.01953125
0 0.678125 0.732421875 0.015625 0.01953125
0 0.703125 0.69921875 0.015625 0.01953125
0 0.7171875 0.6796875 0.015625 0.01953125
0 0.703125 0.578125 0.015625 0.01953125
0 0.671875 0.685546875 0.015625 0.01953125
0 0.6828125 0.658203125 0.015625 0.01953125
0 0.6953125 0.6328125 0.015625 0.01953125
0 0.825 0.142578125 0.015625 0.01953125
0 0.8453125 0.158203125 0.015625 0.01953125
0 0.896875 0.720703125 0.015625 0.01953125
0 0.88125 0.728515625 0.015625 0.01953125
0 0.865625 0.685546875 0.015625 0.01953125
0 0.853125 0.73828125 0.015625 0.01953125
0 0.840625 0.76171875 0.015625 0.01953125
0 0.834375 0.775390625 0.015625 0.01953125
0 0.8125 0.798828125 0.015625 0.01953125
0 0.784375 0.849609375 0.015625 0.01953125
0 0.846875 0.837890625 0.015625 0.01953125
0 0.8640625 0.830078125 0.015625 0.01953125
0 0.8984375 0.783203125 0.015625 0.01953125
0 0.91875 0.685546875 0.015625 0.01953125
0 0.9765625 0.7109375 0.015625 0.01953125
