0 0.1609375 0.927734375 0.015625 0.01953125
0 0.075 0.8984375 0.015625 0.01953125
0 0.0921875 0.8828125 0.015625 0.01953125
0 0.1015625 0.84765625 0.015625 0.01953125
0 0.1140625 0.830078125 0.015625 0.01953125
0 0.0953125 0.826171875 0.015625 0.01953125
0 0.078125 0.830078125 0.015625 0.01953125
0 0.0734375 0.85546875 0.015625 0.01953125
0 0.0546875 0.873046875 0.015625 0.01953125
0 0.0375 0.8828125 0.015625 0.01953125
0 0.021875 0.87890625 0.015625 0.01953125
0 0.00625 0.875 0.015625 0.01953125
0 0.0515625 0.888671875 0.015625 0.01953125
0 0.071875 0.88671875 0.015625 0.01953125
0 0.1375 0.8125 0.015625 0.01953125
0 0.1640625 0.80859375 0.015625 0.01953125
0 0.1421875 0.74609375 0.015625 0.01953125
0 0.128125 0.75 0.015625 0.01953125
0 0.1328125 0.732421875 0.015625 0.01953125
0 0.1765625 0.71484375 0.015625 0.01953125
0 0.1421875 0.70703125 0.015625 0.01953125
0 0.159375 0.697265625 0.015625 0.01953125
0 0.2234375 0.6796875 0.015625 0.01953125
0 0.1953125 0.69140625 0.015625 0.01953125
0 0.1984375 0.654296875 0.015625 0.01953125
0 0.1875 0.658203125 0.015625 0.01953125
0 0.16875 0.662109375 0.015625 0.01953125
0 0.159375 0.6640625 0.015625 0.01953125
0 0.1484375 0.67578125 0.015625 0.01953125
0 0.1046875 0.78515625 0.015625 0.01953125
0 0.090625 0.78515625 0.015625 0.01953125
0 0.1296875 0.783203125 0.015625 0.01953125
0 0.159375 0.765625 0.015625 0.01953125
0 0.225 0.626953125 0.015625 0.01953125
0 0.2046875 0.630859375 0.015625 0.01953125
0 0.1859375 0.615234375 0.015625 0.01953125
0 0.1734375 0.6171875 0.015625 0.01953125
0 0.1921875 0.6015625 0.015625 0.01953125
0 0.2109375 0.58984375 0.015625 0.01953125
0 0.225 0.591796875 0.015625 0.01953125
0 0.2375 0.578125 0.015625 0.01953125
0 0.2359375 0.5625 0.015625 0.01953125
0 0.25625 0.5625 0.015625 0.01953125
0 0.290625 0.591796875 0.015625 0.01953125
0 0.1953125 0.568359375 0.015625 0.01953125
0 0.2109375 0.548828125 0.015625 0.01953125
0 0.21875 0.544921875 0.015625 0.01953125
0 0.2234375 0.537109375 0.015625 0.01953125
0 0.2546875 0.525390625 0.015625 0.01953125
0 0.259375 0.505859375 0.015625 0.01953125
0 0.2734375 0.48828125 0.015625 0.01953125
0 0.275 0.462890625 0.015625 0.01953125
0 0.253125 0.47265625 0.015625 0.01953125
0 0.290625 0.447265625 0.015625 0.01953125
0 0.2625 0.435546875 0.015625 0.01953125
0 0.2765625 0.408203125 0.015625 0.01953125
0 0.278125 0.375 0.015625 0.01953125
0 0.2765625 0.388671875 0.015625 0.01953125
0 0.290625 0.361328125 0.015625 0.01953125
0 0.296875 0.384765625 0.015625 0.01953125
0 0.3265625 0.345703125 0.015625 0.01953125
0 0.3125 0.34375 0.015625 0.01953125
0 0.296875 0.333984375 0.015625 0.01953125
0 0.3125 0.310546875 0.015625 0.01953125
0 0.3328125 0.318359375 0.015625 0.01953125
0 0.3515625 0.30859375 0.015625 0.01953125
0 0.325 0.291015625 0.015625 0.01953125
0 0.309375 0.2734375 0.015625 0.01953125
0 0.315625 0.2421875 0.015625 0.01953125
0 0.3203125 0.2265625 0.015625 0.01953125
0 0.3546875 0.212890625 0.015625 0.01953125
0 0.340625 0.224609375 0.015625 0.01953125
0 0.3390625 0.255859375 0.015625 0.01953125
0 0.3640625 0.244140625 0.015625 0.01953125
0 0.3609375 0.185546875 0.015625 0.01953125
0 0.3421875 0.15625 0.015625 0.01953125
0 0.33125 0.15625 0.015625 0.01953125
0 0.35625 0.14453125 0.015625 0.01953125
0 0.359375 0.12109375 0.015625 0.01953125
0 0.3171875 0.150390625 0.015625 0.01953125
0 0.3078125 0.130859375 0.015625 0.01953125
0 0.2859375 0.1484375 0.015625 0.01953125
0 0.259375 0.154296875 0.015625 0.01953125
0 0.2640625 0.1328125 0.015625 0.01953125
0 0.228125 0.12890625 0.015625 0.01953125
0 0.20625 0.10546875 0.015625 0.01953125
0 0.1078125 0.119140625 0.015625 0.01953125
0 0.0921875 0.107421875 0.015625 0.01953125
0 0.075 0.07421875 0.015625 0.01953125
0 0.0859375 0.0703125 0.015625 0.01953125
0 0.053125 0.107421875 0.015625 0.01953125
0 0.0375 0.107421875 0.015625 0.01953125
0 0.0203125 0.111328125 0.015625 0.01953125
0 0.0203125 0.138671875 0.015625 0.01953125
0 0.0953125 0.31640625 0.015625 0.01953125
0 0.075 0.298828125 0.015625 0.01953125
0 0.075 0.33984375 0.015625 0.01953125
0 0.059375 0.3125 0.015625 0.01953125
0 0.046875 0.298828125 0.015625 0.01953125
0 0.3421875 0.61328125 0.015625 0.01953125
0 0.3375 0.505859375 0.015625 0.01953125
0 0.3578125 0.48046875 0.015625 0.01953125
0 0.340625 0.44140625 0.015625 0.01953125
0 0.3828125 0.40234375 0.015625 0.01953125
0 0.421875 0.427734375 0.015625 0.01953125
0 0.40625 0.4609375 0.015625 0.01953125
0 0.396875 0.556640625 0.015625 0.01953125
0 0.3796875 0.6796875 0.015625 0.01953125
0 0.3828125 0.744140625 0.015625 0.01953125
0 0.3375 0.732421875 0.015625 0.01953125
0 0.278125 0.814453125 0.015625 0.01953125
0 0.2921875 0.890625 0.015625 0.01953125
0 0.315625 0.875 0.015625 0.01953125
0 0.359375 0.85546875 0.015625 0.01953125
0 0.3734375 0.88671875 0.015625 0.01953125
0 0.346875 0.900390625 0.015625 0.01953125
0 0.434375 0.845703125 0.015625 0.01953125
0 0.490625 0.724609375 0.015625 0.01953125
0 0.4890625 0.662109375 0.015625 0.01953125
0 0.4828125 0.5703125 0.015625 0.01953125
0 0.4671875 0.5390625 0.015625 0.01953125
0 0.5328125 0.462890625 0.015625 0.01953125
0 0.5328125 0.388671875 0.015625 0.01953125
0 0.509375 0.365234375 0.015625 0.01953125
0 0.4953125 0.3515625 0.015625 0.01953125
0 0.5453125 0.314453125 0.015625 0.01953125
0 0.5390625 0.33984375 0.015625 0.01953125
0 0.5234375 0.302734375 0.015625 0.01953125
0 0.5296875 0.240234375 0.015625 0.01953125
0 0.58125 0.31640625 0.015625 0.01953125
0 0.5828125 0.359375 0.015625 0.01953125
0 0.615625 0.484375 0.015625 0.01953125
0 0.609375 0.556640625 0.015625 0.01953125
0 0.578125 0.64453125 0.015625 0.01953125
0 0.5453125 0.599609375 0.015625 0.01953125
0 0.653125 0.509765625 0.015625 0.01953125
0 0.665625 0.474609375 0.015625 0.01953125
0 0.6265625 0.689453125 0.015625 0.01953125
0 0.559375 0.77734375 0.015625 0.01953125
0 0.571875 0.876953125 0.015625 0.01953125
0 0.571875 0.91796875 0.015625 0.01953125
0 0.6609375 0.609375 0.015625 0.01953125
0 0.6859375 0.578125 0.015625 0.01953125
0 0.696875 0.517578125 0.015625 0.01953125
0 0.7078125 0.48828125 0.015625 0.01953125
0 0.7140625 0.447265625 0.015625 0.01953125
0 0.725 0.416015625 0.015625 0.01953125
0 0.734375 0.3984375 0.015625 0.01953125
0 0.7359375 0.36328125 0.015625 0.01953125
0 0.715625 0.24609375 0.015625 0.01953125
0 0.7484375 0.224609375 0.015625 0.01953125
0 0.65625 0.1875 0.015625 0.01953125
0 0.6421875 0.15625 0.015625 0.01953125
0 0.628125 0.15625 0.015625 0.01953125
0 0.590625 0.14453125 0.015625 0.01953125
0 0.5796875 0.1328125 0.015625 0.01953125
0 0.5734375 0.1328125 0.015625 0.01953125
0 0.5578125 0.1328125 0.015625 0.01953125
0 0.315625 0.08203125 0.015625 0.01953125
0 0.334375 0.111328125 0.015625 0.01953125
0 0.3453125 0.126953125 0.015625 0.01953125
0 0.30625 0.09765625 0.015625 0.01953125
0 0.2796875 0.09765625 0.015625 0.01953125
0 0.2734375 0.0625 0.015625 0.01953125
0 0.2578125 0.052734375 0.015625 0.01953125
0 0.2484375 0.05078125 0.015625 0.01953125
0 0.2125 0.052734375 0.015625 0.01953125
0 0.2 0.046875 0.015625 0.01953125
0 0.184375 0.044921875 0.015625 0.01953125
0 0.1453125 0.044921875 0.015625 0.01953125
0 0.125 0.021484375 0.015625 0.01953125
0 0.0328125 0.013671875 0.015625 0.01953125
0 0.1078125 0.072265625 0.015625 0.01953125
0 0.125 0.0859375 0.015625 0.01953125
0 0.1453125 0.07421875 0.015625 0.01953125
0 0.1328125 0.123046875 0.015625 0.01953125
0 0.81875 0.3671875 0.015625 0.01953125
0 0.7734375 0.416015625 0.015625 0.01953125
0 0.7296875 0.572265625 0.015625 0.01953125
0 0.7296875 0.599609375 0.015625 0.01953125
0 0.7296875 0.634765625 0.015625 0.01953125
0 0.7171875 0.6640625 0.015625 0.01953125
0 0.70625 0.681640625 0.015625 0.01953125
0 0.69375 0.724609375 0.015625 0.01953125
0 0.675 0.71875 0.015625 0.01953125
0 0.765625 0.642578125 0.015625 0.01953125
0 0.9140625 0.607421875 0.015625 0.01953125
0 0.878125 0.603515625 0.015625 0.01953125
0 0.903125 0.650390625 0.015625 0.01953125
0 0.859375 0.6875 0.015625 0.01953125
0 0.8484375 0.728515625 0.015625 0.01953125
0 0.8796875 0.75390625 0.015625 0.01953125
0 0.8984375 0.75390625 0.015625 0.01953125
0 0.9234375 0.78515625 0.015625 0.01953125
0 0.9234375 0.697265625 0.015625 0.01953125
0 0.9640625 0.66796875 0.015625 0.01953125
