0 0.9703125 0.73828125 0.015625 0.01953125
0 0.9484375 0.654296875 0.015625 0.01953125
0 0.9328125 0.7109375 0.015625 0.01953125
0 0.9171875 0.72265625 0.015625 0.01953125
0 0.9234375 0.609375 0.015625 0.01953125
0 0.925 0.552734375 0.015625 0.01953125
0 0.8953125 0.625 0.015625 0.01953125
0 0.8921875 0.671875 0.015625 0.01953125
0 0.8625 0.66015625 0.015625 0.01953125
0 0.7234375 0.736328125 0.015625 0.01953125
0 0.7109375 0.748046875 0.015625 0.01953125
0 0.7375 0.693359375 0.015625 0.01953125
0 0.7359375 0.640625 0.015625 0.01953125
0 0.74375 0.6171875 0.015625 0.01953125
0 0.7421875 0.57421875 0.015625 0.01953125
0 0.7390625 0.533203125 0.015625 0.01953125
0 0.703125 0.466796875 0.015625 0.01953125
0 0.6984375 0.478515625 0.015625 0.01953125
0 0.6984375 0.53125 0.015625 0.01953125
0 0.6984375 0.57421875 0.015625 0.01953125
0 0.684375 0.6171875 0.015625 0.01953125
0 0.665625 0.625 0.015625 0.01953125
0 0.7 0.64453125 0.015625 0.01953125
0 0.7 0.623046875 0.015625 0.01953125
0 0.7015625 0.423828125 0.015625 0.01953125
0 0.7015625 0.38671875 0.015625 0.01953125
0 0.7015625 0.369140625 0.015625 0.01953125
0 0.6640625 0.26171875 0.015625 0.01953125
0 0.665625 0.21484375 0.015625 0.01953125
0 0.590625 0.1875 0.015625 0.01953125
0 0.5734375 0.1875 0.015625 0.01953125
0 0.559375 0.189453125 0.015625 0.01953125
0 0.5046875 0.15625 0.015625 0.01953125
0 0.4921875 0.169921875 0.015625 0.01953125
0 0.2890625 0.189453125 0.015625 0.01953125
0 0.2640625 0.19140625 0.015625 0.01953125
0 0.2453125 0.189453125 0.015625 0.01953125
0 0.1890625 0.146484375 0.015625 0.01953125
0 0.178125 0.1484375 0.015625 0.01953125
0 0.1625 0.138671875 0.015625 0.01953125
0 0.1265625 0.146484375 0.015625 0.01953125
0 0.109375 0.1484375 0.015625 0.01953125
0 0.0984375 0.1484375 0.015625 0.01953125
0 0.090625 0.142578125 0.015625 0.01953125
0 0.0671875 0.142578125 0.015625 0.01953125
0 0.0453125 0.142578125 0.015625 0.01953125
0 0.0265625 0.1796875 0.015625 0.01953125
0 0.0515625 0.177734375 0.015625 0.01953125
0 0.0125 0.21875 0.015625 0.01953125
0 0.021875 0.220703125 0.015625 0.01953125
0 0.059375 0.216796875 0.015625 0.01953125
0 0.134375 0.21875 0.015625 0.01953125
0 0.1484375 0.21875 0.015625 0.01953125
0 0.1640625 0.21875 0.015625 0.01953125
0 0.1828125 0.212890625 0.015625 0.01953125
0 0.19375 0.212890625 0.015625 0.01953125
0 0.1921875 0.248046875 0.015625 0.01953125
0 0.2015625 0.240234375 0.015625 0.01953125
0 0.234375 0.208984375 0.015625 0.01953125
0 0.2421875 0.228515625 0.015625 0.01953125
0 0.2640625 0.232421875 0.015625 0.01953125
0 0.28125 0.259765625 0.015625 0.01953125
0 0.2640625 0.26953125 0.015625 0.01953125
0 0.2890625 0.2578125 0.015625 0.01953125
0 0.2890625 0.28125 0.015625 0.01953125
0 0.2796875 0.3125 0.015625 0.01953125
0 0.2625 0.31640625 0.015625 0.01953125
0 0.3046875 0.26171875 0.015625 0.01953125
0 0.3671875 0.259765625 0.015625 0.01953125
0 0.4609375 0.34375 0.015625 0.01953125
0 0.484375 0.353515625 0.015625 0.01953125
0 0.4890625 0.380859375 0.015625 0.01953125
0 0.45625 0.388671875 0.015625 0.01953125
0 0.4625 0.458984375 0.015625 0.01953125
0 0.5 0.46484375 0.015625 0.01953125
0 0.565625 0.388671875 0.015625 0.01953125
0 0.5890625 0.43359375 0.015625 0.01953125
0 0.590625 0.48828125 0.015625 0.01953125
0 0.5125 0.501953125 0.015625 0.01953125
0 0.4015625 0.48828125 0.015625 0.01953125
0 0.390625 0.533203125 0.015625 0.01953125
0 0.3484375 0.455078125 0.015625 0.01953125
0 0.3453125 0.54296875 0.015625 0.01953125
0 0.328125 0.515625 0.015625 0.01953125
0 0.296875 0.44921875 0.015625 0.01953125
0 0.296875 0.423828125 0.015625 0.01953125
0 0.2984375 0.3984375 0.015625 0.01953125
0 0.303125 0.376953125 0.015625 0.01953125
0 0.3109375 0.361328125 0.015625 0.01953125
0 0.29375 0.36328125 0.015625 0.01953125
0 0.278125 0.37890625 0.015625 0.01953125
0 0.2703125 0.408203125 0.015625 0.01953125
0 0.28125 0.39453125 0.015625 0.01953125
0 0.2578125 0.41796875 0.015625 0.01953125
0 0.2859375 0.421875 0.015625 0.01953125
0 0.25 0.466796875 0.015625 0.01953125
0 0.2796875 0.44921875 0.015625 0.01953125
0 0.25 0.447265625 0.015625 0.01953125
0 0.2703125 0.498046875 0.015625 0.01953125
0 0.246875 0.505859375 0.015625 0.01953125
0 0.2671875 0.533203125 0.015625 0.01953125
0 0.2421875 0.541015625 0.015625 0.01953125
0 0.2578125 0.568359375 0.015625 0.01953125
0 0.2375 0.568359375 0.015625 0.01953125
0 0.2546875 0.583984375 0.015625 0.01953125
0 0.259375 0.60546875 0.015625 0.01953125
0 0.240625 0.62109375 0.015625 0.01953125
0 0.21875 0.640625 0.015625 0.01953125
0 0.2140625 0.64453125 0.015625 0.01953125
0 0.2 0.66015625 0.015625 0.01953125
0 0.2390625 0.650390625 0.015625 0.01953125
0 0.259375 0.638671875 0.015625 0.01953125
0 0.2453125 0.68359375 0.015625 0.01953125
0 0.2296875 0.662109375 0.015625 0.01953125
0 0.221875 0.671875 0.015625 0.01953125
0 0.2109375 0.685546875 0.015625 0.01953125
0 0.228125 0.703125 0.015625 0.01953125
0 0.2078125 0.712890625 0.015625 0.01953125
0 0.215625 0.728515625 0.015625 0.01953125
0 0.1953125 0.740234375 0.015625 0.01953125
0 0.20625 0.693359375 0.015625 0.01953125
0 0.209375 0.7421875 0.015625 0.01953125
0 0.184375 0.76171875 0.015625 0.01953125
0 0.2 0.765625 0.015625 0.01953125
0 0.184375 0.74609375 0.015625 0.01953125
0 0.1734375 0.78125 0.015625 0.01953125
0 0.1875 0.806640625 0.015625 0.01953125
0 0.1765625 0.806640625 0.015625 0.01953125
0 0.19375 0.7890625 0.015625 0.01953125
0 0.203125 0.7890625 0.015625 0.01953125
0 0.2015625 0.82421875 0.015625 0.01953125
0 0.16875 0.82421875 0.015625 0.01953125
0 0.184375 0.84765625 0.015625 0.01953125
0 0.221875 0.7890625 0.015625 0.01953125
0 0.2671875 0.75390625 0.015625 0.01953125
0 0.33125 0.73828125 0.015625 0.01953125
0 0.3484375 0.662109375 0.015625 0.01953125
0 0.296875 0.64453125 0.015625 0.01953125
0 0.3265625 0.59765625 0.015625 0.01953125
0 0.4046875 0.630859375 0.015625 0.01953125
0 0.496875 0.6171875 0.015625 0.01953125
0 0.478125 0.56640625 0.015625 0.01953125
0 0.5640625 0.625 0.015625 0.01953125
0 0.60625 0.666015625 0.015625 0.01953125
0 0.528125 0.693359375 0.015625 0.01953125
0 0.55 0.775390625 0.015625 0.01953125
0 0.6609375 0.73828125 0.015625 0.01953125
0 0.6109375 0.806640625 0.015625 0.01953125
0 0.590625 0.869140625 0.015625 0.01953125
0 0.5234375 0.8984375 0.015625 0.01953125
0 0.4671875 0.97265625 0.015625 0.01953125
0 0.434375 0.927734375 0.015625 0.01953125
0 0.3703125 0.93359375 0.015625 0.01953125
0 0.3703125 0.873046875 0.015625 0.01953125
0 0.4046875 0.7734375 0.015625 0.01953125
0 0.0296875 0.697265625 0.015625 0.01953125
0 0.059375 0.43359375 0.015625 0.01953125
0 0.03125 0.44921875 0.015625 0.01953125
0 0.0421875 0.40625 0.015625 0.01953125
0 0.0125 0.41796875 0.015625 0.01953125
0 0.1125 0.990234375 0.015625 0.01953125
0 0.1296875 0.982421875 0.015625 0.01953125
0 0.1328125 0.958984375 0.015625 0.01953125
0 0.1328125 0.93359375 0.015625 0.01953125
0 0.1375 0.916015625 0.015625 0.01953125
0 0.1484375 0.904296875 0.015625 0.01953125
0 0.1734375 0.87890625 0.015625 0.01953125
0 0.1609375 0.859375 0.015625 0.01953125
0 0.165625 0.83984375 0.015625 0.01953125
0 0.1859375 0.900390625 0.015625 0.01953125
0 0.1578125 0.921875 0.015625 0.01953125
0 0.16875 0.91796875 0.015625 0.01953125
0 0.153125 0.93359375 0.015625 0.01953125
0 0.165625 0.939453125 0.015625 0.01953125
0 0.1546875 0.95703125 0.015625 0.01953125
0 0.15625 0.96484375 0.015625 0.01953125
0 0.1921875 0.919921875 0.015625 0.01953125
0 0.19375 0.970703125 0.015625 0.01953125
0 0.196875 0.857421875 0.015625 0.01953125
0 0.7546875 0.41796875 0.015625 0.01953125
0 0.6875 0.22265625 0.015625 0.01953125
0 0.753125 0.26171875 0.015625 0.01953125
0 0.759375 0.232421875 0.015625 0.01953125
