0 0.725 0.791015625 0.015625 0.01953125
0 0.625 0.810546875 0.015625 0.01953125
0 0.603125 0.78125 0.015625 0.01953125
0 0.6015625 0.828125 0.015625 0.01953125
0 0.5609375 0.82421875 0.015625 0.01953125
0 0.546875 0.78515625 0.015625 0.01953125
0 0.5171875 0.82421875 0.015625 0.01953125
0 0.5140625 0.890625 0.015625 0.01953125
0 0.3921875 0.849609375 0.015625 0.01953125
0 0.775 0.66796875 0.015625 0.01953125
0 0.834375 0.6328125 0.015625 0.01953125
0 0.8046875 0.521484375 0.015625 0.01953125
0 0.709375 0.59765625 0.015625 0.01953125
0 0.684375 0.51953125 0.015625 0.01953125
0 0.75 0.478515625 0.015625 0.01953125
0 0.70625 0.455078125 0.015625 0.01953125
0 0.6421875 0.447265625 0.015625 0.01953125
0 0.61875 0.380859375 0.015625 0.01953125
0 0.5375 0.458984375 0.015625 0.01953125
0 0.496875 0.51953125 0.015625 0.01953125
0 0.4359375 0.5546875 0.015625 0.01953125
0 0.415625 0.59765625 0.015625 0.01953125
0 0.4390625 0.49609375 0.015625 0.01953125
0 0.5625 0.599609375 0.015625 0.01953125
0 0.5640625 0.65234375 0.015625 0.01953125
0 0.8828125 0.556640625 0.015625 0.01953125
0 0.8921875 0.5 0.015625 0.01953125
0 0.890625 0.4453125 0.015625 0.01953125
0 0.8890625 0.408203125 0.015625 0.01953125
0 0.88125 0.37109375 0.015625 0.01953125
0 0.88125 0.3203125 0.015625 0.01953125
0 0.8859375 0.296875 0.015625 0.01953125
0 0.8875 0.232421875 0.015625 0.01953125
0 0.8859375 0.201171875 0.015625 0.01953125
0 0.9171875 0.14453125 0.015625 0.01953125
0 0.9046875 0.109375 0.015625 0.01953125
0 0.771875 0.025390625 0.015625 0.01953125
0 0.790625 0.009765625 0.015625 0.01953125
0 0.890625 0.0078125 0.015625 0.01953125
0 0.8671875 0.01171875 0.015625 0.01953125
0 0.825 0.1484375 0.015625 0.01953125
0 0.825 0.18359375 0.015625 0.01953125
0 0.825 0.21875 0.015625 0.01953125
0 0.83125 0.26171875 0.015625 0.01953125
0 0.83125 0.2890625 0.015625 0.01953125
0 0.8359375 0.328125 0.015625 0.01953125
0 0.834375 0.369140625 0.015625 0.01953125
0 0.834375 0.38671875 0.015625 0.01953125
0 0.8203125 0.435546875 0.015625 0.01953125
0 0.8515625 0.185546875 0.015625 0.01953125
0 0.84375 0.11328125 0.015625 0.01953125
0 0.71875 0.17578125 0.015625 0.01953125
0 0.690625 0.216796875 0.015625 0.01953125
0 0.66875 0.14453125 0.015625 0.01953125
0 0.6359375 0.208984375 0.015625 0.01953125
0 0.609375 0.19921875 0.015625 0.01953125
0 0.5765625 0.19140625 0.015625 0.01953125
0 0.5640625 0.251953125 0.015625 0.01953125
0 0.625 0.291015625 0.015625 0.01953125
0 0.659375 0.31640625 0.015625 0.01953125
0 0.7390625 0.333984375 0.015625 0.01953125
0 0.7953125 0.29296875 0.015625 0.01953125
0 0.79375 0.30859375 0.015625 0.01953125
0 0.7859375 0.328125 0.015625 0.01953125
0 0.771875 0.3671875 0.015625 0.01953125
0 0.5203125 0.361328125 0.015625 0.01953125
0 0.53125 0.291015625 0.015625 0.01953125
0 0.4796875 0.2578125 0.015625 0.01953125
0 0.4453125 0.330078125 0.015625 0.01953125
0 0.4671875 0.3671875 0.015625 0.01953125
0 0.45625 0.423828125 0.015625 0.01953125
0 0.371875 0.392578125 0.015625 0.01953125
0 0.3671875 0.373046875 0.015625 0.01953125
0 0.3609375 0.357421875 0.015625 0.01953125
0 0.371875 0.3203125 0.015625 0.01953125
0 0.35625 0.306640625 0.015625 0.01953125
0 0.3375 0.330078125 0.015625 0.01953125
0 0.4109375 0.3046875 0.015625 0.01953125
0 0.4109375 0.2734375 0.015625 0.01953125
0 0.4046875 0.240234375 0.015625 0.01953125
0 0.4015625 0.1953125 0.015625 0.01953125
0 0.40625 0.1875 0.015625 0.01953125
0 0.415625 0.17578125 0.015625 0.01953125
0 0.4015625 0.115234375 0.015625 0.01953125
0 0.396875 0.08984375 0.015625 0.01953125
0 0.396875 0.064453125 0.015625 0.01953125
0 0.396875 0.046875 0.015625 0.01953125
0 0.384375 0.046875 0.015625 0.01953125
0 0.36875 0.0625 0.015625 0.01953125
0 0.36875 0.091796875 0.015625 0.01953125
0 0.36875 0.115234375 0.015625 0.01953125
0 0.3578125 0.1171875 0.015625 0.01953125
0 0.3609375 0.134765625 0.015625 0.01953125
0 0.3671875 0.15625 0.015625 0.01953125
0 0.3765625 0.12109375 0.015625 0.01953125
0 0.375 0.1953125 0.015625 0.01953125
0 0.375 0.216796875 0.015625 0.01953125
0 0.39375 0.185546875 0.015625 0.01953125
0 0.371875 0.23046875 0.015625 0.01953125
0 0.3640625 0.25 0.015625 0.01953125
0 0.35625 0.26953125 0.015625 0.01953125
0 0.3921875 0.37109375 0.015625 0.01953125
0 0.39375 0.32421875 0.015625 0.01953125
0 0.4125 0.373046875 0.015625 0.01953125
0 0.3875 0.40234375 0.015625 0.01953125
0 0.375 0.427734375 0.015625 0.01953125
0 0.3640625 0.453125 0.015625 0.01953125
0 0.3796875 0.4375 0.015625 0.01953125
0 0.378125 0.46875 0.015625 0.01953125
0 0.359375 0.478515625 0.015625 0.01953125
0 0.3484375 0.478515625 0.015625 0.01953125
0 0.3390625 0.5078125 0.015625 0.01953125
0 0.3421875 0.494140625 0.015625 0.01953125
0 0.340625 0.54296875 0.015625 0.01953125
0 0.3609375 0.52734375 0.015625 0.01953125
0 0.36875 0.53125 0.015625 0.01953125
0 0.375 0.515625 0.015625 0.01953125
0 0.396875 0.482421875 0.015625 0.01953125
0 0.3734375 0.57421875 0.015625 0.01953125
0 0.365625 0.5703125 0.015625 0.01953125
0 0.371875 0.54296875 0.015625 0.01953125
0 0.346875 0.5625 0.015625 0.01953125
0 0.33125 0.580078125 0.015625 0.01953125
0 0.340625 0.603515625 0.015625 0.01953125
0 0.3328125 0.61328125 0.015625 0.01953125
0 0.3578125 0.583984375 0.015625 0.01953125
0 0.384375 0.595703125 0.015625 0.01953125
0 0.3609375 0.623046875 0.015625 0.01953125
0 0.3421875 0.642578125 0.015625 0.01953125
0 0.3265625 0.63671875 0.015625 0.01953125
0 0.3328125 0.6640625 0.015625 0.01953125
0 0.31875 0.66796875 0.015625 0.01953125
0 0.315625 0.69140625 0.015625 0.01953125
0 0.3515625 0.72265625 0.015625 0.01953125
0 0.35 0.69140625 0.015625 0.01953125
0 0.3421875 0.75 0.015625 0.01953125
0 0.3234375 0.7734375 0.015625 0.01953125
0 0.3 0.7890625 0.015625 0.01953125
0 0.290625 0.7890625 0.015625 0.01953125
0 0.3234375 0.80078125 0.015625 0.01953125
0 0.3421875 0.77734375 0.015625 0.01953125
0 0.353125 0.802734375 0.015625 0.01953125
0 0.3359375 0.826171875 0.015625 0.01953125
0 0.31875 0.826171875 0.015625 0.01953125
0 0.3 0.81640625 0.015625 0.01953125
0 0.2796875 0.822265625 0.015625 0.01953125
0 0.3046875 0.818359375 0.015625 0.01953125
0 0.309375 0.85546875 0.015625 0.01953125
0 0.3375 0.841796875 0.015625 0.01953125
0 0.2859375 0.84765625 0.015625 0.01953125
0 0.28125 0.8671875 0.015625 0.01953125
0 0.290625 0.830078125 0.015625 0.01953125
0 0.2703125 0.8828125 0.015625 0.01953125
0 0.2546875 0.896484375 0.015625 0.01953125
0 0.2640625 0.88671875 0.015625 0.01953125
0 0.2390625 0.896484375 0.015625 0.01953125
0 0.215625 0.90234375 0.015625 0.01953125
0 0.20625 0.892578125 0.015625 0.01953125
0 0.1828125 0.888671875 0.015625 0.01953125
0 0.3203125 0.88671875 0.015625 0.01953125
0 0.3203125 0.916015625 0.015625 0.01953125
0 0.2921875 0.8984375 0.015625 0.01953125
0 0.2734375 0.90234375 0.015625 0.01953125
0 0.1671875 0.89453125 0.015625 0.01953125
0 0.153125 0.892578125 0.015625 0.01953125
0 0.121875 0.88671875 0.015625 0.01953125
0 0.234375 0.5234375 0.015625 0.01953125
0 0.071875 0.439453125 0.015625 0.01953125
0 0.125 0.283203125 0.015625 0.01953125
0 0.1421875 0.26953125 0.015625 0.01953125
0 0.1265625 0.25390625 0.015625 0.01953125
0 0.1078125 0.24609375 0.015625 0.01953125
0 0.0765625 0.26953125 0.015625 0.01953125
0 0.190625 0.298828125 0.015625 0.01953125
0 0.1796875 0.283203125 0.015625 0.01953125
0 0.29375 0.0390625 0.015625 0.01953125
0 0.2734375 0.044921875 0.015625 0.01953125
0 0.3125 0.01953125 0.015625 0.01953125
0 0.3234375 0.02734375 0.015625 0.01953125
0 0.340625 0.033203125 0.015625 0.01953125
0 0.3640625 0.037109375 0.015625 0.01953125
0 0.353125 0.0546875 0.015625 0.01953125
0 0.353125 0.09765625 0.015625 0.01953125
0 0.1125 0.025390625 0.015625 0.01953125
0 0.0921875 0.0390625 0.015625 0.01953125
0 0.075 0.0390625 0.015625 0.01953125
0 0.059375 0.0390625 0.015625 0.01953125
0 0.0515625 0.0390625 0.015625 0.01953125
0 0.040625 0.013671875 0.015625 0.01953125
0 0.0328125 0.04296875 0.015625 0.01953125
0 0.0171875 0.0546875 0.015625 0.01953125
0 0.065625 0.00390625 0.015625 0.01953125
0 0.075 0.00390625 0.015625 0.01953125
0 0.09375 0.0078125 0.015625 0.01953125
0 0.115625 0.005859375 0.015625 0.01953125
0 0.021875 0.01171875 0.015625 0.01953125
0 0.046875 0.8828125 0.015625 0.01953125
0 0.084375 0.8984375 0.015625 0.01953125
