0 0.7984375 0.6171875 0.015625 0.01953125
0 0.775 0.548828125 0.015625 0.01953125
0 0.7890625 0.46484375 0.015625 0.01953125
0 0.8453125 0.486328125 0.015625 0.01953125
0 0.8203125 0.408203125 0.015625 0.01953125
0 0.8078125 0.3359375 0.015625 0.01953125
0 0.8609375 0.30078125 0.015625 0.01953125
0 0.86875 0.15625 0.015625 0.01953125
0 0.8796875 0.181640625 0.015625 0.01953125
0 0.8921875 0.1328125 0.015625 0.01953125
0 0.9015625 0.181640625 0.015625 0.01953125
0 0.9375 0.07421875 0.015625 0.01953125
0 0.9703125 0.14453125 0.015625 0.01953125
0 0.940625 0.2109375 0.015625 0.01953125
0 0.9453125 0.240234375 0.015625 0.01953125
0 0.890625 0.244140625 0.015625 0.01953125
0 0.890625 0.279296875 0.015625 0.01953125
0 0.9046875 0.345703125 0.015625 0.01953125
0 0.928125 0.33984375 0.015625 0.01953125
0 0.909375 0.302734375 0.015625 0.01953125
0 0.9609375 0.3203125 0.015625 0.01953125
0 0.9515625 0.373046875 0.015625 0.01953125
0 0.9546875 0.41796875 0.015625 0.01953125
0 0.959375 0.47265625 0.015625 0.01953125
0 0.9625 0.515625 0.015625 0.01953125
0 0.965625 0.572265625 0.015625 0.01953125
0 0.903125 0.541015625 0.015625 0.01953125
0 0.9296875 0.46875 0.015625 0.01953125
0 0.925 0.427734375 0.015625 0.01953125
0 0.9 0.443359375 0.015625 0.01953125
0 0.9109375 0.392578125 0.015625 0.01953125
0 0.903125 0.65625 0.015625 0.01953125
0 0.9296875 0.654296875 0.015625 0.01953125
0 0.678125 0.68359375 0.015625 0.01953125
0 0.65 0.63671875 0.015625 0.01953125
0 0.5828125 0.556640625 0.015625 0.01953125
0 0.6140625 0.46875 0.015625 0.01953125
0 0.5953125 0.39453125 0.015625 0.01953125
0 0.5875 0.326171875 0.015625 0.01953125
0 0.5296875 0.306640625 0.015625 0.01953125
0 0.5453125 0.404296875 0.015625 0.01953125
0 0.5078125 0.3671875 0.015625 0.01953125
0 0.5421875 0.458984375 0.015625 0.01953125
0 0.4859375 0.478515625 0.015625 0.01953125
0 0.5 0.533203125 0.015625 0.01953125
0 0.5265625 0.548828125 0.015625 0.01953125
0 0.503125 0.591796875 0.015625 0.01953125
0 0.8046875 0.8359375 0.015625 0.01953125
0 0.7828125 0.771484375 0.015625 0.01953125
0 0.7734375 0.826171875 0.015625 0.01953125
0 0.7359375 0.86328125 0.015625 0.01953125
0 0.6796875 0.849609375 0.015625 0.01953125
0 0.6359375 0.861328125 0.015625 0.01953125
0 0.671875 0.947265625 0.015625 0.01953125
0 0.7828125 0.900390625 0.015625 0.01953125
0 0.51875 0.94140625 0.015625 0.01953125
0 0.49375 0.876953125 0.015625 0.01953125
0 0.49375 0.7578125 0.015625 0.01953125
0 0.4453125 0.96484375 0.015625 0.01953125
0 0.44375 0.93359375 0.015625 0.01953125
0 0.45 0.900390625 0.015625 0.01953125
0 0.4640625 0.8671875 0.015625 0.01953125
0 0.4390625 0.880859375 0.015625 0.01953125
0 0.4171875 0.9140625 0.015625 0.01953125
0 0.4296875 0.85546875 0.015625 0.01953125
0 0.415625 0.857421875 0.015625 0.01953125
0 0.3921875 0.87109375 0.015625 0.01953125
0 0.440625 0.806640625 0.015625 0.01953125
0 0.396875 0.85546875 0.015625 0.01953125
0 0.4265625 0.8125 0.015625 0.01953125
0 0.428125 0.7890625 0.015625 0.01953125
0 0.4546875 0.77734375 0.015625 0.01953125
0 0.45625 0.751953125 0.015625 0.01953125
0 0.4546875 0.71484375 0.015625 0.01953125
0 0.43125 0.708984375 0.015625 0.01953125
0 0.425 0.724609375 0.015625 0.01953125
0 0.46875 0.6953125 0.015625 0.01953125
0 0.45 0.65234375 0.015625 0.01953125
0 0.43125 0.626953125 0.015625 0.01953125
0 0.4234375 0.60546875 0.015625 0.01953125
0 0.421875 0.564453125 0.015625 0.01953125
0 0.4140625 0.53515625 0.015625 0.01953125
0 0.43125 0.517578125 0.015625 0.01953125
0 0.440625 0.49609375 0.015625 0.01953125
0 0.4484375 0.482421875 0.015625 0.01953125
0 0.453125 0.44921875 0.015625 0.01953125
0 0.453125 0.44140625 0.015625 0.01953125
0 0.459375 0.40234375 0.015625 0.01953125
0 0.453125 0.380859375 0.015625 0.01953125
0 0.459375 0.3515625 0.015625 0.01953125
0 0.4640625 0.3203125 0.015625 0.01953125
0 0.4640625 0.296875 0.015625 0.01953125
0 0.45625 0.2734375 0.015625 0.01953125
0 0.45625 0.24609375 0.015625 0.01953125
0 0.4515625 0.22265625 0.015625 0.01953125
0 0.4625 0.2109375 0.015625 0.01953125
0 0.4640625 0.15234375 0.015625 0.01953125
0 0.4359375 0.123046875 0.015625 0.01953125
0 0.403125 0.13671875 0.015625 0.01953125
0 0.4484375 0.125 0.015625 0.01953125
0 0.4234375 0.146484375 0.015625 0.01953125
0 0.4046875 0.154296875 0.015625 0.01953125
0 0.4078125 0.17578125 0.015625 0.01953125
0 0.4140625 0.1953125 0.015625 0.01953125
0 0.428125 0.263671875 0.015625 0.01953125
0 0.4296875 0.220703125 0.015625 0.01953125
0 0.4390625 0.208984375 0.015625 0.01953125
0 0.440625 0.279296875 0.015625 0.01953125
0 0.4203125 0.310546875 0.015625 0.01953125
0 0.4234375 0.421875 0.015625 0.01953125
0 0.4390625 0.400390625 0.015625 0.01953125
0 0.425 0.384765625 0.015625 0.01953125
0 0.4484375 0.359375 0.015625 0.01953125
0 0.4296875 0.34765625 0.015625 0.01953125
0 0.421875 0.486328125 0.015625 0.01953125
0 0.3640625 0.515625 0.015625 0.01953125
0 0.30625 0.505859375 0.015625 0.01953125
0 0.2234375 0.291015625 0.015625 0.01953125
0 0.18125 0.33203125 0.015625 0.01953125
0 0.18125 0.306640625 0.015625 0.01953125
0 0.1625 0.30078125 0.015625 0.01953125
0 0.14375 0.30078125 0.015625 0.01953125
0 0.30625 0.169921875 0.015625 0.01953125
0 0.321875 0.07421875 0.015625 0.01953125
0 0.303125 0.083984375 0.015625 0.01953125
0 0.3046875 0.060546875 0.015625 0.01953125
0 0.3 0.05078125 0.015625 0.01953125
0 0.3234375 0.025390625 0.015625 0.01953125
0 0.334375 0.025390625 0.015625 0.01953125
0 0.3625 0.013671875 0.015625 0.01953125
0 0.375 0.03515625 0.015625 0.01953125
0 0.403125 0.021484375 0.015625 0.01953125
0 0.2296875 0.05859375 0.015625 0.01953125
0 0.2453125 0.0546875 0.015625 0.01953125
0 0.134375 0.08203125 0.015625 0.01953125
0 0.1421875 0.04296875 0.015625 0.01953125
0 0.109375 0.046875 0.015625 0.01953125
0 0.0796875 0.05859375 0.015625 0.01953125
0 0.0671875 0.05859375 0.015625 0.01953125
0 0.0703125 0.091796875 0.015625 0.01953125
0 0.0921875 0.08984375 0.015625 0.01953125
0 0.1125 0.091796875 0.015625 0.01953125
0 0.05625 0.1015625 0.015625 0.01953125
0 0.0375 0.103515625 0.015625 0.01953125
0 0.025 0.103515625 0.015625 0.01953125
0 0.0171875 0.125 0.015625 0.01953125
0 0.009375 0.150390625 0.015625 0.01953125
0 0.009375 0.1796875 0.015625 0.01953125
0 0.0046875 0.20703125 0.015625 0.01953125
0 0.0046875 0.240234375 0.015625 0.01953125
0 0.0234375 0.287109375 0.015625 0.01953125
0 0.1640625 0.619140625 0.015625 0.01953125
0 0.059375 0.630859375 0.015625 0.01953125
0 0.31875 0.9609375 0.015625 0.01953125
0 0.3015625 0.962890625 0.015625 0.01953125
0 0.3546875 0.96875 0.015625 0.01953125
0 0.2375 0.9609375 0.015625 0.01953125
0 0.2140625 0.958984375 0.015625 0.01953125
0 0.1953125 0.966796875 0.015625 0.01953125
0 0.071875 0.97265625 0.015625 0.01953125
0 0.05 0.966796875 0.015625 0.01953125
0 0.003125 0.96484375 0.015625 0.01953125
0 0.0265625 0.98046875 0.015625 0.01953125
0 0.6578125 0.1875 0.015625 0.01953125
0 0.6421875 0.1640625 0.015625 0.01953125
0 0.6328125 0.134765625 0.015625 0.01953125
0 0.678125 0.1484375 0.015625 0.01953125
0 0.6921875 0.166015625 0.015625 0.01953125
0 0.70625 0.111328125 0.015625 0.01953125
0 0.809375 0.03515625 0.015625 0.01953125
0 0.5765625 0.021484375 0.015625 0.01953125
0 0.66875 0.267578125 0.015625 0.01953125
0 0.6828125 0.232421875 0.015625 0.01953125
0 0.73125 0.337890625 0.015625 0.01953125
0 0.6875 0.39453125 0.015625 0.01953125
0 0.7234375 0.451171875 0.015625 0.01953125
