0 0.2078125 0.345703125 0.015625 0.01953125
0 0.1390625 0.3125 0.015625 0.01953125
0 0.21875 0.283203125 0.015625 0.01953125
0 0.2625 0.314453125 0.015625 0.01953125
0 0.2734375 0.20703125 0.015625 0.01953125
0 0.125 0.142578125 0.015625 0.01953125
0 0.090625 0.162109375 0.015625 0.01953125
0 0.059375 0.14453125 0.015625 0.01953125
0 0.0546875 0.181640625 0.015625 0.01953125
0 0.0359375 0.185546875 0.015625 0.01953125
0 0.0203125 0.189453125 0.015625 0.01953125
0 0.0109375 0.23046875 0.015625 0.01953125
0 0.0109375 0.267578125 0.015625 0.01953125
0 0.0109375 0.314453125 0.015625 0.01953125
0 0.0171875 0.33203125 0.015625 0.01953125
0 0.0453125 0.3671875 0.015625 0.01953125
0 0.021875 0.39453125 0.015625 0.01953125
0 0.0140625 0.404296875 0.015625 0.01953125
0 0.0140625 0.478515625 0.015625 0.01953125
0 0.009375 0.509765625 0.015625 0.01953125
0 0.0109375 0.5390625 0.015625 0.01953125
0 0.0109375 0.5703125 0.015625 0.01953125
0 0.0140625 0.611328125 0.015625 0.01953125
0 0.0203125 0.68359375 0.015625 0.01953125
0 0.01875 0.708984375 0.015625 0.01953125
0 0.0203125 0.734375 0.015625 0.01953125
0 0.025 0.76171875 0.015625 0.01953125
0 0.03125 0.7890625 0.015625 0.01953125
0 0.0296875 0.771484375 0.015625 0.01953125
0 0.0453125 0.794921875 0.015625 0.01953125
0 0.0328125 0.8359375 0.015625 0.01953125
0 0.040625 0.8515625 0.015625 0.01953125
0 0.028125 0.849609375 0.015625 0.01953125
0 0.0171875 0.822265625 0.015625 0.01953125
0 0.025 0.888671875 0.015625 0.01953125
0 0.053125 0.865234375 0.015625 0.01953125
0 0.0453125 0.900390625 0.015625 0.01953125
0 0.0484375 0.927734375 0.015625 0.01953125
0 0.05 0.953125 0.015625 0.01953125
0 0.0515625 0.984375 0.015625 0.01953125
0 0.090625 0.55859375 0.015625 0.01953125
0 0.275 0.544921875 0.015625 0.01953125
0 0.3265625 0.4921875 0.015625 0.01953125
0 0.1234375 0.095703125 0.015625 0.01953125
0 0.1078125 0.10546875 0.015625 0.01953125
0 0.0828125 0.123046875 0.015625 0.01953125
0 0.14375 0.041015625 0.015625 0.01953125
0 0.1640625 0.044921875 0.015625 0.01953125
0 0.1796875 0.044921875 0.015625 0.01953125
0 0.1546875 0.04296875 0.015625 0.01953125
0 0.046875 0.048828125 0.015625 0.01953125
0 0.2140625 0.025390625 0.015625 0.01953125
0 0.240625 0.0390625 0.015625 0.01953125
0 0.2515625 0.033203125 0.015625 0.01953125
0 0.2796875 0.056640625 0.015625 0.01953125
0 0.3 0.0625 0.015625 0.01953125
0 0.325 0.064453125 0.015625 0.01953125
0 0.3375 0.044921875 0.015625 0.01953125
0 0.3609375 0.0546875 0.015625 0.01953125
0 0.3796875 0.033203125 0.015625 0.01953125
0 0.375 0.08203125 0.015625 0.01953125
0 0.3484375 0.10546875 0.015625 0.01953125
0 0.340625 0.087890625 0.015625 0.01953125
0 0.3234375 0.103515625 0.015625 0.01953125
0 0.2984375 0.1171875 0.015625 0.01953125
0 0.29375 0.138671875 0.015625 0.01953125
0 0.29375 0.099609375 0.015625 0.01953125
0 0.2828125 0.091796875 0.015625 0.01953125
0 0.2640625 0.09375 0.015625 0.01953125
0 0.2453125 0.09765625 0.015625 0.01953125
0 0.253125 0.1171875 0.015625 0.01953125
0 0.2171875 0.107421875 0.015625 0.01953125
0 0.1859375 0.125 0.015625 0.01953125
0 0.1609375 0.142578125 0.015625 0.01953125
0 0.14375 0.12890625 0.015625 0.01953125
0 0.1109375 0.15234375 0.015625 0.01953125
0 0.10625 0.158203125 0.015625 0.01953125
0 0.3953125 0.08203125 0.015625 0.01953125
0 0.4125 0.095703125 0.015625 0.01953125
0 0.4046875 0.119140625 0.015625 0.01953125
0 0.378125 0.119140625 0.015625 0.01953125
0 0.35625 0.125 0.015625 0.01953125
0 0.4203125 0.1171875 0.015625 0.01953125
0 0.4171875 0.142578125 0.015625 0.01953125
0 0.390625 0.15234375 0.015625 0.01953125
0 0.4265625 0.1484375 0.015625 0.01953125
0 0.45 0.140625 0.015625 0.01953125
0 0.4515625 0.154296875 0.015625 0.01953125
0 0.4390625 0.17578125 0.015625 0.01953125
0 0.4171875 0.17578125 0.015625 0.01953125
0 0.415625 0.2109375 0.015625 0.01953125
0 0.4453125 0.21875 0.015625 0.01953125
0 0.46875 0.220703125 0.015625 0.01953125
0 0.46875 0.24609375 0.015625 0.01953125
0 0.45625 0.251953125 0.015625 0.01953125
0 0.484375 0.236328125 0.015625 0.01953125
0 0.4734375 0.26953125 0.015625 0.01953125
0 0.453125 0.287109375 0.015625 0.01953125
0 0.4703125 0.291015625 0.015625 0.01953125
0 0.4921875 0.287109375 0.015625 0.01953125
0 0.496875 0.318359375 0.015625 0.01953125
0 0.45 0.3203125 0.015625 0.01953125
0 0.4640625 0.341796875 0.015625 0.01953125
0 0.565625 0.30078125 0.015625 0.01953125
0 0.51875 0.287109375 0.015625 0.01953125
0 0.484375 0.337890625 0.015625 0.01953125
0 0.484375 0.36328125 0.015625 0.01953125
0 0.4625 0.375 0.015625 0.01953125
0 0.4984375 0.369140625 0.015625 0.01953125
0 0.5015625 0.392578125 0.015625 0.01953125
0 0.4828125 0.392578125 0.015625 0.01953125
0 0.465625 0.43359375 0.015625 0.01953125
0 0.4734375 0.4140625 0.015625 0.01953125
0 0.4984375 0.41796875 0.015625 0.01953125
0 0.5109375 0.427734375 0.015625 0.01953125
0 0.4984375 0.435546875 0.015625 0.01953125
0 0.496875 0.451171875 0.015625 0.01953125
0 0.48125 0.45703125 0.015625 0.01953125
0 0.48125 0.47265625 0.015625 0.01953125
0 0.4609375 0.478515625 0.015625 0.01953125
0 0.4421875 0.533203125 0.015625 0.01953125
0 0.49375 0.515625 0.015625 0.01953125
0 0.5046875 0.501953125 0.015625 0.01953125
0 0.5171875 0.4921875 0.015625 0.01953125
0 0.5171875 0.525390625 0.015625 0.01953125
0 0.5015625 0.552734375 0.015625 0.01953125
0 0.5015625 0.5390625 0.015625 0.01953125
0 0.54375 0.533203125 0.015625 0.01953125
0 0.5578125 0.53515625 0.015625 0.01953125
0 0.5421875 0.564453125 0.015625 0.01953125
0 0.503125 0.5703125 0.015625 0.01953125
0 0.5546875 0.521484375 0.015625 0.01953125
0 0.5265625 0.5859375 0.015625 0.01953125
0 0.525 0.548828125 0.015625 0.01953125
0 0.5046875 0.603515625 0.015625 0.01953125
0 0.5421875 0.578125 0.015625 0.01953125
0 0.5265625 0.623046875 0.015625 0.01953125
0 0.5125 0.6171875 0.015625 0.01953125
0 0.540625 0.607421875 0.015625 0.01953125
0 0.5546875 0.625 0.015625 0.01953125
0 0.553125 0.63671875 0.015625 0.01953125
0 0.5296875 0.64453125 0.015625 0.01953125
0 0.5234375 0.66015625 0.015625 0.01953125
0 0.528125 0.697265625 0.015625 0.01953125
0 0.528125 0.7265625 0.015625 0.01953125
0 0.5515625 0.697265625 0.015625 0.01953125
0 0.5796875 0.697265625 0.015625 0.01953125
0 0.5734375 0.744140625 0.015625 0.01953125
0 0.565625 0.765625 0.015625 0.01953125
0 0.54375 0.73046875 0.015625 0.01953125
0 0.528125 0.75390625 0.015625 0.01953125
0 0.5375 0.748046875 0.015625 0.01953125
0 0.534375 0.775390625 0.015625 0.01953125
0 0.5453125 0.78125 0.015625 0.01953125
0 0.55 0.79296875 0.015625 0.01953125
0 0.56875 0.798828125 0.015625 0.01953125
0 0.5828125 0.787109375 0.015625 0.01953125
0 0.5671875 0.841796875 0.015625 0.01953125
0 0.5828125 0.8125 0.015625 0.01953125
0 0.5578125 0.8203125 0.015625 0.01953125
0 0.54375 0.818359375 0.015625 0.01953125
0 0.534375 0.85546875 0.015625 0.01953125
0 0.540625 0.875 0.015625 0.01953125
0 0.575 0.87890625 0.015625 0.01953125
0 0.596875 0.87109375 0.015625 0.01953125
0 0.596875 0.84375 0.015625 0.01953125
0 0.5875 0.8984375 0.015625 0.01953125
0 0.5703125 0.90234375 0.015625 0.01953125
0 0.5546875 0.90234375 0.015625 0.01953125
0 0.5421875 0.908203125 0.015625 0.01953125
0 0.5453125 0.9296875 0.015625 0.01953125
0 0.56875 0.919921875 0.015625 0.01953125
0 0.5859375 0.923828125 0.015625 0.01953125
0 0.5765625 0.947265625 0.015625 0.01953125
0 0.5671875 0.9453125 0.015625 0.01953125
0 0.5390625 0.955078125 0.015625 0.01953125
0 0.5578125 0.95703125 0.015625 0.01953125
0 0.5640625 0.97265625 0.015625 0.01953125
0 0.5390625 0.978515625 0.015625 0.01953125
0 0.5046875 0.984375 0.015625 0.01953125
0 0.471875 0.95703125 0.015625 0.01953125
0 0.44375 0.98828125 0.015625 0.01953125
0 0.4796875 0.98046875 0.015625 0.01953125
0 0.4609375 0.98828125 0.015625 0.01953125
0 0.6703125 0.916015625 0.015625 0.01953125
0 0.6015625 0.96875 0.015625 0.01953125
0 0.79375 0.890625 0.015625 0.01953125
0 0.865625 0.9765625 0.015625 0.01953125
0 0.8671875 0.966796875 0.015625 0.01953125
0 0.8390625 0.984375 0.015625 0.01953125
0 0.7984375 0.794921875 0.015625 0.01953125
0 0.7046875 0.748046875 0.015625 0.01953125
0 0.640625 0.72265625 0.015625 0.01953125
0 0.7203125 0.666015625 0.015625 0.01953125
0 0.8265625 0.72265625 0.015625 0.01953125
0 0.8390625 0.642578125 0.015625 0.01953125
0 0.890625 0.568359375 0.015625 0.01953125
0 0.95 0.55078125 0.015625 0.01953125
0 0.9546875 0.455078125 0.015625 0.01953125
0 0.896875 0.42578125 0.015625 0.01953125
0 0.8390625 0.48828125 0.015625 0.01953125
0 0.740625 0.58984375 0.015625 0.01953125
0 0.6921875 0.576171875 0.015625 0.01953125
0 0.6734375 0.533203125 0.015625 0.01953125
0 0.6125 0.53125 0.015625 0.01953125
0 0.596875 0.451171875 0.015625 0.01953125
0 0.6015625 0.412109375 0.015625 0.01953125
0 0.55625 0.3671875 0.015625 0.01953125
0 0.6453125 0.375 0.015625 0.01953125
0 0.6359375 0.306640625 0.015625 0.01953125
0 0.6859375 0.453125 0.015625 0.01953125
0 0.7640625 0.427734375 0.015625 0.01953125
0 0.7171875 0.375 0.015625 0.01953125
0 0.83125 0.419921875 0.015625 0.01953125
0 0.865625 0.3515625 0.015625 0.01953125
0 0.871875 0.2890625 0.015625 0.01953125
0 0.8671875 0.24609375 0.015625 0.01953125
0 0.8296875 0.287109375 0.015625 0.01953125
0 0.7484375 0.28515625 0.015625 0.01953125
0 0.721875 0.1953125 0.015625 0.01953125
0 0.709375 0.111328125 0.015625 0.01953125
0 0.6953125 0.119140625 0.015625 0.01953125
0 0.6765625 0.134765625 0.015625 0.01953125
0 0.6609375 0.109375 0.015625 0.01953125
0 0.640625 0.095703125 0.015625 0.01953125
0 0.6578125 0.15625 0.015625 0.01953125
0 0.9640625 0.396484375 0.015625 0.01953125
0 0.9375 0.3671875 0.015625 0.01953125
0 0.93125 0.32421875 0.015625 0.01953125
0 0.921875 0.28515625 0.015625 0.01953125
0 0.9125 0.240234375 0.015625 0.01953125
0 0.8953125 0.203125 0.015625 0.01953125
0 0.890625 0.17578125 0.015625 0.01953125
0 0.8703125 0.14453125 0.015625 0.01953125
0 0.8859375 0.134765625 0.015625 0.01953125
0 0.8625 0.107421875 0.015625 0.01953125
0 0.8703125 0.0703125 0.015625 0.01953125
0 0.940625 0.16796875 0.015625 0.01953125
0 0.928125 0.140625 0.015625 0.01953125
0 0.9453125 0.0703125 0.015625 0.01953125
0 0.9296875 0.052734375 0.015625 0.01953125
0 0.903125 0.0234375 0.015625 0.01953125
0 0.965625 0.25390625 0.015625 0.01953125
