0 0.5984375 0.908203125 0.015625 0.01953125
0 0.6171875 0.908203125 0.015625 0.01953125
0 0.6359375 0.900390625 0.015625 0.01953125
0 0.6359375 0.880859375 0.015625 0.01953125
0 0.63125 0.84375 0.015625 0.01953125
0 0.615625 0.849609375 0.015625 0.01953125
0 0.6125 0.869140625 0.015625 0.01953125
0 0.59375 0.88671875 0.015625 0.01953125
0 0.584375 0.865234375 0.015625 0.01953125
0 0.596875 0.849609375 0.015625 0.01953125
0 0.5984375 0.8359375 0.015625 0.01953125
0 0.5796875 0.845703125 0.015625 0.01953125
0 0.575 0.830078125 0.015625 0.01953125
0 0.59375 0.8125 0.015625 0.01953125
0 0.5875 0.791015625 0.015625 0.01953125
0 0.5765625 0.771484375 0.015625 0.01953125
0 0.6015625 0.755859375 0.015625 0.01953125
0 0.6 0.775390625 0.015625 0.01953125
0 0.640625 0.802734375 0.015625 0.01953125
0 0.6203125 0.8125 0.015625 0.01953125
0 0.609375 0.794921875 0.015625 0.01953125
0 0.5984375 0.720703125 0.015625 0.01953125
0 0.60625 0.66015625 0.015625 0.01953125
0 0.571875 0.677734375 0.015625 0.01953125
0 0.5609375 0.68359375 0.015625 0.01953125
0 0.5484375 0.67578125 0.015625 0.01953125
0 0.55625 0.71484375 0.015625 0.01953125
0 0.5734375 0.71875 0.015625 0.01953125
0 0.5546875 0.7421875 0.015625 0.01953125
0 0.5765625 0.607421875 0.015625 0.01953125
0 0.5828125 0.580078125 0.015625 0.01953125
0 0.5609375 0.578125 0.015625 0.01953125
0 0.55 0.5703125 0.015625 0.01953125
0 0.540625 0.568359375 0.015625 0.01953125
0 0.5203125 0.576171875 0.015625 0.01953125
0 0.5328125 0.59765625 0.015625 0.01953125
0 0.534375 0.623046875 0.015625 0.01953125
0 0.5390625 0.64453125 0.015625 0.01953125
0 0.55625 0.623046875 0.015625 0.01953125
0 0.5234375 0.556640625 0.015625 0.01953125
0 0.515625 0.544921875 0.015625 0.01953125
0 0.50625 0.521484375 0.015625 0.01953125
0 0.503125 0.490234375 0.015625 0.01953125
0 0.48125 0.47265625 0.015625 0.01953125
0 0.48125 0.458984375 0.015625 0.01953125
0 0.471875 0.4375 0.015625 0.01953125
0 0.471875 0.412109375 0.015625 0.01953125
0 0.459375 0.375 0.015625 0.01953125
0 0.4546875 0.35546875 0.015625 0.01953125
0 0.4421875 0.322265625 0.015625 0.01953125
0 0.4375 0.298828125 0.015625 0.01953125
0 0.43125 0.26953125 0.015625 0.01953125
0 0.425 0.25390625 0.015625 0.01953125
0 0.4203125 0.240234375 0.015625 0.01953125
0 0.4125 0.22265625 0.015625 0.01953125
0 0.396875 0.212890625 0.015625 0.01953125
0 0.396875 0.19140625 0.015625 0.01953125
0 0.39375 0.18359375 0.015625 0.01953125
0 0.3875 0.15234375 0.015625 0.01953125
0 0.3828125 0.125 0.015625 0.01953125
0 0.3671875 0.12890625 0.015625 0.01953125
0 0.3953125 0.1328125 0.015625 0.01953125
0 0.3796875 0.099609375 0.015625 0.01953125
0 0.371875 0.08203125 0.015625 0.01953125
0 0.353125 0.087890625 0.015625 0.01953125
0 0.3375 0.09765625 0.015625 0.01953125
0 0.3078125 0.103515625 0.015625 0.01953125
0 0.3296875 0.12109375 0.015625 0.01953125
0 0.29375 0.099609375 0.015625 0.01953125
0 0.2828125 0.119140625 0.015625 0.01953125
0 0.2625 0.14453125 0.015625 0.01953125
0 0.2609375 0.111328125 0.015625 0.01953125
0 0.25625 0.095703125 0.015625 0.01953125
0 0.43125 0.2265625 0.015625 0.01953125
0 0.45625 0.263671875 0.015625 0.01953125
0 0.453125 0.216796875 0.015625 0.01953125
0 0.4515625 0.234375 0.015625 0.01953125
0 0.421875 0.203125 0.015625 0.01953125
0 0.44375 0.203125 0.015625 0.01953125
0 0.428125 0.1640625 0.015625 0.01953125
0 0.478125 0.150390625 0.015625 0.01953125
0 0.4734375 0.294921875 0.015625 0.01953125
0 0.471875 0.275390625 0.015625 0.01953125
0 0.45625 0.2890625 0.015625 0.01953125
0 0.4609375 0.330078125 0.015625 0.01953125
0 0.4796875 0.357421875 0.015625 0.01953125
0 0.4796875 0.326171875 0.015625 0.01953125
0 0.4765625 0.310546875 0.015625 0.01953125
0 0.4859375 0.388671875 0.015625 0.01953125
0 0.50625 0.419921875 0.015625 0.01953125
0 0.50625 0.373046875 0.015625 0.01953125
0 0.5203125 0.447265625 0.015625 0.01953125
0 0.5203125 0.48828125 0.015625 0.01953125
0 0.53125 0.51953125 0.015625 0.01953125
0 0.5453125 0.509765625 0.015625 0.01953125
0 0.5546875 0.509765625 0.015625 0.01953125
0 0.559375 0.546875 0.015625 0.01953125
0 0.56875 0.478515625 0.015625 0.01953125
0 0.546875 0.462890625 0.015625 0.01953125
0 0.5203125 0.466796875 0.015625 0.01953125
0 0.5984375 0.41015625 0.015625 0.01953125
0 0.5875 0.365234375 0.015625 0.01953125
0 0.5359375 0.337890625 0.015625 0.01953125
0 0.553125 0.2734375 0.015625 0.01953125
0 0.6171875 0.283203125 0.015625 0.01953125
0 0.625 0.345703125 0.015625 0.01953125
0 0.6734375 0.435546875 0.015625 0.01953125
0 0.675 0.505859375 0.015625 0.01953125
0 0.6171875 0.505859375 0.015625 0.01953125
0 0.6921875 0.5703125 0.015625 0.01953125
0 0.7140625 0.62109375 0.015625 0.01953125
0 0.75 0.607421875 0.015625 0.01953125
0 0.7515625 0.69921875 0.015625 0.01953125
0 0.79375 0.642578125 0.015625 0.01953125
0 0.909375 0.63671875 0.015625 0.01953125
0 0.86875 0.64453125 0.015625 0.01953125
0 0.8328125 0.82421875 0.015625 0.01953125
0 0.86875 0.83984375 0.015625 0.01953125
0 0.8296875 0.900390625 0.015625 0.01953125
0 0.803125 0.892578125 0.015625 0.01953125
0 0.7578125 0.904296875 0.015625 0.01953125
0 0.921875 0.802734375 0.015625 0.01953125
0 0.9609375 0.826171875 0.015625 0.01953125
0 0.8921875 0.49609375 0.015625 0.01953125
0 0.8453125 0.52734375 0.015625 0.01953125
0 0.9484375 0.482421875 0.015625 0.01953125
0 0.9359375 0.400390625 0.015625 0.01953125
0 0.88125 0.36328125 0.015625 0.01953125
0 0.8265625 0.365234375 0.015625 0.01953125
0 0.7796875 0.4296875 0.015625 0.01953125
0 0.8109375 0.451171875 0.015625 0.01953125
0 0.715625 0.318359375 0.015625 0.01953125
0 0.684375 0.25 0.015625 0.01953125
0 0.740625 0.228515625 0.015625 0.01953125
0 0.8046875 0.240234375 0.015625 0.01953125
0 0.8515625 0.23046875 0.015625 0.01953125
0 0.8453125 0.197265625 0.015625 0.01953125
0 0.7671875 0.115234375 0.015625 0.01953125
0 0.7390625 0.11328125 0.015625 0.01953125
0 0.7171875 0.0546875 0.015625 0.01953125
0 0.6578125 0.0859375 0.015625 0.01953125
0 0.6734375 0.142578125 0.015625 0.01953125
0 0.640625 0.146484375 0.015625 0.01953125
0 0.6015625 0.142578125 0.015625 0.01953125
0 0.8328125 0.08203125 0.015625 0.01953125
0 0.815625 0.05078125 0.015625 0.01953125
0 0.8203125 0.0234375 0.015625 0.01953125
0 0.8515625 0.115234375 0.015625 0.01953125
0 0.8671875 0.15234375 0.015625 0.01953125
0 0.875 0.1796875 0.015625 0.01953125
0 0.8859375 0.212890625 0.015625 0.01953125
0 0.9015625 0.236328125 0.015625 0.01953125
0 0.9109375 0.251953125 0.015625 0.01953125
0 0.9171875 0.287109375 0.015625 0.01953125
0 0.859375 0.29296875 0.015625 0.01953125
0 0.94375 0.328125 0.015625 0.01953125
0 0.9375 0.298828125 0.015625 0.01953125
0 0.9421875 0.265625 0.015625 0.01953125
0 0.94375 0.240234375 0.015625 0.01953125
0 0.9328125 0.205078125 0.015625 0.01953125
0 0.909375 0.1875 0.015625 0.01953125
0 0.909375 0.1953125 0.015625 0.01953125
0 0.921875 0.220703125 0.015625 0.01953125
0 0.946875 0.130859375 0.015625 0.01953125
0 0.90625 0.126953125 0.015625 0.01953125
0 0.8890625 0.083984375 0.015625 0.01953125
0 0.89375 0.02734375 0.015625 0.01953125
0 0.971875 0.337890625 0.015625 0.01953125
0 0.98125 0.390625 0.015625 0.01953125
0 0.99375 0.46875 0.015625 0.01953125
0 0.3296875 0.04296875 0.015625 0.01953125
0 0.3125 0.0546875 0.015625 0.01953125
0 0.2890625 0.056640625 0.015625 0.01953125
0 0.228125 0.068359375 0.015625 0.01953125
0 0.20625 0.05859375 0.015625 0.01953125
0 0.2078125 0.048828125 0.015625 0.01953125
0 0.1859375 0.046875 0.015625 0.01953125
0 0.1734375 0.044921875 0.015625 0.01953125
0 0.165625 0.044921875 0.015625 0.01953125
0 0.1265625 0.078125 0.015625 0.01953125
0 0.11875 0.078125 0.015625 0.01953125
0 0.1046875 0.078125 0.015625 0.01953125
0 0.0875 0.078125 0.015625 0.01953125
0 0.071875 0.078125 0.015625 0.01953125
0 0.075 0.138671875 0.015625 0.01953125
0 0.05 0.162109375 0.015625 0.01953125
0 0.03125 0.173828125 0.015625 0.01953125
0 0.0140625 0.185546875 0.015625 0.01953125
0 0.0140625 0.208984375 0.015625 0.01953125
0 0.04375 0.1953125 0.015625 0.01953125
0 0.0625 0.1875 0.015625 0.01953125
0 0.0890625 0.1796875 0.015625 0.01953125
0 0.121875 0.17578125 0.015625 0.01953125
0 0.1484375 0.146484375 0.015625 0.01953125
0 0.16875 0.12890625 0.015625 0.01953125
0 0.215625 0.142578125 0.015625 0.01953125
0 0.06875 0.43359375 0.015625 0.01953125
0 0.0953125 0.330078125 0.015625 0.01953125
0 0.196875 0.302734375 0.015625 0.01953125
0 0.196875 0.357421875 0.015625 0.01953125
0 0.2890625 0.328125 0.015625 0.01953125
0 0.30625 0.259765625 0.015625 0.01953125
0 0.1359375 0.576171875 0.015625 0.01953125
0 0.3328125 0.470703125 0.015625 0.01953125
0 0.3765625 0.322265625 0.015625 0.01953125
0 0.4296875 0.42578125 0.015625 0.01953125
0 0.4234375 0.4921875 0.015625 0.01953125
0 0.0921875 0.953125 0.015625 0.01953125
0 0.06875 0.931640625 0.015625 0.01953125
0 0.090625 0.919921875 0.015625 0.01953125
0 0.0796875 0.8984375 0.015625 0.01953125
0 0.0640625 0.896484375 0.015625 0.01953125
0 0.0734375 0.873046875 0.015625 0.01953125
0 0.0703125 0.837890625 0.015625 0.01953125
0 0.0625 0.79296875 0.015625 0.01953125
0 0.0484375 0.76171875 0.015625 0.01953125
0 0.053125 0.724609375 0.015625 0.01953125
0 0.0390625 0.671875 0.015625 0.01953125
0 0.0265625 0.6328125 0.015625 0.01953125
0 0.021875 0.58203125 0.015625 0.01953125
0 0.0140625 0.556640625 0.015625 0.01953125
0 0.009375 0.513671875 0.015625 0.01953125
0 0.01875 0.4140625 0.015625 0.01953125
0 0.003125 0.4453125 0.015625 0.01953125
0 0.003125 0.392578125 0.015625 0.01953125
0 0.0046875 0.34375 0.015625 0.01953125
0 0.6203125 0.94140625 0.015625 0.01953125
0 0.5921875 0.92578125 0.015625 0.01953125
0 0.5765625 0.9375 0.015625 0.01953125
0 0.61875 0.916015625 0.015625 0.01953125
0 0.596875 0.9375 0.015625 0.01953125
0 0.5796875 0.95703125 0.015625 0.01953125
0 0.5640625 0.9609375 0.015625 0.01953125
0 0.55625 0.96875 0.015625 0.01953125
0 0.5359375 0.966796875 0.015625 0.01953125
0 0.5234375 0.966796875 0.015625 0.01953125
0 0.5125 0.970703125 0.015625 0.01953125
0 0.5 0.9765625 0.015625 0.01953125
0 0.45625 0.994140625 0.015625 0.01953125
