0 0.18125 0.521484375 0.015625 0.01953125
0 0.1734375 0.443359375 0.015625 0.01953125
0 0.04375 0.41015625 0.015625 0.01953125
0 0.0359375 0.44921875 0.015625 0.01953125
0 0.10625 0.984375 0.015625 0.01953125
0 0.1234375 0.9609375 0.015625 0.01953125
0 0.11875 0.931640625 0.015625 0.01953125
0 0.1046875 0.951171875 0.015625 0.01953125
0 0.103125 0.931640625 0.015625 0.01953125
0 0.1 0.90625 0.015625 0.01953125
0 0.0875 0.888671875 0.015625 0.01953125
0 0.0921875 0.873046875 0.015625 0.01953125
0 0.078125 0.85546875 0.015625 0.01953125
0 0.0765625 0.841796875 0.015625 0.01953125
0 0.0703125 0.796875 0.015625 0.01953125
0 0.0484375 0.75 0.015625 0.01953125
0 0.0421875 0.71484375 0.015625 0.01953125
0 0.028125 0.67578125 0.015625 0.01953125
0 0.025 0.642578125 0.015625 0.01953125
0 0.01875 0.630859375 0.015625 0.01953125
0 0.009375 0.59765625 0.015625 0.01953125
0 0.0328125 0.259765625 0.015625 0.01953125
0 0.0125 0.26953125 0.015625 0.01953125
0 0.046875 0.24609375 0.015625 0.01953125
0 0.0359375 0.201171875 0.015625 0.01953125
0 0.00625 0.216796875 0.015625 0.01953125
0 0.0234375 0.212890625 0.015625 0.01953125
0 0.0546875 0.162109375 0.015625 0.01953125
0 0.065625 0.208984375 0.015625 0.01953125
0 0.1203125 0.189453125 0.015625 0.01953125
0 0.084375 0.22265625 0.015625 0.01953125
0 0.0921875 0.205078125 0.015625 0.01953125
0 0.140625 0.177734375 0.015625 0.01953125
0 0.1703125 0.166015625 0.015625 0.01953125
0 0.184375 0.15625 0.015625 0.01953125
0 0.2078125 0.15234375 0.015625 0.01953125
0 0.215625 0.140625 0.015625 0.01953125
0 0.215625 0.173828125 0.015625 0.01953125
0 0.24375 0.166015625 0.015625 0.01953125
0 0.25 0.18359375 0.015625 0.01953125
0 0.2359375 0.228515625 0.015625 0.01953125
0 0.2359375 0.26171875 0.015625 0.01953125
0 0.16875 0.318359375 0.015625 0.01953125
0 0.240625 0.39453125 0.015625 0.01953125
0 0.2625 0.283203125 0.015625 0.01953125
0 0.296875 0.23046875 0.015625 0.01953125
0 0.2703125 0.142578125 0.015625 0.01953125
0 0.2625 0.130859375 0.015625 0.01953125
0 0.2515625 0.09375 0.015625 0.01953125
0 0.2265625 0.11328125 0.015625 0.01953125
0 0.2875 0.08203125 0.015625 0.01953125
0 0.2671875 0.1015625 0.015625 0.01953125
0 0.2875 0.140625 0.015625 0.01953125
0 0.3140625 0.140625 0.015625 0.01953125
0 0.334375 0.12890625 0.015625 0.01953125
0 0.3453125 0.15625 0.015625 0.01953125
0 0.3296875 0.166015625 0.015625 0.01953125
0 0.3546875 0.18359375 0.015625 0.01953125
0 0.3671875 0.171875 0.015625 0.01953125
0 0.3609375 0.208984375 0.015625 0.01953125
0 0.3609375 0.23046875 0.015625 0.01953125
0 0.3921875 0.208984375 0.015625 0.01953125
0 0.4234375 0.232421875 0.015625 0.01953125
0 0.4078125 0.259765625 0.015625 0.01953125
0 0.39375 0.26953125 0.015625 0.01953125
0 0.4078125 0.296875 0.015625 0.01953125
0 0.4234375 0.29296875 0.015625 0.01953125
0 0.4328125 0.271484375 0.015625 0.01953125
0 0.4125 0.326171875 0.015625 0.01953125
0 0.428125 0.314453125 0.015625 0.01953125
0 0.446875 0.287109375 0.015625 0.01953125
0 0.4625 0.306640625 0.015625 0.01953125
0 0.4609375 0.345703125 0.015625 0.01953125
0 0.4234375 0.341796875 0.015625 0.01953125
0 0.4375 0.37109375 0.015625 0.01953125
0 0.465625 0.384765625 0.015625 0.01953125
0 0.446875 0.400390625 0.015625 0.01953125
0 0.459375 0.412109375 0.015625 0.01953125
0 0.478125 0.412109375 0.015625 0.01953125
0 0.4671875 0.447265625 0.015625 0.01953125
0 0.371875 0.412109375 0.015625 0.01953125
0 0.4796875 0.46875 0.015625 0.01953125
0 0.4859375 0.498046875 0.015625 0.01953125
0 0.503125 0.455078125 0.015625 0.01953125
0 0.503125 0.419921875 0.015625 0.01953125
0 0.5234375 0.40234375 0.015625 0.01953125
0 0.5296875 0.34765625 0.015625 0.01953125
0 0.5703125 0.384765625 0.015625 0.01953125
0 0.534375 0.29296875 0.015625 0.01953125
0 0.5890625 0.28515625 0.015625 0.01953125
0 0.61875 0.35546875 0.015625 0.01953125
0 0.6046875 0.423828125 0.015625 0.01953125
0 0.6171875 0.533203125 0.015625 0.01953125
0 0.6359375 0.572265625 0.015625 0.01953125
0 0.5921875 0.59375 0.015625 0.01953125
0 0.55625 0.572265625 0.015625 0.01953125
0 0.53125 0.58984375 0.015625 0.01953125
0 0.5203125 0.5703125 0.015625 0.01953125
0 0.5140625 0.560546875 0.015625 0.01953125
0 0.5140625 0.5390625 0.015625 0.01953125
0 0.5015625 0.515625 0.015625 0.01953125
0 0.521875 0.515625 0.015625 0.01953125
0 0.5484375 0.486328125 0.015625 0.01953125
0 0.5140625 0.482421875 0.015625 0.01953125
0 0.565625 0.513671875 0.015625 0.01953125
0 0.5578125 0.54296875 0.015625 0.01953125
0 0.5453125 0.6171875 0.015625 0.01953125
0 0.565625 0.603515625 0.015625 0.01953125
0 0.584375 0.619140625 0.015625 0.01953125
0 0.5578125 0.6328125 0.015625 0.01953125
0 0.584375 0.646484375 0.015625 0.01953125
0 0.5609375 0.658203125 0.015625 0.01953125
0 0.6 0.619140625 0.015625 0.01953125
0 0.5734375 0.697265625 0.015625 0.01953125
0 0.6015625 0.693359375 0.015625 0.01953125
0 0.628125 0.677734375 0.015625 0.01953125
0 0.58125 0.73046875 0.015625 0.01953125
0 0.6 0.724609375 0.015625 0.01953125
0 0.6234375 0.71484375 0.015625 0.01953125
0 0.590625 0.765625 0.015625 0.01953125
0 0.6265625 0.755859375 0.015625 0.01953125
0 0.6125 0.771484375 0.015625 0.01953125
0 0.6234375 0.779296875 0.015625 0.01953125
0 0.646875 0.767578125 0.015625 0.01953125
0 0.63125 0.802734375 0.015625 0.01953125
0 0.6140625 0.814453125 0.015625 0.01953125
0 0.634375 0.822265625 0.015625 0.01953125
0 0.65 0.796875 0.015625 0.01953125
0 0.671875 0.806640625 0.015625 0.01953125
0 0.6625 0.83984375 0.015625 0.01953125
0 0.6515625 0.818359375 0.015625 0.01953125
0 0.6234375 0.83984375 0.015625 0.01953125
0 0.6078125 0.849609375 0.015625 0.01953125
0 0.6265625 0.86328125 0.015625 0.01953125
0 0.634375 0.892578125 0.015625 0.01953125
0 0.6515625 0.869140625 0.015625 0.01953125
0 0.6453125 0.849609375 0.015625 0.01953125
0 0.6875 0.876953125 0.015625 0.01953125
0 0.6625 0.87890625 0.015625 0.01953125
0 0.6609375 0.900390625 0.015625 0.01953125
0 0.66875 0.91015625 0.015625 0.01953125
0 0.6609375 0.927734375 0.015625 0.01953125
0 0.6421875 0.919921875 0.015625 0.01953125
0 0.6359375 0.943359375 0.015625 0.01953125
0 0.6375 0.955078125 0.015625 0.01953125
0 0.6125 0.966796875 0.015625 0.01953125
0 0.5890625 0.984375 0.015625 0.01953125
0 0.5734375 0.98046875 0.015625 0.01953125
0 0.8015625 0.869140625 0.015625 0.01953125
0 0.7390625 0.76171875 0.015625 0.01953125
0 0.76875 0.73046875 0.015625 0.01953125
0 0.8171875 0.708984375 0.015625 0.01953125
0 0.8546875 0.654296875 0.015625 0.01953125
0 0.83125 0.734375 0.015625 0.01953125
0 0.925 0.607421875 0.015625 0.01953125
0 0.990625 0.55078125 0.015625 0.01953125
0 0.9484375 0.45703125 0.015625 0.01953125
0 0.896875 0.484375 0.015625 0.01953125
0 0.8359375 0.427734375 0.015625 0.01953125
0 0.759375 0.376953125 0.015625 0.01953125
0 0.6546875 0.421875 0.015625 0.01953125
0 0.6890625 0.32421875 0.015625 0.01953125
0 0.728125 0.251953125 0.015625 0.01953125
0 0.628125 0.173828125 0.015625 0.01953125
0 0.6578125 0.15234375 0.015625 0.01953125
0 0.6578125 0.109375 0.015625 0.01953125
0 0.640625 0.0859375 0.015625 0.01953125
0 0.63125 0.125 0.015625 0.01953125
0 0.5921875 0.138671875 0.015625 0.01953125
0 0.571875 0.087890625 0.015625 0.01953125
0 0.5390625 0.099609375 0.015625 0.01953125
0 0.4375 0.0703125 0.015625 0.01953125
0 0.79375 0.0703125 0.015625 0.01953125
0 0.7671875 0.037109375 0.015625 0.01953125
0 0.8171875 0.103515625 0.015625 0.01953125
0 0.828125 0.12890625 0.015625 0.01953125
0 0.85 0.166015625 0.015625 0.01953125
0 0.8125 0.177734375 0.015625 0.01953125
0 0.784375 0.220703125 0.015625 0.01953125
0 0.825 0.212890625 0.015625 0.01953125
0 0.834375 0.275390625 0.015625 0.01953125
0 0.8703125 0.34375 0.015625 0.01953125
0 0.8109375 0.35546875 0.015625 0.01953125
0 0.9328125 0.37890625 0.015625 0.01953125
0 0.940625 0.34765625 0.015625 0.01953125
0 0.7625 0.568359375 0.015625 0.01953125
0 0.6671875 0.517578125 0.015625 0.01953125
0 0.803125 0.8984375 0.015625 0.01953125
0 0.865625 0.8984375 0.015625 0.01953125
0 0.98125 0.240234375 0.015625 0.01953125
0 0.9609375 0.1953125 0.015625 0.01953125
0 0.9328125 0.173828125 0.015625 0.01953125
0 0.9203125 0.146484375 0.015625 0.01953125
0 0.903125 0.103515625 0.015625 0.01953125
0 0.8921875 0.203125 0.015625 0.01953125
0 0.8765625 0.17578125 0.015625 0.01953125
0 0.8734375 0.16796875 0.015625 0.01953125
0 0.9109375 0.1796875 0.015625 0.01953125
0 0.8640625 0.099609375 0.015625 0.01953125
0 0.85 0.076171875 0.015625 0.01953125
0 0.8046875 0.060546875 0.015625 0.01953125
0 0.7734375 0.009765625 0.015625 0.01953125
0 0.865625 0.2109375 0.015625 0.01953125
0 0.853125 0.185546875 0.015625 0.01953125
0 0.978125 0.30078125 0.015625 0.01953125
0 0.959375 0.279296875 0.015625 0.01953125
0 0.934375 0.2421875 0.015625 0.01953125
0 0.9109375 0.248046875 0.015625 0.01953125
0 0.8921875 0.236328125 0.015625 0.01953125
0 0.9203125 0.21484375 0.015625 0.01953125
0 0.996875 0.390625 0.015625 0.01953125
0 0.99375 0.3515625 0.015625 0.01953125
0 0.9765625 0.353515625 0.015625 0.01953125
0 0.93125 0.310546875 0.015625 0.01953125
0 0.9203125 0.294921875 0.015625 0.01953125
0 0.9046875 0.275390625 0.015625 0.01953125
