0 0.7015625 0.78515625 0.015625 0.01953125
0 0.6953125 0.712890625 0.015625 0.01953125
0 0.6640625 0.818359375 0.015625 0.01953125
0 0.6578125 0.810546875 0.015625 0.01953125
0 0.6515625 0.7890625 0.015625 0.01953125
0 0.64375 0.767578125 0.015625 0.01953125
0 0.6328125 0.748046875 0.015625 0.01953125
0 0.653125 0.736328125 0.015625 0.01953125
0 0.665625 0.76953125 0.015625 0.01953125
0 0.6578125 0.76171875 0.015625 0.01953125
0 0.6734375 0.76171875 0.015625 0.01953125
0 0.68125 0.80078125 0.015625 0.01953125
0 0.6875 0.775390625 0.015625 0.01953125
0 0.68125 0.8359375 0.015625 0.01953125
0 0.6140625 0.8828125 0.015625 0.01953125
0 0.5015625 0.953125 0.015625 0.01953125
0 0.4859375 0.95703125 0.015625 0.01953125
0 0.4671875 0.9453125 0.015625 0.01953125
0 0.4125 0.98046875 0.015625 0.01953125
0 0.4 0.98828125 0.015625 0.01953125
0 0.3828125 0.990234375 0.015625 0.01953125
0 0.1796875 0.904296875 0.015625 0.01953125
0 0.190625 0.869140625 0.015625 0.01953125
0 0.1703125 0.869140625 0.015625 0.01953125
0 0.1484375 0.8671875 0.015625 0.01953125
0 0.1578125 0.837890625 0.015625 0.01953125
0 0.1578125 0.8203125 0.015625 0.01953125
0 0.1578125 0.80078125 0.015625 0.01953125
0 0.121875 0.734375 0.015625 0.01953125
0 0.115625 0.708984375 0.015625 0.01953125
0 0.0828125 0.64453125 0.015625 0.01953125
0 0.0796875 0.578125 0.015625 0.01953125
0 0.0640625 0.537109375 0.015625 0.01953125
0 0.0625 0.50390625 0.015625 0.01953125
0 0.1125 0.421875 0.015625 0.01953125
0 0.1375 0.3828125 0.015625 0.01953125
0 0.0828125 0.2890625 0.015625 0.01953125
0 0.059375 0.31640625 0.015625 0.01953125
0 0.04375 0.296875 0.015625 0.01953125
0 0.0296875 0.236328125 0.015625 0.01953125
0 0.0140625 0.244140625 0.015625 0.01953125
0 0.0140625 0.2578125 0.015625 0.01953125
0 0.046875 0.224609375 0.015625 0.01953125
0 0.0390625 0.189453125 0.015625 0.01953125
0 0.0515625 0.18359375 0.015625 0.01953125
0 0.0640625 0.166015625 0.015625 0.01953125
0 0.0734375 0.162109375 0.015625 0.01953125
0 0.0953125 0.1484375 0.015625 0.01953125
0 0.1109375 0.171875 0.015625 0.01953125
0 0.0953125 0.193359375 0.015625 0.01953125
0 0.078125 0.208984375 0.015625 0.01953125
0 0.1328125 0.162109375 0.015625 0.01953125
0 0.11875 0.154296875 0.015625 0.01953125
0 0.1640625 0.134765625 0.015625 0.01953125
0 0.1859375 0.12890625 0.015625 0.01953125
0 0.140625 0.078125 0.015625 0.01953125
0 0.1265625 0.091796875 0.015625 0.01953125
0 0.1125 0.087890625 0.015625 0.01953125
0 0.1 0.0859375 0.015625 0.01953125
0 0.0828125 0.09765625 0.015625 0.01953125
0 0.171875 0.05859375 0.015625 0.01953125
0 0.1828125 0.044921875 0.015625 0.01953125
0 0.215625 0.125 0.015625 0.01953125
0 0.2390625 0.150390625 0.015625 0.01953125
0 0.271875 0.130859375 0.015625 0.01953125
0 0.2546875 0.111328125 0.015625 0.01953125
0 0.2640625 0.103515625 0.015625 0.01953125
0 0.2953125 0.119140625 0.015625 0.01953125
0 0.3015625 0.087890625 0.015625 0.01953125
0 0.3171875 0.1015625 0.015625 0.01953125
0 0.334375 0.0859375 0.015625 0.01953125
0 0.35625 0.06640625 0.015625 0.01953125
0 0.3359375 0.0390625 0.015625 0.01953125
0 0.315625 0.05078125 0.015625 0.01953125
0 0.3 0.05078125 0.015625 0.01953125
0 0.3609375 0.11328125 0.015625 0.01953125
0 0.3484375 0.11328125 0.015625 0.01953125
0 0.3765625 0.08984375 0.015625 0.01953125
0 0.3828125 0.103515625 0.015625 0.01953125
0 0.375 0.119140625 0.015625 0.01953125
0 0.39375 0.123046875 0.015625 0.01953125
0 0.4046875 0.123046875 0.015625 0.01953125
0 0.4046875 0.146484375 0.015625 0.01953125
0 0.4078125 0.17578125 0.015625 0.01953125
0 0.428125 0.140625 0.015625 0.01953125
0 0.4296875 0.185546875 0.015625 0.01953125
0 0.45 0.19140625 0.015625 0.01953125
0 0.4671875 0.1796875 0.015625 0.01953125
0 0.4328125 0.21875 0.015625 0.01953125
0 0.4453125 0.236328125 0.015625 0.01953125
0 0.475 0.201171875 0.015625 0.01953125
0 0.4578125 0.216796875 0.015625 0.01953125
0 0.453125 0.26171875 0.015625 0.01953125
0 0.4796875 0.2265625 0.015625 0.01953125
0 0.490625 0.24609375 0.015625 0.01953125
0 0.4734375 0.255859375 0.015625 0.01953125
0 0.4625 0.294921875 0.015625 0.01953125
0 0.415625 0.34765625 0.015625 0.01953125
0 0.3453125 0.306640625 0.015625 0.01953125
0 0.2734375 0.310546875 0.015625 0.01953125
0 0.2578125 0.27734375 0.015625 0.01953125
0 0.23125 0.232421875 0.015625 0.01953125
0 0.215625 0.25 0.015625 0.01953125
0 0.18125 0.25 0.015625 0.01953125
0 0.5203125 0.265625 0.015625 0.01953125
0 0.50625 0.283203125 0.015625 0.01953125
0 0.5078125 0.3046875 0.015625 0.01953125
0 0.49375 0.3203125 0.015625 0.01953125
0 0.4828125 0.322265625 0.015625 0.01953125
0 0.4921875 0.345703125 0.015625 0.01953125
0 0.5125 0.330078125 0.015625 0.01953125
0 0.5203125 0.345703125 0.015625 0.01953125
0 0.50625 0.361328125 0.015625 0.01953125
0 0.4953125 0.380859375 0.015625 0.01953125
0 0.5078125 0.39453125 0.015625 0.01953125
0 0.5328125 0.375 0.015625 0.01953125
0 0.54375 0.36328125 0.015625 0.01953125
0 0.55 0.384765625 0.015625 0.01953125
0 0.509375 0.421875 0.015625 0.01953125
0 0.5296875 0.423828125 0.015625 0.01953125
0 0.5484375 0.41796875 0.015625 0.01953125
0 0.571875 0.421875 0.015625 0.01953125
0 0.5640625 0.4453125 0.015625 0.01953125
0 0.5328125 0.46484375 0.015625 0.01953125
0 0.5671875 0.46484375 0.015625 0.01953125
0 0.59375 0.46484375 0.015625 0.01953125
0 0.553125 0.48828125 0.015625 0.01953125
0 0.5625 0.5 0.015625 0.01953125
0 0.5828125 0.490234375 0.015625 0.01953125
0 0.5984375 0.4921875 0.015625 0.01953125
0 0.578125 0.525390625 0.015625 0.01953125
0 0.565625 0.54296875 0.015625 0.01953125
0 0.625 0.501953125 0.015625 0.01953125
0 0.625 0.533203125 0.015625 0.01953125
0 0.6 0.548828125 0.015625 0.01953125
0 0.5828125 0.568359375 0.015625 0.01953125
0 0.596875 0.58984375 0.015625 0.01953125
0 0.615625 0.591796875 0.015625 0.01953125
0 0.6078125 0.625 0.015625 0.01953125
0 0.6265625 0.580078125 0.015625 0.01953125
0 0.6390625 0.63671875 0.015625 0.01953125
0 0.6015625 0.66015625 0.015625 0.01953125
0 0.621875 0.689453125 0.015625 0.01953125
0 0.6359375 0.703125 0.015625 0.01953125
0 0.659375 0.689453125 0.015625 0.01953125
0 0.6421875 0.6640625 0.015625 0.01953125
0 0.6515625 0.59765625 0.015625 0.01953125
0 0.625 0.63671875 0.015625 0.01953125
0 0.6125 0.654296875 0.015625 0.01953125
0 0.703125 0.439453125 0.015625 0.01953125
0 0.6421875 0.439453125 0.015625 0.01953125
0 0.621875 0.3671875 0.015625 0.01953125
0 0.6 0.322265625 0.015625 0.01953125
0 0.5609375 0.287109375 0.015625 0.01953125
0 0.5640625 0.228515625 0.015625 0.01953125
0 0.5453125 0.13671875 0.015625 0.01953125
0 0.5921875 0.0859375 0.015625 0.01953125
0 0.6421875 0.060546875 0.015625 0.01953125
0 0.6875 0.068359375 0.015625 0.01953125
0 0.66875 0.123046875 0.015625 0.01953125
0 0.5875 0.15625 0.015625 0.01953125
0 0.6359375 0.240234375 0.015625 0.01953125
0 0.6421875 0.310546875 0.015625 0.01953125
0 0.7140625 0.263671875 0.015625 0.01953125
0 0.70625 0.15625 0.015625 0.01953125
0 0.746875 0.185546875 0.015625 0.01953125
0 0.80625 0.189453125 0.015625 0.01953125
0 0.84375 0.162109375 0.015625 0.01953125
0 0.8359375 0.13671875 0.015625 0.01953125
0 0.8453125 0.099609375 0.015625 0.01953125
0 0.8390625 0.091796875 0.015625 0.01953125
0 0.828125 0.078125 0.015625 0.01953125
0 0.8140625 0.037109375 0.015625 0.01953125
0 0.803125 0.01171875 0.015625 0.01953125
0 0.8859375 0.068359375 0.015625 0.01953125
0 0.86875 0.046875 0.015625 0.01953125
0 0.921875 0.072265625 0.015625 0.01953125
0 0.93125 0.099609375 0.015625 0.01953125
0 0.959375 0.138671875 0.015625 0.01953125
0 0.9390625 0.17578125 0.015625 0.01953125
0 0.9140625 0.13671875 0.015625 0.01953125
0 0.9 0.1484375 0.015625 0.01953125
0 0.8921875 0.1328125 0.015625 0.01953125
0 0.8890625 0.1171875 0.015625 0.01953125
0 0.8640625 0.126953125 0.015625 0.01953125
0 0.9046875 0.205078125 0.015625 0.01953125
0 0.8796875 0.158203125 0.015625 0.01953125
0 0.8671875 0.2265625 0.015625 0.01953125
0 0.8484375 0.234375 0.015625 0.01953125
0 0.825 0.3046875 0.015625 0.01953125
0 0.734375 0.37109375 0.015625 0.01953125
0 0.7890625 0.376953125 0.015625 0.01953125
0 0.840625 0.3671875 0.015625 0.01953125
0 0.9421875 0.330078125 0.015625 0.01953125
0 0.8859375 0.28515625 0.015625 0.01953125
0 0.95 0.515625 0.015625 0.01953125
0 0.921875 0.4453125 0.015625 0.01953125
0 0.903125 0.41796875 0.015625 0.01953125
0 0.959375 0.3984375 0.015625 0.01953125
0 0.8953125 0.546875 0.015625 0.01953125
0 0.828125 0.486328125 0.015625 0.01953125
0 0.8421875 0.58203125 0.015625 0.01953125
0 0.859375 0.63671875 0.015625 0.01953125
0 0.95625 0.576171875 0.015625 0.01953125
0 0.9828125 0.57421875 0.015625 0.01953125
0 0.9921875 0.19921875 0.015625 0.01953125
0 0.975 0.17578125 0.015625 0.01953125
0 0.953125 0.201171875 0.015625 0.01953125
0 0.9625 0.22265625 0.015625 0.01953125
0 0.959375 0.248046875 0.015625 0.01953125
0 0.9375 0.24609375 0.015625 0.01953125
0 0.921875 0.228515625 0.015625 0.01953125
0 0.909375 0.240234375 0.015625 0.01953125
0 0.978125 0.26171875 0.015625 0.01953125
