0 0.584375 0.828125 0.015625 0.01953125
0 0.5703125 0.828125 0.015625 0.01953125
0 0.5765625 0.794921875 0.015625 0.01953125
0 0.56875 0.78515625 0.015625 0.01953125
0 0.5875 0.767578125 0.015625 0.01953125
0 0.6015625 0.78515625 0.015625 0.01953125
0 0.603125 0.7421875 0.015625 0.01953125
0 0.5796875 0.7421875 0.015625 0.01953125
0 0.5515625 0.748046875 0.015625 0.01953125
0 0.5453125 0.751953125 0.015625 0.01953125
0 0.55 0.728515625 0.015625 0.01953125
0 0.5765625 0.705078125 0.015625 0.01953125
0 0.5515625 0.720703125 0.015625 0.01953125
0 0.5578125 0.681640625 0.015625 0.01953125
0 0.5484375 0.67578125 0.015625 0.01953125
0 0.5265625 0.673828125 0.015625 0.01953125
0 0.534375 0.650390625 0.015625 0.01953125
0 0.540625 0.63671875 0.015625 0.01953125
0 0.534375 0.615234375 0.015625 0.01953125
0 0.5203125 0.607421875 0.015625 0.01953125
0 0.5046875 0.591796875 0.015625 0.01953125
0 0.515625 0.564453125 0.015625 0.01953125
0 0.5140625 0.546875 0.015625 0.01953125
0 0.5046875 0.533203125 0.015625 0.01953125
0 0.5 0.509765625 0.015625 0.01953125
0 0.4921875 0.48828125 0.015625 0.01953125
0 0.4890625 0.47265625 0.015625 0.01953125
0 0.4828125 0.455078125 0.015625 0.01953125
0 0.4828125 0.4453125 0.015625 0.01953125
0 0.4734375 0.421875 0.015625 0.01953125
0 0.4625 0.408203125 0.015625 0.01953125
0 0.4625 0.37890625 0.015625 0.01953125
0 0.45625 0.37109375 0.015625 0.01953125
0 0.446875 0.34375 0.015625 0.01953125
0 0.4390625 0.318359375 0.015625 0.01953125
0 0.4328125 0.296875 0.015625 0.01953125
0 0.41875 0.2734375 0.015625 0.01953125
0 0.4171875 0.2421875 0.015625 0.01953125
0 0.4171875 0.23046875 0.015625 0.01953125
0 0.4078125 0.2109375 0.015625 0.01953125
0 0.39375 0.1796875 0.015625 0.01953125
0 0.3796875 0.162109375 0.015625 0.01953125
0 0.3796875 0.13671875 0.015625 0.01953125
0 0.3625 0.115234375 0.015625 0.01953125
0 0.3546875 0.099609375 0.015625 0.01953125
0 0.3671875 0.083984375 0.015625 0.01953125
0 0.3609375 0.06640625 0.015625 0.01953125
0 0.3953125 0.10546875 0.015625 0.01953125
0 0.415625 0.119140625 0.015625 0.01953125
0 0.43125 0.203125 0.015625 0.01953125
0 0.415625 0.1796875 0.015625 0.01953125
0 0.4375 0.171875 0.015625 0.01953125
0 0.4453125 0.193359375 0.015625 0.01953125
0 0.45625 0.23046875 0.015625 0.01953125
0 0.4390625 0.24609375 0.015625 0.01953125
0 0.459375 0.259765625 0.015625 0.01953125
0 0.4671875 0.283203125 0.015625 0.01953125
0 0.465625 0.310546875 0.015625 0.01953125
0 0.459375 0.33203125 0.015625 0.01953125
0 0.46875 0.345703125 0.015625 0.01953125
0 0.48125 0.361328125 0.015625 0.01953125
0 0.49375 0.384765625 0.015625 0.01953125
0 0.4953125 0.404296875 0.015625 0.01953125
0 0.4984375 0.423828125 0.015625 0.01953125
0 0.5125 0.431640625 0.015625 0.01953125
0 0.5234375 0.419921875 0.015625 0.01953125
0 0.528125 0.46484375 0.015625 0.01953125
0 0.509375 0.4765625 0.015625 0.01953125
0 0.5171875 0.48046875 0.015625 0.01953125
0 0.5328125 0.50390625 0.015625 0.01953125
0 0.5140625 0.509765625 0.015625 0.01953125
0 0.5203125 0.533203125 0.015625 0.01953125
0 0.5328125 0.56640625 0.015625 0.01953125
0 0.540625 0.580078125 0.015625 0.01953125
0 0.5453125 0.619140625 0.015625 0.01953125
0 0.571875 0.681640625 0.015625 0.01953125
0 0.5734375 0.646484375 0.015625 0.01953125
0 0.5734375 0.6171875 0.015625 0.01953125
0 0.609375 0.798828125 0.015625 0.01953125
0 0.6140625 0.828125 0.015625 0.01953125
0 0.540625 0.875 0.015625 0.01953125
0 0.3015625 0.9609375 0.015625 0.01953125
0 0.284375 0.9609375 0.015625 0.01953125
0 0.3625 0.93359375 0.015625 0.01953125
0 0.3984375 0.927734375 0.015625 0.01953125
0 0.3828125 0.9375 0.015625 0.01953125
0 0.41875 0.9296875 0.015625 0.01953125
0 0.4375 0.912109375 0.015625 0.01953125
0 0.0890625 0.873046875 0.015625 0.01953125
0 0.0578125 0.84375 0.015625 0.01953125
0 0.0875 0.833984375 0.015625 0.01953125
0 0.0875 0.810546875 0.015625 0.01953125
0 0.0671875 0.78515625 0.015625 0.01953125
0 0.053125 0.796875 0.015625 0.01953125
0 0.065625 0.822265625 0.015625 0.01953125
0 0.0671875 0.7578125 0.015625 0.01953125
0 0.0625 0.71875 0.015625 0.01953125
0 0.05 0.6953125 0.015625 0.01953125
0 0.0390625 0.673828125 0.015625 0.01953125
0 0.065625 0.67578125 0.015625 0.01953125
0 0.0984375 0.6796875 0.015625 0.01953125
0 0.196875 0.638671875 0.015625 0.01953125
0 0.34375 0.568359375 0.015625 0.01953125
0 0.2109375 0.501953125 0.015625 0.01953125
0 0.2078125 0.5390625 0.015625 0.01953125
0 0.1796875 0.4453125 0.015625 0.01953125
0 0.2921875 0.333984375 0.015625 0.01953125
0 0.3296875 0.3203125 0.015625 0.01953125
0 0.2046875 0.359375 0.015625 0.01953125
0 0.1125 0.28125 0.015625 0.01953125
0 0.24375 0.189453125 0.015625 0.01953125
0 0.3015625 0.07421875 0.015625 0.01953125
0 0.3140625 0.0703125 0.015625 0.01953125
0 0.275 0.064453125 0.015625 0.01953125
0 0.2984375 0.044921875 0.015625 0.01953125
0 0.2875 0.041015625 0.015625 0.01953125
0 0.328125 0.025390625 0.015625 0.01953125
0 0.2703125 0.091796875 0.015625 0.01953125
0 0.2546875 0.09765625 0.015625 0.01953125
0 0.2484375 0.078125 0.015625 0.01953125
0 0.2375 0.080078125 0.015625 0.01953125
0 0.23125 0.068359375 0.015625 0.01953125
0 0.23125 0.04296875 0.015625 0.01953125
0 0.2 0.029296875 0.015625 0.01953125
0 0.19375 0.02734375 0.015625 0.01953125
0 0.16875 0.0234375 0.015625 0.01953125
0 0.153125 0.03125 0.015625 0.01953125
0 0.1328125 0.044921875 0.015625 0.01953125
0 0.1203125 0.0546875 0.015625 0.01953125
0 0.103125 0.064453125 0.015625 0.01953125
0 0.06875 0.087890625 0.015625 0.01953125
0 0.078125 0.119140625 0.015625 0.01953125
0 0.0890625 0.150390625 0.015625 0.01953125
0 0.0390625 0.125 0.015625 0.01953125
0 0.0515625 0.166015625 0.015625 0.01953125
0 0.046875 0.134765625 0.015625 0.01953125
0 0.021875 0.1484375 0.015625 0.01953125
0 0.0140625 0.189453125 0.015625 0.01953125
0 0.034375 0.177734375 0.015625 0.01953125
0 0.05 0.443359375 0.015625 0.01953125
0 0.00625 0.486328125 0.015625 0.01953125
0 0.559375 0.07421875 0.015625 0.01953125
0 0.55 0.111328125 0.015625 0.01953125
0 0.5484375 0.146484375 0.015625 0.01953125
0 0.584375 0.103515625 0.015625 0.01953125
0 0.596875 0.064453125 0.015625 0.01953125
0 0.6125 0.064453125 0.015625 0.01953125
0 0.6375 0.138671875 0.015625 0.01953125
0 0.6296875 0.171875 0.015625 0.01953125
0 0.590625 0.248046875 0.015625 0.01953125
0 0.525 0.236328125 0.015625 0.01953125
0 0.5234375 0.314453125 0.015625 0.01953125
0 0.5546875 0.333984375 0.015625 0.01953125
0 0.55625 0.37109375 0.015625 0.01953125
0 0.6015625 0.302734375 0.015625 0.01953125
0 0.646875 0.369140625 0.015625 0.01953125
0 0.6421875 0.458984375 0.015625 0.01953125
0 0.578125 0.447265625 0.015625 0.01953125
0 0.55625 0.505859375 0.015625 0.01953125
0 0.7265625 0.333984375 0.015625 0.01953125
0 0.6859375 0.28515625 0.015625 0.01953125
0 0.7078125 0.220703125 0.015625 0.01953125
0 0.7734375 0.138671875 0.015625 0.01953125
0 0.771875 0.19921875 0.015625 0.01953125
0 0.7828125 0.033203125 0.015625 0.01953125
0 0.8109375 0.052734375 0.015625 0.01953125
0 0.7984375 0.064453125 0.015625 0.01953125
0 0.8140625 0.099609375 0.015625 0.01953125
0 0.825 0.125 0.015625 0.01953125
0 0.825 0.1484375 0.015625 0.01953125
0 0.8203125 0.1796875 0.015625 0.01953125
0 0.840625 0.142578125 0.015625 0.01953125
0 0.8546875 0.181640625 0.015625 0.01953125
0 0.8625 0.19921875 0.015625 0.01953125
0 0.8734375 0.23046875 0.015625 0.01953125
0 0.903125 0.240234375 0.015625 0.01953125
0 0.8984375 0.2578125 0.015625 0.01953125
0 0.8765625 0.267578125 0.015625 0.01953125
0 0.90625 0.2734375 0.015625 0.01953125
0 0.915625 0.294921875 0.015625 0.01953125
0 0.9234375 0.27734375 0.015625 0.01953125
0 0.978125 0.267578125 0.015625 0.01953125
0 0.971875 0.376953125 0.015625 0.01953125
0 0.96875 0.33984375 0.015625 0.01953125
0 0.9 0.365234375 0.015625 0.01953125
0 0.8265625 0.3046875 0.015625 0.01953125
0 0.7953125 0.314453125 0.015625 0.01953125
0 0.7984375 0.384765625 0.015625 0.01953125
0 0.753125 0.5 0.015625 0.01953125
0 0.6734375 0.580078125 0.015625 0.01953125
0 0.7296875 0.63671875 0.015625 0.01953125
0 0.803125 0.556640625 0.015625 0.01953125
0 0.7765625 0.533203125 0.015625 0.01953125
0 0.8171875 0.666015625 0.015625 0.01953125
0 0.84375 0.630859375 0.015625 0.01953125
0 0.9234375 0.603515625 0.015625 0.01953125
0 0.8546875 0.443359375 0.015625 0.01953125
0 0.90625 0.4296875 0.015625 0.01953125
0 0.8359375 0.8671875 0.015625 0.01953125
0 0.9125 0.826171875 0.015625 0.01953125
