0 0.865625 0.8828125 0.015625 0.01953125
0 0.8765625 0.845703125 0.015625 0.01953125
0 0.884375 0.78125 0.015625 0.01953125
0 0.665625 0.609375 0.015625 0.01953125
0 0.665625 0.5859375 0.015625 0.01953125
0 0.6515625 0.55859375 0.015625 0.01953125
0 0.684375 0.544921875 0.015625 0.01953125
0 0.7078125 0.53125 0.015625 0.01953125
0 0.70625 0.5703125 0.015625 0.01953125
0 0.728125 0.5703125 0.015625 0.01953125
0 0.6796875 0.505859375 0.015625 0.01953125
0 0.634375 0.537109375 0.015625 0.01953125
0 0.628125 0.57421875 0.015625 0.01953125
0 0.6171875 0.58984375 0.015625 0.01953125
0 0.609375 0.611328125 0.015625 0.01953125
0 0.575 0.58984375 0.015625 0.01953125
0 0.5828125 0.546875 0.015625 0.01953125
0 0.5921875 0.53125 0.015625 0.01953125
0 0.603125 0.521484375 0.015625 0.01953125
0 0.6125 0.515625 0.015625 0.01953125
0 0.5984375 0.48828125 0.015625 0.01953125
0 0.6171875 0.46875 0.015625 0.01953125
0 0.6 0.439453125 0.015625 0.01953125
0 0.60625 0.41796875 0.015625 0.01953125
0 0.4453125 0.720703125 0.015625 0.01953125
0 0.4265625 0.701171875 0.015625 0.01953125
0 0.403125 0.72265625 0.015625 0.01953125
0 0.390625 0.712890625 0.015625 0.01953125
0 0.3796875 0.689453125 0.015625 0.01953125
0 0.3578125 0.68359375 0.015625 0.01953125
0 0.29375 0.658203125 0.015625 0.01953125
0 0.265625 0.640625 0.015625 0.01953125
0 0.240625 0.62109375 0.015625 0.01953125
0 0.2234375 0.6796875 0.015625 0.01953125
0 0.2015625 0.69140625 0.015625 0.01953125
0 0.225 0.572265625 0.015625 0.01953125
0 0.25 0.57421875 0.015625 0.01953125
0 0.2625 0.578125 0.015625 0.01953125
0 0.178125 0.58203125 0.015625 0.01953125
0 0.15625 0.58203125 0.015625 0.01953125
0 0.0875 0.56640625 0.015625 0.01953125
0 0.23125 0.4921875 0.015625 0.01953125
0 0.128125 0.478515625 0.015625 0.01953125
0 0.1015625 0.470703125 0.015625 0.01953125
0 0.1765625 0.4453125 0.015625 0.01953125
0 0.1578125 0.4921875 0.015625 0.01953125
0 0.2171875 0.470703125 0.015625 0.01953125
0 0.2453125 0.509765625 0.015625 0.01953125
0 0.259375 0.5234375 0.015625 0.01953125
0 0.26875 0.525390625 0.015625 0.01953125
0 0.284375 0.533203125 0.015625 0.01953125
0 0.3015625 0.548828125 0.015625 0.01953125
0 0.3375 0.576171875 0.015625 0.01953125
0 0.3328125 0.556640625 0.015625 0.01953125
0 0.309375 0.583984375 0.015625 0.01953125
0 0.31875 0.552734375 0.015625 0.01953125
0 0.340625 0.59375 0.015625 0.01953125
0 0.359375 0.591796875 0.015625 0.01953125
0 0.38125 0.591796875 0.015625 0.01953125
0 0.3671875 0.572265625 0.015625 0.01953125
0 0.078125 0.8046875 0.015625 0.01953125
0 0.35625 0.771484375 0.015625 0.01953125
0 0.6078125 0.748046875 0.015625 0.01953125
0 0.5765625 0.767578125 0.015625 0.01953125
0 0.55625 0.765625 0.015625 0.01953125
0 0.528125 0.755859375 0.015625 0.01953125
0 0.478125 0.759765625 0.015625 0.01953125
0 0.6375 0.751953125 0.015625 0.01953125
0 0.6421875 0.724609375 0.015625 0.01953125
0 0.609375 0.7109375 0.015625 0.01953125
0 0.9578125 0.755859375 0.015625 0.01953125
0 0.7875 0.224609375 0.015625 0.01953125
0 0.784375 0.26953125 0.015625 0.01953125
0 0.73125 0.2421875 0.015625 0.01953125
0 0.70625 0.25 0.015625 0.01953125
0 0.709375 0.1953125 0.015625 0.01953125
0 0.71875 0.130859375 0.015625 0.01953125
0 0.7984375 0.146484375 0.015625 0.01953125
0 0.7984375 0.166015625 0.015625 0.01953125
0 0.7875 0.185546875 0.015625 0.01953125
0 0.8453125 0.04296875 0.015625 0.01953125
0 0.715625 0.0546875 0.015625 0.01953125
0 0.625 0.08203125 0.015625 0.01953125
0 0.534375 0.068359375 0.015625 0.01953125
0 0.490625 0.076171875 0.015625 0.01953125
0 0.49375 0.044921875 0.015625 0.01953125
0 0.4765625 0.046875 0.015625 0.01953125
0 0.446875 0.01171875 0.015625 0.01953125
0 0.415625 0.111328125 0.015625 0.01953125
0 0.3921875 0.115234375 0.015625 0.01953125
0 0.3796875 0.091796875 0.015625 0.01953125
0 0.3578125 0.08203125 0.015625 0.01953125
0 0.3953125 0.0625 0.015625 0.01953125
0 0.3953125 0.041015625 0.015625 0.01953125
0 0.359375 0.236328125 0.015625 0.01953125
0 0.340625 0.25390625 0.015625 0.01953125
0 0.38125 0.279296875 0.015625 0.01953125
0 0.36875 0.3125 0.015625 0.01953125
0 0.36875 0.3359375 0.015625 0.01953125
0 0.35 0.359375 0.015625 0.01953125
0 0.334375 0.384765625 0.015625 0.01953125
0 0.325 0.3984375 0.015625 0.01953125
0 0.3046875 0.35546875 0.015625 0.01953125
0 0.2890625 0.390625 0.015625 0.01953125
0 0.2765625 0.412109375 0.015625 0.01953125
0 0.3015625 0.455078125 0.015625 0.01953125
0 0.2578125 0.478515625 0.015625 0.01953125
0 0.234375 0.376953125 0.015625 0.01953125
0 0.64375 0.337890625 0.015625 0.01953125
0 0.6390625 0.3671875 0.015625 0.01953125
0 0.6765625 0.318359375 0.015625 0.01953125
0 0.6625 0.279296875 0.015625 0.01953125
0 0.7234375 0.3515625 0.015625 0.01953125
0 0.6953125 0.2890625 0.015625 0.01953125
