0 0.0734375 0.623046875 0.015625 0.01953125
0 0.053125 0.640625 0.015625 0.01953125
0 0.1 0.509765625 0.015625 0.01953125
0 0.078125 0.51953125 0.015625 0.01953125
0 0.0875 0.48046875 0.015625 0.01953125
0 0.103125 0.484375 0.015625 0.01953125
0 0.1 0.458984375 0.015625 0.01953125
0 0.1109375 0.458984375 0.015625 0.01953125
0 0.08125 0.443359375 0.015625 0.01953125
0 0.0859375 0.41015625 0.015625 0.01953125
0 0.0484375 0.408203125 0.015625 0.01953125
0 0.05625 0.3828125 0.015625 0.01953125
0 0.0703125 0.373046875 0.015625 0.01953125
0 0.065625 0.412109375 0.015625 0.01953125
0 0.0296875 0.28125 0.015625 0.01953125
0 0.453125 0.43359375 0.015625 0.01953125
0 0.64375 0.634765625 0.015625 0.01953125
0 0.6984375 0.5859375 0.015625 0.01953125
0 0.9296875 0.505859375 0.015625 0.01953125
0 0.909375 0.228515625 0.015625 0.01953125
0 0.8828125 0.287109375 0.015625 0.01953125
0 0.846875 0.314453125 0.015625 0.01953125
0 0.809375 0.384765625 0.015625 0.01953125
0 0.746875 0.4453125 0.015625 0.01953125
0 0.6921875 0.4765625 0.015625 0.01953125
0 0.6390625 0.501953125 0.015625 0.01953125
0 0.5828125 0.5390625 0.015625 0.01953125
0 0.6015625 0.568359375 0.015625 0.01953125
0 0.55625 0.4921875 0.015625 0.01953125
0 0.6109375 0.451171875 0.015625 0.01953125
0 0.6640625 0.427734375 0.015625 0.01953125
0 0.728125 0.392578125 0.015625 0.01953125
0 0.8421875 0.443359375 0.015625 0.01953125
0 0.8703125 0.37109375 0.015625 0.01953125
0 0.7953125 0.337890625 0.015625 0.01953125
0 0.78125 0.28515625 0.015625 0.01953125
0 0.84375 0.2421875 0.015625 0.01953125
0 0.921875 0.1953125 0.015625 0.01953125
0 0.765625 0.037109375 0.015625 0.01953125
0 0.790625 0.15234375 0.015625 0.01953125
0 0.759375 0.173828125 0.015625 0.01953125
0 0.7140625 0.20703125 0.015625 0.01953125
0 0.6421875 0.259765625 0.015625 0.01953125
0 0.7078125 0.322265625 0.015625 0.01953125
0 0.6359375 0.376953125 0.015625 0.01953125
0 0.6046875 0.3203125 0.015625 0.01953125
0 0.571875 0.431640625 0.015625 0.01953125
0 0.49375 0.40234375 0.015625 0.01953125
0 0.5234375 0.4453125 0.015625 0.01953125
0 0.4640625 0.34765625 0.015625 0.01953125
0 0.409375 0.376953125 0.015625 0.01953125
0 0.38125 0.326171875 0.015625 0.01953125
0 0.4390625 0.296875 0.015625 0.01953125
0 0.4125 0.259765625 0.015625 0.01953125
0 0.35625 0.2890625 0.015625 0.01953125
0 0.3859375 0.23046875 0.015625 0.01953125
0 0.3640625 0.193359375 0.015625 0.01953125
0 0.3140625 0.228515625 0.015625 0.01953125
0 0.29375 0.17578125 0.015625 0.01953125
0 0.3421875 0.15234375 0.015625 0.01953125
0 0.325 0.111328125 0.015625 0.01953125
0 0.2953125 0.06640625 0.015625 0.01953125
0 0.2734375 0.00390625 0.015625 0.01953125
0 0.21875 0.044921875 0.015625 0.01953125
0 0.175 0.0078125 0.015625 0.01953125
0 0.0984375 0.009765625 0.015625 0.01953125
0 0.3234375 0.013671875 0.015625 0.01953125
0 0.35625 0.03125 0.015625 0.01953125
0 0.4015625 0.00390625 0.015625 0.01953125
0 0.4703125 0.03515625 0.015625 0.01953125
0 0.4265625 0.052734375 0.015625 0.01953125
0 0.378125 0.08984375 0.015625 0.01953125
0 0.3984375 0.115234375 0.015625 0.01953125
0 0.4171875 0.173828125 0.015625 0.01953125
0 0.45 0.099609375 0.015625 0.01953125
0 0.465625 0.1171875 0.015625 0.01953125
0 0.5015625 0.171875 0.015625 0.01953125
0 0.5203125 0.20703125 0.015625 0.01953125
0 0.553125 0.25 0.015625 0.01953125
0 0.5671875 0.2890625 0.015625 0.01953125
0 0.5203125 0.3203125 0.015625 0.01953125
0 0.490625 0.2734375 0.015625 0.01953125
0 0.465625 0.240234375 0.015625 0.01953125
0 0.4375 0.203125 0.015625 0.01953125
0 0.546875 0.142578125 0.015625 0.01953125
0 0.5203125 0.1015625 0.015625 0.01953125
0 0.534375 0.037109375 0.015625 0.01953125
0 0.5609375 0.076171875 0.015625 0.01953125
0 0.5890625 0.11328125 0.015625 0.01953125
0 0.6203125 0.17578125 0.015625 0.01953125
0 0.628125 0.09375 0.015625 0.01953125
0 0.60625 0.05078125 0.015625 0.01953125
0 0.58125 0.009765625 0.015625 0.01953125
0 0.6390625 0.0 0.015625 0.01953125
0 0.6578125 0.01171875 0.015625 0.01953125
0 0.65625 0.048828125 0.015625 0.01953125
0 0.703125 0.03125 0.015625 0.01953125
0 0.6984375 0.05859375 0.015625 0.01953125
0 0.6875 0.134765625 0.015625 0.01953125
0 0.728125 0.091796875 0.015625 0.01953125
0 0.5203125 0.00390625 0.015625 0.01953125
