0 0.0734375 0.703125 0.015625 0.01953125
0 0.0578125 0.673828125 0.015625 0.01953125
0 0.0734375 0.673828125 0.015625 0.01953125
0 0.0578125 0.6328125 0.015625 0.01953125
0 0.05 0.6171875 0.015625 0.01953125
0 0.0375 0.599609375 0.015625 0.01953125
0 0.0140625 0.572265625 0.015625 0.01953125
0 0.021875 0.560546875 0.015625 0.01953125
0 0.034375 0.546875 0.015625 0.01953125
0 0.053125 0.576171875 0.015625 0.01953125
0 0.0703125 0.626953125 0.015625 0.01953125
0 0.0890625 0.662109375 0.015625 0.01953125
0 0.63125 0.833984375 0.015625 0.01953125
0 0.6921875 0.7890625 0.015625 0.01953125
0 0.6046875 0.771484375 0.015625 0.01953125
0 0.571875 0.73046875 0.015625 0.01953125
0 0.93125 0.802734375 0.015625 0.01953125
0 0.8421875 0.61328125 0.015625 0.01953125
0 0.8625 0.5390625 0.015625 0.01953125
0 0.81875 0.56640625 0.015625 0.01953125
0 0.7546875 0.615234375 0.015625 0.01953125
0 0.690625 0.654296875 0.015625 0.01953125
0 0.6328125 0.69140625 0.015625 0.01953125
0 0.603125 0.64453125 0.015625 0.01953125
0 0.6546875 0.603515625 0.015625 0.01953125
0 0.5453125 0.677734375 0.015625 0.01953125
0 0.73125 0.560546875 0.015625 0.01953125
0 0.790625 0.513671875 0.015625 0.01953125
0 0.8296875 0.48828125 0.015625 0.01953125
0 0.8796875 0.451171875 0.015625 0.01953125
0 0.8421875 0.412109375 0.015625 0.01953125
0 0.775 0.455078125 0.015625 0.01953125
0 0.7 0.5 0.015625 0.01953125
0 0.63125 0.54296875 0.015625 0.01953125
0 0.5640625 0.583984375 0.015625 0.01953125
0 0.5125 0.62890625 0.015625 0.01953125
0 0.4828125 0.578125 0.015625 0.01953125
0 0.4375 0.611328125 0.015625 0.01953125
0 0.396875 0.54296875 0.015625 0.01953125
0 0.4359375 0.515625 0.015625 0.01953125
0 0.5078125 0.478515625 0.015625 0.01953125
0 0.5578125 0.443359375 0.015625 0.01953125
0 0.709375 0.361328125 0.015625 0.01953125
0 0.7515625 0.32421875 0.015625 0.01953125
0 0.7890625 0.310546875 0.015625 0.01953125
0 0.6765625 0.302734375 0.015625 0.01953125
0 0.68125 0.283203125 0.015625 0.01953125
0 0.6109375 0.32421875 0.015625 0.01953125
0 0.5390625 0.408203125 0.015625 0.01953125
0 0.471875 0.4375 0.015625 0.01953125
0 0.425 0.455078125 0.015625 0.01953125
0 0.36875 0.49609375 0.015625 0.01953125
0 0.3484375 0.455078125 0.015625 0.01953125
0 0.3859375 0.419921875 0.015625 0.01953125
0 0.4515625 0.390625 0.015625 0.01953125
0 0.5046875 0.34765625 0.015625 0.01953125
0 0.484375 0.328125 0.015625 0.01953125
0 0.53125 0.283203125 0.015625 0.01953125
0 0.5671875 0.267578125 0.015625 0.01953125
0 0.6171875 0.240234375 0.015625 0.01953125
0 0.696875 0.224609375 0.015625 0.01953125
0 0.71875 0.236328125 0.015625 0.01953125
0 0.76875 0.19140625 0.015625 0.01953125
0 0.76875 0.1796875 0.015625 0.01953125
0 0.76875 0.130859375 0.015625 0.01953125
0 0.75 0.1015625 0.015625 0.01953125
0 0.6859375 0.111328125 0.015625 0.01953125
0 0.690625 0.162109375 0.015625 0.01953125
0 0.646875 0.158203125 0.015625 0.01953125
0 0.6234375 0.125 0.015625 0.01953125
0 0.5984375 0.193359375 0.015625 0.01953125
0 0.6421875 0.08203125 0.015625 0.01953125
0 0.553125 0.2265625 0.015625 0.01953125
0 0.5125 0.240234375 0.015625 0.01953125
0 0.459375 0.26953125 0.015625 0.01953125
0 0.4 0.31640625 0.015625 0.01953125
0 0.3546875 0.345703125 0.015625 0.01953125
0 0.290625 0.380859375 0.015625 0.01953125
0 0.36875 0.400390625 0.015625 0.01953125
0 0.4234375 0.357421875 0.015625 0.01953125
0 0.2734375 0.328125 0.015625 0.01953125
0 0.3265625 0.30859375 0.015625 0.01953125
0 0.3859375 0.2734375 0.015625 0.01953125
0 0.43125 0.240234375 0.015625 0.01953125
0 0.5296875 0.185546875 0.015625 0.01953125
0 0.5578125 0.15234375 0.015625 0.01953125
0 0.54375 0.119140625 0.015625 0.01953125
0 0.5046875 0.138671875 0.015625 0.01953125
0 0.4015625 0.205078125 0.015625 0.01953125
0 0.35625 0.228515625 0.015625 0.01953125
0 0.3078125 0.25390625 0.015625 0.01953125
0 0.2765625 0.203125 0.015625 0.01953125
0 0.215625 0.240234375 0.015625 0.01953125
0 0.25 0.298828125 0.015625 0.01953125
0 0.1875 0.185546875 0.015625 0.01953125
0 0.2484375 0.140625 0.015625 0.01953125
0 0.3 0.123046875 0.015625 0.01953125
0 0.34375 0.10546875 0.015625 0.01953125
0 0.4 0.078125 0.015625 0.01953125
0 0.3859375 0.140625 0.015625 0.01953125
0 0.3390625 0.154296875 0.015625 0.01953125
0 0.340625 0.181640625 0.015625 0.01953125
0 0.4328125 0.11328125 0.015625 0.01953125
0 0.48125 0.087890625 0.015625 0.01953125
0 0.53125 0.072265625 0.015625 0.01953125
0 0.5578125 0.05078125 0.015625 0.01953125
0 0.5328125 0.01171875 0.015625 0.01953125
0 0.5 0.025390625 0.015625 0.01953125
0 0.45 0.041015625 0.015625 0.01953125
0 0.4265625 0.005859375 0.015625 0.01953125
0 0.371875 0.009765625 0.015625 0.01953125
0 0.325 0.04296875 0.015625 0.01953125
0 0.2640625 0.08203125 0.015625 0.01953125
0 0.1484375 0.130859375 0.015625 0.01953125
0 0.1921875 0.04296875 0.015625 0.01953125
0 0.0671875 0.15625 0.015625 0.01953125
0 0.234375 0.01953125 0.015625 0.01953125
0 0.2859375 0.009765625 0.015625 0.01953125
