0 0.5859375 0.970703125 0.015625 0.01953125
0 0.553125 0.923828125 0.015625 0.01953125
0 0.521875 0.880859375 0.015625 0.01953125
0 0.4859375 0.818359375 0.015625 0.01953125
0 0.4515625 0.765625 0.015625 0.01953125
0 0.4125 0.708984375 0.015625 0.01953125
0 0.375 0.73828125 0.015625 0.01953125
0 0.3375 0.697265625 0.015625 0.01953125
0 0.2921875 0.64453125 0.015625 0.01953125
0 0.2578125 0.603515625 0.015625 0.01953125
0 0.2125 0.51953125 0.015625 0.01953125
0 0.18125 0.47265625 0.015625 0.01953125
0 0.1578125 0.42578125 0.015625 0.01953125
0 0.1234375 0.369140625 0.015625 0.01953125
0 0.08125 0.3203125 0.015625 0.01953125
0 0.04375 0.25390625 0.015625 0.01953125
0 0.084375 0.185546875 0.015625 0.01953125
0 0.153125 0.271484375 0.015625 0.01953125
0 0.18125 0.32421875 0.015625 0.01953125
0 0.2125 0.384765625 0.015625 0.01953125
0 0.11875 0.0859375 0.015625 0.01953125
0 0.15 0.15625 0.015625 0.01953125
0 0.15625 0.072265625 0.015625 0.01953125
0 0.18125 0.115234375 0.015625 0.01953125
0 0.21875 0.154296875 0.015625 0.01953125
0 0.253125 0.203125 0.015625 0.01953125
0 0.3046875 0.251953125 0.015625 0.01953125
0 0.2125 0.255859375 0.015625 0.01953125
0 0.1609375 0.189453125 0.015625 0.01953125
0 0.25 0.287109375 0.015625 0.01953125
0 0.26875 0.353515625 0.015625 0.01953125
0 0.2875 0.38671875 0.015625 0.01953125
0 0.315625 0.443359375 0.015625 0.01953125
0 0.3421875 0.48828125 0.015625 0.01953125
0 0.3765625 0.52734375 0.015625 0.01953125
0 0.3921875 0.55078125 0.015625 0.01953125
0 0.43125 0.623046875 0.015625 0.01953125
0 0.503125 0.748046875 0.015625 0.01953125
0 0.546875 0.78125 0.015625 0.01953125
0 0.5703125 0.8359375 0.015625 0.01953125
0 0.6421875 0.9296875 0.015625 0.01953125
0 0.6015625 0.734375 0.015625 0.01953125
0 0.5671875 0.669921875 0.015625 0.01953125
0 0.525 0.6171875 0.015625 0.01953125
0 0.490625 0.56640625 0.015625 0.01953125
0 0.46875 0.533203125 0.015625 0.01953125
0 0.4328125 0.484375 0.015625 0.01953125
0 0.4015625 0.44140625 0.015625 0.01953125
0 0.375 0.396484375 0.015625 0.01953125
0 0.3484375 0.365234375 0.015625 0.01953125
0 0.3265625 0.328125 0.015625 0.01953125
0 0.3375 0.228515625 0.015625 0.01953125
0 0.3125 0.19921875 0.015625 0.01953125
0 0.2703125 0.125 0.015625 0.01953125
0 0.240625 0.09765625 0.015625 0.01953125
0 0.2359375 0.017578125 0.015625 0.01953125
0 0.29375 0.05859375 0.015625 0.01953125
0 0.325 0.09765625 0.015625 0.01953125
0 0.3390625 0.0234375 0.015625 0.01953125
0 0.3671875 0.072265625 0.015625 0.01953125
0 0.4046875 0.126953125 0.015625 0.01953125
0 0.3671875 0.140625 0.015625 0.01953125
0 0.396875 0.19921875 0.015625 0.01953125
0 0.4140625 0.25 0.015625 0.01953125
0 0.4390625 0.298828125 0.015625 0.01953125
0 0.465625 0.330078125 0.015625 0.01953125
0 0.5046875 0.380859375 0.015625 0.01953125
0 0.453125 0.40234375 0.015625 0.01953125
0 0.4265625 0.36328125 0.015625 0.01953125
0 0.36875 0.291015625 0.015625 0.01953125
0 0.4625 0.224609375 0.015625 0.01953125
0 0.4875 0.26171875 0.015625 0.01953125
0 0.509375 0.30859375 0.015625 0.01953125
0 0.5390625 0.333984375 0.015625 0.01953125
0 0.540625 0.2421875 0.015625 0.01953125
0 0.4796875 0.1484375 0.015625 0.01953125
0 0.4421875 0.095703125 0.015625 0.01953125
0 0.5984375 0.21875 0.015625 0.01953125
0 0.56875 0.267578125 0.015625 0.01953125
0 0.6078125 0.279296875 0.015625 0.01953125
0 0.615625 0.3046875 0.015625 0.01953125
0 0.60625 0.39453125 0.015625 0.01953125
0 0.6828125 0.44140625 0.015625 0.01953125
0 0.64375 0.47265625 0.015625 0.01953125
0 0.5578125 0.544921875 0.015625 0.01953125
0 0.634375 0.6171875 0.015625 0.01953125
0 0.6609375 0.66015625 0.015625 0.01953125
0 0.6921875 0.744140625 0.015625 0.01953125
0 0.7484375 0.693359375 0.015625 0.01953125
0 0.7859375 0.73828125 0.015625 0.01953125
0 0.725 0.61328125 0.015625 0.01953125
0 0.709375 0.583984375 0.015625 0.01953125
0 0.721875 0.421875 0.015625 0.01953125
0 0.6765625 0.28125 0.015625 0.01953125
0 0.6890625 0.287109375 0.015625 0.01953125
0 0.6625 0.1875 0.015625 0.01953125
0 0.63125 0.166015625 0.015625 0.01953125
0 0.840625 0.48828125 0.015625 0.01953125
0 0.8234375 0.556640625 0.015625 0.01953125
0 0.9078125 0.44140625 0.015625 0.01953125
0 0.771875 0.509765625 0.015625 0.01953125
