0 0.6453125 0.5625 0.015625 0.01953125
0 0.7625 0.5234375 0.015625 0.01953125
0 0.625 0.734375 0.015625 0.01953125
0 0.528125 0.68359375 0.015625 0.01953125
0 0.4328125 0.658203125 0.015625 0.01953125
0 0.3328125 0.669921875 0.015625 0.01953125
0 0.33125 0.64453125 0.015625 0.01953125
0 0.275 0.60546875 0.015625 0.01953125
0 0.390625 0.47265625 0.015625 0.01953125
0 0.2671875 0.44140625 0.015625 0.01953125
0 0.1671875 0.611328125 0.015625 0.01953125
0 0.1375 0.56640625 0.015625 0.01953125
0 0.1296875 0.46875 0.015625 0.01953125
0 0.1625 0.3984375 0.015625 0.01953125
0 0.20625 0.33984375 0.015625 0.01953125
0 0.153125 0.318359375 0.015625 0.01953125
0 0.1484375 0.265625 0.015625 0.01953125
0 0.1484375 0.205078125 0.015625 0.01953125
0 0.065625 0.26953125 0.015625 0.01953125
0 0.0953125 0.357421875 0.015625 0.01953125
0 0.00625 0.474609375 0.015625 0.01953125
0 0.0671875 0.798828125 0.015625 0.01953125
0 0.1953125 0.853515625 0.015625 0.01953125
0 0.3515625 0.900390625 0.015625 0.01953125
0 0.475 0.916015625 0.015625 0.01953125
0 0.6421875 0.923828125 0.015625 0.01953125
0 0.8 0.904296875 0.015625 0.01953125
0 0.903125 0.80859375 0.015625 0.01953125
0 0.98125 0.744140625 0.015625 0.01953125
0 0.9703125 0.6171875 0.015625 0.01953125
0 0.8375 0.66015625 0.015625 0.01953125
0 0.765625 0.6953125 0.015625 0.01953125
0 0.478125 0.203125 0.015625 0.01953125
0 0.3828125 0.2421875 0.015625 0.01953125
0 0.3640625 0.193359375 0.015625 0.01953125
0 0.278125 0.23828125 0.015625 0.01953125
0 0.2640625 0.21484375 0.015625 0.01953125
0 0.2640625 0.166015625 0.015625 0.01953125
0 0.2296875 0.166015625 0.015625 0.01953125
0 0.209375 0.212890625 0.015625 0.01953125
0 0.2140625 0.26953125 0.015625 0.01953125
0 0.2578125 0.287109375 0.015625 0.01953125
0 0.5125 0.142578125 0.015625 0.01953125
0 0.4984375 0.142578125 0.015625 0.01953125
0 0.459375 0.115234375 0.015625 0.01953125
0 0.4390625 0.111328125 0.015625 0.01953125
0 0.4203125 0.134765625 0.015625 0.01953125
0 0.3953125 0.13671875 0.015625 0.01953125
0 0.4390625 0.162109375 0.015625 0.01953125
0 0.534375 0.1171875 0.015625 0.01953125
0 0.6171875 0.146484375 0.015625 0.01953125
0 0.6578125 0.271484375 0.015625 0.01953125
0 0.8671875 0.162109375 0.015625 0.01953125
0 0.98125 0.162109375 0.015625 0.01953125
0 0.9625 0.08203125 0.015625 0.01953125
0 0.978125 0.021484375 0.015625 0.01953125
0 0.9203125 0.00390625 0.015625 0.01953125
0 0.7953125 0.111328125 0.015625 0.01953125
0 0.7296875 0.09765625 0.015625 0.01953125
0 0.6609375 0.08984375 0.015625 0.01953125
0 0.9921875 0.521484375 0.015625 0.01953125
