0 0.3484375 0.568359375 0.015625 0.01953125
0 0.4765625 0.529296875 0.015625 0.01953125
0 0.35 0.75390625 0.015625 0.01953125
0 0.2453125 0.732421875 0.015625 0.01953125
0 0.140625 0.703125 0.015625 0.01953125
0 0.0984375 0.50390625 0.015625 0.01953125
0 0.06875 0.291015625 0.015625 0.01953125
0 0.0375 0.220703125 0.015625 0.01953125
0 0.06875 0.181640625 0.015625 0.01953125
0 0.0875 0.1640625 0.015625 0.01953125
0 0.1296875 0.146484375 0.015625 0.01953125
0 0.14375 0.13671875 0.015625 0.01953125
0 0.1203125 0.18359375 0.015625 0.01953125
0 0.16875 0.2265625 0.015625 0.01953125
0 0.2046875 0.169921875 0.015625 0.01953125
0 0.21875 0.12890625 0.015625 0.01953125
0 0.3078125 0.169921875 0.015625 0.01953125
0 0.3453125 0.28515625 0.015625 0.01953125
0 0.3453125 0.103515625 0.015625 0.01953125
0 0.4171875 0.115234375 0.015625 0.01953125
0 0.4796875 0.12109375 0.015625 0.01953125
0 0.5625 0.17578125 0.015625 0.01953125
0 0.634375 0.109375 0.015625 0.01953125
0 0.5921875 0.0390625 0.015625 0.01953125
0 0.64375 0.033203125 0.015625 0.01953125
0 0.671875 0.013671875 0.015625 0.01953125
0 0.7171875 0.015625 0.015625 0.01953125
0 0.7796875 0.025390625 0.015625 0.01953125
0 0.8203125 0.025390625 0.015625 0.01953125
0 0.84375 0.005859375 0.015625 0.01953125
0 0.7703125 0.064453125 0.015625 0.01953125
0 0.725 0.111328125 0.015625 0.01953125
0 0.79375 0.1171875 0.015625 0.01953125
0 0.659375 0.173828125 0.015625 0.01953125
0 0.8453125 0.3984375 0.015625 0.01953125
0 0.7609375 0.447265625 0.015625 0.01953125
0 0.6921875 0.515625 0.015625 0.01953125
0 0.6640625 0.61328125 0.015625 0.01953125
0 0.55 0.66796875 0.015625 0.01953125
0 0.4828125 0.7265625 0.015625 0.01953125
0 0.021875 0.732421875 0.015625 0.01953125
0 0.0296875 0.693359375 0.015625 0.01953125
0 0.0640625 0.947265625 0.015625 0.01953125
0 0.071875 0.9296875 0.015625 0.01953125
0 0.203125 0.931640625 0.015625 0.01953125
0 0.3578125 0.943359375 0.015625 0.01953125
0 0.5296875 0.90625 0.015625 0.01953125
0 0.6109375 0.8046875 0.015625 0.01953125
0 0.6984375 0.74609375 0.015625 0.01953125
0 0.9265625 0.61328125 0.015625 0.01953125
0 0.884375 0.61328125 0.015625 0.01953125
0 0.953125 0.61328125 0.015625 0.01953125
0 0.9859375 0.5390625 0.015625 0.01953125
0 0.8765625 0.791015625 0.015625 0.01953125
0 0.8328125 0.916015625 0.015625 0.01953125
0 0.903125 0.2890625 0.015625 0.01953125
0 0.853125 0.103515625 0.015625 0.01953125
