0 0.23125 0.607421875 0.015625 0.01953125
0 0.20625 0.609375 0.015625 0.01953125
0 0.1265625 0.412109375 0.015625 0.01953125
0 0.0546875 0.134765625 0.015625 0.01953125
0 0.01875 0.078125 0.015625 0.01953125
0 0.034375 0.029296875 0.015625 0.01953125
0 0.0546875 0.013671875 0.015625 0.01953125
0 0.1234375 0.0078125 0.015625 0.01953125
0 0.140625 0.01953125 0.015625 0.01953125
0 0.1515625 0.015625 0.015625 0.01953125
0 0.3078125 0.412109375 0.015625 0.01953125
0 0.3390625 0.359375 0.015625 0.01953125
0 0.296875 0.52734375 0.015625 0.01953125
0 0.2765625 0.6171875 0.015625 0.01953125
0 0.2296875 0.78515625 0.015625 0.01953125
0 0.0328125 0.771484375 0.015625 0.01953125
0 0.1921875 0.91015625 0.015625 0.01953125
0 0.3796875 0.78515625 0.015625 0.01953125
0 0.4875 0.6640625 0.015625 0.01953125
0 0.446875 0.8828125 0.015625 0.01953125
0 0.6390625 0.939453125 0.015625 0.01953125
0 0.45625 0.970703125 0.015625 0.01953125
0 0.3390625 0.990234375 0.015625 0.01953125
