0 0.434375 0.572265625 0.015625 0.01953125
0 0.4359375 0.640625 0.015625 0.01953125
0 0.5125 0.71875 0.015625 0.01953125
0 0.5078125 0.685546875 0.015625 0.01953125
0 0.521875 0.822265625 0.015625 0.01953125
0 0.6078125 0.78515625 0.015625 0.01953125
0 0.5828125 0.755859375 0.015625 0.01953125
0 0.5953125 0.705078125 0.015625 0.01953125
0 0.5625 0.619140625 0.015625 0.01953125
0 0.5375 0.51953125 0.015625 0.01953125
0 0.553125 0.47265625 0.015625 0.01953125
0 0.553125 0.37890625 0.015625 0.01953125
0 0.5171875 0.330078125 0.015625 0.01953125
0 0.51875 0.283203125 0.015625 0.01953125
0 0.490625 0.416015625 0.015625 0.01953125
0 0.54375 0.162109375 0.015625 0.01953125
0 0.4375 0.251953125 0.015625 0.01953125
0 0.7171875 0.259765625 0.015625 0.01953125
0 0.6796875 0.333984375 0.015625 0.01953125
0 0.7046875 0.37109375 0.015625 0.01953125
0 0.653125 0.287109375 0.015625 0.01953125
0 0.725 0.29296875 0.015625 0.01953125
0 0.721875 0.494140625 0.015625 0.01953125
0 0.7109375 0.568359375 0.015625 0.01953125
0 0.8171875 0.51171875 0.015625 0.01953125
0 0.715625 0.53515625 0.015625 0.01953125
0 0.8546875 0.4296875 0.015625 0.01953125
0 0.8671875 0.38671875 0.015625 0.01953125
0 0.8765625 0.3125 0.015625 0.01953125
0 0.9265625 0.537109375 0.015625 0.01953125
0 0.990625 0.61328125 0.015625 0.01953125
0 0.8484375 0.763671875 0.015625 0.01953125
0 0.9359375 0.779296875 0.015625 0.01953125
0 0.9703125 0.869140625 0.015625 0.01953125
0 0.765625 0.90625 0.015625 0.01953125
0 0.6875 0.8125 0.015625 0.01953125
0 0.9765625 0.26953125 0.015625 0.01953125
0 0.8515625 0.052734375 0.015625 0.01953125
0 0.8953125 0.017578125 0.015625 0.01953125
0 0.9890625 0.19921875 0.015625 0.01953125
