0 0.146875 0.3203125 0.015625 0.01953125
0 0.14375 0.3828125 0.015625 0.01953125
0 0.134375 0.44140625 0.015625 0.01953125
0 0.1171875 0.51953125 0.015625 0.01953125
0 0.0140625 0.60546875 0.015625 0.01953125
0 0.23125 0.525390625 0.015625 0.01953125
0 0.290625 0.59765625 0.015625 0.01953125
0 0.4125 0.64453125 0.015625 0.01953125
0 0.5640625 0.697265625 0.015625 0.01953125
0 0.68125 0.71875 0.015625 0.01953125
0 0.8453125 0.73828125 0.015625 0.01953125
0 0.7671875 0.869140625 0.015625 0.01953125
0 0.9421875 0.953125 0.015625 0.01953125
0 0.5859375 0.880859375 0.015625 0.01953125
0 0.4546875 0.8828125 0.015625 0.01953125
0 0.31875 0.859375 0.015625 0.01953125
0 0.2703125 0.765625 0.015625 0.01953125
0 0.1703125 0.7734375 0.015625 0.01953125
0 0.1140625 0.9453125 0.015625 0.01953125
0 0.025 0.869140625 0.015625 0.01953125
0 0.3625 0.34375 0.015625 0.01953125
0 0.390625 0.408203125 0.015625 0.01953125
0 0.5109375 0.404296875 0.015625 0.01953125
0 0.553125 0.4765625 0.015625 0.01953125
0 0.6484375 0.474609375 0.015625 0.01953125
0 0.746875 0.513671875 0.015625 0.01953125
0 0.8421875 0.55859375 0.015625 0.01953125
0 0.88125 0.39453125 0.015625 0.01953125
0 0.61875 0.283203125 0.015625 0.01953125
0 0.903125 0.078125 0.015625 0.01953125
0 0.7234375 0.00390625 0.015625 0.01953125
0 0.6171875 0.052734375 0.015625 0.01953125
0 0.5234375 0.0234375 0.015625 0.01953125
0 0.4890625 0.091796875 0.015625 0.01953125
0 0.4515625 0.0625 0.015625 0.01953125
0 0.459375 0.013671875 0.015625 0.01953125
0 0.403125 0.013671875 0.015625 0.01953125
0 0.384375 0.025390625 0.015625 0.01953125
0 0.384375 0.111328125 0.015625 0.01953125
0 0.30625 0.064453125 0.015625 0.01953125
0 0.103125 0.044921875 0.015625 0.01953125
0 0.0609375 0.10546875 0.015625 0.01953125
0 0.315625 0.16015625 0.015625 0.01953125
0 0.24375 0.171875 0.015625 0.01953125
0 0.25 0.25 0.015625 0.01953125
0 0.6015625 0.00390625 0.015625 0.01953125
0 0.4375 0.142578125 0.015625 0.01953125
0 0.38125 0.208984375 0.015625 0.01953125
0 0.3609375 0.27734375 0.015625 0.01953125
