0 0.321875 0.599609375 0.015625 0.01953125
0 0.2484375 0.541015625 0.015625 0.01953125
0 0.128125 0.568359375 0.015625 0.01953125
0 0.103125 0.50390625 0.015625 0.01953125
0 0.0921875 0.41796875 0.015625 0.01953125
0 0.103125 0.36328125 0.015625 0.01953125
0 0.1375 0.294921875 0.015625 0.01953125
0 0.078125 0.25 0.015625 0.01953125
0 0.075 0.171875 0.015625 0.01953125
0 0.0671875 0.134765625 0.015625 0.01953125
0 0.0171875 0.294921875 0.015625 0.01953125
0 0.06875 0.77734375 0.015625 0.01953125
0 0.071875 0.95703125 0.015625 0.01953125
0 0.2046875 0.8125 0.015625 0.01953125
0 0.3640625 0.837890625 0.015625 0.01953125
0 0.4875 0.83984375 0.015625 0.01953125
0 0.5015625 0.966796875 0.015625 0.01953125
0 0.5875 0.98046875 0.015625 0.01953125
0 0.653125 0.83984375 0.015625 0.01953125
0 0.8015625 0.822265625 0.015625 0.01953125
0 0.875 0.724609375 0.015625 0.01953125
0 0.9078125 0.982421875 0.015625 0.01953125
0 0.9484375 0.626953125 0.015625 0.01953125
0 0.9265625 0.51953125 0.015625 0.01953125
0 0.940625 0.427734375 0.015625 0.01953125
0 0.7234375 0.44140625 0.015625 0.01953125
0 0.8 0.576171875 0.015625 0.01953125
0 0.74375 0.62890625 0.015625 0.01953125
0 0.609375 0.4765625 0.015625 0.01953125
0 0.6046875 0.6484375 0.015625 0.01953125
0 0.50625 0.607421875 0.015625 0.01953125
0 0.4109375 0.580078125 0.015625 0.01953125
0 0.359375 0.390625 0.015625 0.01953125
0 0.2203125 0.361328125 0.015625 0.01953125
0 0.3078125 0.15625 0.015625 0.01953125
0 0.2703125 0.09375 0.015625 0.01953125
0 0.2 0.140625 0.015625 0.01953125
0 0.178125 0.103515625 0.015625 0.01953125
0 0.1671875 0.044921875 0.015625 0.01953125
0 0.140625 0.078125 0.015625 0.01953125
0 0.13125 0.119140625 0.015625 0.01953125
0 0.14375 0.19921875 0.015625 0.01953125
0 0.43125 0.044921875 0.015625 0.01953125
0 0.39375 0.10546875 0.015625 0.01953125
0 0.346875 0.05859375 0.015625 0.01953125
0 0.35 0.013671875 0.015625 0.01953125
0 0.3625 0.0078125 0.015625 0.01953125
0 0.303125 0.037109375 0.015625 0.01953125
0 0.5328125 0.029296875 0.015625 0.01953125
0 0.590625 0.166015625 0.015625 0.01953125
0 0.7796875 0.04296875 0.015625 0.01953125
0 0.88125 0.0546875 0.015625 0.01953125
0 0.9484375 0.00390625 0.015625 0.01953125
0 0.7046875 0.005859375 0.015625 0.01953125
