0 0.4109375 0.591796875 0.015625 0.01953125
0 0.31875 0.60546875 0.015625 0.01953125
0 0.2640625 0.552734375 0.015625 0.01953125
0 0.221875 0.39453125 0.015625 0.01953125
0 0.1484375 0.3046875 0.015625 0.01953125
0 0.1140625 0.34765625 0.015625 0.01953125
0 0.1078125 0.421875 0.015625 0.01953125
0 0.1015625 0.48046875 0.015625 0.01953125
0 0.0265625 0.30078125 0.015625 0.01953125
0 0.0875 0.240234375 0.015625 0.01953125
0 0.08125 0.15625 0.015625 0.01953125
0 0.0765625 0.12890625 0.015625 0.01953125
0 0.15 0.080078125 0.015625 0.01953125
0 0.1703125 0.04296875 0.015625 0.01953125
0 0.1234375 0.119140625 0.015625 0.01953125
0 0.1484375 0.177734375 0.015625 0.01953125
0 0.1921875 0.19921875 0.015625 0.01953125
0 0.203125 0.1484375 0.015625 0.01953125
0 0.1890625 0.119140625 0.015625 0.01953125
0 0.2765625 0.1015625 0.015625 0.01953125
0 0.309375 0.048828125 0.015625 0.01953125
0 0.3640625 0.021484375 0.015625 0.01953125
0 0.3578125 0.064453125 0.015625 0.01953125
0 0.4390625 0.03125 0.015625 0.01953125
0 0.396875 0.095703125 0.015625 0.01953125
0 0.5421875 0.041015625 0.015625 0.01953125
0 0.453125 0.021484375 0.015625 0.01953125
0 0.596875 0.169921875 0.015625 0.01953125
0 0.7828125 0.048828125 0.015625 0.01953125
0 0.8890625 0.0546875 0.015625 0.01953125
0 0.7125 0.00390625 0.015625 0.01953125
0 0.696875 0.03125 0.015625 0.01953125
0 0.9484375 0.009765625 0.015625 0.01953125
0 0.946875 0.4140625 0.015625 0.01953125
0 0.9234375 0.51953125 0.015625 0.01953125
0 0.8078125 0.5703125 0.015625 0.01953125
0 0.7546875 0.611328125 0.015625 0.01953125
0 0.7359375 0.431640625 0.015625 0.01953125
0 0.6109375 0.478515625 0.015625 0.01953125
0 0.6078125 0.654296875 0.015625 0.01953125
0 0.5046875 0.611328125 0.015625 0.01953125
0 0.134375 0.5625 0.015625 0.01953125
0 0.0703125 0.751953125 0.015625 0.01953125
0 0.2046875 0.810546875 0.015625 0.01953125
0 0.071875 0.953125 0.015625 0.01953125
0 0.365625 0.826171875 0.015625 0.01953125
0 0.4828125 0.826171875 0.015625 0.01953125
0 0.64375 0.8359375 0.015625 0.01953125
0 0.803125 0.8125 0.015625 0.01953125
0 0.8828125 0.720703125 0.015625 0.01953125
0 0.95625 0.6484375 0.015625 0.01953125
0 0.5890625 0.96875 0.015625 0.01953125
