0 0.378125 0.09375 0.015625 0.01953125
0 0.365625 0.1171875 0.015625 0.01953125
0 0.159375 0.392578125 0.015625 0.01953125
0 0.1171875 0.31640625 0.015625 0.01953125
0 0.0625 0.3359375 0.015625 0.01953125
0 0.0015625 0.13671875 0.015625 0.01953125
0 0.334375 0.513671875 0.015625 0.01953125
0 0.321875 0.5234375 0.015625 0.01953125
0 0.346875 0.525390625 0.015625 0.01953125
0 0.4890625 0.724609375 0.015625 0.01953125
0 0.6328125 0.337890625 0.015625 0.01953125
0 0.615625 0.322265625 0.015625 0.01953125
0 0.571875 0.00390625 0.015625 0.01953125
0 0.840625 0.123046875 0.015625 0.01953125
0 0.934375 0.14453125 0.015625 0.01953125
