0 0.8765625 0.748046875 0.015625 0.01953125
0 0.8796875 0.6484375 0.015625 0.01953125
0 0.9515625 0.591796875 0.015625 0.01953125
0 0.9484375 0.22265625 0.015625 0.01953125
0 0.928125 0.171875 0.015625 0.01953125
0 0.9484375 0.130859375 0.015625 0.01953125
0 0.959375 0.091796875 0.015625 0.01953125
0 0.8703125 0.10546875 0.015625 0.01953125
0 0.8859375 0.205078125 0.015625 0.01953125
0 0.796875 0.19140625 0.015625 0.01953125
0 0.796875 0.14453125 0.015625 0.01953125
0 0.815625 0.119140625 0.015625 0.01953125
0 0.7421875 0.12109375 0.015625 0.01953125
0 0.809375 0.287109375 0.015625 0.01953125
0 0.709375 0.271484375 0.015625 0.01953125
0 0.65 0.23828125 0.015625 0.01953125
0 0.58125 0.2265625 0.015625 0.01953125
0 0.5125 0.216796875 0.015625 0.01953125
0 0.4671875 0.275390625 0.015625 0.01953125
0 0.3828125 0.240234375 0.015625 0.01953125
0 0.3828125 0.294921875 0.015625 0.01953125
0 0.3203125 0.248046875 0.015625 0.01953125
0 0.3046875 0.24609375 0.015625 0.01953125
0 0.30625 0.302734375 0.015625 0.01953125
0 0.2640625 0.275390625 0.015625 0.01953125
0 0.234375 0.322265625 0.015625 0.01953125
0 0.1265625 0.306640625 0.015625 0.01953125
0 0.13125 0.3359375 0.015625 0.01953125
0 0.1140625 0.265625 0.015625 0.01953125
0 0.0859375 0.3046875 0.015625 0.01953125
0 0.0765625 0.359375 0.015625 0.01953125
0 0.0203125 0.36328125 0.015625 0.01953125
0 0.01875 0.40234375 0.015625 0.01953125
0 0.0890625 0.421875 0.015625 0.01953125
0 0.03125 0.4765625 0.015625 0.01953125
0 0.0875 0.515625 0.015625 0.01953125
0 0.046875 0.568359375 0.015625 0.01953125
0 0.0328125 0.625 0.015625 0.01953125
0 0.040625 0.712890625 0.015625 0.01953125
0 0.05 0.765625 0.015625 0.01953125
0 0.08125 0.787109375 0.015625 0.01953125
0 0.196875 0.771484375 0.015625 0.01953125
0 0.021875 0.9765625 0.015625 0.01953125
0 0.2640625 0.822265625 0.015625 0.01953125
0 0.25625 0.861328125 0.015625 0.01953125
0 0.359375 0.810546875 0.015625 0.01953125
0 0.3015625 0.619140625 0.015625 0.01953125
0 0.1625 0.59375 0.015625 0.01953125
0 0.2625 0.384765625 0.015625 0.01953125
0 0.146875 0.419921875 0.015625 0.01953125
0 0.1484375 0.37109375 0.015625 0.01953125
0 0.5671875 0.701171875 0.015625 0.01953125
0 0.465625 0.83203125 0.015625 0.01953125
0 0.5609375 0.87890625 0.015625 0.01953125
0 0.7015625 0.853515625 0.015625 0.01953125
0 0.7546875 0.79296875 0.015625 0.01953125
0 0.6703125 0.65234375 0.015625 0.01953125
0 0.83125 0.953125 0.015625 0.01953125
