0 0.2578125 0.759765625 0.015625 0.01953125
0 0.503125 0.55078125 0.015625 0.01953125
0 0.3078125 0.48046875 0.015625 0.01953125
0 0.2171875 0.53125 0.015625 0.01953125
0 0.1796875 0.490234375 0.015625 0.01953125
0 0.1 0.51953125 0.015625 0.01953125
0 0.090625 0.484375 0.015625 0.01953125
0 0.0734375 0.44921875 0.015625 0.01953125
0 0.0734375 0.41796875 0.015625 0.01953125
0 0.0453125 0.4375 0.015625 0.01953125
0 0.040625 0.5 0.015625 0.01953125
0 0.04375 0.56640625 0.015625 0.01953125
0 0.04375 0.630859375 0.015625 0.01953125
0 0.0921875 0.572265625 0.015625 0.01953125
0 0.1234375 0.7421875 0.015625 0.01953125
0 0.15625 0.91796875 0.015625 0.01953125
0 0.0296875 0.93359375 0.015625 0.01953125
0 0.20625 0.96484375 0.015625 0.01953125
0 0.2265625 0.96484375 0.015625 0.01953125
0 0.3125 0.94140625 0.015625 0.01953125
0 0.4125 0.96875 0.015625 0.01953125
0 0.53125 0.83203125 0.015625 0.01953125
0 0.6328125 0.796875 0.015625 0.01953125
0 0.659375 0.96875 0.015625 0.01953125
0 0.715625 0.9296875 0.015625 0.01953125
0 0.8328125 0.88671875 0.015625 0.01953125
0 0.840625 0.783203125 0.015625 0.01953125
0 0.915625 0.71484375 0.015625 0.01953125
0 0.9625 0.66015625 0.015625 0.01953125
0 0.975 0.390625 0.015625 0.01953125
0 0.9625 0.318359375 0.015625 0.01953125
0 0.9640625 0.283203125 0.015625 0.01953125
0 0.98125 0.25 0.015625 0.01953125
0 0.9609375 0.193359375 0.015625 0.01953125
0 0.9453125 0.236328125 0.015625 0.01953125
0 0.9 0.2265625 0.015625 0.01953125
0 0.896875 0.265625 0.015625 0.01953125
0 0.8734375 0.296875 0.015625 0.01953125
0 0.83125 0.34375 0.015625 0.01953125
0 0.8171875 0.265625 0.015625 0.01953125
0 0.7671875 0.26171875 0.015625 0.01953125
0 0.75 0.287109375 0.015625 0.01953125
0 0.696875 0.265625 0.015625 0.01953125
0 0.7734375 0.435546875 0.015625 0.01953125
0 0.6796875 0.423828125 0.015625 0.01953125
0 0.6 0.373046875 0.015625 0.01953125
0 0.5421875 0.359375 0.015625 0.01953125
0 0.471875 0.3671875 0.015625 0.01953125
0 0.4421875 0.41015625 0.015625 0.01953125
0 0.34375 0.37890625 0.015625 0.01953125
0 0.3296875 0.416015625 0.015625 0.01953125
0 0.2609375 0.43359375 0.015625 0.01953125
0 0.259375 0.392578125 0.015625 0.01953125
0 0.2703125 0.373046875 0.015625 0.01953125
0 0.2484375 0.388671875 0.015625 0.01953125
0 0.215625 0.41796875 0.015625 0.01953125
