0 0.325 0.39453125 0.015625 0.01953125
0 0.23125 0.396484375 0.015625 0.01953125
0 0.15625 0.357421875 0.015625 0.01953125
0 0.2453125 0.232421875 0.015625 0.01953125
0 0.315625 0.236328125 0.015625 0.01953125
0 0.296875 0.265625 0.015625 0.01953125
0 0.296875 0.3125 0.015625 0.01953125
0 0.3640625 0.216796875 0.015625 0.01953125
0 0.4203125 0.271484375 0.015625 0.01953125
0 0.4375 0.240234375 0.015625 0.01953125
0 0.4375 0.203125 0.015625 0.01953125
0 0.5140625 0.212890625 0.015625 0.01953125
0 0.5359375 0.2109375 0.015625 0.01953125
0 0.51875 0.16015625 0.015625 0.01953125
0 0.578125 0.169921875 0.015625 0.01953125
0 0.5765625 0.232421875 0.015625 0.01953125
0 0.4921875 0.248046875 0.015625 0.01953125
0 0.5 0.2890625 0.015625 0.01953125
0 0.4578125 0.330078125 0.015625 0.01953125
0 0.3890625 0.310546875 0.015625 0.01953125
0 0.05 0.53515625 0.015625 0.01953125
0 0.0875 0.359375 0.015625 0.01953125
0 0.0921875 0.830078125 0.015625 0.01953125
0 0.1953125 0.771484375 0.015625 0.01953125
0 0.3 0.91015625 0.015625 0.01953125
0 0.2375 0.962890625 0.015625 0.01953125
0 0.4078125 0.859375 0.015625 0.01953125
0 0.4015625 0.75 0.015625 0.01953125
0 0.471875 0.68359375 0.015625 0.01953125
0 0.5046875 0.603515625 0.015625 0.01953125
0 0.5828125 0.501953125 0.015625 0.01953125
0 0.6921875 0.73828125 0.015625 0.01953125
0 0.6484375 0.794921875 0.015625 0.01953125
0 0.4421875 0.97265625 0.015625 0.01953125
0 0.6859375 0.833984375 0.015625 0.01953125
0 0.8875 0.9140625 0.015625 0.01953125
0 0.7046875 0.63671875 0.015625 0.01953125
0 0.6734375 0.625 0.015625 0.01953125
