0 0.2703125 0.5703125 0.015625 0.01953125
0 0.2765625 0.611328125 0.015625 0.01953125
0 0.2765625 0.64453125 0.015625 0.01953125
0 0.35 0.56640625 0.015625 0.01953125
0 0.3375 0.66796875 0.015625 0.01953125
0 0.3375 0.736328125 0.015625 0.01953125
0 0.3453125 0.787109375 0.015625 0.01953125
0 0.340625 0.8203125 0.015625 0.01953125
0 0.325 0.814453125 0.015625 0.01953125
0 0.325 0.859375 0.015625 0.01953125
0 0.23125 0.90625 0.015625 0.01953125
0 0.6875 0.75390625 0.015625 0.01953125
0 0.634375 0.701171875 0.015625 0.01953125
0 0.63125 0.642578125 0.015625 0.01953125
0 0.63125 0.5625 0.015625 0.01953125
0 0.7375 0.51953125 0.015625 0.01953125
0 0.7296875 0.486328125 0.015625 0.01953125
0 0.725 0.455078125 0.015625 0.01953125
0 0.7234375 0.39453125 0.015625 0.01953125
0 0.7953125 0.302734375 0.015625 0.01953125
0 0.88125 0.25390625 0.015625 0.01953125
0 0.8796875 0.296875 0.015625 0.01953125
0 0.9640625 0.205078125 0.015625 0.01953125
0 0.9421875 0.265625 0.015625 0.01953125
0 0.959375 0.3125 0.015625 0.01953125
0 0.934375 0.404296875 0.015625 0.01953125
0 0.89375 0.458984375 0.015625 0.01953125
0 0.86875 0.5234375 0.015625 0.01953125
0 0.86875 0.60546875 0.015625 0.01953125
0 0.853125 0.658203125 0.015625 0.01953125
0 0.890625 0.66796875 0.015625 0.01953125
0 0.896875 0.7265625 0.015625 0.01953125
0 0.7796875 0.861328125 0.015625 0.01953125
0 0.7140625 0.806640625 0.015625 0.01953125
0 0.903125 0.951171875 0.015625 0.01953125
0 0.5125 0.8515625 0.015625 0.01953125
0 0.4640625 0.673828125 0.015625 0.01953125
0 0.44375 0.625 0.015625 0.01953125
0 0.471875 0.564453125 0.015625 0.01953125
0 0.484375 0.533203125 0.015625 0.01953125
0 0.278125 0.44140625 0.015625 0.01953125
0 0.2078125 0.578125 0.015625 0.01953125
0 0.19375 0.529296875 0.015625 0.01953125
0 0.359375 0.8984375 0.015625 0.01953125
0 0.40625 0.97265625 0.015625 0.01953125
0 0.265625 0.6953125 0.015625 0.01953125
0 0.8734375 0.359375 0.015625 0.01953125
0 0.8046875 0.419921875 0.015625 0.01953125
0 0.9890625 0.34375 0.015625 0.01953125
0 0.9890625 0.263671875 0.015625 0.01953125
0 0.9890625 0.22265625 0.015625 0.01953125
0 0.9859375 0.544921875 0.015625 0.01953125
0 0.99375 0.705078125 0.015625 0.01953125
