0 0.3640625 0.63671875 0.015625 0.01953125
0 0.3 0.6015625 0.015625 0.01953125
0 0.2640625 0.583984375 0.015625 0.01953125
0 0.221875 0.515625 0.015625 0.01953125
0 0.1765625 0.455078125 0.015625 0.01953125
0 0.1625 0.375 0.015625 0.01953125
0 0.1609375 0.279296875 0.015625 0.01953125
0 0.1546875 0.201171875 0.015625 0.01953125
0 0.146875 0.173828125 0.015625 0.01953125
0 0.11875 0.013671875 0.015625 0.01953125
0 0.0953125 0.068359375 0.015625 0.01953125
0 0.06875 0.1328125 0.015625 0.01953125
0 0.0625 0.2109375 0.015625 0.01953125
0 0.0328125 0.275390625 0.015625 0.01953125
0 0.0234375 0.32421875 0.015625 0.01953125
0 0.0078125 0.353515625 0.015625 0.01953125
0 0.0328125 0.37890625 0.015625 0.01953125
0 0.0359375 0.404296875 0.015625 0.01953125
0 0.05 0.419921875 0.015625 0.01953125
0 0.1 0.373046875 0.015625 0.01953125
0 0.078125 0.318359375 0.015625 0.01953125
0 0.034375 0.478515625 0.015625 0.01953125
0 0.1109375 0.474609375 0.015625 0.01953125
0 0.1375 0.53515625 0.015625 0.01953125
0 0.1375 0.583984375 0.015625 0.01953125
0 0.1078125 0.7109375 0.015625 0.01953125
0 0.2125 0.646484375 0.015625 0.01953125
0 0.2390625 0.71875 0.015625 0.01953125
0 0.1625 0.818359375 0.015625 0.01953125
0 0.234375 0.85546875 0.015625 0.01953125
0 0.1796875 0.85546875 0.015625 0.01953125
0 0.1546875 0.98046875 0.015625 0.01953125
0 0.3 0.890625 0.015625 0.01953125
0 0.3015625 0.775390625 0.015625 0.01953125
0 0.3453125 0.80078125 0.015625 0.01953125
0 0.378125 0.78515625 0.015625 0.01953125
0 0.4328125 0.794921875 0.015625 0.01953125
0 0.3734375 0.908203125 0.015625 0.01953125
0 0.44375 0.931640625 0.015625 0.01953125
0 0.5015625 0.7890625 0.015625 0.01953125
0 0.56875 0.755859375 0.015625 0.01953125
0 0.6390625 0.712890625 0.015625 0.01953125
0 0.69375 0.6484375 0.015625 0.01953125
0 0.7390625 0.580078125 0.015625 0.01953125
0 0.76875 0.521484375 0.015625 0.01953125
0 0.7546875 0.4375 0.015625 0.01953125
0 0.7375 0.353515625 0.015625 0.01953125
0 0.665625 0.37109375 0.015625 0.01953125
0 0.6796875 0.4453125 0.015625 0.01953125
0 0.646875 0.505859375 0.015625 0.01953125
0 0.56875 0.544921875 0.015625 0.01953125
0 0.5171875 0.61328125 0.015625 0.01953125
0 0.44375 0.64453125 0.015625 0.01953125
0 0.4078125 0.46484375 0.015625 0.01953125
0 0.315625 0.51953125 0.015625 0.01953125
0 0.5640625 0.39453125 0.015625 0.01953125
0 0.5640625 0.318359375 0.015625 0.01953125
0 0.64375 0.224609375 0.015625 0.01953125
0 0.6296875 0.142578125 0.015625 0.01953125
0 0.6265625 0.0703125 0.015625 0.01953125
0 0.5625 0.02734375 0.015625 0.01953125
0 0.653125 0.056640625 0.015625 0.01953125
0 0.6625 0.052734375 0.015625 0.01953125
0 0.759375 0.12890625 0.015625 0.01953125
0 0.7703125 0.1796875 0.015625 0.01953125
0 0.7359375 0.240234375 0.015625 0.01953125
0 0.675 0.29296875 0.015625 0.01953125
0 0.728125 0.263671875 0.015625 0.01953125
0 0.85625 0.419921875 0.015625 0.01953125
0 0.89375 0.205078125 0.015625 0.01953125
0 0.884375 0.287109375 0.015625 0.01953125
0 0.915625 0.755859375 0.015625 0.01953125
0 0.7875 0.861328125 0.015625 0.01953125
0 0.7515625 0.91015625 0.015625 0.01953125
0 0.7046875 0.96484375 0.015625 0.01953125
0 0.8328125 0.90625 0.015625 0.01953125
0 0.884375 0.9375 0.015625 0.01953125
0 0.821875 0.818359375 0.015625 0.01953125
0 0.8671875 0.70703125 0.015625 0.01953125
0 0.8390625 0.63671875 0.015625 0.01953125
0 0.940625 0.6171875 0.015625 0.01953125
0 0.934375 0.56640625 0.015625 0.01953125
0 0.9546875 0.45703125 0.015625 0.01953125
0 0.928125 0.412109375 0.015625 0.01953125
0 0.9484375 0.345703125 0.015625 0.01953125
0 0.8703125 0.5625 0.015625 0.01953125
