0 0.2171875 0.185546875 0.015625 0.01953125
0 0.15 0.140625 0.015625 0.01953125
0 0.1890625 0.099609375 0.015625 0.01953125
0 0.103125 0.173828125 0.015625 0.01953125
0 0.0484375 0.25 0.015625 0.01953125
0 0.1 0.314453125 0.015625 0.01953125
0 0.134375 0.26171875 0.015625 0.01953125
0 0.0765625 0.361328125 0.015625 0.01953125
0 0.0609375 0.44921875 0.015625 0.01953125
0 0.0328125 0.517578125 0.015625 0.01953125
0 0.0296875 0.55078125 0.015625 0.01953125
0 0.0109375 0.576171875 0.015625 0.01953125
0 0.0359375 0.6328125 0.015625 0.01953125
0 0.0921875 0.59375 0.015625 0.01953125
0 0.0734375 0.544921875 0.015625 0.01953125
0 0.165625 0.517578125 0.015625 0.01953125
0 0.159375 0.404296875 0.015625 0.01953125
0 0.153125 0.58984375 0.015625 0.01953125
0 0.103125 0.69140625 0.015625 0.01953125
0 0.0359375 0.701171875 0.015625 0.01953125
0 0.134375 0.7578125 0.015625 0.01953125
0 0.178125 0.68359375 0.015625 0.01953125
0 0.215625 0.7421875 0.015625 0.01953125
0 0.134375 0.8125 0.015625 0.01953125
0 0.1984375 0.859375 0.015625 0.01953125
0 0.23125 0.9453125 0.015625 0.01953125
0 0.2984375 0.826171875 0.015625 0.01953125
0 0.26875 0.80859375 0.015625 0.01953125
0 0.3171875 0.7421875 0.015625 0.01953125
0 0.359375 0.86328125 0.015625 0.01953125
0 0.43125 0.869140625 0.015625 0.01953125
0 0.5046875 0.841796875 0.015625 0.01953125
0 0.403125 0.673828125 0.015625 0.01953125
0 0.575 0.763671875 0.015625 0.01953125
0 0.646875 0.73828125 0.015625 0.01953125
0 0.678125 0.66796875 0.015625 0.01953125
0 0.671875 0.59375 0.015625 0.01953125
0 0.5609375 0.611328125 0.015625 0.01953125
0 0.571875 0.54296875 0.015625 0.01953125
0 0.6828125 0.5234375 0.015625 0.01953125
0 0.6328125 0.447265625 0.015625 0.01953125
0 0.625 0.3671875 0.015625 0.01953125
0 0.6234375 0.28515625 0.015625 0.01953125
0 0.56875 0.263671875 0.015625 0.01953125
0 0.590625 0.23046875 0.015625 0.01953125
0 0.5578125 0.134765625 0.015625 0.01953125
0 0.528125 0.064453125 0.015625 0.01953125
0 0.5453125 0.017578125 0.015625 0.01953125
0 0.5078125 0.017578125 0.015625 0.01953125
0 0.4609375 0.0078125 0.015625 0.01953125
0 0.4078125 0.00390625 0.015625 0.01953125
0 0.353125 0.111328125 0.015625 0.01953125
0 0.275 0.150390625 0.015625 0.01953125
0 0.7734375 0.408203125 0.015625 0.01953125
0 0.765625 0.353515625 0.015625 0.01953125
0 0.84375 0.865234375 0.015625 0.01953125
0 0.865625 0.802734375 0.015625 0.01953125
0 0.9546875 0.779296875 0.015625 0.01953125
0 0.9296875 0.84765625 0.015625 0.01953125
0 0.88125 0.939453125 0.015625 0.01953125
0 0.828125 0.98046875 0.015625 0.01953125
0 0.690625 0.888671875 0.015625 0.01953125
0 0.6390625 0.939453125 0.015625 0.01953125
0 0.58125 0.96875 0.015625 0.01953125
0 0.74375 0.822265625 0.015625 0.01953125
0 0.784375 0.7578125 0.015625 0.01953125
0 0.7703125 0.66015625 0.015625 0.01953125
0 0.7421875 0.57421875 0.015625 0.01953125
0 0.89375 0.443359375 0.015625 0.01953125
0 0.953125 0.587890625 0.015625 0.01953125
