0 0.2625 0.4921875 0.015625 0.01953125
0 0.2203125 0.54296875 0.015625 0.01953125
0 0.178125 0.56640625 0.015625 0.01953125
0 0.1203125 0.634765625 0.015625 0.01953125
0 0.1609375 0.69921875 0.015625 0.01953125
0 0.121875 0.755859375 0.015625 0.01953125
0 0.1109375 0.826171875 0.015625 0.01953125
0 0.0890625 0.888671875 0.015625 0.01953125
0 0.0421875 0.861328125 0.015625 0.01953125
0 0.0734375 0.931640625 0.015625 0.01953125
0 0.0515625 0.990234375 0.015625 0.01953125
0 0.1265625 0.9296875 0.015625 0.01953125
0 0.1296875 0.947265625 0.015625 0.01953125
0 0.1328125 0.982421875 0.015625 0.01953125
0 0.203125 0.9921875 0.015625 0.01953125
0 0.2125 0.896484375 0.015625 0.01953125
0 0.2203125 0.8125 0.015625 0.01953125
0 0.2125 0.783203125 0.015625 0.01953125
0 0.19375 0.642578125 0.015625 0.01953125
0 0.2875 0.57421875 0.015625 0.01953125
0 0.340625 0.552734375 0.015625 0.01953125
0 0.409375 0.517578125 0.015625 0.01953125
0 0.353125 0.375 0.015625 0.01953125
0 0.2953125 0.38671875 0.015625 0.01953125
0 0.25 0.3515625 0.015625 0.01953125
0 0.2328125 0.2890625 0.015625 0.01953125
0 0.2515625 0.259765625 0.015625 0.01953125
0 0.3421875 0.287109375 0.015625 0.01953125
0 0.39375 0.271484375 0.015625 0.01953125
0 0.4125 0.361328125 0.015625 0.01953125
0 0.4828125 0.412109375 0.015625 0.01953125
0 0.5265625 0.40234375 0.015625 0.01953125
0 0.5234375 0.3359375 0.015625 0.01953125
0 0.475 0.306640625 0.015625 0.01953125
0 0.4609375 0.287109375 0.015625 0.01953125
0 0.4515625 0.25390625 0.015625 0.01953125
0 0.4046875 0.197265625 0.015625 0.01953125
0 0.2953125 0.224609375 0.015625 0.01953125
0 0.571875 0.423828125 0.015625 0.01953125
0 0.6125 0.4296875 0.015625 0.01953125
0 0.5859375 0.466796875 0.015625 0.01953125
0 0.615625 0.54296875 0.015625 0.01953125
0 0.596875 0.560546875 0.015625 0.01953125
0 0.596875 0.595703125 0.015625 0.01953125
0 0.6234375 0.66796875 0.015625 0.01953125
0 0.6890625 0.7109375 0.015625 0.01953125
0 0.740625 0.689453125 0.015625 0.01953125
0 0.6828125 0.767578125 0.015625 0.01953125
0 0.6953125 0.861328125 0.015625 0.01953125
0 0.6203125 0.955078125 0.015625 0.01953125
0 0.7359375 0.951171875 0.015625 0.01953125
0 0.7625 0.861328125 0.015625 0.01953125
0 0.83125 0.83984375 0.015625 0.01953125
0 0.8171875 0.783203125 0.015625 0.01953125
0 0.79375 0.900390625 0.015625 0.01953125
0 0.94375 0.958984375 0.015625 0.01953125
0 0.9578125 0.865234375 0.015625 0.01953125
0 0.815625 0.65234375 0.015625 0.01953125
