0 0.5515625 0.6796875 0.015625 0.01953125
0 0.5234375 0.580078125 0.015625 0.01953125
0 0.1125 0.751953125 0.015625 0.01953125
0 0.0453125 0.65625 0.015625 0.01953125
0 0.1875 0.833984375 0.015625 0.01953125
0 0.1234375 0.87109375 0.015625 0.01953125
0 0.0578125 0.916015625 0.015625 0.01953125
0 0.01875 0.861328125 0.015625 0.01953125
0 0.24375 0.990234375 0.015625 0.01953125
0 0.190625 0.962890625 0.015625 0.01953125
0 0.353125 0.935546875 0.015625 0.01953125
0 0.5125 0.814453125 0.015625 0.01953125
0 0.534375 0.814453125 0.015625 0.01953125
0 0.528125 0.923828125 0.015625 0.01953125
0 0.5796875 0.9375 0.015625 0.01953125
0 0.6015625 0.8203125 0.015625 0.01953125
0 0.6625 0.751953125 0.015625 0.01953125
0 0.5703125 0.779296875 0.015625 0.01953125
0 0.721875 0.806640625 0.015625 0.01953125
0 0.7921875 0.794921875 0.015625 0.01953125
0 0.7921875 0.7109375 0.015625 0.01953125
0 0.765625 0.88671875 0.015625 0.01953125
0 0.7375 0.955078125 0.015625 0.01953125
0 0.8546875 0.9375 0.015625 0.01953125
0 0.8625 0.84765625 0.015625 0.01953125
0 0.8890625 0.7734375 0.015625 0.01953125
0 0.878125 0.68359375 0.015625 0.01953125
0 0.8734375 0.599609375 0.015625 0.01953125
0 0.8578125 0.544921875 0.015625 0.01953125
0 0.8 0.46875 0.015625 0.01953125
0 0.8921875 0.49609375 0.015625 0.01953125
0 0.809375 0.396484375 0.015625 0.01953125
0 0.7953125 0.291015625 0.015625 0.01953125
0 0.890625 0.4375 0.015625 0.01953125
0 0.98125 0.689453125 0.015625 0.01953125
0 0.9671875 0.630859375 0.015625 0.01953125
0 0.953125 0.845703125 0.015625 0.01953125
0 0.5390625 0.31640625 0.015625 0.01953125
0 0.496875 0.3828125 0.015625 0.01953125
0 0.46875 0.283203125 0.015625 0.01953125
0 0.3328125 0.142578125 0.015625 0.01953125
0 0.284375 0.001953125 0.015625 0.01953125
0 0.2765625 0.068359375 0.015625 0.01953125
0 0.228125 0.005859375 0.015625 0.01953125
0 0.1765625 0.0390625 0.015625 0.01953125
0 0.1203125 0.0546875 0.015625 0.01953125
0 0.021875 0.037109375 0.015625 0.01953125
0 0.09375 0.234375 0.015625 0.01953125
0 0.0359375 0.314453125 0.015625 0.01953125
0 0.7125 0.537109375 0.015625 0.01953125
0 0.7546875 0.603515625 0.015625 0.01953125
0 0.6671875 0.65625 0.015625 0.01953125
0 0.6328125 0.580078125 0.015625 0.01953125
0 0.6140625 0.505859375 0.015625 0.01953125
0 0.6375 0.455078125 0.015625 0.01953125
0 0.54375 0.447265625 0.015625 0.01953125
0 0.5828125 0.427734375 0.015625 0.01953125
0 0.415625 0.833984375 0.015625 0.01953125
