0 0.2328125 0.826171875 0.015625 0.01953125
0 0.2796875 0.865234375 0.015625 0.01953125
0 0.253125 0.916015625 0.015625 0.01953125
0 0.253125 0.966796875 0.015625 0.01953125
0 0.3140625 0.90234375 0.015625 0.01953125
0 0.3375 0.96875 0.015625 0.01953125
0 0.4046875 0.978515625 0.015625 0.01953125
0 0.475 0.98046875 0.015625 0.01953125
0 0.4296875 0.857421875 0.015625 0.01953125
0 0.415625 0.74609375 0.015625 0.01953125
0 0.3125 0.7890625 0.015625 0.01953125
0 0.31875 0.697265625 0.015625 0.01953125
0 0.3453125 0.615234375 0.015625 0.01953125
0 0.2953125 0.537109375 0.015625 0.01953125
0 0.3546875 0.45703125 0.015625 0.01953125
0 0.4140625 0.43359375 0.015625 0.01953125
0 0.3875 0.533203125 0.015625 0.01953125
0 0.4578125 0.484375 0.015625 0.01953125
0 0.5203125 0.4453125 0.015625 0.01953125
0 0.6 0.3984375 0.015625 0.01953125
0 0.459375 0.400390625 0.015625 0.01953125
0 0.484375 0.265625 0.015625 0.01953125
0 0.5359375 0.23046875 0.015625 0.01953125
0 0.6078125 0.21484375 0.015625 0.01953125
0 0.690625 0.1328125 0.015625 0.01953125
0 0.596875 0.10546875 0.015625 0.01953125
0 0.546875 0.103515625 0.015625 0.01953125
0 0.4640625 0.08203125 0.015625 0.01953125
0 0.453125 0.130859375 0.015625 0.01953125
0 0.415625 0.134765625 0.015625 0.01953125
0 0.4140625 0.1796875 0.015625 0.01953125
0 0.8125 0.34765625 0.015625 0.01953125
0 0.7921875 0.275390625 0.015625 0.01953125
0 0.74375 0.27734375 0.015625 0.01953125
0 0.6828125 0.28125 0.015625 0.01953125
0 0.728125 0.189453125 0.015625 0.01953125
0 0.6546875 0.05859375 0.015625 0.01953125
0 0.846875 0.30078125 0.015625 0.01953125
0 0.846875 0.435546875 0.015625 0.01953125
0 0.91875 0.640625 0.015625 0.01953125
0 0.9203125 0.75390625 0.015625 0.01953125
0 0.9328125 0.837890625 0.015625 0.01953125
0 0.98125 0.716796875 0.015625 0.01953125
0 0.86875 0.953125 0.015625 0.01953125
0 0.6546875 0.791015625 0.015625 0.01953125
0 0.9890625 0.88671875 0.015625 0.01953125
0 0.9859375 0.849609375 0.015625 0.01953125
0 0.9921875 0.9375 0.015625 0.01953125
