0 0.3203125 0.6875 0.015625 0.01953125
0 0.221875 0.5703125 0.015625 0.01953125
0 0.1 0.482421875 0.015625 0.01953125
0 0.078125 0.458984375 0.015625 0.01953125
0 0.45625 0.7890625 0.015625 0.01953125
0 0.4515625 0.71875 0.015625 0.01953125
0 0.509375 0.697265625 0.015625 0.01953125
0 0.46875 0.64453125 0.015625 0.01953125
0 0.4828125 0.578125 0.015625 0.01953125
0 0.4546875 0.529296875 0.015625 0.01953125
0 0.4328125 0.49609375 0.015625 0.01953125
0 0.53125 0.42578125 0.015625 0.01953125
0 0.6859375 0.673828125 0.015625 0.01953125
0 0.63125 0.650390625 0.015625 0.01953125
0 0.5859375 0.7421875 0.015625 0.01953125
0 0.553125 0.603515625 0.015625 0.01953125
0 0.6234375 0.51953125 0.015625 0.01953125
0 0.584375 0.498046875 0.015625 0.01953125
0 0.653125 0.548828125 0.015625 0.01953125
0 0.703125 0.546875 0.015625 0.01953125
0 0.7734375 0.5390625 0.015625 0.01953125
0 0.846875 0.53515625 0.015625 0.01953125
0 0.9328125 0.501953125 0.015625 0.01953125
0 0.934375 0.40234375 0.015625 0.01953125
0 0.8125 0.35546875 0.015625 0.01953125
0 0.725 0.373046875 0.015625 0.01953125
0 0.6609375 0.3515625 0.015625 0.01953125
0 0.56875 0.271484375 0.015625 0.01953125
0 0.4953125 0.31640625 0.015625 0.01953125
0 0.4109375 0.234375 0.015625 0.01953125
0 0.434375 0.17578125 0.015625 0.01953125
0 0.40625 0.103515625 0.015625 0.01953125
0 0.3296875 0.087890625 0.015625 0.01953125
0 0.3375 0.017578125 0.015625 0.01953125
0 0.5421875 0.0078125 0.015625 0.01953125
0 0.484375 0.109375 0.015625 0.01953125
0 0.521875 0.177734375 0.015625 0.01953125
0 0.6140625 0.203125 0.015625 0.01953125
0 0.728125 0.1640625 0.015625 0.01953125
0 0.6125 0.21875 0.015625 0.01953125
0 0.8328125 0.2265625 0.015625 0.01953125
0 0.8140625 0.2265625 0.015625 0.01953125
0 0.9078125 0.126953125 0.015625 0.01953125
0 0.86875 0.236328125 0.015625 0.01953125
0 0.9 0.28125 0.015625 0.01953125
0 0.878125 0.294921875 0.015625 0.01953125
0 0.84375 0.29296875 0.015625 0.01953125
0 0.834375 0.29296875 0.015625 0.01953125
0 0.96875 0.279296875 0.015625 0.01953125
0 0.9765625 0.267578125 0.015625 0.01953125
0 0.81875 0.6875 0.015625 0.01953125
0 0.8640625 0.6640625 0.015625 0.01953125
0 0.9140625 0.654296875 0.015625 0.01953125
0 0.984375 0.626953125 0.015625 0.01953125
0 0.771875 0.712890625 0.015625 0.01953125
0 0.875 0.806640625 0.015625 0.01953125
0 0.93125 0.8203125 0.015625 0.01953125
0 0.7875 0.8515625 0.015625 0.01953125
0 0.7359375 0.826171875 0.015625 0.01953125
0 0.7046875 0.8125 0.015625 0.01953125
0 0.684375 0.88671875 0.015625 0.01953125
0 0.6484375 0.873046875 0.015625 0.01953125
0 0.6265625 0.78515625 0.015625 0.01953125
0 0.5609375 0.8125 0.015625 0.01953125
0 0.915625 0.93359375 0.015625 0.01953125
0 0.925 0.8984375 0.015625 0.01953125
0 0.8265625 0.91015625 0.015625 0.01953125
0 0.9484375 0.95703125 0.015625 0.01953125
0 0.54375 0.912109375 0.015625 0.01953125
0 0.4640625 0.84765625 0.015625 0.01953125
0 0.3796875 0.78125 0.015625 0.01953125
0 0.3046875 0.716796875 0.015625 0.01953125
