0 0.4359375 0.794921875 0.015625 0.01953125
0 0.390625 0.81640625 0.015625 0.01953125
0 0.39375 0.7421875 0.015625 0.01953125
0 0.353125 0.6484375 0.015625 0.01953125
0 0.3015625 0.705078125 0.015625 0.01953125
0 0.2890625 0.6328125 0.015625 0.01953125
0 0.2984375 0.58984375 0.015625 0.01953125
0 0.3234375 0.51171875 0.015625 0.01953125
0 0.365625 0.46484375 0.015625 0.01953125
0 0.4078125 0.421875 0.015625 0.01953125
0 0.4734375 0.3671875 0.015625 0.01953125
0 0.5203125 0.306640625 0.015625 0.01953125
0 0.5125 0.267578125 0.015625 0.01953125
0 0.45 0.21484375 0.015625 0.01953125
0 0.4234375 0.150390625 0.015625 0.01953125
0 0.34375 0.201171875 0.015625 0.01953125
0 0.31875 0.1953125 0.015625 0.01953125
0 0.3078125 0.236328125 0.015625 0.01953125
0 0.3609375 0.26171875 0.015625 0.01953125
0 0.4046875 0.2578125 0.015625 0.01953125
0 0.3609375 0.390625 0.015625 0.01953125
0 0.3296875 0.419921875 0.015625 0.01953125
0 0.2890625 0.4453125 0.015625 0.01953125
0 0.2625 0.521484375 0.015625 0.01953125
0 0.24375 0.736328125 0.015625 0.01953125
0 0.2796875 0.751953125 0.015625 0.01953125
0 0.2765625 0.794921875 0.015625 0.01953125
0 0.3125 0.765625 0.015625 0.01953125
0 0.334375 0.833984375 0.015625 0.01953125
0 0.3015625 0.865234375 0.015625 0.01953125
0 0.2671875 0.83984375 0.015625 0.01953125
0 0.3 0.919921875 0.015625 0.01953125
0 0.3578125 0.904296875 0.015625 0.01953125
0 0.36875 0.94140625 0.015625 0.01953125
0 0.4109375 0.900390625 0.015625 0.01953125
0 0.446875 0.939453125 0.015625 0.01953125
0 0.4921875 0.974609375 0.015625 0.01953125
0 0.5171875 0.9296875 0.015625 0.01953125
0 0.56875 0.978515625 0.015625 0.01953125
0 0.578125 0.869140625 0.015625 0.01953125
0 0.6984375 0.802734375 0.015625 0.01953125
0 0.6984375 0.724609375 0.015625 0.01953125
0 0.7265625 0.638671875 0.015625 0.01953125
0 0.7171875 0.580078125 0.015625 0.01953125
0 0.6984375 0.498046875 0.015625 0.01953125
0 0.640625 0.3671875 0.015625 0.01953125
0 0.5953125 0.298828125 0.015625 0.01953125
0 0.5921875 0.244140625 0.015625 0.01953125
0 0.546875 0.25 0.015625 0.01953125
0 0.5375 0.185546875 0.015625 0.01953125
0 0.5015625 0.154296875 0.015625 0.01953125
0 0.4625 0.095703125 0.015625 0.01953125
0 0.828125 0.744140625 0.015625 0.01953125
0 0.7765625 0.70703125 0.015625 0.01953125
0 0.775 0.771484375 0.015625 0.01953125
0 0.784375 0.80859375 0.015625 0.01953125
0 0.7703125 0.880859375 0.015625 0.01953125
0 0.709375 0.91015625 0.015625 0.01953125
0 0.6734375 0.984375 0.015625 0.01953125
0 0.8640625 0.88671875 0.015625 0.01953125
0 0.8484375 0.791015625 0.015625 0.01953125
0 0.8484375 0.826171875 0.015625 0.01953125
0 0.9234375 0.95703125 0.015625 0.01953125
0 0.9484375 0.849609375 0.015625 0.01953125
0 0.94375 0.80078125 0.015625 0.01953125
0 0.9359375 0.763671875 0.015625 0.01953125
0 0.934375 0.6640625 0.015625 0.01953125
0 0.7484375 0.529296875 0.015625 0.01953125
0 0.8296875 0.5703125 0.015625 0.01953125
