0 0.61875 0.361328125 0.015625 0.01953125
0 0.58125 0.306640625 0.015625 0.01953125
0 0.5671875 0.251953125 0.015625 0.01953125
0 0.5234375 0.255859375 0.015625 0.01953125
0 0.5203125 0.205078125 0.015625 0.01953125
0 0.478125 0.169921875 0.015625 0.01953125
0 0.4421875 0.111328125 0.015625 0.01953125
0 0.3953125 0.142578125 0.015625 0.01953125
0 0.3546875 0.1484375 0.015625 0.01953125
0 0.3296875 0.21484375 0.015625 0.01953125
0 0.2921875 0.205078125 0.015625 0.01953125
0 0.29375 0.2421875 0.015625 0.01953125
0 0.3375 0.287109375 0.015625 0.01953125
0 0.38125 0.263671875 0.015625 0.01953125
0 0.425 0.220703125 0.015625 0.01953125
0 0.4890625 0.259765625 0.015625 0.01953125
0 0.4640625 0.3125 0.015625 0.01953125
0 0.4390625 0.37109375 0.015625 0.01953125
0 0.390625 0.42578125 0.015625 0.01953125
0 0.340625 0.39453125 0.015625 0.01953125
0 0.309375 0.419921875 0.015625 0.01953125
0 0.2734375 0.45703125 0.015625 0.01953125
0 0.2484375 0.529296875 0.015625 0.01953125
0 0.35 0.470703125 0.015625 0.01953125
0 0.3046875 0.521484375 0.015625 0.01953125
0 0.2921875 0.599609375 0.015625 0.01953125
0 0.278125 0.650390625 0.015625 0.01953125
0 0.29375 0.708984375 0.015625 0.01953125
0 0.265625 0.7734375 0.015625 0.01953125
0 0.2375 0.751953125 0.015625 0.01953125
0 0.2625 0.802734375 0.015625 0.01953125
0 0.25625 0.85546875 0.015625 0.01953125
0 0.296875 0.880859375 0.015625 0.01953125
0 0.29375 0.9296875 0.015625 0.01953125
0 0.3484375 0.91796875 0.015625 0.01953125
0 0.375 0.96875 0.015625 0.01953125
0 0.4015625 0.8984375 0.015625 0.01953125
0 0.38125 0.82421875 0.015625 0.01953125
0 0.321875 0.833984375 0.015625 0.01953125
0 0.309375 0.791015625 0.015625 0.01953125
0 0.3859375 0.734375 0.015625 0.01953125
0 0.353125 0.662109375 0.015625 0.01953125
0 0.428125 0.806640625 0.015625 0.01953125
0 0.44375 0.947265625 0.015625 0.01953125
0 0.509375 0.92578125 0.015625 0.01953125
0 0.484375 0.984375 0.015625 0.01953125
0 0.5671875 0.986328125 0.015625 0.01953125
0 0.665625 0.98046875 0.015625 0.01953125
0 0.5640625 0.869140625 0.015625 0.01953125
0 0.6765625 0.802734375 0.015625 0.01953125
0 0.6734375 0.724609375 0.015625 0.01953125
0 0.709375 0.625 0.015625 0.01953125
0 0.7 0.56640625 0.015625 0.01953125
0 0.684375 0.49609375 0.015625 0.01953125
0 0.75625 0.697265625 0.015625 0.01953125
0 0.75625 0.751953125 0.015625 0.01953125
0 0.75625 0.81640625 0.015625 0.01953125
0 0.7546875 0.884765625 0.015625 0.01953125
0 0.7046875 0.90234375 0.015625 0.01953125
0 0.80625 0.732421875 0.015625 0.01953125
0 0.8359375 0.794921875 0.015625 0.01953125
0 0.846875 0.875 0.015625 0.01953125
0 0.9125 0.88671875 0.015625 0.01953125
0 0.9140625 0.953125 0.015625 0.01953125
0 0.93125 0.814453125 0.015625 0.01953125
0 0.93125 0.76953125 0.015625 0.01953125
0 0.9546875 0.748046875 0.015625 0.01953125
0 0.93125 0.705078125 0.015625 0.01953125
0 0.915625 0.5703125 0.015625 0.01953125
0 0.9890625 0.8125 0.015625 0.01953125
0 0.9859375 0.859375 0.015625 0.01953125
0 0.9859375 0.88671875 0.015625 0.01953125
0 0.9453125 0.908203125 0.015625 0.01953125
0 0.9921875 0.66015625 0.015625 0.01953125
