0 0.9109375 0.599609375 0.015625 0.01953125
0 0.9109375 0.580078125 0.015625 0.01953125
0 0.9078125 0.57421875 0.015625 0.01953125
0 0.88125 0.609375 0.015625 0.01953125
0 0.859375 0.6171875 0.015625 0.01953125
0 0.8265625 0.6015625 0.015625 0.01953125
0 0.8234375 0.51953125 0.015625 0.01953125
0 0.88125 0.640625 0.015625 0.01953125
0 0.8859375 0.6796875 0.015625 0.01953125
0 0.859375 0.712890625 0.015625 0.01953125
0 0.859375 0.755859375 0.015625 0.01953125
0 0.859375 0.798828125 0.015625 0.01953125
0 0.85625 0.833984375 0.015625 0.01953125
0 0.85 0.869140625 0.015625 0.01953125
0 0.8484375 0.90625 0.015625 0.01953125
0 0.8484375 0.943359375 0.015625 0.01953125
0 0.8515625 0.97265625 0.015625 0.01953125
0 0.784375 0.98046875 0.015625 0.01953125
0 0.7625 0.95703125 0.015625 0.01953125
0 0.790625 0.8984375 0.015625 0.01953125
0 0.79375 0.8359375 0.015625 0.01953125
0 0.9171875 0.7890625 0.015625 0.01953125
0 0.91875 0.716796875 0.015625 0.01953125
0 0.8984375 0.787109375 0.015625 0.01953125
0 0.8984375 0.849609375 0.015625 0.01953125
0 0.8890625 0.92578125 0.015625 0.01953125
0 0.9546875 0.86328125 0.015625 0.01953125
0 0.94375 0.65234375 0.015625 0.01953125
0 0.9375 0.6171875 0.015625 0.01953125
0 0.94375 0.966796875 0.015625 0.01953125
0 0.928125 0.9375 0.015625 0.01953125
0 0.9546875 0.91015625 0.015625 0.01953125
0 0.628125 0.59375 0.015625 0.01953125
0 0.6140625 0.533203125 0.015625 0.01953125
0 0.6171875 0.701171875 0.015625 0.01953125
0 0.6203125 0.7734375 0.015625 0.01953125
0 0.690625 0.7109375 0.015625 0.01953125
0 0.6796875 0.6484375 0.015625 0.01953125
0 0.734375 0.66796875 0.015625 0.01953125
0 0.74375 0.693359375 0.015625 0.01953125
0 0.7734375 0.720703125 0.015625 0.01953125
0 0.771875 0.748046875 0.015625 0.01953125
0 0.765625 0.76171875 0.015625 0.01953125
0 0.6875 0.84765625 0.015625 0.01953125
0 0.6609375 0.87890625 0.015625 0.01953125
0 0.625 0.947265625 0.015625 0.01953125
0 0.5421875 0.96484375 0.015625 0.01953125
0 0.465625 0.9296875 0.015625 0.01953125
0 0.5140625 0.86328125 0.015625 0.01953125
0 0.3671875 0.826171875 0.015625 0.01953125
0 0.31875 0.771484375 0.015625 0.01953125
0 0.28125 0.701171875 0.015625 0.01953125
0 0.2265625 0.759765625 0.015625 0.01953125
0 0.2015625 0.693359375 0.015625 0.01953125
0 0.203125 0.62890625 0.015625 0.01953125
0 0.2234375 0.568359375 0.015625 0.01953125
0 0.25625 0.50390625 0.015625 0.01953125
0 0.2125 0.4609375 0.015625 0.01953125
0 0.165625 0.49609375 0.015625 0.01953125
0 0.1546875 0.578125 0.015625 0.01953125
0 0.246875 0.439453125 0.015625 0.01953125
0 0.2203125 0.31640625 0.015625 0.01953125
0 0.165625 0.279296875 0.015625 0.01953125
0 0.1703125 0.240234375 0.015625 0.01953125
0 0.2 0.248046875 0.015625 0.01953125
0 0.2703125 0.171875 0.015625 0.01953125
0 0.30625 0.107421875 0.015625 0.01953125
0 0.3421875 0.173828125 0.015625 0.01953125
0 0.30625 0.244140625 0.015625 0.01953125
0 0.259375 0.29296875 0.015625 0.01953125
0 0.3859375 0.1953125 0.015625 0.01953125
0 0.4078125 0.2578125 0.015625 0.01953125
0 0.375 0.283203125 0.015625 0.01953125
0 0.3375 0.333984375 0.015625 0.01953125
0 0.3484375 0.390625 0.015625 0.01953125
0 0.2984375 0.451171875 0.015625 0.01953125
0 0.4734375 0.294921875 0.015625 0.01953125
0 0.4546875 0.25 0.015625 0.01953125
0 0.5078125 0.3515625 0.015625 0.01953125
0 0.5984375 0.47265625 0.015625 0.01953125
0 0.65 0.501953125 0.015625 0.01953125
0 0.31875 0.849609375 0.015625 0.01953125
0 0.3453125 0.927734375 0.015625 0.01953125
0 0.39375 0.9609375 0.015625 0.01953125
0 0.446875 0.9921875 0.015625 0.01953125
0 0.3 0.953125 0.015625 0.01953125
0 0.3265625 0.98828125 0.015625 0.01953125
0 0.2515625 0.9765625 0.015625 0.01953125
0 0.234375 0.8984375 0.015625 0.01953125
0 0.2734375 0.873046875 0.015625 0.01953125
0 0.2421875 0.830078125 0.015625 0.01953125
0 0.2046875 0.845703125 0.015625 0.01953125
0 0.2046875 0.806640625 0.015625 0.01953125
0 0.1671875 0.791015625 0.015625 0.01953125
0 0.2109375 0.900390625 0.015625 0.01953125
