0 0.1921875 0.265625 0.015625 0.01953125
0 0.15625 0.27734375 0.015625 0.01953125
0 0.15625 0.244140625 0.015625 0.01953125
0 0.1734375 0.1953125 0.015625 0.01953125
0 0.2578125 0.177734375 0.015625 0.01953125
0 0.2890625 0.115234375 0.015625 0.01953125
0 0.3359375 0.171875 0.015625 0.01953125
0 0.2890625 0.2421875 0.015625 0.01953125
0 0.2515625 0.296875 0.015625 0.01953125
0 0.2046875 0.314453125 0.015625 0.01953125
0 0.3640625 0.275390625 0.015625 0.01953125
0 0.39375 0.25390625 0.015625 0.01953125
0 0.378125 0.19921875 0.015625 0.01953125
0 0.4390625 0.2421875 0.015625 0.01953125
0 0.4625 0.302734375 0.015625 0.01953125
0 0.3171875 0.34375 0.015625 0.01953125
0 0.33125 0.390625 0.015625 0.01953125
0 0.5 0.3515625 0.015625 0.01953125
0 0.2921875 0.4609375 0.015625 0.01953125
0 0.2375 0.431640625 0.015625 0.01953125
0 0.196875 0.46875 0.015625 0.01953125
0 0.171875 0.501953125 0.015625 0.01953125
0 0.15 0.580078125 0.015625 0.01953125
0 0.2453125 0.505859375 0.015625 0.01953125
0 0.2109375 0.5703125 0.015625 0.01953125
0 0.2078125 0.630859375 0.015625 0.01953125
0 0.2078125 0.69140625 0.015625 0.01953125
0 0.2078125 0.767578125 0.015625 0.01953125
0 0.19375 0.814453125 0.015625 0.01953125
0 0.1671875 0.80859375 0.015625 0.01953125
0 0.2 0.86328125 0.015625 0.01953125
0 0.2015625 0.9140625 0.015625 0.01953125
0 0.2375 0.9296875 0.015625 0.01953125
0 0.25625 0.984375 0.015625 0.01953125
0 0.29375 0.94921875 0.015625 0.01953125
0 0.3453125 0.923828125 0.015625 0.01953125
0 0.2703125 0.87890625 0.015625 0.01953125
0 0.234375 0.83984375 0.015625 0.01953125
0 0.3078125 0.775390625 0.015625 0.01953125
0 0.2734375 0.697265625 0.015625 0.01953125
0 0.3125 0.853515625 0.015625 0.01953125
0 0.3640625 0.82421875 0.015625 0.01953125
0 0.396875 0.95703125 0.015625 0.01953125
0 0.334375 0.990234375 0.015625 0.01953125
0 0.446875 0.93359375 0.015625 0.01953125
0 0.4453125 0.982421875 0.015625 0.01953125
0 0.5625 0.97265625 0.015625 0.01953125
0 0.6109375 0.953125 0.015625 0.01953125
0 0.51875 0.8671875 0.015625 0.01953125
0 0.6125 0.783203125 0.015625 0.01953125
0 0.60625 0.705078125 0.015625 0.01953125
0 0.625 0.603515625 0.015625 0.01953125
0 0.609375 0.5390625 0.015625 0.01953125
0 0.5890625 0.46875 0.015625 0.01953125
0 0.640625 0.5 0.015625 0.01953125
0 0.6765625 0.650390625 0.015625 0.01953125
0 0.6890625 0.716796875 0.015625 0.01953125
0 0.703125 0.771484375 0.015625 0.01953125
0 0.69375 0.8359375 0.015625 0.01953125
0 0.65 0.880859375 0.015625 0.01953125
0 0.7546875 0.736328125 0.015625 0.01953125
0 0.7421875 0.6875 0.015625 0.01953125
0 0.784375 0.82421875 0.015625 0.01953125
0 0.778125 0.869140625 0.015625 0.01953125
0 0.7515625 0.9375 0.015625 0.01953125
0 0.7265625 0.98828125 0.015625 0.01953125
0 0.85625 0.966796875 0.015625 0.01953125
0 0.890625 0.93359375 0.015625 0.01953125
0 0.8875 0.828125 0.015625 0.01953125
0 0.8546875 0.82421875 0.015625 0.01953125
0 0.8484375 0.748046875 0.015625 0.01953125
0 0.85 0.705078125 0.015625 0.01953125
0 0.828125 0.599609375 0.015625 0.01953125
0 0.8546875 0.603515625 0.015625 0.01953125
0 0.875 0.59375 0.015625 0.01953125
0 0.89375 0.591796875 0.015625 0.01953125
0 0.896875 0.6015625 0.015625 0.01953125
0 0.9125 0.57421875 0.015625 0.01953125
0 0.890625 0.5703125 0.015625 0.01953125
0 0.8140625 0.50390625 0.015625 0.01953125
0 0.909375 0.712890625 0.015625 0.01953125
0 0.9109375 0.77734375 0.015625 0.01953125
0 0.940625 0.841796875 0.015625 0.01953125
0 0.94375 0.90234375 0.015625 0.01953125
0 0.940625 0.951171875 0.015625 0.01953125
0 0.9171875 0.931640625 0.015625 0.01953125
0 0.9421875 0.798828125 0.015625 0.01953125
0 0.9390625 0.650390625 0.015625 0.01953125
0 0.9265625 0.61328125 0.015625 0.01953125
0 0.8578125 0.861328125 0.015625 0.01953125
0 0.79375 0.974609375 0.015625 0.01953125
