0 0.271875 0.6953125 0.015625 0.01953125
0 0.190625 0.6953125 0.015625 0.01953125
0 0.1984375 0.62890625 0.015625 0.01953125
0 0.209375 0.5625 0.015625 0.01953125
0 0.246875 0.5 0.015625 0.01953125
0 0.196875 0.47265625 0.015625 0.01953125
0 0.225 0.435546875 0.015625 0.01953125
0 0.209375 0.318359375 0.015625 0.01953125
0 0.1515625 0.27734375 0.015625 0.01953125
0 0.1546875 0.24609375 0.015625 0.01953125
0 0.1875 0.25 0.015625 0.01953125
0 0.2546875 0.177734375 0.015625 0.01953125
0 0.1765625 0.1875 0.015625 0.01953125
0 0.2859375 0.12109375 0.015625 0.01953125
0 0.328125 0.173828125 0.015625 0.01953125
0 0.290625 0.248046875 0.015625 0.01953125
0 0.2484375 0.29296875 0.015625 0.01953125
0 0.3578125 0.27734375 0.015625 0.01953125
0 0.3015625 0.3515625 0.015625 0.01953125
0 0.3328125 0.3984375 0.015625 0.01953125
0 0.3828125 0.2578125 0.015625 0.01953125
0 0.375 0.19921875 0.015625 0.01953125
0 0.4296875 0.24609375 0.015625 0.01953125
0 0.4546875 0.30859375 0.015625 0.01953125
0 0.284375 0.44921875 0.015625 0.01953125
0 0.1421875 0.5859375 0.015625 0.01953125
0 0.1671875 0.517578125 0.015625 0.01953125
0 0.1578125 0.8046875 0.015625 0.01953125
0 0.2140625 0.7578125 0.015625 0.01953125
0 0.1921875 0.822265625 0.015625 0.01953125
0 0.1953125 0.859375 0.015625 0.01953125
0 0.2046875 0.908203125 0.015625 0.01953125
0 0.228125 0.927734375 0.015625 0.01953125
0 0.2375 0.970703125 0.015625 0.01953125
0 0.2671875 0.888671875 0.015625 0.01953125
0 0.2359375 0.8359375 0.015625 0.01953125
0 0.30625 0.859375 0.015625 0.01953125
0 0.3609375 0.826171875 0.015625 0.01953125
0 0.303125 0.7734375 0.015625 0.01953125
0 0.34375 0.927734375 0.015625 0.01953125
0 0.3921875 0.947265625 0.015625 0.01953125
0 0.45625 0.93359375 0.015625 0.01953125
0 0.4390625 0.984375 0.015625 0.01953125
0 0.503125 0.8671875 0.015625 0.01953125
0 0.60625 0.771484375 0.015625 0.01953125
0 0.596875 0.70703125 0.015625 0.01953125
0 0.61875 0.61328125 0.015625 0.01953125
0 0.6078125 0.548828125 0.015625 0.01953125
0 0.584375 0.470703125 0.015625 0.01953125
0 0.496875 0.35546875 0.015625 0.01953125
0 0.64375 0.494140625 0.015625 0.01953125
0 0.671875 0.646484375 0.015625 0.01953125
0 0.68125 0.724609375 0.015625 0.01953125
0 0.696875 0.78125 0.015625 0.01953125
0 0.6859375 0.841796875 0.015625 0.01953125
0 0.64375 0.873046875 0.015625 0.01953125
0 0.61875 0.9453125 0.015625 0.01953125
0 0.5734375 0.962890625 0.015625 0.01953125
0 0.571875 0.994140625 0.015625 0.01953125
0 0.7703125 0.818359375 0.015625 0.01953125
0 0.7765625 0.88671875 0.015625 0.01953125
0 0.7484375 0.943359375 0.015625 0.01953125
0 0.7328125 0.982421875 0.015625 0.01953125
0 0.7609375 0.736328125 0.015625 0.01953125
0 0.725 0.677734375 0.015625 0.01953125
0 0.796875 0.646484375 0.015625 0.01953125
0 0.815625 0.599609375 0.015625 0.01953125
0 0.81875 0.505859375 0.015625 0.01953125
0 0.8453125 0.6953125 0.015625 0.01953125
0 0.8578125 0.75 0.015625 0.01953125
0 0.8421875 0.794921875 0.015625 0.01953125
0 0.8421875 0.873046875 0.015625 0.01953125
0 0.8234375 0.9296875 0.015625 0.01953125
0 0.8140625 0.966796875 0.015625 0.01953125
0 0.8359375 0.9453125 0.015625 0.01953125
0 0.834375 0.970703125 0.015625 0.01953125
0 0.8015625 0.990234375 0.015625 0.01953125
0 0.828125 0.994140625 0.015625 0.01953125
0 0.865625 0.982421875 0.015625 0.01953125
0 0.8859375 0.923828125 0.015625 0.01953125
0 0.9203125 0.9453125 0.015625 0.01953125
0 0.9375 0.962890625 0.015625 0.01953125
0 0.95 0.869140625 0.015625 0.01953125
0 0.9359375 0.818359375 0.015625 0.01953125
0 0.9078125 0.767578125 0.015625 0.01953125
0 0.909375 0.7265625 0.015625 0.01953125
0 0.875 0.677734375 0.015625 0.01953125
0 0.875 0.638671875 0.015625 0.01953125
0 0.925 0.6171875 0.015625 0.01953125
0 0.909375 0.591796875 0.015625 0.01953125
0 0.8921875 0.591796875 0.015625 0.01953125
0 0.8890625 0.576171875 0.015625 0.01953125
0 0.8734375 0.87890625 0.015625 0.01953125
0 0.8796875 0.830078125 0.015625 0.01953125
0 0.984375 0.880859375 0.015625 0.01953125
0 0.9484375 0.92578125 0.015625 0.01953125
0 0.9359375 0.90625 0.015625 0.01953125
