0 0.4640625 0.25390625 0.015625 0.01953125
0 0.440625 0.263671875 0.015625 0.01953125
0 0.471875 0.1875 0.015625 0.01953125
0 0.43125 0.16015625 0.015625 0.01953125
0 0.35 0.154296875 0.015625 0.01953125
0 0.2859375 0.21484375 0.015625 0.01953125
0 0.2421875 0.203125 0.015625 0.01953125
0 0.240625 0.2578125 0.015625 0.01953125
0 0.3390625 0.28125 0.015625 0.01953125
0 0.3796875 0.228515625 0.015625 0.01953125
0 0.2890625 0.291015625 0.015625 0.01953125
0 0.296875 0.408203125 0.015625 0.01953125
0 0.2671875 0.439453125 0.015625 0.01953125
0 0.2328125 0.470703125 0.015625 0.01953125
0 0.365625 0.345703125 0.015625 0.01953125
0 0.35625 0.439453125 0.015625 0.01953125
0 0.3140625 0.482421875 0.015625 0.01953125
0 0.275 0.5390625 0.015625 0.01953125
0 0.259375 0.603515625 0.015625 0.01953125
0 0.2453125 0.650390625 0.015625 0.01953125
0 0.2578125 0.7265625 0.015625 0.01953125
0 0.2421875 0.77734375 0.015625 0.01953125
0 0.1984375 0.771484375 0.015625 0.01953125
0 0.2390625 0.8203125 0.015625 0.01953125
0 0.353125 0.75390625 0.015625 0.01953125
0 0.315625 0.6796875 0.015625 0.01953125
0 0.2828125 0.806640625 0.015625 0.01953125
0 0.30625 0.8515625 0.015625 0.01953125
0 0.2671875 0.890625 0.015625 0.01953125
0 0.2375 0.876953125 0.015625 0.01953125
0 0.2796875 0.951171875 0.015625 0.01953125
0 0.321875 0.93359375 0.015625 0.01953125
0 0.375 0.90625 0.015625 0.01953125
0 0.346875 0.96875 0.015625 0.01953125
0 0.3515625 0.830078125 0.015625 0.01953125
0 0.4046875 0.80859375 0.015625 0.01953125
0 0.425 0.93359375 0.015625 0.01953125
0 0.49375 0.935546875 0.015625 0.01953125
0 0.5421875 0.8828125 0.015625 0.01953125
0 0.6453125 0.796875 0.015625 0.01953125
0 0.6640625 0.716796875 0.015625 0.01953125
0 0.684375 0.623046875 0.015625 0.01953125
0 0.671875 0.564453125 0.015625 0.01953125
0 0.659375 0.486328125 0.015625 0.01953125
0 0.5796875 0.365234375 0.015625 0.01953125
0 0.5359375 0.291015625 0.015625 0.01953125
0 0.5203125 0.2421875 0.015625 0.01953125
0 0.409375 0.3671875 0.015625 0.01953125
0 0.7375 0.677734375 0.015625 0.01953125
0 0.7375 0.75 0.015625 0.01953125
0 0.7765625 0.716796875 0.015625 0.01953125
0 0.8078125 0.76171875 0.015625 0.01953125
0 0.74375 0.810546875 0.015625 0.01953125
0 0.725 0.87109375 0.015625 0.01953125
0 0.684375 0.90625 0.015625 0.01953125
0 0.6765625 0.9296875 0.015625 0.01953125
0 0.6578125 0.96484375 0.015625 0.01953125
0 0.81875 0.779296875 0.015625 0.01953125
0 0.8296875 0.876953125 0.015625 0.01953125
0 0.8171875 0.916015625 0.015625 0.01953125
0 0.784375 0.98046875 0.015625 0.01953125
0 0.89375 0.892578125 0.015625 0.01953125
0 0.90625 0.802734375 0.015625 0.01953125
0 0.90625 0.759765625 0.015625 0.01953125
0 0.8828125 0.66015625 0.015625 0.01953125
0 0.8828125 0.5703125 0.015625 0.01953125
0 0.9375 0.73828125 0.015625 0.01953125
0 0.9390625 0.701171875 0.015625 0.01953125
0 0.94375 0.630859375 0.015625 0.01953125
0 0.9703125 0.640625 0.015625 0.01953125
0 0.9828125 0.673828125 0.015625 0.01953125
0 0.975 0.775390625 0.015625 0.01953125
0 0.975 0.869140625 0.015625 0.01953125
0 0.978125 0.9375 0.015625 0.01953125
0 0.9890625 0.900390625 0.015625 0.01953125
0 0.93125 0.91015625 0.015625 0.01953125
0 0.9140625 0.970703125 0.015625 0.01953125
0 0.88125 0.93359375 0.015625 0.01953125
0 0.8671875 0.97265625 0.015625 0.01953125
0 0.9484375 0.931640625 0.015625 0.01953125
0 0.946875 0.89453125 0.015625 0.01953125
0 0.953125 0.84765625 0.015625 0.01953125
