0 0.334375 0.48828125 0.015625 0.01953125
0 0.359375 0.447265625 0.015625 0.01953125
0 0.403125 0.4140625 0.015625 0.01953125
0 0.4453125 0.37109375 0.015625 0.01953125
0 0.490625 0.41796875 0.015625 0.01953125
0 0.44375 0.4453125 0.015625 0.01953125
0 0.3984375 0.494140625 0.015625 0.01953125
0 0.371875 0.552734375 0.015625 0.01953125
0 0.346875 0.599609375 0.015625 0.01953125
0 0.3515625 0.67578125 0.015625 0.01953125
0 0.3234375 0.716796875 0.015625 0.01953125
0 0.290625 0.69921875 0.015625 0.01953125
0 0.35625 0.75 0.015625 0.01953125
0 0.3171875 0.759765625 0.015625 0.01953125
0 0.3125 0.806640625 0.015625 0.01953125
0 0.3359375 0.83203125 0.015625 0.01953125
0 0.36875 0.802734375 0.015625 0.01953125
0 0.334375 0.890625 0.015625 0.01953125
0 0.38125 0.8828125 0.015625 0.01953125
0 0.4046875 0.93359375 0.015625 0.01953125
0 0.396875 0.958984375 0.015625 0.01953125
0 0.4421875 0.8828125 0.015625 0.01953125
0 0.4171875 0.80078125 0.015625 0.01953125
0 0.46875 0.923828125 0.015625 0.01953125
0 0.5078125 0.9765625 0.015625 0.01953125
0 0.5375 0.935546875 0.015625 0.01953125
0 0.4796875 0.80859375 0.015625 0.01953125
0 0.4390625 0.72265625 0.015625 0.01953125
0 0.4171875 0.650390625 0.015625 0.01953125
0 0.546875 0.37109375 0.015625 0.01953125
0 0.4859375 0.32421875 0.015625 0.01953125
0 0.453125 0.267578125 0.015625 0.01953125
0 0.4046875 0.208984375 0.015625 0.01953125
0 0.4171875 0.171875 0.015625 0.01953125
0 0.453125 0.1875 0.015625 0.01953125
0 0.5015625 0.2421875 0.015625 0.01953125
0 0.5453125 0.216796875 0.015625 0.01953125
0 0.5375 0.142578125 0.015625 0.01953125
0 0.49375 0.134765625 0.015625 0.01953125
0 0.4421875 0.125 0.015625 0.01953125
0 0.571875 0.09765625 0.015625 0.01953125
0 0.609375 0.1640625 0.015625 0.01953125
0 0.6359375 0.197265625 0.015625 0.01953125
0 0.6390625 0.263671875 0.015625 0.01953125
0 0.60625 0.263671875 0.015625 0.01953125
0 0.6875 0.2578125 0.015625 0.01953125
0 0.6859375 0.333984375 0.015625 0.01953125
0 0.71875 0.40234375 0.015625 0.01953125
0 0.7703125 0.529296875 0.015625 0.01953125
0 0.78125 0.623046875 0.015625 0.01953125
0 0.784375 0.673828125 0.015625 0.01953125
0 0.740625 0.765625 0.015625 0.01953125
0 0.728125 0.83984375 0.015625 0.01953125
0 0.6078125 0.892578125 0.015625 0.01953125
0 0.8140625 0.873046875 0.015625 0.01953125
0 0.809375 0.82421875 0.015625 0.01953125
0 0.7875 0.919921875 0.015625 0.01953125
0 0.734375 0.953125 0.015625 0.01953125
0 0.8703125 0.802734375 0.015625 0.01953125
0 0.8890625 0.849609375 0.015625 0.01953125
0 0.8765625 0.880859375 0.015625 0.01953125
0 0.884375 0.955078125 0.015625 0.01953125
0 0.9734375 0.927734375 0.015625 0.01953125
0 0.9796875 0.87109375 0.015625 0.01953125
0 0.9625 0.96484375 0.015625 0.01953125
0 0.94375 0.990234375 0.015625 0.01953125
0 0.840625 0.580078125 0.015625 0.01953125
