0 0.4390625 0.591796875 0.015625 0.01953125
0 0.4078125 0.546875 0.015625 0.01953125
0 0.44375 0.52734375 0.015625 0.01953125
0 0.4421875 0.4453125 0.015625 0.01953125
0 0.4609375 0.404296875 0.015625 0.01953125
0 0.45625 0.333984375 0.015625 0.01953125
0 0.409375 0.349609375 0.015625 0.01953125
0 0.4140625 0.3203125 0.015625 0.01953125
0 0.5296875 0.2890625 0.015625 0.01953125
0 0.571875 0.248046875 0.015625 0.01953125
0 0.5421875 0.369140625 0.015625 0.01953125
0 0.496875 0.400390625 0.015625 0.01953125
0 0.6078125 0.314453125 0.015625 0.01953125
0 0.64375 0.33203125 0.015625 0.01953125
0 0.6109375 0.41796875 0.015625 0.01953125
0 0.63125 0.41796875 0.015625 0.01953125
0 0.6953125 0.412109375 0.015625 0.01953125
0 0.6921875 0.48046875 0.015625 0.01953125
0 0.546875 0.51953125 0.015625 0.01953125
0 0.49375 0.5625 0.015625 0.01953125
0 0.39375 0.640625 0.015625 0.01953125
0 0.3609375 0.580078125 0.015625 0.01953125
0 0.3234375 0.630859375 0.015625 0.01953125
0 0.3640625 0.703125 0.015625 0.01953125
0 0.35 0.744140625 0.015625 0.01953125
0 0.3484375 0.828125 0.015625 0.01953125
0 0.3234375 0.861328125 0.015625 0.01953125
0 0.28125 0.84765625 0.015625 0.01953125
0 0.3140625 0.919921875 0.015625 0.01953125
0 0.3078125 0.96875 0.015625 0.01953125
0 0.328125 0.994140625 0.015625 0.01953125
0 0.3671875 0.943359375 0.015625 0.01953125
0 0.3578125 0.90625 0.015625 0.01953125
0 0.4296875 0.873046875 0.015625 0.01953125
0 0.4171875 0.9453125 0.015625 0.01953125
0 0.484375 0.953125 0.015625 0.01953125
0 0.41875 0.78125 0.015625 0.01953125
0 0.7734375 0.681640625 0.015625 0.01953125
0 0.7875 0.76171875 0.015625 0.01953125
0 0.778125 0.8125 0.015625 0.01953125
0 0.846875 0.740234375 0.015625 0.01953125
0 0.821875 0.908203125 0.015625 0.01953125
0 0.8703125 0.95703125 0.015625 0.01953125
