0 0.5765625 0.3203125 0.015625 0.01953125
0 0.6015625 0.3203125 0.015625 0.01953125
0 0.61875 0.3203125 0.015625 0.01953125
0 0.6671875 0.314453125 0.015625 0.01953125
0 0.6546875 0.2578125 0.015625 0.01953125
0 0.6265625 0.205078125 0.015625 0.01953125
0 0.58125 0.212890625 0.015625 0.01953125
0 0.5046875 0.142578125 0.015625 0.01953125
0 0.471875 0.1015625 0.015625 0.01953125
0 0.4453125 0.05859375 0.015625 0.01953125
0 0.4046875 0.09765625 0.015625 0.01953125
0 0.384375 0.048828125 0.015625 0.01953125
0 0.334375 0.052734375 0.015625 0.01953125
0 0.3328125 0.01171875 0.015625 0.01953125
0 0.4 0.15234375 0.015625 0.01953125
0 0.4546875 0.19140625 0.015625 0.01953125
0 0.5265625 0.103515625 0.015625 0.01953125
0 0.5921875 0.060546875 0.015625 0.01953125
0 0.7203125 0.021484375 0.015625 0.01953125
0 0.88125 0.03125 0.015625 0.01953125
0 0.8296875 0.044921875 0.015625 0.01953125
0 0.7953125 0.091796875 0.015625 0.01953125
0 0.73125 0.119140625 0.015625 0.01953125
0 0.6984375 0.1796875 0.015625 0.01953125
0 0.671875 0.197265625 0.015625 0.01953125
0 0.6890625 0.23046875 0.015625 0.01953125
0 0.775 0.259765625 0.015625 0.01953125
0 0.7234375 0.296875 0.015625 0.01953125
0 0.8203125 0.212890625 0.015625 0.01953125
0 0.8546875 0.181640625 0.015625 0.01953125
0 0.8828125 0.130859375 0.015625 0.01953125
0 0.9734375 0.087890625 0.015625 0.01953125
0 0.946875 0.134765625 0.015625 0.01953125
0 0.9375 0.19140625 0.015625 0.01953125
0 0.89375 0.236328125 0.015625 0.01953125
0 0.865625 0.291015625 0.015625 0.01953125
0 0.8421875 0.337890625 0.015625 0.01953125
0 0.7953125 0.390625 0.015625 0.01953125
0 0.76875 0.40625 0.015625 0.01953125
0 0.7375 0.416015625 0.015625 0.01953125
0 0.7109375 0.419921875 0.015625 0.01953125
0 0.6890625 0.43359375 0.015625 0.01953125
0 0.640625 0.41796875 0.015625 0.01953125
0 0.621875 0.41796875 0.015625 0.01953125
0 0.5875 0.408203125 0.015625 0.01953125
0 0.534375 0.380859375 0.015625 0.01953125
0 0.49375 0.380859375 0.015625 0.01953125
0 0.446875 0.35546875 0.015625 0.01953125
0 0.4390625 0.333984375 0.015625 0.01953125
0 0.4828125 0.2734375 0.015625 0.01953125
0 0.5375 0.3046875 0.015625 0.01953125
0 0.7328125 0.0 0.015625 0.01953125
0 0.5125 0.451171875 0.015625 0.01953125
0 0.43125 0.451171875 0.015625 0.01953125
0 0.3 0.408203125 0.015625 0.01953125
0 0.1609375 0.357421875 0.015625 0.01953125
0 0.5484375 0.48046875 0.015625 0.01953125
0 0.5828125 0.49609375 0.015625 0.01953125
0 0.6453125 0.51171875 0.015625 0.01953125
0 0.690625 0.517578125 0.015625 0.01953125
0 0.740625 0.478515625 0.015625 0.01953125
0 0.7984375 0.47265625 0.015625 0.01953125
0 0.9015625 0.408203125 0.015625 0.01953125
0 0.853125 0.421875 0.015625 0.01953125
0 0.865625 0.390625 0.015625 0.01953125
0 0.9015625 0.33203125 0.015625 0.01953125
0 0.971875 0.3203125 0.015625 0.01953125
0 0.9578125 0.37109375 0.015625 0.01953125
0 0.940625 0.421875 0.015625 0.01953125
0 0.8890625 0.470703125 0.015625 0.01953125
0 0.8390625 0.556640625 0.015625 0.01953125
0 0.83125 0.583984375 0.015625 0.01953125
0 0.8484375 0.599609375 0.015625 0.01953125
0 0.8515625 0.625 0.015625 0.01953125
0 0.8859375 0.6953125 0.015625 0.01953125
0 0.840625 0.701171875 0.015625 0.01953125
0 0.5609375 0.6015625 0.015625 0.01953125
0 0.475 0.521484375 0.015625 0.01953125
0 0.4671875 0.474609375 0.015625 0.01953125
0 0.6390625 0.568359375 0.015625 0.01953125
0 0.5328125 0.521484375 0.015625 0.01953125
0 0.6953125 0.5625 0.015625 0.01953125
0 0.60625 0.564453125 0.015625 0.01953125
0 0.7140625 0.55078125 0.015625 0.01953125
0 0.746875 0.556640625 0.015625 0.01953125
