0 0.0546875 0.056640625 0.015625 0.01953125
0 0.0265625 0.119140625 0.015625 0.01953125
0 0.0109375 0.1875 0.015625 0.01953125
0 0.0109375 0.248046875 0.015625 0.01953125
0 0.028125 0.3203125 0.015625 0.01953125
0 0.0984375 0.30078125 0.015625 0.01953125
0 0.0703125 0.390625 0.015625 0.01953125
0 0.0578125 0.431640625 0.015625 0.01953125
0 0.021875 0.451171875 0.015625 0.01953125
0 0.10625 0.44140625 0.015625 0.01953125
0 0.1546875 0.484375 0.015625 0.01953125
0 0.165625 0.3671875 0.015625 0.01953125
0 0.190625 0.443359375 0.015625 0.01953125
0 0.2359375 0.396484375 0.015625 0.01953125
0 0.378125 0.384765625 0.015625 0.01953125
0 0.3375 0.46484375 0.015625 0.01953125
0 0.2890625 0.505859375 0.015625 0.01953125
0 0.2375 0.48828125 0.015625 0.01953125
0 0.23125 0.55078125 0.015625 0.01953125
0 0.1984375 0.533203125 0.015625 0.01953125
0 0.15625 0.572265625 0.015625 0.01953125
0 0.1328125 0.529296875 0.015625 0.01953125
0 0.090625 0.525390625 0.015625 0.01953125
0 0.0828125 0.4765625 0.015625 0.01953125
0 0.4390625 0.19140625 0.015625 0.01953125
0 0.440625 0.099609375 0.015625 0.01953125
0 0.4015625 0.04296875 0.015625 0.01953125
0 0.2640625 0.205078125 0.015625 0.01953125
0 0.5 0.1171875 0.015625 0.01953125
0 0.521875 0.166015625 0.015625 0.01953125
0 0.5421875 0.21875 0.015625 0.01953125
0 0.55 0.291015625 0.015625 0.01953125
0 0.5171875 0.33984375 0.015625 0.01953125
0 0.49375 0.431640625 0.015625 0.01953125
0 0.465625 0.484375 0.015625 0.01953125
0 0.421875 0.509765625 0.015625 0.01953125
0 0.515625 0.5 0.015625 0.01953125
0 0.3484375 0.5234375 0.015625 0.01953125
0 0.321875 0.599609375 0.015625 0.01953125
0 0.2515625 0.603515625 0.015625 0.01953125
0 0.4328125 0.630859375 0.015625 0.01953125
0 0.3890625 0.638671875 0.015625 0.01953125
0 0.475 0.619140625 0.015625 0.01953125
0 0.5484375 0.546875 0.015625 0.01953125
0 0.5109375 0.59375 0.015625 0.01953125
0 0.659375 0.580078125 0.015625 0.01953125
0 0.6734375 0.5546875 0.015625 0.01953125
0 0.6859375 0.515625 0.015625 0.01953125
0 0.6984375 0.455078125 0.015625 0.01953125
0 0.6984375 0.408203125 0.015625 0.01953125
0 0.70625 0.283203125 0.015625 0.01953125
0 0.703125 0.203125 0.015625 0.01953125
0 0.6359375 0.23828125 0.015625 0.01953125
0 0.646875 0.296875 0.015625 0.01953125
0 0.6421875 0.3671875 0.015625 0.01953125
0 0.621875 0.41796875 0.015625 0.01953125
0 0.5921875 0.478515625 0.015625 0.01953125
0 0.5953125 0.162109375 0.015625 0.01953125
0 0.5578125 0.134765625 0.015625 0.01953125
0 0.6671875 0.099609375 0.015625 0.01953125
0 0.690625 0.1484375 0.015625 0.01953125
0 0.6375 0.009765625 0.015625 0.01953125
0 0.6875 0.037109375 0.015625 0.01953125
0 0.70625 0.080078125 0.015625 0.01953125
0 0.725 0.09765625 0.015625 0.01953125
0 0.7796875 0.189453125 0.015625 0.01953125
0 0.75 0.150390625 0.015625 0.01953125
0 0.75 0.029296875 0.015625 0.01953125
0 0.79375 0.224609375 0.015625 0.01953125
0 0.8078125 0.271484375 0.015625 0.01953125
0 0.8015625 0.3125 0.015625 0.01953125
0 0.753125 0.384765625 0.015625 0.01953125
0 0.75 0.44140625 0.015625 0.01953125
0 0.746875 0.5078125 0.015625 0.01953125
0 0.7875 0.466796875 0.015625 0.01953125
0 0.8203125 0.4296875 0.015625 0.01953125
0 0.803125 0.509765625 0.015625 0.01953125
0 0.7359375 0.35546875 0.015625 0.01953125
0 0.75625 0.302734375 0.015625 0.01953125
0 0.68125 0.6171875 0.015625 0.01953125
0 0.7328125 0.583984375 0.015625 0.01953125
0 0.6203125 0.62890625 0.015625 0.01953125
0 0.5875 0.640625 0.015625 0.01953125
0 0.434375 0.716796875 0.015625 0.01953125
0 0.415625 0.724609375 0.015625 0.01953125
0 0.3921875 0.728515625 0.015625 0.01953125
0 0.3765625 0.71484375 0.015625 0.01953125
0 0.403125 0.822265625 0.015625 0.01953125
0 0.28125 0.88671875 0.015625 0.01953125
0 0.2390625 0.91796875 0.015625 0.01953125
0 0.8984375 0.861328125 0.015625 0.01953125
0 0.859375 0.728515625 0.015625 0.01953125
0 0.84375 0.697265625 0.015625 0.01953125
0 0.8265625 0.69921875 0.015625 0.01953125
0 0.7984375 0.64453125 0.015625 0.01953125
0 0.7625 0.64453125 0.015625 0.01953125
0 0.84375 0.533203125 0.015625 0.01953125
0 0.9859375 0.658203125 0.015625 0.01953125
0 0.9859375 0.701171875 0.015625 0.01953125
0 0.9359375 0.701171875 0.015625 0.01953125
0 0.734375 0.685546875 0.015625 0.01953125
0 0.6921875 0.734375 0.015625 0.01953125
0 0.6734375 0.6875 0.015625 0.01953125
0 0.646875 0.765625 0.015625 0.01953125
0 0.621875 0.78125 0.015625 0.01953125
0 0.521875 0.78125 0.015625 0.01953125
0 0.50625 0.775390625 0.015625 0.01953125
0 0.51875 0.81640625 0.015625 0.01953125
0 0.534375 0.796875 0.015625 0.01953125
0 0.49375 0.806640625 0.015625 0.01953125
0 0.4828125 0.783203125 0.015625 0.01953125
0 0.478125 0.81640625 0.015625 0.01953125
0 0.46875 0.818359375 0.015625 0.01953125
0 0.4453125 0.8203125 0.015625 0.01953125
