0 0.43125 0.119140625 0.015625 0.01953125
0 0.396875 0.115234375 0.015625 0.01953125
0 0.384375 0.115234375 0.015625 0.01953125
0 0.3625 0.1015625 0.015625 0.01953125
0 0.3859375 0.193359375 0.015625 0.01953125
0 0.3953125 0.2734375 0.015625 0.01953125
0 0.4203125 0.376953125 0.015625 0.01953125
0 0.353125 0.392578125 0.015625 0.01953125
0 0.2875 0.34765625 0.015625 0.01953125
0 0.2421875 0.33203125 0.015625 0.01953125
0 0.2515625 0.564453125 0.015625 0.01953125
0 0.1890625 0.521484375 0.015625 0.01953125
0 0.3984375 0.625 0.015625 0.01953125
0 0.3421875 0.537109375 0.015625 0.01953125
0 0.4359375 0.478515625 0.015625 0.01953125
0 0.5140625 0.529296875 0.015625 0.01953125
0 0.5109375 0.62109375 0.015625 0.01953125
0 0.4453125 0.744140625 0.015625 0.01953125
0 0.4984375 0.80859375 0.015625 0.01953125
0 0.5609375 0.9296875 0.015625 0.01953125
0 0.6390625 0.927734375 0.015625 0.01953125
0 0.7640625 0.87109375 0.015625 0.01953125
0 0.8453125 0.927734375 0.015625 0.01953125
0 0.6953125 0.755859375 0.015625 0.01953125
0 0.5953125 0.654296875 0.015625 0.01953125
0 0.6109375 0.55859375 0.015625 0.01953125
0 0.5640625 0.4453125 0.015625 0.01953125
0 0.5515625 0.189453125 0.015625 0.01953125
0 0.553125 0.125 0.015625 0.01953125
0 0.5875 0.0546875 0.015625 0.01953125
0 0.4453125 0.021484375 0.015625 0.01953125
0 0.4859375 0.01171875 0.015625 0.01953125
0 0.76875 0.048828125 0.015625 0.01953125
0 0.728125 0.107421875 0.015625 0.01953125
0 0.725 0.203125 0.015625 0.01953125
0 0.7 0.30859375 0.015625 0.01953125
0 0.7140625 0.4140625 0.015625 0.01953125
0 0.746875 0.53125 0.015625 0.01953125
0 0.7859375 0.626953125 0.015625 0.01953125
0 0.9234375 0.724609375 0.015625 0.01953125
0 0.9859375 0.626953125 0.015625 0.01953125
0 0.94375 0.482421875 0.015625 0.01953125
0 0.953125 0.34375 0.015625 0.01953125
0 0.9140625 0.240234375 0.015625 0.01953125
0 0.9265625 0.12109375 0.015625 0.01953125
0 0.9890625 0.0546875 0.015625 0.01953125
