0 0.790625 0.896484375 0.015625 0.01953125
0 0.6203125 0.91796875 0.015625 0.01953125
0 0.6203125 0.80859375 0.015625 0.01953125
0 0.5609375 0.697265625 0.015625 0.01953125
0 0.721875 0.685546875 0.015625 0.01953125
0 0.7453125 0.7890625 0.015625 0.01953125
0 0.9375 0.720703125 0.015625 0.01953125
0 0.95625 0.607421875 0.015625 0.01953125
0 0.9109375 0.494140625 0.015625 0.01953125
0 0.9296875 0.38671875 0.015625 0.01953125
0 0.975 0.333984375 0.015625 0.01953125
0 0.821875 0.2265625 0.015625 0.01953125
0 0.8 0.263671875 0.015625 0.01953125
0 0.7734375 0.3125 0.015625 0.01953125
0 0.7453125 0.375 0.015625 0.01953125
0 0.7171875 0.46484375 0.015625 0.01953125
0 0.709375 0.568359375 0.015625 0.01953125
0 0.890625 0.193359375 0.015625 0.01953125
0 0.9484375 0.146484375 0.015625 0.01953125
0 0.9328125 0.0703125 0.015625 0.01953125
0 0.884375 0.07421875 0.015625 0.01953125
0 0.828125 0.099609375 0.015625 0.01953125
0 0.7703125 0.13671875 0.015625 0.01953125
0 0.709375 0.173828125 0.015625 0.01953125
0 0.65 0.22265625 0.015625 0.01953125
0 0.584375 0.310546875 0.015625 0.01953125
0 0.5453125 0.38671875 0.015625 0.01953125
0 0.5546875 0.439453125 0.015625 0.01953125
0 0.5171875 0.572265625 0.015625 0.01953125
0 0.528125 0.63671875 0.015625 0.01953125
0 0.396875 0.541015625 0.015625 0.01953125
0 0.3875 0.455078125 0.015625 0.01953125
0 0.3765625 0.404296875 0.015625 0.01953125
0 0.346875 0.39453125 0.015625 0.01953125
0 0.3265625 0.38671875 0.015625 0.01953125
0 0.2328125 0.744140625 0.015625 0.01953125
0 0.1921875 0.81640625 0.015625 0.01953125
0 0.234375 0.58984375 0.015625 0.01953125
0 0.290625 0.611328125 0.015625 0.01953125
0 0.3546875 0.654296875 0.015625 0.01953125
0 0.4359375 0.734375 0.015625 0.01953125
0 0.4125 0.640625 0.015625 0.01953125
0 0.5078125 0.796875 0.015625 0.01953125
0 0.50625 0.892578125 0.015625 0.01953125
0 0.3953125 0.90234375 0.015625 0.01953125
0 0.34375 0.78125 0.015625 0.01953125
0 0.93125 0.97265625 0.015625 0.01953125
0 0.9921875 0.869140625 0.015625 0.01953125
0 0.7734375 0.04296875 0.015625 0.01953125
0 0.70625 0.0625 0.015625 0.01953125
0 0.6359375 0.11328125 0.015625 0.01953125
0 0.5796875 0.134765625 0.015625 0.01953125
0 0.53125 0.18359375 0.015625 0.01953125
0 0.4890625 0.248046875 0.015625 0.01953125
0 0.4515625 0.296875 0.015625 0.01953125
0 0.415625 0.22265625 0.015625 0.01953125
0 0.471875 0.169921875 0.015625 0.01953125
0 0.4984375 0.142578125 0.015625 0.01953125
0 0.521875 0.0078125 0.015625 0.01953125
0 0.6515625 0.001953125 0.015625 0.01953125
0 0.6421875 0.037109375 0.015625 0.01953125
0 0.7046875 0.0078125 0.015625 0.01953125
0 0.8578125 0.015625 0.015625 0.01953125
