0 0.8046875 0.822265625 0.015625 0.01953125
0 0.9171875 0.8359375 0.015625 0.01953125
0 0.9125 0.6328125 0.015625 0.01953125
0 0.9203125 0.361328125 0.015625 0.01953125
0 0.865625 0.26953125 0.015625 0.01953125
0 0.940625 0.169921875 0.015625 0.01953125
0 0.971875 0.119140625 0.015625 0.01953125
0 0.903125 0.05859375 0.015625 0.01953125
0 0.84375 0.212890625 0.015625 0.01953125
0 0.821875 0.12109375 0.015625 0.01953125
0 0.70625 0.10546875 0.015625 0.01953125
0 0.6734375 0.02734375 0.015625 0.01953125
0 0.6375 0.0390625 0.015625 0.01953125
0 0.6375 0.1796875 0.015625 0.01953125
0 0.5796875 0.208984375 0.015625 0.01953125
0 0.571875 0.0703125 0.015625 0.01953125
0 0.5234375 0.125 0.015625 0.01953125
0 0.4609375 0.1875 0.015625 0.01953125
0 0.40625 0.24609375 0.015625 0.01953125
0 0.3484375 0.333984375 0.015625 0.01953125
0 0.315625 0.40234375 0.015625 0.01953125
0 0.3296875 0.44921875 0.015625 0.01953125
0 0.303125 0.5390625 0.015625 0.01953125
0 0.3078125 0.642578125 0.015625 0.01953125
0 0.3640625 0.724609375 0.015625 0.01953125
0 0.43125 0.822265625 0.015625 0.01953125
0 0.5171875 0.6875 0.015625 0.01953125
0 0.4953125 0.58203125 0.015625 0.01953125
0 0.5046875 0.46875 0.015625 0.01953125
0 0.5046875 0.390625 0.015625 0.01953125
0 0.540625 0.30078125 0.015625 0.01953125
0 0.553125 0.259765625 0.015625 0.01953125
0 0.5484375 0.775390625 0.015625 0.01953125
0 0.6203125 0.890625 0.015625 0.01953125
0 0.7625 0.947265625 0.015625 0.01953125
0 0.7390625 0.685546875 0.015625 0.01953125
0 0.74375 0.576171875 0.015625 0.01953125
0 0.6859375 0.4453125 0.015625 0.01953125
0 0.703125 0.349609375 0.015625 0.01953125
0 0.7515625 0.287109375 0.015625 0.01953125
0 0.871875 0.423828125 0.015625 0.01953125
0 0.903125 0.97265625 0.015625 0.01953125
0 0.4234375 0.9296875 0.015625 0.01953125
0 0.3328125 0.9296875 0.015625 0.01953125
0 0.31875 0.82421875 0.015625 0.01953125
0 0.221875 0.947265625 0.015625 0.01953125
0 0.146875 0.83203125 0.015625 0.01953125
0 0.2421875 0.78515625 0.015625 0.01953125
0 0.2203125 0.68359375 0.015625 0.01953125
0 0.1953125 0.599609375 0.015625 0.01953125
0 0.1625 0.705078125 0.015625 0.01953125
0 0.0828125 0.66015625 0.015625 0.01953125
0 0.040625 0.9296875 0.015625 0.01953125
0 0.003125 0.716796875 0.015625 0.01953125
0 0.0328125 0.64453125 0.015625 0.01953125
0 0.0875 0.48828125 0.015625 0.01953125
0 0.059375 0.478515625 0.015625 0.01953125
0 0.1125 0.49609375 0.015625 0.01953125
0 0.1625 0.509765625 0.015625 0.01953125
0 0.2109375 0.4140625 0.015625 0.01953125
0 0.21875 0.326171875 0.015625 0.01953125
0 0.1765625 0.265625 0.015625 0.01953125
0 0.2375 0.2734375 0.015625 0.01953125
0 0.2890625 0.220703125 0.015625 0.01953125
0 0.2484375 0.16796875 0.015625 0.01953125
0 0.2109375 0.203125 0.015625 0.01953125
0 0.334375 0.171875 0.015625 0.01953125
0 0.38125 0.142578125 0.015625 0.01953125
0 0.3890625 0.07421875 0.015625 0.01953125
0 0.40625 0.013671875 0.015625 0.01953125
0 0.2859375 0.025390625 0.015625 0.01953125
0 0.265625 0.015625 0.015625 0.01953125
0 0.4515625 0.017578125 0.015625 0.01953125
0 0.4453125 0.064453125 0.015625 0.01953125
0 0.515625 0.037109375 0.015625 0.01953125
0 0.590625 0.009765625 0.015625 0.01953125
