0 0.3515625 0.37109375 0.015625 0.01953125
0 0.3234375 0.359375 0.015625 0.01953125
0 0.31875 0.421875 0.015625 0.01953125
0 0.2109375 0.376953125 0.015625 0.01953125
0 0.16875 0.3984375 0.015625 0.01953125
0 0.1890625 0.294921875 0.015625 0.01953125
0 0.2203125 0.232421875 0.015625 0.01953125
0 0.3546875 0.234375 0.015625 0.01953125
0 0.3875 0.236328125 0.015625 0.01953125
0 0.5484375 0.36328125 0.015625 0.01953125
0 0.5578125 0.388671875 0.015625 0.01953125
0 0.590625 0.384765625 0.015625 0.01953125
0 0.5921875 0.357421875 0.015625 0.01953125
0 0.625 0.267578125 0.015625 0.01953125
0 0.5921875 0.26953125 0.015625 0.01953125
0 0.9140625 0.158203125 0.015625 0.01953125
0 0.86875 0.150390625 0.015625 0.01953125
0 0.9421875 0.208984375 0.015625 0.01953125
0 0.925 0.23046875 0.015625 0.01953125
0 0.9265625 0.25390625 0.015625 0.01953125
0 0.9296875 0.279296875 0.015625 0.01953125
0 0.9484375 0.30078125 0.015625 0.01953125
0 0.9640625 0.279296875 0.015625 0.01953125
0 0.9640625 0.255859375 0.015625 0.01953125
0 0.959375 0.2421875 0.015625 0.01953125
0 0.725 0.197265625 0.015625 0.01953125
0 0.6625 0.1796875 0.015625 0.01953125
0 0.703125 0.291015625 0.015625 0.01953125
0 0.6625 0.26953125 0.015625 0.01953125
0 0.865625 0.46484375 0.015625 0.01953125
0 0.8578125 0.5078125 0.015625 0.01953125
