0 0.4921875 0.201171875 0.015625 0.01953125
0 0.634375 0.16015625 0.015625 0.01953125
0 0.675 0.162109375 0.015625 0.01953125
0 0.7046875 0.21484375 0.015625 0.01953125
0 0.6921875 0.2578125 0.015625 0.01953125
0 0.7015625 0.279296875 0.015625 0.01953125
0 0.70625 0.296875 0.015625 0.01953125
0 0.7234375 0.310546875 0.015625 0.01953125
0 0.7359375 0.28515625 0.015625 0.01953125
0 0.734375 0.255859375 0.015625 0.01953125
0 0.725 0.236328125 0.015625 0.01953125
0 0.428125 0.384765625 0.015625 0.01953125
0 0.3765625 0.3671875 0.015625 0.01953125
0 0.309375 0.3671875 0.015625 0.01953125
0 0.315625 0.392578125 0.015625 0.01953125
0 0.353125 0.36328125 0.015625 0.01953125
0 0.3546875 0.38671875 0.015625 0.01953125
0 0.109375 0.35546875 0.015625 0.01953125
0 0.1140625 0.37890625 0.015625 0.01953125
0 0.0828125 0.37890625 0.015625 0.01953125
0 0.1875 0.283203125 0.015625 0.01953125
0 0.1140625 0.25 0.015625 0.01953125
0 0.1484375 0.25 0.015625 0.01953125
0 0.4625 0.29296875 0.015625 0.01953125
0 0.428125 0.283203125 0.015625 0.01953125
0 0.4265625 0.185546875 0.015625 0.01953125
0 0.6296875 0.47265625 0.015625 0.01953125
0 0.6234375 0.517578125 0.015625 0.01953125
