0 0.3046875 0.509765625 0.015625 0.01953125
0 0.303125 0.548828125 0.015625 0.01953125
0 0.2453125 0.521484375 0.015625 0.01953125
0 0.25 0.552734375 0.015625 0.01953125
0 0.021875 0.279296875 0.015625 0.01953125
0 0.00625 0.333984375 0.015625 0.01953125
0 0.0546875 0.37890625 0.015625 0.01953125
0 0.353125 0.376953125 0.015625 0.01953125
0 0.2984375 0.373046875 0.015625 0.01953125
0 0.7671875 0.208984375 0.015625 0.01953125
0 0.7125 0.20703125 0.015625 0.01953125
0 0.8140625 0.283203125 0.015625 0.01953125
0 0.8609375 0.310546875 0.015625 0.01953125
0 0.86875 0.341796875 0.015625 0.01953125
0 0.8640625 0.375 0.015625 0.01953125
0 0.8421875 0.42578125 0.015625 0.01953125
0 0.8140625 0.39453125 0.015625 0.01953125
0 0.8046875 0.36328125 0.015625 0.01953125
0 0.8046875 0.328125 0.015625 0.01953125
0 0.584375 0.46484375 0.015625 0.01953125
0 0.7078125 0.662109375 0.015625 0.01953125
0 0.6953125 0.71875 0.015625 0.01953125
0 0.4015625 0.494140625 0.015625 0.01953125
0 0.40625 0.533203125 0.015625 0.01953125
0 0.34375 0.515625 0.015625 0.01953125
0 0.45625 0.400390625 0.015625 0.01953125
0 0.4078125 0.380859375 0.015625 0.01953125
0 0.553125 0.275390625 0.015625 0.01953125
0 0.49375 0.27734375 0.015625 0.01953125
0 0.4078125 0.236328125 0.015625 0.01953125
