0 0.815625 0.259765625 0.015625 0.01953125
0 0.8625 0.283203125 0.015625 0.01953125
0 0.878125 0.314453125 0.015625 0.01953125
0 0.86875 0.35546875 0.015625 0.01953125
0 0.8453125 0.408203125 0.015625 0.01953125
0 0.8125 0.37890625 0.015625 0.01953125
0 0.80625 0.32421875 0.015625 0.01953125
0 0.8203125 0.2890625 0.015625 0.01953125
0 0.7703125 0.18359375 0.015625 0.01953125
0 0.7109375 0.17578125 0.015625 0.01953125
0 0.590625 0.4296875 0.015625 0.01953125
0 0.4078125 0.5078125 0.015625 0.01953125
0 0.4078125 0.47265625 0.015625 0.01953125
0 0.3484375 0.490234375 0.015625 0.01953125
0 0.30625 0.47265625 0.015625 0.01953125
0 0.30625 0.521484375 0.015625 0.01953125
0 0.2484375 0.49609375 0.015625 0.01953125
0 0.2546875 0.5390625 0.015625 0.01953125
0 0.303125 0.3515625 0.015625 0.01953125
0 0.3515625 0.34765625 0.015625 0.01953125
0 0.465625 0.37890625 0.015625 0.01953125
0 0.4109375 0.361328125 0.015625 0.01953125
0 0.4109375 0.21484375 0.015625 0.01953125
0 0.0515625 0.361328125 0.015625 0.01953125
0 0.00625 0.306640625 0.015625 0.01953125
0 0.7078125 0.638671875 0.015625 0.01953125
0 0.6953125 0.693359375 0.015625 0.01953125
0 0.509375 0.25390625 0.015625 0.01953125
0 0.540625 0.275390625 0.015625 0.01953125
