0 0.065625 0.529296875 0.015625 0.01953125
0 0.0078125 0.568359375 0.015625 0.01953125
0 0.23125 0.59375 0.015625 0.01953125
0 0.275 0.486328125 0.015625 0.01953125
0 0.2796875 0.529296875 0.015625 0.01953125
0 0.234375 0.5234375 0.015625 0.01953125
0 0.33125 0.337890625 0.015625 0.01953125
0 0.275 0.326171875 0.015625 0.01953125
0 0.6421875 0.505859375 0.015625 0.01953125
0 0.6328125 0.5546875 0.015625 0.01953125
0 0.56875 0.51953125 0.015625 0.01953125
0 0.575 0.55859375 0.015625 0.01953125
0 0.834375 0.2890625 0.015625 0.01953125
0 0.8765625 0.318359375 0.015625 0.01953125
0 0.7421875 0.240234375 0.015625 0.01953125
0 0.628125 0.37109375 0.015625 0.01953125
0 0.6890625 0.37890625 0.015625 0.01953125
0 0.7328125 0.380859375 0.015625 0.01953125
0 0.8 0.40625 0.015625 0.01953125
0 0.73125 0.498046875 0.015625 0.01953125
0 0.740625 0.537109375 0.015625 0.01953125
0 0.66875 0.51953125 0.015625 0.01953125
0 0.9171875 0.44921875 0.015625 0.01953125
0 0.3453125 0.283203125 0.015625 0.01953125
0 0.38125 0.3828125 0.015625 0.01953125
0 0.1109375 0.310546875 0.015625 0.01953125
