0 0.875 0.314453125 0.015625 0.01953125
0 0.8375 0.275390625 0.015625 0.01953125
0 0.7390625 0.380859375 0.015625 0.01953125
0 0.8 0.40234375 0.015625 0.01953125
0 0.6921875 0.373046875 0.015625 0.01953125
0 0.63125 0.36328125 0.015625 0.01953125
0 0.73125 0.484375 0.015625 0.01953125
0 0.7359375 0.533203125 0.015625 0.01953125
0 0.6765625 0.505859375 0.015625 0.01953125
0 0.6328125 0.5 0.015625 0.01953125
0 0.63125 0.541015625 0.015625 0.01953125
0 0.5734375 0.513671875 0.015625 0.01953125
0 0.575 0.552734375 0.015625 0.01953125
0 0.278125 0.474609375 0.015625 0.01953125
0 0.278125 0.52734375 0.015625 0.01953125
0 0.2390625 0.517578125 0.015625 0.01953125
0 0.0625 0.533203125 0.015625 0.01953125
0 0.0125 0.5625 0.015625 0.01953125
0 0.2796875 0.3203125 0.015625 0.01953125
0 0.328125 0.33203125 0.015625 0.01953125
0 0.390625 0.376953125 0.015625 0.01953125
0 0.7421875 0.23046875 0.015625 0.01953125
0 0.9203125 0.462890625 0.015625 0.01953125
0 0.109375 0.3046875 0.015625 0.01953125
