0 0.6578125 0.484375 0.015625 0.01953125
0 0.6171875 0.525390625 0.015625 0.01953125
0 0.6625 0.53515625 0.015625 0.01953125
0 0.7203125 0.341796875 0.015625 0.01953125
0 0.665625 0.326171875 0.015625 0.01953125
0 0.490625 0.3125 0.015625 0.01953125
0 0.45 0.533203125 0.015625 0.01953125
0 0.390625 0.568359375 0.015625 0.01953125
0 0.353125 0.552734375 0.015625 0.01953125
0 0.059375 0.525390625 0.015625 0.01953125
0 0.9515625 0.5234375 0.015625 0.01953125
0 0.9640625 0.568359375 0.015625 0.01953125
0 0.775 0.384765625 0.015625 0.01953125
