0 0.278125 0.259765625 0.015625 0.01953125
0 0.2703125 0.328125 0.015625 0.01953125
0 0.2734375 0.380859375 0.015625 0.01953125
0 0.39375 0.42578125 0.015625 0.01953125
0 0.4609375 0.45703125 0.015625 0.01953125
0 0.45 0.421875 0.015625 0.01953125
0 0.840625 0.5234375 0.015625 0.01953125
0 0.690625 0.43359375 0.015625 0.01953125
0 0.603125 0.4140625 0.015625 0.01953125
0 0.7078125 0.359375 0.015625 0.01953125
0 0.775 0.375 0.015625 0.01953125
0 0.8765625 0.357421875 0.015625 0.01953125
0 0.221875 0.29296875 0.015625 0.01953125
