0 0.6953125 0.34765625 0.015625 0.01953125
0 0.7515625 0.361328125 0.015625 0.01953125
0 0.8484375 0.34765625 0.015625 0.01953125
0 0.43125 0.455078125 0.015625 0.01953125
0 0.434375 0.4140625 0.015625 0.01953125
0 0.375 0.4140625 0.015625 0.01953125
0 0.2421875 0.31640625 0.015625 0.01953125
0 0.2578125 0.24609375 0.015625 0.01953125
0 0.23125 0.3984375 0.015625 0.01953125
0 0.8125 0.509765625 0.015625 0.01953125
0 0.6625 0.423828125 0.015625 0.01953125
0 0.5765625 0.404296875 0.015625 0.01953125
0 0.196875 0.2890625 0.015625 0.01953125
