0 0.1546875 0.501953125 0.015625 0.01953125
0 0.203125 0.494140625 0.015625 0.01953125
0 0.221875 0.587890625 0.015625 0.01953125
0 0.190625 0.44140625 0.015625 0.01953125
0 0.6234375 0.39453125 0.015625 0.01953125
0 0.5546875 0.392578125 0.015625 0.01953125
0 0.7703125 0.23828125 0.015625 0.01953125
0 0.790625 0.404296875 0.015625 0.01953125
0 0.665625 0.31640625 0.015625 0.01953125
0 0.359375 0.529296875 0.015625 0.01953125
0 0.4125 0.53515625 0.015625 0.01953125
0 0.3984375 0.5 0.015625 0.01953125
