0 0.9296875 0.4375 0.015625 0.01953125
0 0.940625 0.470703125 0.015625 0.01953125
0 0.875 0.46875 0.015625 0.01953125
0 0.890625 0.498046875 0.015625 0.01953125
0 0.934375 0.140625 0.015625 0.01953125
0 0.5921875 0.61328125 0.015625 0.01953125
0 0.5703125 0.6640625 0.015625 0.01953125
0 0.6125 0.64453125 0.015625 0.01953125
0 0.3828125 0.828125 0.015625 0.01953125
0 0.415625 0.76953125 0.015625 0.01953125
0 0.55 0.4609375 0.015625 0.01953125
0 0.5984375 0.44921875 0.015625 0.01953125
0 0.6265625 0.48046875 0.015625 0.01953125
0 0.340625 0.830078125 0.015625 0.01953125
0 0.06875 0.953125 0.015625 0.01953125
0 0.38125 0.53515625 0.015625 0.01953125
0 0.9359375 0.294921875 0.015625 0.01953125
0 0.88125 0.31640625 0.015625 0.01953125
0 0.5921875 0.37109375 0.015625 0.01953125
