0 0.58125 0.208984375 0.015625 0.01953125
0 0.6515625 0.16796875 0.015625 0.01953125
0 0.625 0.419921875 0.015625 0.01953125
0 0.70625 0.216796875 0.015625 0.01953125
0 0.70625 0.28515625 0.015625 0.01953125
0 0.7328125 0.322265625 0.015625 0.01953125
0 0.76875 0.345703125 0.015625 0.01953125
0 0.7953125 0.279296875 0.015625 0.01953125
0 0.778125 0.2421875 0.015625 0.01953125
0 0.7390625 0.212890625 0.015625 0.01953125
0 0.7171875 0.2421875 0.015625 0.01953125
0 0.525 0.443359375 0.015625 0.01953125
0 0.5515625 0.5 0.015625 0.01953125
0 0.446875 0.376953125 0.015625 0.01953125
0 0.3125 0.40234375 0.015625 0.01953125
0 0.4140625 0.390625 0.015625 0.01953125
0 0.425 0.521484375 0.015625 0.01953125
0 0.3578125 0.517578125 0.015625 0.01953125
0 0.4125 0.673828125 0.015625 0.01953125
0 0.396875 0.62890625 0.015625 0.01953125
0 0.3484375 0.685546875 0.015625 0.01953125
0 0.3125 0.552734375 0.015625 0.01953125
0 0.2609375 0.576171875 0.015625 0.01953125
0 0.26875 0.7734375 0.015625 0.01953125
0 0.31875 0.734375 0.015625 0.01953125
0 0.3078125 0.6953125 0.015625 0.01953125
0 0.2515625 0.734375 0.015625 0.01953125
0 0.0109375 0.734375 0.015625 0.01953125
