0 0.171875 0.318359375 0.015625 0.01953125
0 0.284375 0.314453125 0.015625 0.01953125
0 0.43125 0.267578125 0.015625 0.01953125
0 0.4953125 0.353515625 0.015625 0.01953125
0 0.6015625 0.40234375 0.015625 0.01953125
0 0.0953125 0.287109375 0.015625 0.01953125
0 0.078125 0.2578125 0.015625 0.01953125
0 0.1875 0.126953125 0.015625 0.01953125
0 0.5171875 0.177734375 0.015625 0.01953125
0 0.4234375 0.2265625 0.015625 0.01953125
0 0.5203125 0.03125 0.015625 0.01953125
0 0.5796875 0.01171875 0.015625 0.01953125
0 0.4796875 0.09375 0.015625 0.01953125
0 0.421875 0.501953125 0.015625 0.01953125
0 0.3921875 0.390625 0.015625 0.01953125
0 0.3765625 0.298828125 0.015625 0.01953125
0 0.3609375 0.267578125 0.015625 0.01953125
0 0.328125 0.31640625 0.015625 0.01953125
0 0.3390625 0.322265625 0.015625 0.01953125
0 0.35 0.33984375 0.015625 0.01953125
0 0.2765625 0.05859375 0.015625 0.01953125
0 0.2734375 0.044921875 0.015625 0.01953125
0 0.26875 0.025390625 0.015625 0.01953125
0 0.11875 0.06640625 0.015625 0.01953125
0 0.1140625 0.0234375 0.015625 0.01953125
