0 0.78125 0.587890625 0.015625 0.01953125
0 0.7703125 0.509765625 0.015625 0.01953125
0 0.7921875 0.482421875 0.015625 0.01953125
0 0.9140625 0.392578125 0.015625 0.01953125
0 0.746875 0.26171875 0.015625 0.01953125
0 0.7640625 0.17578125 0.015625 0.01953125
0 0.7140625 0.115234375 0.015625 0.01953125
0 0.6140625 0.5234375 0.015625 0.01953125
0 0.3984375 0.326171875 0.015625 0.01953125
0 0.35 0.416015625 0.015625 0.01953125
0 0.171875 0.10546875 0.015625 0.01953125
0 0.2953125 0.0078125 0.015625 0.01953125
0 0.2640625 0.28125 0.015625 0.01953125
0 0.353125 0.046875 0.015625 0.01953125
0 0.3796875 0.06640625 0.015625 0.01953125
0 0.30625 0.09375 0.015625 0.01953125
0 0.2546875 0.138671875 0.015625 0.01953125
0 0.6328125 0.103515625 0.015625 0.01953125
0 0.565625 0.03515625 0.015625 0.01953125
0 0.640625 0.19921875 0.015625 0.01953125
0 0.6734375 0.314453125 0.015625 0.01953125
0 0.6859375 0.435546875 0.015625 0.01953125
0 0.6859375 0.46484375 0.015625 0.01953125
0 0.66875 0.416015625 0.015625 0.01953125
0 0.446875 0.33203125 0.015625 0.01953125
0 0.46875 0.255859375 0.015625 0.01953125
0 0.4578125 0.275390625 0.015625 0.01953125
0 0.4453125 0.166015625 0.015625 0.01953125
0 0.1609375 0.01171875 0.015625 0.01953125
0 0.503125 0.28515625 0.015625 0.01953125
0 0.4578125 0.640625 0.015625 0.01953125
0 0.0546875 0.119140625 0.015625 0.01953125
0 0.0140625 0.064453125 0.015625 0.01953125
0 0.0859375 0.0078125 0.015625 0.01953125
