0 0.04375 0.044921875 0.015625 0.01953125
0 0.1265625 0.107421875 0.015625 0.01953125
0 0.1765625 0.162109375 0.015625 0.01953125
0 0.1859375 0.203125 0.015625 0.01953125
0 0.2 0.232421875 0.015625 0.01953125
0 0.0421875 0.28125 0.015625 0.01953125
0 0.0421875 0.30859375 0.015625 0.01953125
0 0.0578125 0.328125 0.015625 0.01953125
0 0.103125 0.314453125 0.015625 0.01953125
0 0.1546875 0.390625 0.015625 0.01953125
0 0.253125 0.369140625 0.015625 0.01953125
0 0.30625 0.3828125 0.015625 0.01953125
0 0.26875 0.416015625 0.015625 0.01953125
0 0.28125 0.4453125 0.015625 0.01953125
0 0.2828125 0.4921875 0.015625 0.01953125
0 0.0296875 0.462890625 0.015625 0.01953125
0 0.0359375 0.5234375 0.015625 0.01953125
0 0.003125 0.578125 0.015625 0.01953125
0 0.23125 0.779296875 0.015625 0.01953125
0 0.3 0.779296875 0.015625 0.01953125
0 0.321875 0.779296875 0.015625 0.01953125
0 0.3515625 0.775390625 0.015625 0.01953125
0 0.3703125 0.775390625 0.015625 0.01953125
0 0.3828125 0.7734375 0.015625 0.01953125
0 0.4203125 0.7734375 0.015625 0.01953125
0 0.6859375 0.251953125 0.015625 0.01953125
0 0.65625 0.1484375 0.015625 0.01953125
0 0.740625 0.1484375 0.015625 0.01953125
0 0.6984375 0.06640625 0.015625 0.01953125
0 0.8 0.08984375 0.015625 0.01953125
0 0.7859375 0.03125 0.015625 0.01953125
0 0.5328125 0.34375 0.015625 0.01953125
0 0.4703125 0.314453125 0.015625 0.01953125
0 0.4390625 0.294921875 0.015625 0.01953125
0 0.4359375 0.26953125 0.015625 0.01953125
0 0.4953125 0.228515625 0.015625 0.01953125
0 0.4328125 0.4453125 0.015625 0.01953125
0 0.465625 0.39453125 0.015625 0.01953125
0 0.4734375 0.474609375 0.015625 0.01953125
0 0.4734375 0.51953125 0.015625 0.01953125
0 0.484375 0.55078125 0.015625 0.01953125
0 0.5 0.5859375 0.015625 0.01953125
0 0.403125 0.57421875 0.015625 0.01953125
0 0.3796875 0.58984375 0.015625 0.01953125
0 0.3671875 0.57421875 0.015625 0.01953125
0 0.365625 0.61328125 0.015625 0.01953125
0 0.346875 0.65234375 0.015625 0.01953125
0 0.5765625 0.51953125 0.015625 0.01953125
0 0.640625 0.49609375 0.015625 0.01953125
0 0.7640625 0.408203125 0.015625 0.01953125
0 0.7375 0.314453125 0.015625 0.01953125
0 0.7578125 0.20703125 0.015625 0.01953125
0 0.80625 0.20703125 0.015625 0.01953125
0 0.8546875 0.228515625 0.015625 0.01953125
0 0.94375 0.19921875 0.015625 0.01953125
0 0.9484375 0.21484375 0.015625 0.01953125
0 0.9703125 0.30078125 0.015625 0.01953125
0 0.859375 0.025390625 0.015625 0.01953125
0 0.928125 0.947265625 0.015625 0.01953125
0 0.8796875 0.919921875 0.015625 0.01953125
0 0.7578125 0.986328125 0.015625 0.01953125
0 0.725 0.78125 0.015625 0.01953125
0 0.6671875 0.724609375 0.015625 0.01953125
0 0.6234375 0.7421875 0.015625 0.01953125
0 0.5703125 0.66796875 0.015625 0.01953125
0 0.6078125 0.59375 0.015625 0.01953125
0 0.61875 0.6171875 0.015625 0.01953125
0 0.625 0.548828125 0.015625 0.01953125
0 0.7515625 0.58203125 0.015625 0.01953125
0 0.7203125 0.603515625 0.015625 0.01953125
0 0.696875 0.611328125 0.015625 0.01953125
0 0.6890625 0.625 0.015625 0.01953125
0 0.6765625 0.64453125 0.015625 0.01953125
0 0.6734375 0.6640625 0.015625 0.01953125
0 0.98125 0.431640625 0.015625 0.01953125
0 0.4375 0.171875 0.015625 0.01953125
0 0.3765625 0.154296875 0.015625 0.01953125
0 0.4203125 0.119140625 0.015625 0.01953125
0 0.3734375 0.099609375 0.015625 0.01953125
0 0.359375 0.115234375 0.015625 0.01953125
0 0.340625 0.0546875 0.015625 0.01953125
0 0.371875 0.0390625 0.015625 0.01953125
0 0.328125 0.01171875 0.015625 0.01953125
0 0.0875 0.712890625 0.015625 0.01953125
0 0.0796875 0.751953125 0.015625 0.01953125
0 0.0734375 0.775390625 0.015625 0.01953125
0 0.096875 0.7734375 0.015625 0.01953125
0 0.0421875 0.77734375 0.015625 0.01953125
0 0.8078125 0.751953125 0.015625 0.01953125
