0 0.1125 0.09375 0.015625 0.01953125
0 0.0765625 0.052734375 0.015625 0.01953125
0 0.2875 0.236328125 0.015625 0.01953125
0 0.3265625 0.103515625 0.015625 0.01953125
0 0.3875 0.03125 0.015625 0.01953125
0 0.4640625 0.11328125 0.015625 0.01953125
0 0.4734375 0.16796875 0.015625 0.01953125
0 0.5078125 0.1640625 0.015625 0.01953125
0 0.565625 0.185546875 0.015625 0.01953125
0 0.521875 0.203125 0.015625 0.01953125
0 0.5203125 0.22265625 0.015625 0.01953125
0 0.6078125 0.234375 0.015625 0.01953125
0 0.6703125 0.205078125 0.015625 0.01953125
0 0.6296875 0.06640625 0.015625 0.01953125
0 0.6953125 0.0234375 0.015625 0.01953125
0 0.28125 0.34765625 0.015625 0.01953125
0 0.3078125 0.375 0.015625 0.01953125
0 0.2203125 0.365234375 0.015625 0.01953125
0 0.2078125 0.341796875 0.015625 0.01953125
0 0.434375 0.361328125 0.015625 0.01953125
0 0.4234375 0.412109375 0.015625 0.01953125
0 0.4203125 0.435546875 0.015625 0.01953125
0 0.4875 0.4453125 0.015625 0.01953125
0 0.475 0.517578125 0.015625 0.01953125
0 0.328125 0.509765625 0.015625 0.01953125
0 0.3140625 0.49609375 0.015625 0.01953125
0 0.3015625 0.447265625 0.015625 0.01953125
0 0.2296875 0.4375 0.015625 0.01953125
0 0.14375 0.435546875 0.015625 0.01953125
0 0.1140625 0.4765625 0.015625 0.01953125
0 0.0109375 0.498046875 0.015625 0.01953125
0 0.0171875 0.53515625 0.015625 0.01953125
0 0.0859375 0.5703125 0.015625 0.01953125
0 0.1546875 0.59765625 0.015625 0.01953125
0 0.1625 0.619140625 0.015625 0.01953125
0 0.053125 0.673828125 0.015625 0.01953125
0 0.0421875 0.71875 0.015625 0.01953125
0 0.040625 0.7734375 0.015625 0.01953125
0 0.3984375 0.6171875 0.015625 0.01953125
0 0.3046875 0.78125 0.015625 0.01953125
0 0.3890625 0.76953125 0.015625 0.01953125
0 0.4359375 0.775390625 0.015625 0.01953125
0 0.440625 0.75 0.015625 0.01953125
0 0.453125 0.689453125 0.015625 0.01953125
0 0.584375 0.779296875 0.015625 0.01953125
0 0.6515625 0.7734375 0.015625 0.01953125
0 0.6859375 0.771484375 0.015625 0.01953125
0 0.709375 0.779296875 0.015625 0.01953125
0 0.7390625 0.779296875 0.015625 0.01953125
0 0.759375 0.77734375 0.015625 0.01953125
0 0.6203125 0.681640625 0.015625 0.01953125
0 0.6359375 0.537109375 0.015625 0.01953125
0 0.721875 0.4765625 0.015625 0.01953125
0 0.61875 0.314453125 0.015625 0.01953125
0 0.64375 0.337890625 0.015625 0.01953125
0 0.665625 0.375 0.015625 0.01953125
0 0.71875 0.248046875 0.015625 0.01953125
0 0.7484375 0.30859375 0.015625 0.01953125
0 0.7921875 0.275390625 0.015625 0.01953125
0 0.8296875 0.21875 0.015625 0.01953125
0 0.85 0.30078125 0.015625 0.01953125
0 0.8296875 0.40234375 0.015625 0.01953125
0 0.8421875 0.478515625 0.015625 0.01953125
0 0.96875 0.287109375 0.015625 0.01953125
0 0.9859375 0.416015625 0.015625 0.01953125
0 0.909375 0.56640625 0.015625 0.01953125
0 0.9046875 0.591796875 0.015625 0.01953125
0 0.86875 0.55078125 0.015625 0.01953125
0 0.9859375 0.615234375 0.015625 0.01953125
0 0.99375 0.552734375 0.015625 0.01953125
0 0.99375 0.498046875 0.015625 0.01953125
0 0.9421875 0.677734375 0.015625 0.01953125
0 0.9859375 0.75 0.015625 0.01953125
0 0.7828125 0.5703125 0.015625 0.01953125
0 0.759375 0.5703125 0.015625 0.01953125
0 0.7375 0.564453125 0.015625 0.01953125
