0 0.0390625 0.5390625 0.015625 0.01953125
0 0.11875 0.51953125 0.015625 0.01953125
0 0.11875 0.541015625 0.015625 0.01953125
0 0.1046875 0.580078125 0.015625 0.01953125
0 0.1140625 0.6171875 0.015625 0.01953125
0 0.3421875 0.54296875 0.015625 0.01953125
0 0.4203125 0.673828125 0.015625 0.01953125
0 0.425 0.712890625 0.015625 0.01953125
0 0.4625 0.60546875 0.015625 0.01953125
0 0.5515625 0.5546875 0.015625 0.01953125
0 0.54375 0.525390625 0.015625 0.01953125
0 0.4625 0.505859375 0.015625 0.01953125
0 0.425 0.443359375 0.015625 0.01953125
0 0.409375 0.396484375 0.015625 0.01953125
0 0.553125 0.375 0.015625 0.01953125
0 0.59375 0.267578125 0.015625 0.01953125
0 0.571875 0.23828125 0.015625 0.01953125
0 0.5 0.11328125 0.015625 0.01953125
0 0.3578125 0.052734375 0.015625 0.01953125
0 0.6296875 0.0234375 0.015625 0.01953125
0 0.70625 0.029296875 0.015625 0.01953125
0 0.7203125 0.11328125 0.015625 0.01953125
0 0.765625 0.16015625 0.015625 0.01953125
0 0.7328125 0.16796875 0.015625 0.01953125
0 0.69375 0.236328125 0.015625 0.01953125
0 0.71875 0.263671875 0.015625 0.01953125
0 0.6765625 0.337890625 0.015625 0.01953125
0 0.665625 0.4296875 0.015625 0.01953125
0 0.7125 0.380859375 0.015625 0.01953125
0 0.7328125 0.400390625 0.015625 0.01953125
0 0.7703125 0.3203125 0.015625 0.01953125
0 0.78125 0.34765625 0.015625 0.01953125
0 0.853125 0.337890625 0.015625 0.01953125
0 0.81875 0.314453125 0.015625 0.01953125
0 0.8359375 0.126953125 0.015625 0.01953125
0 0.8296875 0.103515625 0.015625 0.01953125
0 0.9109375 0.052734375 0.015625 0.01953125
0 0.903125 0.375 0.015625 0.01953125
0 0.796875 0.443359375 0.015625 0.01953125
0 0.78125 0.515625 0.015625 0.01953125
0 0.8671875 0.671875 0.015625 0.01953125
0 0.9828125 0.685546875 0.015625 0.01953125
0 0.984375 0.623046875 0.015625 0.01953125
0 0.9921875 0.5625 0.015625 0.01953125
0 0.96875 0.529296875 0.015625 0.01953125
0 0.834375 0.779296875 0.015625 0.01953125
0 0.89375 0.771484375 0.015625 0.01953125
0 0.9265625 0.765625 0.015625 0.01953125
0 0.9421875 0.765625 0.015625 0.01953125
0 0.959375 0.765625 0.015625 0.01953125
0 0.971875 0.765625 0.015625 0.01953125
0 0.9890625 0.765625 0.015625 0.01953125
0 0.5546875 0.78125 0.015625 0.01953125
0 0.646875 0.767578125 0.015625 0.01953125
0 0.6703125 0.767578125 0.015625 0.01953125
0 0.6734375 0.73046875 0.015625 0.01953125
0 0.6984375 0.685546875 0.015625 0.01953125
0 0.203125 0.755859375 0.015625 0.01953125
0 0.9859375 0.00390625 0.015625 0.01953125
0 0.996875 0.095703125 0.015625 0.01953125
0 0.9984375 0.056640625 0.015625 0.01953125
