0 0.1109375 0.5390625 0.015625 0.01953125
0 0.1375 0.46875 0.015625 0.01953125
0 0.1015625 0.23046875 0.015625 0.01953125
0 0.3375 0.580078125 0.015625 0.01953125
0 0.3578125 0.591796875 0.015625 0.01953125
0 0.3453125 0.63671875 0.015625 0.01953125
0 0.38125 0.654296875 0.015625 0.01953125
0 0.38125 0.703125 0.015625 0.01953125
0 0.20625 0.71875 0.015625 0.01953125
0 0.5765625 0.607421875 0.015625 0.01953125
0 0.4890625 0.541015625 0.015625 0.01953125
0 0.4734375 0.482421875 0.015625 0.01953125
0 0.4671875 0.44921875 0.015625 0.01953125
0 0.1578125 0.84375 0.015625 0.01953125
0 0.0671875 0.833984375 0.015625 0.01953125
0 0.0359375 0.837890625 0.015625 0.01953125
0 0.8078125 0.537109375 0.015625 0.01953125
0 0.7921875 0.400390625 0.015625 0.01953125
0 0.775 0.373046875 0.015625 0.01953125
0 0.646875 0.361328125 0.015625 0.01953125
0 0.575 0.412109375 0.015625 0.01953125
0 0.5453125 0.38671875 0.015625 0.01953125
0 0.7265625 0.318359375 0.015625 0.01953125
0 0.8109375 0.294921875 0.015625 0.01953125
0 0.8234375 0.326171875 0.015625 0.01953125
0 0.74375 0.0859375 0.015625 0.01953125
0 0.7078125 0.072265625 0.015625 0.01953125
0 0.9265625 0.05859375 0.015625 0.01953125
0 0.934375 0.15234375 0.015625 0.01953125
0 0.94375 0.2265625 0.015625 0.01953125
0 0.846875 0.638671875 0.015625 0.01953125
0 0.7828125 0.71875 0.015625 0.01953125
0 0.9125 0.6953125 0.015625 0.01953125
0 0.934375 0.62109375 0.015625 0.01953125
0 0.909375 0.634765625 0.015625 0.01953125
0 0.865625 0.71484375 0.015625 0.01953125
0 0.9125 0.712890625 0.015625 0.01953125
