0 0.046875 0.103515625 0.015625 0.01953125
0 0.1125 0.01953125 0.015625 0.01953125
0 0.1390625 0.34765625 0.015625 0.01953125
0 0.1609375 0.53125 0.015625 0.01953125
0 0.2921875 0.5625 0.015625 0.01953125
0 0.0875 0.658203125 0.015625 0.01953125
0 0.0828125 0.751953125 0.015625 0.01953125
0 0.059375 0.865234375 0.015625 0.01953125
0 0.0875 0.8671875 0.015625 0.01953125
0 0.175 0.865234375 0.015625 0.01953125
0 0.375 0.744140625 0.015625 0.01953125
0 0.321875 0.853515625 0.015625 0.01953125
0 0.5015625 0.71875 0.015625 0.01953125
0 0.55 0.6484375 0.015625 0.01953125
0 0.528125 0.611328125 0.015625 0.01953125
0 0.540625 0.583984375 0.015625 0.01953125
0 0.6265625 0.50390625 0.015625 0.01953125
0 0.7625 0.556640625 0.015625 0.01953125
0 0.6375 0.439453125 0.015625 0.01953125
0 0.634375 0.408203125 0.015625 0.01953125
0 0.5421875 0.4140625 0.015625 0.01953125
0 0.721875 0.388671875 0.015625 0.01953125
0 0.75 0.35546875 0.015625 0.01953125
0 0.8203125 0.30078125 0.015625 0.01953125
0 0.765625 0.111328125 0.015625 0.01953125
0 0.7359375 0.091796875 0.015625 0.01953125
0 0.8796875 0.0 0.015625 0.01953125
0 0.95625 0.0703125 0.015625 0.01953125
0 0.9359375 0.1875 0.015625 0.01953125
0 0.9671875 0.23046875 0.015625 0.01953125
0 0.9828125 0.251953125 0.015625 0.01953125
0 0.9 0.248046875 0.015625 0.01953125
0 0.9375 0.306640625 0.015625 0.01953125
0 0.959375 0.328125 0.015625 0.01953125
0 0.953125 0.462890625 0.015625 0.01953125
0 0.91875 0.630859375 0.015625 0.01953125
0 0.990625 0.623046875 0.015625 0.01953125
0 0.9296875 0.66015625 0.015625 0.01953125
0 0.9484375 0.71484375 0.015625 0.01953125
0 0.8046875 0.72265625 0.015625 0.01953125
0 0.9265625 0.728515625 0.015625 0.01953125
0 0.959375 0.91015625 0.015625 0.01953125
