0 0.009375 0.5625 0.015625 0.01953125
0 0.1984375 0.654296875 0.015625 0.01953125
0 0.3765625 0.55859375 0.015625 0.01953125
0 0.3765625 0.587890625 0.015625 0.01953125
0 0.10625 0.666015625 0.015625 0.01953125
0 0.1109375 0.68359375 0.015625 0.01953125
0 0.1046875 0.703125 0.015625 0.01953125
0 0.0671875 0.771484375 0.015625 0.01953125
0 0.0890625 0.873046875 0.015625 0.01953125
0 0.696875 0.802734375 0.015625 0.01953125
0 0.621875 0.681640625 0.015625 0.01953125
0 0.6890625 0.6484375 0.015625 0.01953125
0 0.7453125 0.767578125 0.015625 0.01953125
0 0.7609375 0.80078125 0.015625 0.01953125
0 0.878125 0.6015625 0.015625 0.01953125
0 0.825 0.501953125 0.015625 0.01953125
0 0.7125 0.556640625 0.015625 0.01953125
0 0.6390625 0.48828125 0.015625 0.01953125
0 0.4328125 0.33984375 0.015625 0.01953125
0 0.375 0.341796875 0.015625 0.01953125
0 0.4625 0.412109375 0.015625 0.01953125
0 0.565625 0.150390625 0.015625 0.01953125
0 0.3421875 0.150390625 0.015625 0.01953125
0 0.2484375 0.1796875 0.015625 0.01953125
0 0.2109375 0.19140625 0.015625 0.01953125
0 0.9625 0.70703125 0.015625 0.01953125
0 0.940625 0.681640625 0.015625 0.01953125
0 0.95 0.65234375 0.015625 0.01953125
0 0.928125 0.849609375 0.015625 0.01953125
0 0.91875 0.533203125 0.015625 0.01953125
0 0.64375 0.455078125 0.015625 0.01953125
0 0.0953125 0.08203125 0.015625 0.01953125
0 0.025 0.0625 0.015625 0.01953125
0 0.684375 0.875 0.015625 0.01953125
0 0.990625 0.634765625 0.015625 0.01953125
0 0.6875 0.623046875 0.015625 0.01953125
