0 0.128125 0.66015625 0.015625 0.01953125
0 0.01875 0.57421875 0.015625 0.01953125
0 0.4796875 0.578125 0.015625 0.01953125
0 0.4578125 0.744140625 0.015625 0.01953125
0 0.2328125 0.78125 0.015625 0.01953125
0 0.528125 0.80078125 0.015625 0.01953125
0 0.6765625 0.822265625 0.015625 0.01953125
0 0.8484375 0.703125 0.015625 0.01953125
0 0.8203125 0.55078125 0.015625 0.01953125
0 0.7125 0.681640625 0.015625 0.01953125
0 0.7015625 0.712890625 0.015625 0.01953125
0 0.59375 0.640625 0.015625 0.01953125
0 0.7125 0.1484375 0.015625 0.01953125
0 0.3625 0.15625 0.015625 0.01953125
0 0.484375 0.021484375 0.015625 0.01953125
0 0.4125 0.0078125 0.015625 0.01953125
0 0.3578125 0.017578125 0.015625 0.01953125
0 0.9921875 0.5625 0.015625 0.01953125
0 0.99375 0.5859375 0.015625 0.01953125
0 0.9921875 0.912109375 0.015625 0.01953125
0 0.9578125 0.923828125 0.015625 0.01953125
0 0.3734375 0.87109375 0.015625 0.01953125
0 0.3546875 0.84375 0.015625 0.01953125
0 0.3234375 0.857421875 0.015625 0.01953125
0 0.334375 0.890625 0.015625 0.01953125
0 0.103125 0.841796875 0.015625 0.01953125
0 0.1 0.869140625 0.015625 0.01953125
0 0.8125 0.33203125 0.015625 0.01953125
0 0.84375 0.333984375 0.015625 0.01953125
0 0.6046875 0.5625 0.015625 0.01953125
0 0.625 0.609375 0.015625 0.01953125
0 0.265625 0.552734375 0.015625 0.01953125
0 0.9609375 0.0078125 0.015625 0.01953125
