0 0.290625 0.4140625 0.015625 0.01953125
0 0.2953125 0.314453125 0.015625 0.01953125
0 0.2890625 0.224609375 0.015625 0.01953125
0 0.2234375 0.232421875 0.015625 0.01953125
0 0.2203125 0.31640625 0.015625 0.01953125
0 0.2125 0.41015625 0.015625 0.01953125
0 0.1375 0.4140625 0.015625 0.01953125
0 0.140625 0.31640625 0.015625 0.01953125
0 0.140625 0.22265625 0.015625 0.01953125
0 0.140625 0.140625 0.015625 0.01953125
0 0.1453125 0.0390625 0.015625 0.01953125
0 0.071875 0.1796875 0.015625 0.01953125
0 0.06875 0.2890625 0.015625 0.01953125
0 0.06875 0.416015625 0.015625 0.01953125
0 0.0140625 0.349609375 0.015625 0.01953125
0 0.0078125 0.13671875 0.015625 0.01953125
0 0.0140625 0.07421875 0.015625 0.01953125
0 0.0609375 0.04296875 0.015625 0.01953125
0 0.0796875 0.060546875 0.015625 0.01953125
0 0.06875 0.580078125 0.015625 0.01953125
0 0.1328125 0.53515625 0.015625 0.01953125
0 0.140625 0.677734375 0.015625 0.01953125
0 0.0625 0.646484375 0.015625 0.01953125
0 0.0375 0.728515625 0.015625 0.01953125
0 0.0328125 0.759765625 0.015625 0.01953125
0 0.153125 0.765625 0.015625 0.01953125
0 0.1578125 0.75 0.015625 0.01953125
0 0.2078125 0.849609375 0.015625 0.01953125
0 0.2078125 0.826171875 0.015625 0.01953125
0 0.3265625 0.75 0.015625 0.01953125
0 0.3234375 0.6640625 0.015625 0.01953125
0 0.4375 0.634765625 0.015625 0.01953125
0 0.553125 0.591796875 0.015625 0.01953125
0 0.675 0.583984375 0.015625 0.01953125
0 0.009375 0.251953125 0.015625 0.01953125
0 0.65625 0.765625 0.015625 0.01953125
0 0.70625 0.666015625 0.015625 0.01953125
0 0.74375 0.767578125 0.015625 0.01953125
0 0.65625 0.822265625 0.015625 0.01953125
0 0.6578125 0.857421875 0.015625 0.01953125
0 0.55625 0.55078125 0.015625 0.01953125
0 0.575 0.544921875 0.015625 0.01953125
0 0.9625 0.544921875 0.015625 0.01953125
0 0.678125 0.119140625 0.015625 0.01953125
