0 0.7671875 0.1328125 0.015625 0.01953125
0 0.9359375 0.775390625 0.015625 0.01953125
0 0.9171875 0.65625 0.015625 0.01953125
0 0.9015625 0.515625 0.015625 0.01953125
0 0.9 0.41796875 0.015625 0.01953125
0 0.9015625 0.35546875 0.015625 0.01953125
0 0.903125 0.259765625 0.015625 0.01953125
0 0.8953125 0.173828125 0.015625 0.01953125
0 0.890625 0.10546875 0.015625 0.01953125
0 0.890625 0.05859375 0.015625 0.01953125
0 0.96875 0.6171875 0.015625 0.01953125
0 0.96875 0.537109375 0.015625 0.01953125
0 0.965625 0.470703125 0.015625 0.01953125
0 0.96875 0.375 0.015625 0.01953125
0 0.971875 0.26953125 0.015625 0.01953125
0 0.9671875 0.142578125 0.015625 0.01953125
0 0.9640625 0.068359375 0.015625 0.01953125
0 0.9703125 0.005859375 0.015625 0.01953125
0 0.4890625 0.482421875 0.015625 0.01953125
0 0.5828125 0.80078125 0.015625 0.01953125
0 0.3890625 0.943359375 0.015625 0.01953125
0 0.3921875 0.822265625 0.015625 0.01953125
0 0.390625 0.73046875 0.015625 0.01953125
0 0.3921875 0.626953125 0.015625 0.01953125
0 0.39375 0.564453125 0.015625 0.01953125
0 0.39375 0.44921875 0.015625 0.01953125
0 0.3890625 0.365234375 0.015625 0.01953125
0 0.3921875 0.27734375 0.015625 0.01953125
0 0.3921875 0.19921875 0.015625 0.01953125
0 0.390625 0.146484375 0.015625 0.01953125
0 0.390625 0.072265625 0.015625 0.01953125
0 0.39375 0.025390625 0.015625 0.01953125
0 0.325 0.029296875 0.015625 0.01953125
0 0.3203125 0.095703125 0.015625 0.01953125
0 0.321875 0.244140625 0.015625 0.01953125
0 0.3171875 0.30859375 0.015625 0.01953125
0 0.3078125 0.3828125 0.015625 0.01953125
0 0.3171875 0.537109375 0.015625 0.01953125
0 0.321875 0.626953125 0.015625 0.01953125
0 0.3015625 0.73046875 0.015625 0.01953125
0 0.3203125 0.837890625 0.015625 0.01953125
0 0.309375 0.97265625 0.015625 0.01953125
0 0.2453125 0.923828125 0.015625 0.01953125
0 0.246875 0.828125 0.015625 0.01953125
0 0.2453125 0.728515625 0.015625 0.01953125
0 0.2421875 0.619140625 0.015625 0.01953125
0 0.240625 0.537109375 0.015625 0.01953125
0 0.240625 0.421875 0.015625 0.01953125
0 0.2421875 0.306640625 0.015625 0.01953125
0 0.2359375 0.203125 0.015625 0.01953125
0 0.24375 0.072265625 0.015625 0.01953125
0 0.2484375 0.00390625 0.015625 0.01953125
0 0.1453125 0.984375 0.015625 0.01953125
0 0.103125 0.998046875 0.015625 0.01953125
0 0.06875 0.396484375 0.015625 0.01953125
