0 0.009375 0.361328125 0.015625 0.01953125
0 0.19375 0.03515625 0.015625 0.01953125
0 0.1890625 0.09765625 0.015625 0.01953125
0 0.1875 0.236328125 0.015625 0.01953125
0 0.1890625 0.341796875 0.015625 0.01953125
0 0.1875 0.46875 0.015625 0.01953125
0 0.1765625 0.580078125 0.015625 0.01953125
0 0.1796875 0.662109375 0.015625 0.01953125
0 0.178125 0.796875 0.015625 0.01953125
0 0.184375 0.87109375 0.015625 0.01953125
0 0.18125 0.982421875 0.015625 0.01953125
0 0.25 0.876953125 0.015625 0.01953125
0 0.24375 0.767578125 0.015625 0.01953125
0 0.2546875 0.66015625 0.015625 0.01953125
0 0.2578125 0.587890625 0.015625 0.01953125
0 0.253125 0.43359375 0.015625 0.01953125
0 0.2578125 0.353515625 0.015625 0.01953125
0 0.2640625 0.283203125 0.015625 0.01953125
0 0.265625 0.126953125 0.015625 0.01953125
0 0.26875 0.064453125 0.015625 0.01953125
0 0.3296875 0.041015625 0.015625 0.01953125
0 0.334375 0.099609375 0.015625 0.01953125
0 0.3359375 0.1796875 0.015625 0.01953125
0 0.3375 0.2265625 0.015625 0.01953125
0 0.3359375 0.3203125 0.015625 0.01953125
0 0.3265625 0.416015625 0.015625 0.01953125
0 0.3296875 0.48828125 0.015625 0.01953125
0 0.3328125 0.599609375 0.015625 0.01953125
0 0.334375 0.66015625 0.015625 0.01953125
0 0.3265625 0.767578125 0.015625 0.01953125
0 0.3234375 0.86328125 0.015625 0.01953125
0 0.3171875 0.98046875 0.015625 0.01953125
0 0.4078125 0.984375 0.015625 0.01953125
0 0.490625 0.98046875 0.015625 0.01953125
0 0.5625 0.97265625 0.015625 0.01953125
0 0.64375 0.978515625 0.015625 0.01953125
0 0.425 0.4921875 0.015625 0.01953125
0 0.8859375 0.685546875 0.015625 0.01953125
0 0.859375 0.599609375 0.015625 0.01953125
0 0.9046875 0.52734375 0.015625 0.01953125
0 0.909375 0.443359375 0.015625 0.01953125
0 0.9078125 0.380859375 0.015625 0.01953125
0 0.8421875 0.41796875 0.015625 0.01953125
0 0.840625 0.318359375 0.015625 0.01953125
0 0.846875 0.24609375 0.015625 0.01953125
0 0.9078125 0.265625 0.015625 0.01953125
0 0.9796875 0.384765625 0.015625 0.01953125
0 0.990625 0.25 0.015625 0.01953125
0 0.9828125 0.16796875 0.015625 0.01953125
0 0.909375 0.173828125 0.015625 0.01953125
0 0.8375 0.171875 0.015625 0.01953125
0 0.8421875 0.1015625 0.015625 0.01953125
0 0.840625 0.0390625 0.015625 0.01953125
0 0.909375 0.046875 0.015625 0.01953125
0 0.9875 0.044921875 0.015625 0.01953125
0 0.9921875 0.103515625 0.015625 0.01953125
0 0.6984375 0.099609375 0.015625 0.01953125
0 0.978125 0.544921875 0.015625 0.01953125
0 0.2734375 0.005859375 0.015625 0.01953125
0 0.0359375 0.958984375 0.015625 0.01953125
0 0.0828125 0.947265625 0.015625 0.01953125
