0 0.06875 0.48046875 0.015625 0.01953125
0 0.325 0.427734375 0.015625 0.01953125
0 0.3234375 0.384765625 0.015625 0.01953125
0 0.321875 0.326171875 0.015625 0.01953125
0 0.3265625 0.240234375 0.015625 0.01953125
0 0.321875 0.13671875 0.015625 0.01953125
0 0.33125 0.08984375 0.015625 0.01953125
0 0.315625 0.611328125 0.015625 0.01953125
0 0.315625 0.76171875 0.015625 0.01953125
0 0.31875 0.697265625 0.015625 0.01953125
0 0.3203125 0.52734375 0.015625 0.01953125
0 0.3171875 0.830078125 0.015625 0.01953125
0 0.315625 0.9140625 0.015625 0.01953125
0 0.3171875 0.9609375 0.015625 0.01953125
0 0.2484375 0.912109375 0.015625 0.01953125
0 0.228125 0.923828125 0.015625 0.01953125
0 0.24375 0.994140625 0.015625 0.01953125
0 0.2234375 0.9921875 0.015625 0.01953125
0 0.39375 0.98828125 0.015625 0.01953125
0 0.4578125 0.990234375 0.015625 0.01953125
0 0.5265625 0.990234375 0.015625 0.01953125
0 0.5875 0.994140625 0.015625 0.01953125
0 0.6421875 0.9921875 0.015625 0.01953125
0 0.69375 0.990234375 0.015625 0.01953125
0 0.684375 0.935546875 0.015625 0.01953125
0 0.6359375 0.92578125 0.015625 0.01953125
0 0.584375 0.931640625 0.015625 0.01953125
0 0.528125 0.931640625 0.015625 0.01953125
0 0.4765625 0.931640625 0.015625 0.01953125
0 0.4171875 0.923828125 0.015625 0.01953125
0 0.3625 0.9375 0.015625 0.01953125
0 0.3578125 0.8828125 0.015625 0.01953125
0 0.36875 0.81640625 0.015625 0.01953125
0 0.4078125 0.86328125 0.015625 0.01953125
0 0.4171875 0.802734375 0.015625 0.01953125
0 0.4140625 0.76171875 0.015625 0.01953125
0 0.3640625 0.748046875 0.015625 0.01953125
0 0.409375 0.703125 0.015625 0.01953125
0 0.4125 0.646484375 0.015625 0.01953125
0 0.48125 0.66796875 0.015625 0.01953125
0 0.4140625 0.58984375 0.015625 0.01953125
0 0.371875 0.560546875 0.015625 0.01953125
0 0.4140625 0.490234375 0.015625 0.01953125
0 0.36875 0.4453125 0.015625 0.01953125
0 0.371875 0.607421875 0.015625 0.01953125
0 0.365625 0.662109375 0.015625 0.01953125
0 0.4234375 0.51953125 0.015625 0.01953125
0 0.4171875 0.42578125 0.015625 0.01953125
0 0.415625 0.3828125 0.015625 0.01953125
0 0.4234375 0.33203125 0.015625 0.01953125
0 0.425 0.302734375 0.015625 0.01953125
0 0.4296875 0.25 0.015625 0.01953125
0 0.3796875 0.232421875 0.015625 0.01953125
0 0.3734375 0.40625 0.015625 0.01953125
0 0.375 0.3671875 0.015625 0.01953125
0 0.3765625 0.291015625 0.015625 0.01953125
0 0.38125 0.166015625 0.015625 0.01953125
0 0.409375 0.146484375 0.015625 0.01953125
0 0.365625 0.08984375 0.015625 0.01953125
0 0.4140625 0.087890625 0.015625 0.01953125
0 0.4515625 0.09765625 0.015625 0.01953125
0 0.2015625 0.515625 0.015625 0.01953125
0 0.1484375 0.3125 0.015625 0.01953125
0 0.1640625 0.30078125 0.015625 0.01953125
0 0.00625 0.263671875 0.015625 0.01953125
0 0.0171875 0.080078125 0.015625 0.01953125
0 0.1453125 0.0859375 0.015625 0.01953125
0 0.178125 0.1171875 0.015625 0.01953125
0 0.2015625 0.0234375 0.015625 0.01953125
0 0.275 0.0546875 0.015625 0.01953125
0 0.45 0.021484375 0.015625 0.01953125
0 0.5640625 0.01171875 0.015625 0.01953125
0 0.4671875 0.0703125 0.015625 0.01953125
0 0.9046875 0.3515625 0.015625 0.01953125
0 0.921875 0.353515625 0.015625 0.01953125
0 0.975 0.90625 0.015625 0.01953125
0 0.9765625 0.806640625 0.015625 0.01953125
0 0.8046875 0.990234375 0.015625 0.01953125
0 0.8265625 0.978515625 0.015625 0.01953125
0 0.815625 0.755859375 0.015625 0.01953125
0 0.8015625 0.740234375 0.015625 0.01953125
0 0.7765625 0.662109375 0.015625 0.01953125
0 0.7625 0.59375 0.015625 0.01953125
0 0.8453125 0.556640625 0.015625 0.01953125
0 0.790625 0.529296875 0.015625 0.01953125
0 0.79375 0.48828125 0.015625 0.01953125
0 0.74375 0.474609375 0.015625 0.01953125
0 0.790625 0.439453125 0.015625 0.01953125
0 0.8453125 0.453125 0.015625 0.01953125
0 0.75 0.416015625 0.015625 0.01953125
0 0.628125 0.341796875 0.015625 0.01953125
0 0.7578125 0.341796875 0.015625 0.01953125
0 0.465625 0.2109375 0.015625 0.01953125
0 0.49375 0.158203125 0.015625 0.01953125
0 0.4890625 0.099609375 0.015625 0.01953125
0 0.5265625 0.1015625 0.015625 0.01953125
0 0.5765625 0.115234375 0.015625 0.01953125
0 0.6078125 0.111328125 0.015625 0.01953125
0 0.6375 0.1171875 0.015625 0.01953125
0 0.6890625 0.12109375 0.015625 0.01953125
0 0.7296875 0.115234375 0.015625 0.01953125
0 0.771875 0.119140625 0.015625 0.01953125
0 0.7984375 0.125 0.015625 0.01953125
0 0.821875 0.15234375 0.015625 0.01953125
0 0.853125 0.181640625 0.015625 0.01953125
0 0.846875 0.21484375 0.015625 0.01953125
0 0.85 0.26171875 0.015625 0.01953125
0 0.846875 0.3046875 0.015625 0.01953125
0 0.8515625 0.359375 0.015625 0.01953125
0 0.509375 0.21875 0.015625 0.01953125
0 0.521875 0.162109375 0.015625 0.01953125
0 0.5875 0.171875 0.015625 0.01953125
0 0.6140625 0.177734375 0.015625 0.01953125
0 0.6375 0.1796875 0.015625 0.01953125
0 0.6796875 0.171875 0.015625 0.01953125
0 0.5609375 0.224609375 0.015625 0.01953125
0 0.59375 0.228515625 0.015625 0.01953125
0 0.634375 0.224609375 0.015625 0.01953125
0 0.6921875 0.240234375 0.015625 0.01953125
0 0.728125 0.18359375 0.015625 0.01953125
0 0.78125 0.1875 0.015625 0.01953125
0 0.796875 0.20703125 0.015625 0.01953125
0 0.80625 0.23828125 0.015625 0.01953125
0 0.8046875 0.306640625 0.015625 0.01953125
0 0.796875 0.375 0.015625 0.01953125
0 0.75625 0.376953125 0.015625 0.01953125
0 0.7515625 0.294921875 0.015625 0.01953125
0 0.7515625 0.2578125 0.015625 0.01953125
0 0.73125 0.24609375 0.015625 0.01953125
