0 0.2453125 0.921875 0.015625 0.01953125
0 0.2515625 0.90625 0.015625 0.01953125
0 0.246875 0.990234375 0.015625 0.01953125
0 0.225 0.990234375 0.015625 0.01953125
0 0.6359375 0.333984375 0.015625 0.01953125
0 0.7515625 0.3671875 0.015625 0.01953125
0 0.80625 0.359375 0.015625 0.01953125
0 0.759375 0.32421875 0.015625 0.01953125
0 0.209375 0.513671875 0.015625 0.01953125
0 0.0703125 0.466796875 0.015625 0.01953125
0 0.15625 0.3125 0.015625 0.01953125
0 0.1671875 0.296875 0.015625 0.01953125
0 0.1375 0.263671875 0.015625 0.01953125
0 0.0109375 0.25390625 0.015625 0.01953125
0 0.14375 0.072265625 0.015625 0.01953125
0 0.1796875 0.115234375 0.015625 0.01953125
0 0.2015625 0.021484375 0.015625 0.01953125
0 0.2671875 0.05859375 0.015625 0.01953125
0 0.0265625 0.080078125 0.015625 0.01953125
0 0.4484375 0.01171875 0.015625 0.01953125
0 0.540625 0.01171875 0.015625 0.01953125
0 0.4484375 0.05078125 0.015625 0.01953125
0 0.990625 0.880859375 0.015625 0.01953125
0 0.990625 0.759765625 0.015625 0.01953125
0 0.9234375 0.34375 0.015625 0.01953125
0 0.9046875 0.341796875 0.015625 0.01953125
0 0.7046875 0.9921875 0.015625 0.01953125
0 0.646875 0.98828125 0.015625 0.01953125
0 0.596875 0.98828125 0.015625 0.01953125
0 0.5421875 0.986328125 0.015625 0.01953125
0 0.46875 0.978515625 0.015625 0.01953125
0 0.4078125 0.98046875 0.015625 0.01953125
0 0.6953125 0.927734375 0.015625 0.01953125
0 0.6421875 0.927734375 0.015625 0.01953125
0 0.590625 0.927734375 0.015625 0.01953125
0 0.5359375 0.927734375 0.015625 0.01953125
0 0.4828125 0.927734375 0.015625 0.01953125
0 0.4171875 0.927734375 0.015625 0.01953125
0 0.3640625 0.94140625 0.015625 0.01953125
0 0.31875 0.955078125 0.015625 0.01953125
0 0.31875 0.908203125 0.015625 0.01953125
0 0.359375 0.884765625 0.015625 0.01953125
0 0.4109375 0.861328125 0.015625 0.01953125
0 0.3609375 0.810546875 0.015625 0.01953125
0 0.4140625 0.80078125 0.015625 0.01953125
0 0.415625 0.76171875 0.015625 0.01953125
0 0.3671875 0.751953125 0.015625 0.01953125
0 0.315625 0.765625 0.015625 0.01953125
0 0.3171875 0.701171875 0.015625 0.01953125
0 0.4203125 0.69921875 0.015625 0.01953125
0 0.4859375 0.666015625 0.015625 0.01953125
0 0.415625 0.650390625 0.015625 0.01953125
0 0.3625 0.65234375 0.015625 0.01953125
0 0.321875 0.619140625 0.015625 0.01953125
0 0.371875 0.60546875 0.015625 0.01953125
0 0.3703125 0.564453125 0.015625 0.01953125
0 0.415625 0.583984375 0.015625 0.01953125
0 0.3234375 0.53125 0.015625 0.01953125
0 0.4203125 0.482421875 0.015625 0.01953125
0 0.4203125 0.51953125 0.015625 0.01953125
0 0.325 0.435546875 0.015625 0.01953125
0 0.375 0.443359375 0.015625 0.01953125
0 0.4203125 0.4296875 0.015625 0.01953125
0 0.3765625 0.408203125 0.015625 0.01953125
0 0.325 0.392578125 0.015625 0.01953125
0 0.3234375 0.3359375 0.015625 0.01953125
0 0.3765625 0.369140625 0.015625 0.01953125
0 0.4203125 0.3828125 0.015625 0.01953125
0 0.4296875 0.330078125 0.015625 0.01953125
0 0.425 0.298828125 0.015625 0.01953125
0 0.4328125 0.25390625 0.015625 0.01953125
0 0.3828125 0.234375 0.015625 0.01953125
0 0.33125 0.244140625 0.015625 0.01953125
0 0.3765625 0.283203125 0.015625 0.01953125
0 0.3859375 0.169921875 0.015625 0.01953125
0 0.328125 0.140625 0.015625 0.01953125
0 0.4046875 0.1484375 0.015625 0.01953125
0 0.33125 0.09375 0.015625 0.01953125
0 0.3640625 0.080078125 0.015625 0.01953125
0 0.40625 0.0859375 0.015625 0.01953125
0 0.440625 0.0859375 0.015625 0.01953125
0 0.48125 0.091796875 0.015625 0.01953125
0 0.5234375 0.095703125 0.015625 0.01953125
0 0.49375 0.146484375 0.015625 0.01953125
0 0.521875 0.154296875 0.015625 0.01953125
0 0.5078125 0.2109375 0.015625 0.01953125
0 0.4625 0.20703125 0.015625 0.01953125
0 0.5734375 0.10546875 0.015625 0.01953125
0 0.596875 0.10546875 0.015625 0.01953125
0 0.5859375 0.166015625 0.015625 0.01953125
0 0.6109375 0.169921875 0.015625 0.01953125
0 0.6375 0.169921875 0.015625 0.01953125
0 0.6734375 0.166015625 0.015625 0.01953125
0 0.553125 0.216796875 0.015625 0.01953125
0 0.59375 0.21484375 0.015625 0.01953125
0 0.634375 0.220703125 0.015625 0.01953125
0 0.640625 0.107421875 0.015625 0.01953125
0 0.6859375 0.11328125 0.015625 0.01953125
0 0.7265625 0.11328125 0.015625 0.01953125
0 0.7734375 0.12109375 0.015625 0.01953125
0 0.728125 0.1796875 0.015625 0.01953125
0 0.6921875 0.228515625 0.015625 0.01953125
0 0.7796875 0.1796875 0.015625 0.01953125
0 0.8078125 0.123046875 0.015625 0.01953125
0 0.8234375 0.142578125 0.015625 0.01953125
0 0.8609375 0.166015625 0.015625 0.01953125
0 0.8 0.201171875 0.015625 0.01953125
0 0.8078125 0.232421875 0.015625 0.01953125
0 0.8546875 0.203125 0.015625 0.01953125
0 0.8609375 0.240234375 0.015625 0.01953125
0 0.8578125 0.28125 0.015625 0.01953125
0 0.8515625 0.3359375 0.015625 0.01953125
0 0.8484375 0.435546875 0.015625 0.01953125
0 0.85 0.54296875 0.015625 0.01953125
0 0.834375 0.93359375 0.015625 0.01953125
0 0.8109375 0.939453125 0.015625 0.01953125
0 0.8125 0.767578125 0.015625 0.01953125
0 0.79375 0.759765625 0.015625 0.01953125
0 0.7765625 0.64453125 0.015625 0.01953125
0 0.759375 0.576171875 0.015625 0.01953125
0 0.753125 0.404296875 0.015625 0.01953125
0 0.75 0.466796875 0.015625 0.01953125
0 0.796875 0.47265625 0.015625 0.01953125
0 0.8046875 0.427734375 0.015625 0.01953125
0 0.796875 0.5234375 0.015625 0.01953125
0 0.7484375 0.240234375 0.015625 0.01953125
0 0.721875 0.23828125 0.015625 0.01953125
0 0.759375 0.279296875 0.015625 0.01953125
0 0.803125 0.294921875 0.015625 0.01953125
