0 0.3890625 0.345703125 0.015625 0.01953125
0 0.440625 0.41015625 0.015625 0.01953125
0 0.5390625 0.5234375 0.015625 0.01953125
0 0.575 0.541015625 0.015625 0.01953125
0 0.49375 0.6171875 0.015625 0.01953125
0 0.415625 0.69140625 0.015625 0.01953125
0 0.2734375 0.583984375 0.015625 0.01953125
0 0.409375 0.5234375 0.015625 0.01953125
0 0.2046875 0.59765625 0.015625 0.01953125
0 0.3984375 0.86328125 0.015625 0.01953125
0 0.565625 0.794921875 0.015625 0.01953125
0 0.5546875 0.783203125 0.015625 0.01953125
0 0.7140625 0.8046875 0.015625 0.01953125
0 0.7328125 0.830078125 0.015625 0.01953125
0 0.73125 0.732421875 0.015625 0.01953125
0 0.821875 0.796875 0.015625 0.01953125
0 0.8421875 0.794921875 0.015625 0.01953125
0 0.8890625 0.751953125 0.015625 0.01953125
0 0.7328125 0.580078125 0.015625 0.01953125
0 0.8046875 0.4921875 0.015625 0.01953125
0 0.9609375 0.478515625 0.015625 0.01953125
0 0.959375 0.447265625 0.015625 0.01953125
0 0.9796875 0.43359375 0.015625 0.01953125
0 0.9859375 0.212890625 0.015625 0.01953125
0 0.7 0.35546875 0.015625 0.01953125
0 0.7078125 0.27734375 0.015625 0.01953125
0 0.7203125 0.244140625 0.015625 0.01953125
0 0.7921875 0.109375 0.015625 0.01953125
0 0.6625 0.0859375 0.015625 0.01953125
0 0.8421875 0.015625 0.015625 0.01953125
0 0.7484375 0.98828125 0.015625 0.01953125
0 0.915625 0.98046875 0.015625 0.01953125
0 0.715625 0.98828125 0.015625 0.01953125
0 0.6828125 0.98828125 0.015625 0.01953125
0 0.6390625 0.998046875 0.015625 0.01953125
0 0.559375 0.98828125 0.015625 0.01953125
0 0.090625 0.93359375 0.015625 0.01953125
0 0.075 0.92578125 0.015625 0.01953125
0 0.0609375 0.94140625 0.015625 0.01953125
0 0.01875 0.90625 0.015625 0.01953125
0 0.0046875 0.89453125 0.015625 0.01953125
0 0.0078125 0.953125 0.015625 0.01953125
0 0.0265625 0.93359375 0.015625 0.01953125
0 0.0046875 0.919921875 0.015625 0.01953125
0 0.0921875 0.451171875 0.015625 0.01953125
0 0.0640625 0.412109375 0.015625 0.01953125
0 0.1078125 0.396484375 0.015625 0.01953125
0 0.1671875 0.388671875 0.015625 0.01953125
0 0.2171875 0.37890625 0.015625 0.01953125
0 0.578125 0.189453125 0.015625 0.01953125
0 0.1 0.37109375 0.015625 0.01953125
0 0.096875 0.34765625 0.015625 0.01953125
0 0.084375 0.34765625 0.015625 0.01953125
0 0.171875 0.314453125 0.015625 0.01953125
0 0.215625 0.3203125 0.015625 0.01953125
0 0.2640625 0.30859375 0.015625 0.01953125
0 0.3015625 0.310546875 0.015625 0.01953125
0 0.3421875 0.296875 0.015625 0.01953125
0 0.1203125 0.287109375 0.015625 0.01953125
0 0.08125 0.28125 0.015625 0.01953125
0 0.1515625 0.248046875 0.015625 0.01953125
0 0.184375 0.263671875 0.015625 0.01953125
0 0.2171875 0.25390625 0.015625 0.01953125
0 0.2671875 0.25390625 0.015625 0.01953125
0 0.0375 0.220703125 0.015625 0.01953125
0 0.0890625 0.21484375 0.015625 0.01953125
0 0.1234375 0.21484375 0.015625 0.01953125
0 0.15625 0.203125 0.015625 0.01953125
0 0.0421875 0.126953125 0.015625 0.01953125
0 0.053125 0.080078125 0.015625 0.01953125
0 0.0875 0.08984375 0.015625 0.01953125
0 0.08125 0.146484375 0.015625 0.01953125
0 0.128125 0.15625 0.015625 0.01953125
0 0.128125 0.095703125 0.015625 0.01953125
0 0.178125 0.185546875 0.015625 0.01953125
0 0.171875 0.13671875 0.015625 0.01953125
0 0.175 0.078125 0.015625 0.01953125
0 0.225 0.072265625 0.015625 0.01953125
0 0.2203125 0.13671875 0.015625 0.01953125
0 0.2203125 0.193359375 0.015625 0.01953125
0 0.2625 0.072265625 0.015625 0.01953125
0 0.2640625 0.140625 0.015625 0.01953125
0 0.2625 0.185546875 0.015625 0.01953125
0 0.3015625 0.21875 0.015625 0.01953125
0 0.3453125 0.240234375 0.015625 0.01953125
0 0.3453125 0.177734375 0.015625 0.01953125
0 0.309375 0.140625 0.015625 0.01953125
0 0.3234375 0.154296875 0.015625 0.01953125
0 0.284375 0.146484375 0.015625 0.01953125
0 0.440625 0.169921875 0.015625 0.01953125
0 0.3421875 0.080078125 0.015625 0.01953125
0 0.1921875 0.03125 0.015625 0.01953125
0 0.1296875 0.0078125 0.015625 0.01953125
0 0.340625 0.005859375 0.015625 0.01953125
0 0.28125 0.091796875 0.015625 0.01953125
0 0.3015625 0.064453125 0.015625 0.01953125
0 0.1671875 0.005859375 0.015625 0.01953125
0 0.359375 0.0625 0.015625 0.01953125
