0 0.225 0.572265625 0.015625 0.01953125
0 0.2671875 0.55078125 0.015625 0.01953125
0 0.284375 0.546875 0.015625 0.01953125
0 0.4109375 0.666015625 0.015625 0.01953125
0 0.3859375 0.83203125 0.015625 0.01953125
0 0.4953125 0.59765625 0.015625 0.01953125
0 0.50625 0.4140625 0.015625 0.01953125
0 0.525 0.443359375 0.015625 0.01953125
0 0.4046875 0.328125 0.015625 0.01953125
0 0.49375 0.21484375 0.015625 0.01953125
0 0.471875 0.146484375 0.015625 0.01953125
0 0.60625 0.1796875 0.015625 0.01953125
0 0.69375 0.080078125 0.015625 0.01953125
0 0.753125 0.248046875 0.015625 0.01953125
0 0.721875 0.28125 0.015625 0.01953125
0 0.73125 0.28515625 0.015625 0.01953125
0 0.7171875 0.353515625 0.015625 0.01953125
0 0.7328125 0.404296875 0.015625 0.01953125
0 0.7984375 0.50390625 0.015625 0.01953125
0 0.7265625 0.732421875 0.015625 0.01953125
0 0.7046875 0.794921875 0.015625 0.01953125
0 0.7328125 0.8203125 0.015625 0.01953125
0 0.603125 0.544921875 0.015625 0.01953125
0 0.96875 0.46875 0.015625 0.01953125
0 0.975 0.5 0.015625 0.01953125
0 0.9859375 0.45703125 0.015625 0.01953125
0 0.9859375 0.25 0.015625 0.01953125
0 0.8171875 0.12109375 0.015625 0.01953125
0 0.85625 0.02734375 0.015625 0.01953125
0 0.41875 0.49609375 0.015625 0.01953125
0 0.5421875 0.767578125 0.015625 0.01953125
0 0.5546875 0.783203125 0.015625 0.01953125
0 0.825 0.796875 0.015625 0.01953125
0 0.840625 0.806640625 0.015625 0.01953125
0 0.884375 0.763671875 0.015625 0.01953125
0 0.9859375 0.978515625 0.015625 0.01953125
0 0.89375 0.990234375 0.015625 0.01953125
0 0.7265625 0.98828125 0.015625 0.01953125
0 0.6828125 0.986328125 0.015625 0.01953125
0 0.65625 0.986328125 0.015625 0.01953125
0 0.6046875 0.986328125 0.015625 0.01953125
0 0.534375 0.982421875 0.015625 0.01953125
0 0.4578125 0.982421875 0.015625 0.01953125
0 0.4109375 0.982421875 0.015625 0.01953125
0 0.378125 0.978515625 0.015625 0.01953125
0 0.21875 0.9765625 0.015625 0.01953125
0 0.05625 0.869140625 0.015625 0.01953125
0 0.075 0.880859375 0.015625 0.01953125
0 0.0453125 0.884765625 0.015625 0.01953125
0 0.0046875 0.845703125 0.015625 0.01953125
0 0.0109375 0.873046875 0.015625 0.01953125
0 0.5953125 0.57421875 0.015625 0.01953125
0 0.2890625 0.9765625 0.015625 0.01953125
0 0.1515625 0.970703125 0.015625 0.01953125
0 0.090625 0.96875 0.015625 0.01953125
0 0.04375 0.96484375 0.015625 0.01953125
0 0.734375 0.59765625 0.015625 0.01953125
0 0.746875 0.5859375 0.015625 0.01953125
0 0.7359375 0.572265625 0.015625 0.01953125
0 0.3609375 0.265625 0.015625 0.01953125
0 0.19375 0.265625 0.015625 0.01953125
0 0.1421875 0.234375 0.015625 0.01953125
0 0.10625 0.40234375 0.015625 0.01953125
0 0.0734375 0.35546875 0.015625 0.01953125
0 0.134375 0.349609375 0.015625 0.01953125
0 0.1203125 0.330078125 0.015625 0.01953125
0 0.115625 0.296875 0.015625 0.01953125
0 0.1 0.298828125 0.015625 0.01953125
0 0.1828125 0.341796875 0.015625 0.01953125
0 0.2328125 0.337890625 0.015625 0.01953125
0 0.2390625 0.279296875 0.015625 0.01953125
0 0.23125 0.248046875 0.015625 0.01953125
0 0.2890625 0.216796875 0.015625 0.01953125
0 0.11875 0.037109375 0.015625 0.01953125
0 0.1625 0.037109375 0.015625 0.01953125
0 0.209375 0.03515625 0.015625 0.01953125
0 0.2515625 0.03515625 0.015625 0.01953125
0 0.296875 0.03515625 0.015625 0.01953125
0 0.3375 0.037109375 0.015625 0.01953125
0 0.3765625 0.05859375 0.015625 0.01953125
0 0.2546875 0.09375 0.015625 0.01953125
0 0.2046875 0.095703125 0.015625 0.01953125
0 0.159375 0.099609375 0.015625 0.01953125
0 0.1140625 0.087890625 0.015625 0.01953125
0 0.0703125 0.072265625 0.015625 0.01953125
0 0.109375 0.16015625 0.015625 0.01953125
0 0.059375 0.162109375 0.015625 0.01953125
0 0.1078125 0.2265625 0.015625 0.01953125
0 0.1796875 0.197265625 0.015625 0.01953125
0 0.1515625 0.1640625 0.015625 0.01953125
0 0.1796875 0.15234375 0.015625 0.01953125
0 0.2109375 0.13671875 0.015625 0.01953125
0 0.246875 0.14453125 0.015625 0.01953125
0 0.24375 0.212890625 0.015625 0.01953125
0 0.2046875 0.220703125 0.015625 0.01953125
0 0.290625 0.146484375 0.015625 0.01953125
0 0.325 0.193359375 0.015625 0.01953125
0 0.315625 0.107421875 0.015625 0.01953125
0 0.35625 0.130859375 0.015625 0.01953125
0 0.371875 0.1484375 0.015625 0.01953125
0 0.3703125 0.20703125 0.015625 0.01953125
0 0.3234375 0.28125 0.015625 0.01953125
0 0.2890625 0.265625 0.015625 0.01953125
0 0.334375 0.12109375 0.015625 0.01953125
0 0.08125 0.02734375 0.015625 0.01953125
0 0.0375 0.009765625 0.015625 0.01953125
0 0.025 0.09765625 0.015625 0.01953125
0 0.996875 0.84765625 0.015625 0.01953125
