0 0.4125 0.673828125 0.015625 0.01953125
0 0.5234375 0.42578125 0.015625 0.01953125
0 0.721875 0.734375 0.015625 0.01953125
0 0.703125 0.8046875 0.015625 0.01953125
0 0.740625 0.83203125 0.015625 0.01953125
0 0.55 0.78125 0.015625 0.01953125
0 0.3859375 0.837890625 0.015625 0.01953125
0 0.284375 0.552734375 0.015625 0.01953125
0 0.2703125 0.54296875 0.015625 0.01953125
0 0.2234375 0.583984375 0.015625 0.01953125
0 0.4140625 0.50390625 0.015625 0.01953125
0 0.4 0.3359375 0.015625 0.01953125
0 0.5015625 0.212890625 0.015625 0.01953125
0 0.4703125 0.15234375 0.015625 0.01953125
0 0.603125 0.1875 0.015625 0.01953125
0 0.684375 0.0859375 0.015625 0.01953125
0 0.703125 0.083984375 0.015625 0.01953125
0 0.7484375 0.248046875 0.015625 0.01953125
0 0.821875 0.125 0.015625 0.01953125
0 0.8515625 0.029296875 0.015625 0.01953125
0 0.96875 0.255859375 0.015625 0.01953125
0 0.96875 0.47265625 0.015625 0.01953125
0 0.96875 0.509765625 0.015625 0.01953125
0 0.73125 0.603515625 0.015625 0.01953125
0 0.7359375 0.580078125 0.015625 0.01953125
0 0.7484375 0.595703125 0.015625 0.01953125
0 0.61875 0.5625 0.015625 0.01953125
0 0.6015625 0.5703125 0.015625 0.01953125
0 0.678125 0.451171875 0.015625 0.01953125
0 0.715625 0.361328125 0.015625 0.01953125
0 0.715625 0.28515625 0.015625 0.01953125
0 0.7296875 0.29296875 0.015625 0.01953125
0 0.20625 0.98046875 0.015625 0.01953125
0 0.090625 0.96484375 0.015625 0.01953125
0 0.98125 0.982421875 0.015625 0.01953125
0 0.8859375 0.7734375 0.015625 0.01953125
0 0.85 0.802734375 0.015625 0.01953125
0 0.8296875 0.806640625 0.015625 0.01953125
0 0.7890625 0.990234375 0.015625 0.01953125
0 0.771875 0.994140625 0.015625 0.01953125
0 0.7234375 0.9921875 0.015625 0.01953125
0 0.6453125 0.98828125 0.015625 0.01953125
0 0.521875 0.98828125 0.015625 0.01953125
0 0.3671875 0.986328125 0.015625 0.01953125
0 0.3984375 0.98828125 0.015625 0.01953125
0 0.2796875 0.982421875 0.015625 0.01953125
0 0.4484375 0.98828125 0.015625 0.01953125
0 0.490625 0.9921875 0.015625 0.01953125
0 0.5984375 0.98828125 0.015625 0.01953125
0 0.05 0.966796875 0.015625 0.01953125
0 0.0328125 0.982421875 0.015625 0.01953125
0 0.1453125 0.98046875 0.015625 0.01953125
0 0.071875 0.880859375 0.015625 0.01953125
0 0.059375 0.873046875 0.015625 0.01953125
0 0.003125 0.849609375 0.015625 0.01953125
0 0.0015625 0.875 0.015625 0.01953125
0 0.1046875 0.40625 0.015625 0.01953125
0 0.06875 0.359375 0.015625 0.01953125
0 0.1296875 0.341796875 0.015625 0.01953125
0 0.1390625 0.359375 0.015625 0.01953125
0 0.1859375 0.341796875 0.015625 0.01953125
0 0.2359375 0.341796875 0.015625 0.01953125
0 0.1078125 0.298828125 0.015625 0.01953125
0 0.1921875 0.2734375 0.015625 0.01953125
0 0.1453125 0.236328125 0.015625 0.01953125
0 0.1125 0.228515625 0.015625 0.01953125
0 0.2359375 0.279296875 0.015625 0.01953125
0 0.2859375 0.2734375 0.015625 0.01953125
0 0.328125 0.27734375 0.015625 0.01953125
0 0.3640625 0.2734375 0.015625 0.01953125
0 0.365625 0.20703125 0.015625 0.01953125
0 0.290625 0.224609375 0.015625 0.01953125
0 0.334375 0.193359375 0.015625 0.01953125
0 0.3765625 0.14453125 0.015625 0.01953125
0 0.2296875 0.25390625 0.015625 0.01953125
0 0.2421875 0.220703125 0.015625 0.01953125
0 0.2078125 0.224609375 0.015625 0.01953125
0 0.175 0.19921875 0.015625 0.01953125
0 0.290625 0.146484375 0.015625 0.01953125
0 0.315625 0.1171875 0.015625 0.01953125
0 0.3390625 0.123046875 0.015625 0.01953125
0 0.375 0.060546875 0.015625 0.01953125
0 0.25625 0.095703125 0.015625 0.01953125
0 0.2515625 0.146484375 0.015625 0.01953125
0 0.20625 0.142578125 0.015625 0.01953125
0 0.18125 0.16015625 0.015625 0.01953125
0 0.1546875 0.166015625 0.015625 0.01953125
0 0.1125 0.162109375 0.015625 0.01953125
0 0.0625 0.166015625 0.015625 0.01953125
0 0.1109375 0.087890625 0.015625 0.01953125
0 0.15625 0.107421875 0.015625 0.01953125
0 0.203125 0.09765625 0.015625 0.01953125
0 0.2890625 0.1015625 0.015625 0.01953125
0 0.2921875 0.033203125 0.015625 0.01953125
0 0.2546875 0.03125 0.015625 0.01953125
0 0.20625 0.033203125 0.015625 0.01953125
0 0.159375 0.041015625 0.015625 0.01953125
0 0.3546875 0.130859375 0.015625 0.01953125
0 0.33125 0.04296875 0.015625 0.01953125
0 0.39375 0.04296875 0.015625 0.01953125
0 0.1234375 0.3046875 0.015625 0.01953125
0 0.0265625 0.099609375 0.015625 0.01953125
0 0.071875 0.07421875 0.015625 0.01953125
0 0.053125 0.0703125 0.015625 0.01953125
0 0.115625 0.03515625 0.015625 0.01953125
0 0.0828125 0.03125 0.015625 0.01953125
0 0.0296875 0.013671875 0.015625 0.01953125
0 0.0453125 0.888671875 0.015625 0.01953125
