0 0.9734375 0.8359375 0.015625 0.01953125
0 0.753125 0.8203125 0.015625 0.01953125
0 0.6921875 0.79296875 0.015625 0.01953125
0 0.721875 0.587890625 0.015625 0.01953125
0 0.94375 0.51171875 0.015625 0.01953125
0 0.9421875 0.4765625 0.015625 0.01953125
0 0.9640625 0.46484375 0.015625 0.01953125
0 0.6359375 0.609375 0.015625 0.01953125
0 0.54375 0.419921875 0.015625 0.01953125
0 0.7140625 0.419921875 0.015625 0.01953125
0 0.746875 0.40625 0.015625 0.01953125
0 0.7296875 0.265625 0.015625 0.01953125
0 0.696875 0.369140625 0.015625 0.01953125
0 0.7078125 0.361328125 0.015625 0.01953125
0 0.7171875 0.353515625 0.015625 0.01953125
0 0.715625 0.33203125 0.015625 0.01953125
0 0.41875 0.65234375 0.015625 0.01953125
0 0.3046875 0.544921875 0.015625 0.01953125
0 0.2640625 0.576171875 0.015625 0.01953125
0 0.415625 0.501953125 0.015625 0.01953125
0 0.40625 0.34375 0.015625 0.01953125
0 0.3671875 0.279296875 0.015625 0.01953125
0 0.375 0.234375 0.015625 0.01953125
0 0.375 0.173828125 0.015625 0.01953125
0 0.3375 0.21484375 0.015625 0.01953125
0 0.303125 0.2421875 0.015625 0.01953125
0 0.303125 0.28125 0.015625 0.01953125
0 0.2484375 0.353515625 0.015625 0.01953125
0 0.253125 0.294921875 0.015625 0.01953125
0 0.2046875 0.349609375 0.015625 0.01953125
0 0.1265625 0.4140625 0.015625 0.01953125
0 0.009375 0.568359375 0.015625 0.01953125
0 0.7703125 0.947265625 0.015625 0.01953125
0 0.7 0.9765625 0.015625 0.01953125
0 0.6796875 0.982421875 0.015625 0.01953125
0 0.603125 0.97265625 0.015625 0.01953125
0 0.559375 0.966796875 0.015625 0.01953125
0 0.4921875 0.962890625 0.015625 0.01953125
0 0.4140625 0.9609375 0.015625 0.01953125
0 0.3765625 0.962890625 0.015625 0.01953125
0 0.3390625 0.962890625 0.015625 0.01953125
0 0.259375 0.953125 0.015625 0.01953125
0 0.1953125 0.955078125 0.015625 0.01953125
0 0.1859375 0.98828125 0.015625 0.01953125
0 0.1015625 0.990234375 0.015625 0.01953125
0 0.059375 0.986328125 0.015625 0.01953125
0 0.0859375 0.93359375 0.015625 0.01953125
0 0.0515625 0.939453125 0.015625 0.01953125
0 0.0796875 0.85546875 0.015625 0.01953125
0 0.096875 0.873046875 0.015625 0.01953125
0 0.06875 0.8671875 0.015625 0.01953125
0 0.9828125 0.986328125 0.015625 0.01953125
0 0.3875 0.822265625 0.015625 0.01953125
0 0.5390625 0.759765625 0.015625 0.01953125
0 0.5546875 0.771484375 0.015625 0.01953125
0 0.8203125 0.7734375 0.015625 0.01953125
0 0.865625 0.767578125 0.015625 0.01953125
0 0.7140625 0.72265625 0.015625 0.01953125
0 0.5921875 0.556640625 0.015625 0.01953125
0 0.8859375 0.275390625 0.015625 0.01953125
0 0.803125 0.1484375 0.015625 0.01953125
0 0.7859375 0.05859375 0.015625 0.01953125
0 0.6890625 0.111328125 0.015625 0.01953125
0 0.6734375 0.109375 0.015625 0.01953125
0 0.521875 0.046875 0.015625 0.01953125
0 0.50625 0.0546875 0.015625 0.01953125
0 0.1359375 0.951171875 0.015625 0.01953125
0 0.6359375 0.970703125 0.015625 0.01953125
0 0.96875 0.986328125 0.015625 0.01953125
0 0.959375 0.962890625 0.015625 0.01953125
0 0.0234375 0.873046875 0.015625 0.01953125
0 0.0328125 0.859375 0.015625 0.01953125
0 0.003125 0.873046875 0.015625 0.01953125
0 0.034375 0.830078125 0.015625 0.01953125
0 0.00625 0.83984375 0.015625 0.01953125
0 0.015625 0.826171875 0.015625 0.01953125
0 0.2453125 0.591796875 0.015625 0.01953125
0 0.2046875 0.28515625 0.015625 0.01953125
0 0.1625 0.357421875 0.015625 0.01953125
0 0.1359375 0.357421875 0.015625 0.01953125
0 0.096875 0.37109375 0.015625 0.01953125
0 0.1625 0.259765625 0.015625 0.01953125
0 0.128125 0.244140625 0.015625 0.01953125
0 0.19375 0.220703125 0.015625 0.01953125
0 0.25625 0.234375 0.015625 0.01953125
0 0.24375 0.267578125 0.015625 0.01953125
0 0.3015625 0.173828125 0.015625 0.01953125
0 0.2640625 0.16796875 0.015625 0.01953125
0 0.2234375 0.1640625 0.015625 0.01953125
0 0.2046875 0.181640625 0.015625 0.01953125
0 0.16875 0.189453125 0.015625 0.01953125
0 0.134375 0.181640625 0.015625 0.01953125
0 0.3875 0.017578125 0.015625 0.01953125
0 0.3796875 0.087890625 0.015625 0.01953125
0 0.246875 0.02734375 0.015625 0.01953125
0 0.225 0.060546875 0.015625 0.01953125
0 0.2640625 0.068359375 0.015625 0.01953125
0 0.30625 0.06640625 0.015625 0.01953125
0 0.2671875 0.12109375 0.015625 0.01953125
0 0.2234375 0.23828125 0.015625 0.01953125
0 0.1234375 0.314453125 0.015625 0.01953125
0 0.1375 0.310546875 0.015625 0.01953125
0 0.01875 0.2734375 0.015625 0.01953125
0 0.021875 0.068359375 0.015625 0.01953125
0 0.0578125 0.0390625 0.015625 0.01953125
0 0.053125 0.126953125 0.015625 0.01953125
0 0.090625 0.103515625 0.015625 0.01953125
0 0.103125 0.052734375 0.015625 0.01953125
0 0.08125 0.1875 0.015625 0.01953125
0 0.13125 0.11328125 0.015625 0.01953125
0 0.140625 0.0625 0.015625 0.01953125
0 0.1828125 0.06640625 0.015625 0.01953125
0 0.175 0.130859375 0.015625 0.01953125
0 0.21875 0.126953125 0.015625 0.01953125
0 0.9984375 0.275390625 0.015625 0.01953125
0 0.3296875 0.298828125 0.015625 0.01953125
0 0.3 0.126953125 0.015625 0.01953125
0 0.3234375 0.1328125 0.015625 0.01953125
0 0.34375 0.142578125 0.015625 0.01953125
0 0.3609375 0.154296875 0.015625 0.01953125
0 0.1859375 0.00390625 0.015625 0.01953125
0 0.228125 0.0 0.015625 0.01953125
0 0.34375 0.064453125 0.015625 0.01953125
