0 0.2640625 0.578125 0.015625 0.01953125
0 0.3078125 0.54296875 0.015625 0.01953125
0 0.4203125 0.64453125 0.015625 0.01953125
0 0.3953125 0.8125 0.015625 0.01953125
0 0.4984375 0.58984375 0.015625 0.01953125
0 0.4171875 0.490234375 0.015625 0.01953125
0 0.5625 0.40625 0.015625 0.01953125
0 0.4265625 0.3359375 0.015625 0.01953125
0 0.5859375 0.53125 0.015625 0.01953125
0 0.69375 0.111328125 0.015625 0.01953125
0 0.675 0.11328125 0.015625 0.01953125
0 0.78125 0.060546875 0.015625 0.01953125
0 0.834375 0.060546875 0.015625 0.01953125
0 0.8078125 0.146484375 0.015625 0.01953125
0 0.734375 0.267578125 0.015625 0.01953125
0 0.8671875 0.267578125 0.015625 0.01953125
0 0.9828125 0.25 0.015625 0.01953125
0 0.95 0.47265625 0.015625 0.01953125
0 0.946875 0.509765625 0.015625 0.01953125
0 0.96875 0.462890625 0.015625 0.01953125
0 0.978125 0.83203125 0.015625 0.01953125
0 0.9609375 0.95703125 0.015625 0.01953125
0 0.9796875 0.98046875 0.015625 0.01953125
0 0.775 0.931640625 0.015625 0.01953125
0 0.7640625 0.8125 0.015625 0.01953125
0 0.8078125 0.779296875 0.015625 0.01953125
0 0.71875 0.71875 0.015625 0.01953125
0 0.7 0.78515625 0.015625 0.01953125
0 0.7328125 0.595703125 0.015625 0.01953125
0 0.7265625 0.57421875 0.015625 0.01953125
0 0.7328125 0.41796875 0.015625 0.01953125
0 0.7 0.369140625 0.015625 0.01953125
0 0.71875 0.361328125 0.015625 0.01953125
0 0.60625 0.20703125 0.015625 0.01953125
0 0.525 0.072265625 0.015625 0.01953125
0 0.5109375 0.076171875 0.015625 0.01953125
0 0.5484375 0.755859375 0.015625 0.01953125
0 0.696875 0.966796875 0.015625 0.01953125
0 0.678125 0.966796875 0.015625 0.01953125
0 0.703125 0.98828125 0.015625 0.01953125
0 0.63125 0.962890625 0.015625 0.01953125
0 0.603125 0.962890625 0.015625 0.01953125
0 0.5609375 0.955078125 0.015625 0.01953125
0 0.4921875 0.955078125 0.015625 0.01953125
0 0.3765625 0.94921875 0.015625 0.01953125
0 0.3453125 0.951171875 0.015625 0.01953125
0 0.25625 0.947265625 0.015625 0.01953125
0 0.196875 0.9453125 0.015625 0.01953125
0 0.103125 0.8671875 0.015625 0.01953125
0 0.090625 0.849609375 0.015625 0.01953125
0 0.075 0.8671875 0.015625 0.01953125
0 0.01875 0.5703125 0.015625 0.01953125
0 0.03125 0.30078125 0.015625 0.01953125
0 0.0 0.30078125 0.015625 0.01953125
0 0.0375 0.037109375 0.015625 0.01953125
0 0.0703125 0.03515625 0.015625 0.01953125
0 0.0609375 0.125 0.015625 0.01953125
0 0.0921875 0.18359375 0.015625 0.01953125
0 0.096875 0.099609375 0.015625 0.01953125
0 0.1109375 0.048828125 0.015625 0.01953125
0 0.1421875 0.060546875 0.015625 0.01953125
0 0.1390625 0.107421875 0.015625 0.01953125
0 0.140625 0.181640625 0.015625 0.01953125
0 0.1359375 0.240234375 0.015625 0.01953125
0 0.1390625 0.310546875 0.015625 0.01953125
0 0.1484375 0.341796875 0.015625 0.01953125
0 0.1078125 0.365234375 0.015625 0.01953125
0 0.134375 0.4140625 0.015625 0.01953125
0 0.1703125 0.353515625 0.015625 0.01953125
0 0.209375 0.345703125 0.015625 0.01953125
0 0.2609375 0.34375 0.015625 0.01953125
0 0.284375 0.3203125 0.015625 0.01953125
0 0.3015625 0.279296875 0.015625 0.01953125
0 0.340625 0.29296875 0.015625 0.01953125
0 0.3734375 0.27734375 0.015625 0.01953125
0 0.3796875 0.23046875 0.015625 0.01953125
0 0.340625 0.212890625 0.015625 0.01953125
0 0.303125 0.24609375 0.015625 0.01953125
0 0.30625 0.166015625 0.015625 0.01953125
0 0.384375 0.173828125 0.015625 0.01953125
0 0.365625 0.146484375 0.015625 0.01953125
0 0.35 0.140625 0.015625 0.01953125
0 0.33125 0.140625 0.015625 0.01953125
0 0.3875 0.08203125 0.015625 0.01953125
0 0.390625 0.009765625 0.015625 0.01953125
0 0.259375 0.287109375 0.015625 0.01953125
0 0.2109375 0.28125 0.015625 0.01953125
0 0.2578125 0.232421875 0.015625 0.01953125
0 0.2328125 0.240234375 0.015625 0.01953125
0 0.1703125 0.25 0.015625 0.01953125
0 0.2046875 0.21484375 0.015625 0.01953125
0 0.20625 0.1796875 0.015625 0.01953125
0 0.178125 0.18359375 0.015625 0.01953125
0 0.23125 0.166015625 0.015625 0.01953125
0 0.271875 0.173828125 0.015625 0.01953125
0 0.3046875 0.130859375 0.015625 0.01953125
0 0.275 0.119140625 0.015625 0.01953125
0 0.23125 0.125 0.015625 0.01953125
0 0.178125 0.1328125 0.015625 0.01953125
0 0.184375 0.060546875 0.015625 0.01953125
0 0.23125 0.0546875 0.015625 0.01953125
0 0.2703125 0.05859375 0.015625 0.01953125
0 0.3203125 0.0625 0.015625 0.01953125
0 0.2515625 0.025390625 0.015625 0.01953125
0 0.2359375 0.591796875 0.015625 0.01953125
0 0.1015625 0.98828125 0.015625 0.01953125
0 0.065625 0.98046875 0.015625 0.01953125
0 0.0859375 0.9296875 0.015625 0.01953125
0 0.0484375 0.927734375 0.015625 0.01953125
0 0.0078125 0.951171875 0.015625 0.01953125
0 0.009375 0.873046875 0.015625 0.01953125
0 0.040625 0.859375 0.015625 0.01953125
0 0.0171875 0.8359375 0.015625 0.01953125
0 0.0265625 0.814453125 0.015625 0.01953125
0 0.040625 0.830078125 0.015625 0.01953125
0 0.871875 0.751953125 0.015625 0.01953125
0 0.653125 0.626953125 0.015625 0.01953125
0 0.5609375 0.767578125 0.015625 0.01953125
0 0.4046875 0.06640625 0.015625 0.01953125
0 0.134375 0.939453125 0.015625 0.01953125
0 0.19375 0.9921875 0.015625 0.01953125
