0 0.034375 0.03125 0.015625 0.01953125
0 0.059375 0.123046875 0.015625 0.01953125
0 0.0640625 0.03515625 0.015625 0.01953125
0 0.1078125 0.048828125 0.015625 0.01953125
0 0.0984375 0.1015625 0.015625 0.01953125
0 0.0890625 0.181640625 0.015625 0.01953125
0 0.1390625 0.18359375 0.015625 0.01953125
0 0.140625 0.10546875 0.015625 0.01953125
0 0.1453125 0.05859375 0.015625 0.01953125
0 0.1890625 0.06640625 0.015625 0.01953125
0 0.2359375 0.068359375 0.015625 0.01953125
0 0.2796875 0.0625 0.015625 0.01953125
0 0.3171875 0.060546875 0.015625 0.01953125
0 0.1828125 0.1328125 0.015625 0.01953125
0 0.171875 0.185546875 0.015625 0.01953125
0 0.209375 0.17578125 0.015625 0.01953125
0 0.228125 0.12109375 0.015625 0.01953125
0 0.26875 0.1171875 0.015625 0.01953125
0 0.3015625 0.125 0.015625 0.01953125
0 0.328125 0.13671875 0.015625 0.01953125
0 0.3484375 0.14453125 0.015625 0.01953125
0 0.371875 0.154296875 0.015625 0.01953125
0 0.3859375 0.08203125 0.015625 0.01953125
0 0.3875 0.171875 0.015625 0.01953125
0 0.38125 0.23046875 0.015625 0.01953125
0 0.3765625 0.275390625 0.015625 0.01953125
0 0.3390625 0.2890625 0.015625 0.01953125
0 0.34375 0.212890625 0.015625 0.01953125
0 0.30625 0.171875 0.015625 0.01953125
0 0.275 0.173828125 0.015625 0.01953125
0 0.2359375 0.1640625 0.015625 0.01953125
0 0.2046875 0.216796875 0.015625 0.01953125
0 0.1703125 0.2578125 0.015625 0.01953125
0 0.1359375 0.240234375 0.015625 0.01953125
0 0.028125 0.3125 0.015625 0.01953125
0 0.0046875 0.30078125 0.015625 0.01953125
0 0.134375 0.306640625 0.015625 0.01953125
0 0.1078125 0.375 0.015625 0.01953125
0 0.1453125 0.341796875 0.015625 0.01953125
0 0.1703125 0.353515625 0.015625 0.01953125
0 0.1359375 0.408203125 0.015625 0.01953125
0 0.209375 0.34375 0.015625 0.01953125
0 0.215625 0.279296875 0.015625 0.01953125
0 0.23125 0.240234375 0.015625 0.01953125
0 0.2640625 0.2265625 0.015625 0.01953125
0 0.2578125 0.265625 0.015625 0.01953125
0 0.3046875 0.240234375 0.015625 0.01953125
0 0.309375 0.28125 0.015625 0.01953125
0 0.2640625 0.294921875 0.015625 0.01953125
0 0.2671875 0.35546875 0.015625 0.01953125
0 0.415625 0.341796875 0.015625 0.01953125
0 0.521875 0.083984375 0.015625 0.01953125
0 0.5109375 0.08984375 0.015625 0.01953125
0 0.3921875 0.01171875 0.015625 0.01953125
0 0.3078125 0.541015625 0.015625 0.01953125
0 0.2609375 0.58203125 0.015625 0.01953125
0 0.2265625 0.59765625 0.015625 0.01953125
0 0.5578125 0.40625 0.015625 0.01953125
0 0.690625 0.11328125 0.015625 0.01953125
0 0.6734375 0.11328125 0.015625 0.01953125
0 0.7734375 0.056640625 0.015625 0.01953125
0 0.8078125 0.146484375 0.015625 0.01953125
0 0.740625 0.271484375 0.015625 0.01953125
0 0.8671875 0.265625 0.015625 0.01953125
0 0.9765625 0.240234375 0.015625 0.01953125
0 0.9484375 0.4765625 0.015625 0.01953125
0 0.9484375 0.509765625 0.015625 0.01953125
0 0.96875 0.45703125 0.015625 0.01953125
0 0.9875 0.517578125 0.015625 0.01953125
0 0.971875 0.83203125 0.015625 0.01953125
0 0.9625 0.95703125 0.015625 0.01953125
0 0.9796875 0.974609375 0.015625 0.01953125
0 0.775 0.9375 0.015625 0.01953125
0 0.7625 0.8125 0.015625 0.01953125
0 0.7 0.783203125 0.015625 0.01953125
0 0.715625 0.720703125 0.015625 0.01953125
0 0.803125 0.775390625 0.015625 0.01953125
0 0.8265625 0.791015625 0.015625 0.01953125
0 0.7296875 0.583984375 0.015625 0.01953125
0 0.7328125 0.42578125 0.015625 0.01953125
0 0.7015625 0.369140625 0.015625 0.01953125
0 0.7234375 0.365234375 0.015625 0.01953125
0 0.60625 0.203125 0.015625 0.01953125
0 0.4078125 0.490234375 0.015625 0.01953125
0 0.3984375 0.818359375 0.015625 0.01953125
0 0.4203125 0.640625 0.015625 0.01953125
0 0.571875 0.490234375 0.015625 0.01953125
0 0.5734375 0.525390625 0.015625 0.01953125
0 0.6546875 0.638671875 0.015625 0.01953125
0 0.559375 0.76953125 0.015625 0.01953125
0 0.540625 0.755859375 0.015625 0.01953125
0 0.2515625 0.03125 0.015625 0.01953125
0 0.2328125 0.0 0.015625 0.01953125
0 0.8671875 0.751953125 0.015625 0.01953125
0 0.021875 0.572265625 0.015625 0.01953125
0 0.7125 0.982421875 0.015625 0.01953125
0 0.69375 0.96484375 0.015625 0.01953125
0 0.603125 0.9609375 0.015625 0.01953125
0 0.553125 0.958984375 0.015625 0.01953125
0 0.4828125 0.953125 0.015625 0.01953125
0 0.4125 0.955078125 0.015625 0.01953125
0 0.375 0.95703125 0.015625 0.01953125
0 0.34375 0.955078125 0.015625 0.01953125
0 0.1875 0.943359375 0.015625 0.01953125
0 0.1078125 0.8671875 0.015625 0.01953125
0 0.09375 0.84765625 0.015625 0.01953125
0 0.0828125 0.861328125 0.015625 0.01953125
0 0.0390625 0.828125 0.015625 0.01953125
0 0.028125 0.8125 0.015625 0.01953125
0 0.1046875 0.98828125 0.015625 0.01953125
0 0.0671875 0.98828125 0.015625 0.01953125
0 0.0515625 0.93359375 0.015625 0.01953125
0 0.0859375 0.927734375 0.015625 0.01953125
0 0.003125 0.951171875 0.015625 0.01953125
0 0.1765625 0.98828125 0.015625 0.01953125
0 0.2609375 0.953125 0.015625 0.01953125
0 0.675 0.974609375 0.015625 0.01953125
0 0.015625 0.833984375 0.015625 0.01953125
0 0.00625 0.873046875 0.015625 0.01953125
0 0.03125 0.8671875 0.015625 0.01953125
0 0.046875 0.853515625 0.015625 0.01953125
