0 0.978125 0.98046875 0.015625 0.01953125
0 0.959375 0.958984375 0.015625 0.01953125
0 0.9640625 0.83984375 0.015625 0.01953125
0 0.8625 0.7578125 0.015625 0.01953125
0 0.815625 0.802734375 0.015625 0.01953125
0 0.7578125 0.8203125 0.015625 0.01953125
0 0.6953125 0.791015625 0.015625 0.01953125
0 0.7140625 0.72265625 0.015625 0.01953125
0 0.765625 0.94140625 0.015625 0.01953125
0 0.9390625 0.51171875 0.015625 0.01953125
0 0.940625 0.4765625 0.015625 0.01953125
0 0.959375 0.23046875 0.015625 0.01953125
0 0.846875 0.265625 0.015625 0.01953125
0 0.803125 0.150390625 0.015625 0.01953125
0 0.7328125 0.275390625 0.015625 0.01953125
0 0.6890625 0.119140625 0.015625 0.01953125
0 0.6671875 0.119140625 0.015625 0.01953125
0 0.7640625 0.06640625 0.015625 0.01953125
0 0.83125 0.06640625 0.015625 0.01953125
0 0.65625 0.650390625 0.015625 0.01953125
0 0.5546875 0.775390625 0.015625 0.01953125
0 0.5390625 0.76171875 0.015625 0.01953125
0 0.3921875 0.818359375 0.015625 0.01953125
0 0.4140625 0.654296875 0.015625 0.01953125
0 0.5015625 0.59765625 0.015625 0.01953125
0 0.565625 0.544921875 0.015625 0.01953125
0 0.540625 0.458984375 0.015625 0.01953125
0 0.5453125 0.408203125 0.015625 0.01953125
0 0.3984375 0.490234375 0.015625 0.01953125
0 0.6 0.2109375 0.015625 0.01953125
0 0.4953125 0.234375 0.015625 0.01953125
0 0.409375 0.341796875 0.015625 0.01953125
0 0.3046875 0.541015625 0.015625 0.01953125
0 0.2359375 0.59765625 0.015625 0.01953125
0 0.2125 0.603515625 0.015625 0.01953125
0 0.7265625 0.583984375 0.015625 0.01953125
0 0.7265625 0.4609375 0.015625 0.01953125
0 0.721875 0.41015625 0.015625 0.01953125
0 0.7046875 0.373046875 0.015625 0.01953125
0 0.7015625 0.982421875 0.015625 0.01953125
0 0.6875 0.96875 0.015625 0.01953125
0 0.675 0.9765625 0.015625 0.01953125
0 0.6265625 0.966796875 0.015625 0.01953125
0 0.596875 0.96875 0.015625 0.01953125
0 0.54375 0.96875 0.015625 0.01953125
0 0.4734375 0.966796875 0.015625 0.01953125
0 0.4109375 0.9609375 0.015625 0.01953125
0 0.3421875 0.96484375 0.015625 0.01953125
0 0.2578125 0.958984375 0.015625 0.01953125
0 0.184375 0.951171875 0.015625 0.01953125
0 0.0984375 0.990234375 0.015625 0.01953125
0 0.0703125 0.990234375 0.015625 0.01953125
0 0.1046875 0.87109375 0.015625 0.01953125
0 0.090625 0.853515625 0.015625 0.01953125
0 0.0796875 0.8671875 0.015625 0.01953125
0 0.01875 0.576171875 0.015625 0.01953125
0 0.0234375 0.3359375 0.015625 0.01953125
0 0.0828125 0.94140625 0.015625 0.01953125
0 0.0484375 0.9375 0.015625 0.01953125
0 0.0015625 0.880859375 0.015625 0.01953125
0 0.03125 0.8671875 0.015625 0.01953125
0 0.040625 0.830078125 0.015625 0.01953125
0 0.0046875 0.83984375 0.015625 0.01953125
0 0.015625 0.8203125 0.015625 0.01953125
0 0.021875 0.83984375 0.015625 0.01953125
0 0.371875 0.9609375 0.015625 0.01953125
0 0.959375 0.4609375 0.015625 0.01953125
0 0.340625 0.22265625 0.015625 0.01953125
0 0.375 0.232421875 0.015625 0.01953125
0 0.3703125 0.287109375 0.015625 0.01953125
0 0.3328125 0.30078125 0.015625 0.01953125
0 0.3796875 0.17578125 0.015625 0.01953125
0 0.3625 0.150390625 0.015625 0.01953125
0 0.340625 0.15234375 0.015625 0.01953125
0 0.3265625 0.140625 0.015625 0.01953125
0 0.384375 0.091796875 0.015625 0.01953125
0 0.384375 0.017578125 0.015625 0.01953125
0 0.3046875 0.287109375 0.015625 0.01953125
0 0.3109375 0.24609375 0.015625 0.01953125
0 0.253125 0.361328125 0.015625 0.01953125
0 0.25625 0.298828125 0.015625 0.01953125
0 0.2515625 0.267578125 0.015625 0.01953125
0 0.259375 0.240234375 0.015625 0.01953125
0 0.2640625 0.18359375 0.015625 0.01953125
0 0.30625 0.1796875 0.015625 0.01953125
0 0.30625 0.140625 0.015625 0.01953125
0 0.26875 0.125 0.015625 0.01953125
0 0.3140625 0.072265625 0.015625 0.01953125
0 0.275 0.072265625 0.015625 0.01953125
0 0.2453125 0.03125 0.015625 0.01953125
0 0.2265625 0.068359375 0.015625 0.01953125
0 0.225 0.12890625 0.015625 0.01953125
0 0.2328125 0.16796875 0.015625 0.01953125
0 0.2265625 0.248046875 0.015625 0.01953125
0 0.209375 0.291015625 0.015625 0.01953125
0 0.20625 0.35546875 0.015625 0.01953125
0 0.1671875 0.35546875 0.015625 0.01953125
0 0.13125 0.41796875 0.015625 0.01953125
0 0.14375 0.341796875 0.015625 0.01953125
0 0.1375 0.318359375 0.015625 0.01953125
0 0.171875 0.259765625 0.015625 0.01953125
0 0.2 0.2265625 0.015625 0.01953125
0 0.134375 0.251953125 0.015625 0.01953125
0 0.103125 0.37109375 0.015625 0.01953125
0 0.1375 0.1875 0.015625 0.01953125
0 0.1703125 0.193359375 0.015625 0.01953125
0 0.2015625 0.181640625 0.015625 0.01953125
0 0.1765625 0.13671875 0.015625 0.01953125
0 0.1390625 0.1171875 0.015625 0.01953125
0 0.140625 0.06640625 0.015625 0.01953125
0 0.184375 0.07421875 0.015625 0.01953125
0 0.1078125 0.052734375 0.015625 0.01953125
0 0.090625 0.103515625 0.015625 0.01953125
0 0.0859375 0.1875 0.015625 0.01953125
0 0.059375 0.130859375 0.015625 0.01953125
0 0.0640625 0.044921875 0.015625 0.01953125
0 0.03125 0.017578125 0.015625 0.01953125
0 0.003125 0.3125 0.015625 0.01953125
0 0.325 0.525390625 0.015625 0.01953125
0 0.50625 0.109375 0.015625 0.01953125
0 0.5171875 0.10546875 0.015625 0.01953125
0 0.3453125 0.078125 0.015625 0.01953125
0 0.1890625 0.005859375 0.015625 0.01953125
0 0.225 0.005859375 0.015625 0.01953125
