0 0.7234375 0.591796875 0.015625 0.01953125
0 0.9375 0.515625 0.015625 0.01953125
0 0.9390625 0.4765625 0.015625 0.01953125
0 0.9578125 0.474609375 0.015625 0.01953125
0 0.959375 0.84765625 0.015625 0.01953125
0 0.953125 0.966796875 0.015625 0.01953125
0 0.96875 0.982421875 0.015625 0.01953125
0 0.765625 0.947265625 0.015625 0.01953125
0 0.75625 0.822265625 0.015625 0.01953125
0 0.690625 0.79296875 0.015625 0.01953125
0 0.7109375 0.7265625 0.015625 0.01953125
0 0.571875 0.5546875 0.015625 0.01953125
0 0.7234375 0.470703125 0.015625 0.01953125
0 0.715625 0.416015625 0.015625 0.01953125
0 0.71875 0.37109375 0.015625 0.01953125
0 0.6953125 0.369140625 0.015625 0.01953125
0 0.528125 0.412109375 0.015625 0.01953125
0 0.528125 0.44140625 0.015625 0.01953125
0 0.4078125 0.34765625 0.015625 0.01953125
0 0.3875 0.501953125 0.015625 0.01953125
0 0.409375 0.654296875 0.015625 0.01953125
0 0.3015625 0.546875 0.015625 0.01953125
0 0.209375 0.603515625 0.015625 0.01953125
0 0.3921875 0.8203125 0.015625 0.01953125
0 0.534375 0.759765625 0.015625 0.01953125
0 0.553125 0.7734375 0.015625 0.01953125
0 0.7296875 0.271484375 0.015625 0.01953125
0 0.8015625 0.146484375 0.015625 0.01953125
0 0.8328125 0.265625 0.015625 0.01953125
0 0.9453125 0.2265625 0.015625 0.01953125
0 0.8265625 0.068359375 0.015625 0.01953125
0 0.7578125 0.064453125 0.015625 0.01953125
0 0.684375 0.125 0.015625 0.01953125
0 0.6703125 0.1171875 0.015625 0.01953125
0 0.5953125 0.212890625 0.015625 0.01953125
0 0.496875 0.23828125 0.015625 0.01953125
0 0.5078125 0.111328125 0.015625 0.01953125
0 0.6859375 0.001953125 0.015625 0.01953125
0 0.65625 0.658203125 0.015625 0.01953125
0 0.46875 0.1796875 0.015625 0.01953125
0 0.36875 0.29296875 0.015625 0.01953125
0 0.334375 0.294921875 0.015625 0.01953125
0 0.3734375 0.236328125 0.015625 0.01953125
0 0.3390625 0.22265625 0.015625 0.01953125
0 0.375 0.1796875 0.015625 0.01953125
0 0.384375 0.095703125 0.015625 0.01953125
0 0.384375 0.017578125 0.015625 0.01953125
0 0.296875 0.291015625 0.015625 0.01953125
0 0.303125 0.24609375 0.015625 0.01953125
0 0.246875 0.357421875 0.015625 0.01953125
0 0.2515625 0.296875 0.015625 0.01953125
0 0.246875 0.2734375 0.015625 0.01953125
0 0.2578125 0.248046875 0.015625 0.01953125
0 0.225 0.248046875 0.015625 0.01953125
0 0.20625 0.29296875 0.015625 0.01953125
0 0.203125 0.357421875 0.015625 0.01953125
0 0.1640625 0.359375 0.015625 0.01953125
0 0.1328125 0.4140625 0.015625 0.01953125
0 0.1 0.380859375 0.015625 0.01953125
0 0.14375 0.341796875 0.015625 0.01953125
0 0.1234375 0.322265625 0.015625 0.01953125
0 0.140625 0.322265625 0.015625 0.01953125
0 0.025 0.3515625 0.015625 0.01953125
0 0.0125 0.580078125 0.015625 0.01953125
0 0.128125 0.25390625 0.015625 0.01953125
0 0.16875 0.263671875 0.015625 0.01953125
0 0.1984375 0.23046875 0.015625 0.01953125
0 0.0828125 0.193359375 0.015625 0.01953125
0 0.1390625 0.189453125 0.015625 0.01953125
0 0.171875 0.193359375 0.015625 0.01953125
0 0.2 0.1875 0.015625 0.01953125
0 0.2265625 0.171875 0.015625 0.01953125
0 0.2640625 0.1875 0.015625 0.01953125
0 0.3015625 0.1796875 0.015625 0.01953125
0 0.3609375 0.15625 0.015625 0.01953125
0 0.34375 0.15234375 0.015625 0.01953125
0 0.3234375 0.14453125 0.015625 0.01953125
0 0.2953125 0.134765625 0.015625 0.01953125
0 0.26875 0.130859375 0.015625 0.01953125
0 0.2203125 0.12890625 0.015625 0.01953125
0 0.171875 0.138671875 0.015625 0.01953125
0 0.1328125 0.125 0.015625 0.01953125
0 0.090625 0.10546875 0.015625 0.01953125
0 0.053125 0.130859375 0.015625 0.01953125
0 0.1015625 0.056640625 0.015625 0.01953125
0 0.059375 0.048828125 0.015625 0.01953125
0 0.03125 0.005859375 0.015625 0.01953125
0 0.1390625 0.072265625 0.015625 0.01953125
0 0.1828125 0.078125 0.015625 0.01953125
0 0.2265625 0.072265625 0.015625 0.01953125
0 0.2421875 0.0390625 0.015625 0.01953125
0 0.221875 0.005859375 0.015625 0.01953125
0 0.1875 0.005859375 0.015625 0.01953125
0 0.265625 0.072265625 0.015625 0.01953125
0 0.30625 0.080078125 0.015625 0.01953125
0 0.3390625 0.080078125 0.015625 0.01953125
0 0.684375 0.974609375 0.015625 0.01953125
0 0.5921875 0.96875 0.015625 0.01953125
0 0.540625 0.966796875 0.015625 0.01953125
0 0.4734375 0.9609375 0.015625 0.01953125
0 0.403125 0.958984375 0.015625 0.01953125
0 0.371875 0.9609375 0.015625 0.01953125
0 0.3390625 0.9609375 0.015625 0.01953125
0 0.18125 0.9453125 0.015625 0.01953125
0 0.61875 0.9765625 0.015625 0.01953125
0 0.7109375 0.98828125 0.015625 0.01953125
0 0.6953125 0.98828125 0.015625 0.01953125
0 0.0984375 0.873046875 0.015625 0.01953125
0 0.0890625 0.853515625 0.015625 0.01953125
0 0.075 0.869140625 0.015625 0.01953125
0 0.084375 0.9375 0.015625 0.01953125
0 0.0453125 0.935546875 0.015625 0.01953125
0 0.059375 0.990234375 0.015625 0.01953125
0 0.0953125 0.994140625 0.015625 0.01953125
0 0.0 0.884765625 0.015625 0.01953125
0 0.03125 0.87109375 0.015625 0.01953125
0 0.0375 0.833984375 0.015625 0.01953125
0 0.0203125 0.822265625 0.015625 0.01953125
0 0.021875 0.841796875 0.015625 0.01953125
0 0.0109375 0.83203125 0.015625 0.01953125
0 0.0125 0.84765625 0.015625 0.01953125
0 0.1234375 0.947265625 0.015625 0.01953125
0 0.25625 0.953125 0.015625 0.01953125
0 0.0046875 0.962890625 0.015625 0.01953125
0 0.6671875 0.96875 0.015625 0.01953125
0 0.80625 0.8125 0.015625 0.01953125
0 0.8609375 0.759765625 0.015625 0.01953125
0 0.8734375 0.978515625 0.015625 0.01953125
