0 0.51875 0.416015625 0.015625 0.01953125
0 0.565625 0.560546875 0.015625 0.01953125
0 0.715625 0.603515625 0.015625 0.01953125
0 0.7265625 0.591796875 0.015625 0.01953125
0 0.7125 0.578125 0.015625 0.01953125
0 0.721875 0.482421875 0.015625 0.01953125
0 0.7140625 0.41796875 0.015625 0.01953125
0 0.725 0.275390625 0.015625 0.01953125
0 0.796875 0.15234375 0.015625 0.01953125
0 0.8234375 0.068359375 0.015625 0.01953125
0 0.740625 0.06640625 0.015625 0.01953125
0 0.6828125 0.130859375 0.015625 0.01953125
0 0.6625 0.119140625 0.015625 0.01953125
0 0.690625 0.021484375 0.015625 0.01953125
0 0.5921875 0.208984375 0.015625 0.01953125
0 0.490625 0.240234375 0.015625 0.01953125
0 0.4734375 0.1796875 0.015625 0.01953125
0 0.5 0.1328125 0.015625 0.01953125
0 0.403125 0.34765625 0.015625 0.01953125
0 0.9265625 0.50390625 0.015625 0.01953125
0 0.9359375 0.482421875 0.015625 0.01953125
0 0.953125 0.470703125 0.015625 0.01953125
0 0.9328125 0.216796875 0.015625 0.01953125
0 0.95625 0.83984375 0.015625 0.01953125
0 0.953125 0.966796875 0.015625 0.01953125
0 0.9640625 0.982421875 0.015625 0.01953125
0 0.75 0.822265625 0.015625 0.01953125
0 0.690625 0.79296875 0.015625 0.01953125
0 0.7078125 0.7265625 0.015625 0.01953125
0 0.3875 0.82421875 0.015625 0.01953125
0 0.6984375 0.984375 0.015625 0.01953125
0 0.678125 0.97265625 0.015625 0.01953125
0 0.6640625 0.974609375 0.015625 0.01953125
0 0.5890625 0.96875 0.015625 0.01953125
0 0.5421875 0.966796875 0.015625 0.01953125
0 0.4734375 0.96484375 0.015625 0.01953125
0 0.3984375 0.9609375 0.015625 0.01953125
0 0.3625 0.96484375 0.015625 0.01953125
0 0.334375 0.958984375 0.015625 0.01953125
0 0.1828125 0.947265625 0.015625 0.01953125
0 0.253125 0.953125 0.015625 0.01953125
0 0.1828125 0.98828125 0.015625 0.01953125
0 0.090625 0.990234375 0.015625 0.01953125
0 0.0484375 0.98828125 0.015625 0.01953125
0 0.078125 0.9375 0.015625 0.01953125
0 0.0390625 0.9375 0.015625 0.01953125
0 0.1 0.873046875 0.015625 0.01953125
0 0.0828125 0.85546875 0.015625 0.01953125
0 0.0734375 0.87109375 0.015625 0.01953125
0 0.19375 0.6171875 0.015625 0.01953125
0 0.2953125 0.548828125 0.015625 0.01953125
0 0.4109375 0.658203125 0.015625 0.01953125
0 0.5296875 0.7578125 0.015625 0.01953125
0 0.546875 0.775390625 0.015625 0.01953125
0 0.659375 0.673828125 0.015625 0.01953125
0 0.85625 0.759765625 0.015625 0.01953125
0 0.8078125 0.82421875 0.015625 0.01953125
0 0.9109375 0.8046875 0.015625 0.01953125
0 0.7640625 0.947265625 0.015625 0.01953125
0 0.86875 0.98046875 0.015625 0.01953125
0 0.11875 0.947265625 0.015625 0.01953125
0 0.3734375 0.509765625 0.015625 0.01953125
0 0.003125 0.88671875 0.015625 0.01953125
0 0.0203125 0.87109375 0.015625 0.01953125
0 0.034375 0.853515625 0.015625 0.01953125
0 0.03125 0.828125 0.015625 0.01953125
0 0.0109375 0.841796875 0.015625 0.01953125
0 0.015625 0.826171875 0.015625 0.01953125
0 0.009375 0.572265625 0.015625 0.01953125
0 0.021875 0.36328125 0.015625 0.01953125
0 0.1265625 0.416015625 0.015625 0.01953125
0 0.1 0.375 0.015625 0.01953125
0 0.1609375 0.361328125 0.015625 0.01953125
0 0.1421875 0.345703125 0.015625 0.01953125
0 0.1390625 0.322265625 0.015625 0.01953125
0 0.2 0.357421875 0.015625 0.01953125
0 0.2046875 0.291015625 0.015625 0.01953125
0 0.1671875 0.25390625 0.015625 0.01953125
0 0.1265625 0.251953125 0.015625 0.01953125
0 0.196875 0.2265625 0.015625 0.01953125
0 0.2171875 0.25390625 0.015625 0.01953125
0 0.24375 0.27734375 0.015625 0.01953125
0 0.253125 0.30859375 0.015625 0.01953125
0 0.2984375 0.28515625 0.015625 0.01953125
0 0.325 0.306640625 0.015625 0.01953125
0 0.3015625 0.248046875 0.015625 0.01953125
0 0.2578125 0.24609375 0.015625 0.01953125
0 0.365625 0.287109375 0.015625 0.01953125
0 0.371875 0.240234375 0.015625 0.01953125
0 0.3765625 0.1796875 0.015625 0.01953125
0 0.2984375 0.1796875 0.015625 0.01953125
0 0.2578125 0.189453125 0.015625 0.01953125
0 0.221875 0.173828125 0.015625 0.01953125
0 0.1984375 0.1875 0.015625 0.01953125
0 0.1671875 0.193359375 0.015625 0.01953125
0 0.134375 0.185546875 0.015625 0.01953125
0 0.084375 0.189453125 0.015625 0.01953125
0 0.0546875 0.126953125 0.015625 0.01953125
0 0.090625 0.111328125 0.015625 0.01953125
0 0.128125 0.111328125 0.015625 0.01953125
0 0.171875 0.140625 0.015625 0.01953125
0 0.21875 0.12890625 0.015625 0.01953125
0 0.2640625 0.130859375 0.015625 0.01953125
0 0.3015625 0.146484375 0.015625 0.01953125
0 0.31875 0.14453125 0.015625 0.01953125
0 0.3484375 0.150390625 0.015625 0.01953125
0 0.3796875 0.091796875 0.015625 0.01953125
0 0.3828125 0.015625 0.015625 0.01953125
0 0.309375 0.072265625 0.015625 0.01953125
0 0.2640625 0.068359375 0.015625 0.01953125
0 0.221875 0.064453125 0.015625 0.01953125
0 0.2421875 0.033203125 0.015625 0.01953125
0 0.1859375 0.072265625 0.015625 0.01953125
0 0.140625 0.0703125 0.015625 0.01953125
0 0.121875 0.072265625 0.015625 0.01953125
0 0.1 0.060546875 0.015625 0.01953125
0 0.059375 0.046875 0.015625 0.01953125
0 0.1875 0.001953125 0.015625 0.01953125
0 0.2234375 0.0 0.015625 0.01953125
0 0.334375 0.21875 0.015625 0.01953125
0 0.4828125 0.005859375 0.015625 0.01953125
0 0.6953125 0.376953125 0.015625 0.01953125
