0 0.684375 0.96875 0.015625 0.01953125
0 0.6625 0.970703125 0.015625 0.01953125
0 0.621875 0.970703125 0.015625 0.01953125
0 0.5875 0.966796875 0.015625 0.01953125
0 0.5328125 0.958984375 0.015625 0.01953125
0 0.46875 0.9609375 0.015625 0.01953125
0 0.4046875 0.96484375 0.015625 0.01953125
0 0.3703125 0.95703125 0.015625 0.01953125
0 0.334375 0.958984375 0.015625 0.01953125
0 0.1765625 0.953125 0.015625 0.01953125
0 0.0765625 0.939453125 0.015625 0.01953125
0 0.034375 0.94140625 0.015625 0.01953125
0 0.10625 0.873046875 0.015625 0.01953125
0 0.084375 0.853515625 0.015625 0.01953125
0 0.075 0.861328125 0.015625 0.01953125
0 0.3828125 0.8203125 0.015625 0.01953125
0 0.6875 0.78515625 0.015625 0.01953125
0 0.709375 0.724609375 0.015625 0.01953125
0 0.9515625 0.9609375 0.015625 0.01953125
0 0.9640625 0.982421875 0.015625 0.01953125
0 0.765625 0.94140625 0.015625 0.01953125
0 0.696875 0.986328125 0.015625 0.01953125
0 0.9859375 0.8125 0.015625 0.01953125
0 0.009375 0.841796875 0.015625 0.01953125
0 0.009375 0.828125 0.015625 0.01953125
0 0.021875 0.8203125 0.015625 0.01953125
0 0.034375 0.837890625 0.015625 0.01953125
0 0.0046875 0.880859375 0.015625 0.01953125
0 0.0046875 0.97265625 0.015625 0.01953125
0 0.0578125 0.986328125 0.015625 0.01953125
0 0.0921875 0.990234375 0.015625 0.01953125
0 0.16875 0.642578125 0.015625 0.01953125
0 0.1796875 0.62109375 0.015625 0.01953125
0 0.29375 0.544921875 0.015625 0.01953125
0 0.3625 0.51171875 0.015625 0.01953125
0 0.4140625 0.650390625 0.015625 0.01953125
0 0.4875 0.59765625 0.015625 0.01953125
0 0.5390625 0.767578125 0.015625 0.01953125
0 0.5765625 0.7265625 0.015625 0.01953125
0 0.621875 0.814453125 0.015625 0.01953125
0 0.6671875 0.689453125 0.015625 0.01953125
0 0.7515625 0.80859375 0.015625 0.01953125
0 0.7796875 0.78515625 0.015625 0.01953125
0 0.85625 0.755859375 0.015625 0.01953125
0 0.715625 0.59765625 0.015625 0.01953125
0 0.715625 0.583984375 0.015625 0.01953125
0 0.575 0.564453125 0.015625 0.01953125
0 0.5125 0.396484375 0.015625 0.01953125
0 0.409375 0.3515625 0.015625 0.01953125
0 0.4671875 0.1796875 0.015625 0.01953125
0 0.4953125 0.15234375 0.015625 0.01953125
0 0.5125 0.15234375 0.015625 0.01953125
0 0.590625 0.208984375 0.015625 0.01953125
0 0.7265625 0.271484375 0.015625 0.01953125
0 0.6890625 0.373046875 0.015625 0.01953125
0 0.7234375 0.486328125 0.015625 0.01953125
0 0.9203125 0.48828125 0.015625 0.01953125
0 0.9390625 0.4765625 0.015625 0.01953125
0 0.95 0.46484375 0.015625 0.01953125
0 0.790625 0.267578125 0.015625 0.01953125
0 0.8 0.150390625 0.015625 0.01953125
0 0.9109375 0.193359375 0.015625 0.01953125
0 0.8203125 0.072265625 0.015625 0.01953125
0 0.7265625 0.072265625 0.015625 0.01953125
0 0.684375 0.125 0.015625 0.01953125
0 0.6640625 0.126953125 0.015625 0.01953125
0 0.690625 0.044921875 0.015625 0.01953125
0 0.6171875 0.00390625 0.015625 0.01953125
0 0.48125 0.01953125 0.015625 0.01953125
0 0.3703125 0.291015625 0.015625 0.01953125
0 0.371875 0.240234375 0.015625 0.01953125
0 0.3734375 0.1796875 0.015625 0.01953125
0 0.3765625 0.095703125 0.015625 0.01953125
0 0.3828125 0.01953125 0.015625 0.01953125
0 0.3328125 0.302734375 0.015625 0.01953125
0 0.334375 0.21875 0.015625 0.01953125
0 0.359375 0.15234375 0.015625 0.01953125
0 0.34375 0.150390625 0.015625 0.01953125
0 0.346875 0.072265625 0.015625 0.01953125
0 0.3046875 0.07421875 0.015625 0.01953125
0 0.2671875 0.0703125 0.015625 0.01953125
0 0.2234375 0.07421875 0.015625 0.01953125
0 0.178125 0.07421875 0.015625 0.01953125
0 0.246875 0.03515625 0.015625 0.01953125
0 0.225 0.00390625 0.015625 0.01953125
0 0.1859375 0.001953125 0.015625 0.01953125
0 0.134375 0.072265625 0.015625 0.01953125
0 0.1 0.05859375 0.015625 0.01953125
0 0.090625 0.11328125 0.015625 0.01953125
0 0.1296875 0.125 0.015625 0.01953125
0 0.1734375 0.140625 0.015625 0.01953125
0 0.2171875 0.12890625 0.015625 0.01953125
0 0.26875 0.12890625 0.015625 0.01953125
0 0.3078125 0.142578125 0.015625 0.01953125
0 0.303125 0.18359375 0.015625 0.01953125
0 0.2546875 0.193359375 0.015625 0.01953125
0 0.2234375 0.171875 0.015625 0.01953125
0 0.1984375 0.189453125 0.015625 0.01953125
0 0.1640625 0.1953125 0.015625 0.01953125
0 0.1359375 0.193359375 0.015625 0.01953125
0 0.084375 0.193359375 0.015625 0.01953125
0 0.128125 0.251953125 0.015625 0.01953125
0 0.0546875 0.1328125 0.015625 0.01953125
0 0.05625 0.044921875 0.015625 0.01953125
0 0.003125 0.158203125 0.015625 0.01953125
0 0.0296875 0.39453125 0.015625 0.01953125
0 0.096875 0.373046875 0.015625 0.01953125
0 0.125 0.4140625 0.015625 0.01953125
0 0.165625 0.36328125 0.015625 0.01953125
0 0.15 0.341796875 0.015625 0.01953125
0 0.2 0.361328125 0.015625 0.01953125
0 0.2515625 0.3671875 0.015625 0.01953125
0 0.2515625 0.30078125 0.015625 0.01953125
0 0.2046875 0.2890625 0.015625 0.01953125
0 0.125 0.318359375 0.015625 0.01953125
0 0.14375 0.318359375 0.015625 0.01953125
0 0.1640625 0.263671875 0.015625 0.01953125
0 0.1953125 0.220703125 0.015625 0.01953125
0 0.2171875 0.248046875 0.015625 0.01953125
0 0.253125 0.240234375 0.015625 0.01953125
0 0.24375 0.267578125 0.015625 0.01953125
0 0.296875 0.29296875 0.015625 0.01953125
0 0.296875 0.244140625 0.015625 0.01953125
0 0.3234375 0.140625 0.015625 0.01953125
0 0.2515625 0.955078125 0.015625 0.01953125
0 0.125 0.9453125 0.015625 0.01953125
0 0.171875 0.98828125 0.015625 0.01953125
0 0.7046875 0.369140625 0.015625 0.01953125
0 0.55 0.775390625 0.015625 0.01953125
0 0.8671875 0.9765625 0.015625 0.01953125
0 0.196875 0.62109375 0.015625 0.01953125
0 0.0078125 0.57421875 0.015625 0.01953125
0 0.728125 0.59375 0.015625 0.01953125
