0 0.25 0.080078125 0.015625 0.01953125
0 0.2640625 0.0546875 0.015625 0.01953125
0 0.425 0.193359375 0.015625 0.01953125
0 0.4484375 0.173828125 0.015625 0.01953125
0 0.51875 0.32421875 0.015625 0.01953125
0 0.559375 0.30859375 0.015625 0.01953125
0 0.4421875 0.462890625 0.015625 0.01953125
0 0.3046875 0.439453125 0.015625 0.01953125
0 0.19375 0.033203125 0.015625 0.01953125
0 0.190625 0.109375 0.015625 0.01953125
0 0.190625 0.181640625 0.015625 0.01953125
0 0.190625 0.259765625 0.015625 0.01953125
0 0.1875 0.341796875 0.015625 0.01953125
0 0.1984375 0.39453125 0.015625 0.01953125
0 0.1921875 0.46875 0.015625 0.01953125
0 0.19375 0.52734375 0.015625 0.01953125
0 0.190625 0.564453125 0.015625 0.01953125
0 0.1953125 0.634765625 0.015625 0.01953125
0 0.190625 0.8125 0.015625 0.01953125
0 0.19375 0.83203125 0.015625 0.01953125
0 0.10625 0.845703125 0.015625 0.01953125
0 0.021875 0.845703125 0.015625 0.01953125
0 0.0078125 0.783203125 0.015625 0.01953125
0 0.0078125 0.73828125 0.015625 0.01953125
0 0.04375 0.728515625 0.015625 0.01953125
0 0.065625 0.779296875 0.015625 0.01953125
0 0.090625 0.787109375 0.015625 0.01953125
0 0.14375 0.787109375 0.015625 0.01953125
0 0.1421875 0.748046875 0.015625 0.01953125
0 0.14375 0.69140625 0.015625 0.01953125
0 0.1453125 0.630859375 0.015625 0.01953125
0 0.1453125 0.560546875 0.015625 0.01953125
0 0.103125 0.583984375 0.015625 0.01953125
0 0.0984375 0.630859375 0.015625 0.01953125
0 0.096875 0.5234375 0.015625 0.01953125
0 0.096875 0.47265625 0.015625 0.01953125
0 0.1015625 0.4296875 0.015625 0.01953125
0 0.096875 0.392578125 0.015625 0.01953125
0 0.1 0.361328125 0.015625 0.01953125
0 0.096875 0.310546875 0.015625 0.01953125
0 0.0984375 0.2578125 0.015625 0.01953125
0 0.1015625 0.208984375 0.015625 0.01953125
0 0.103125 0.16796875 0.015625 0.01953125
0 0.0984375 0.109375 0.015625 0.01953125
0 0.1515625 0.072265625 0.015625 0.01953125
0 0.1484375 0.16015625 0.015625 0.01953125
0 0.1453125 0.205078125 0.015625 0.01953125
0 0.1390625 0.25390625 0.015625 0.01953125
0 0.1453125 0.33203125 0.015625 0.01953125
0 0.1453125 0.388671875 0.015625 0.01953125
0 0.1453125 0.43359375 0.015625 0.01953125
0 0.1453125 0.517578125 0.015625 0.01953125
0 0.2265625 0.908203125 0.015625 0.01953125
0 0.246875 0.91796875 0.015625 0.01953125
0 0.3171875 0.8984375 0.015625 0.01953125
0 0.3390625 0.81640625 0.015625 0.01953125
0 0.3765625 0.81640625 0.015625 0.01953125
0 0.39375 0.841796875 0.015625 0.01953125
0 0.090625 0.916015625 0.015625 0.01953125
0 0.08125 0.935546875 0.015625 0.01953125
0 0.0609375 0.966796875 0.015625 0.01953125
0 0.0453125 0.98046875 0.015625 0.01953125
0 0.35 0.638671875 0.015625 0.01953125
0 0.50625 0.64453125 0.015625 0.01953125
0 0.5515625 0.6484375 0.015625 0.01953125
0 0.646875 0.63671875 0.015625 0.01953125
0 0.4953125 0.841796875 0.015625 0.01953125
0 0.5 0.859375 0.015625 0.01953125
0 0.5125 0.845703125 0.015625 0.01953125
0 0.5546875 0.86328125 0.015625 0.01953125
0 0.6359375 0.837890625 0.015625 0.01953125
0 0.740625 0.8125 0.015625 0.01953125
0 0.7640625 0.849609375 0.015625 0.01953125
0 0.69375 0.822265625 0.015625 0.01953125
0 0.678125 0.822265625 0.015625 0.01953125
0 0.6609375 0.837890625 0.015625 0.01953125
0 0.6734375 0.796875 0.015625 0.01953125
0 0.8578125 0.92578125 0.015625 0.01953125
0 0.834375 0.94921875 0.015625 0.01953125
0 0.9296875 0.794921875 0.015625 0.01953125
0 0.9125 0.79296875 0.015625 0.01953125
0 0.8828125 0.76171875 0.015625 0.01953125
0 0.8765625 0.78515625 0.015625 0.01953125
0 0.9578125 0.73046875 0.015625 0.01953125
0 0.9078125 0.6796875 0.015625 0.01953125
0 0.8796875 0.525390625 0.015625 0.01953125
0 0.7796875 0.556640625 0.015625 0.01953125
0 0.775 0.533203125 0.015625 0.01953125
0 0.684375 0.443359375 0.015625 0.01953125
0 0.7328125 0.390625 0.015625 0.01953125
0 0.7671875 0.400390625 0.015625 0.01953125
0 0.8234375 0.396484375 0.015625 0.01953125
0 0.721875 0.341796875 0.015625 0.01953125
0 0.61875 0.087890625 0.015625 0.01953125
0 0.653125 0.05078125 0.015625 0.01953125
0 0.6734375 0.134765625 0.015625 0.01953125
0 0.6875 0.12109375 0.015625 0.01953125
0 0.671875 0.193359375 0.015625 0.01953125
0 0.6671875 0.24609375 0.015625 0.01953125
0 0.7140625 0.24609375 0.015625 0.01953125
0 0.7234375 0.18359375 0.015625 0.01953125
0 0.746875 0.134765625 0.015625 0.01953125
0 0.7484375 0.083984375 0.015625 0.01953125
0 0.7984375 0.091796875 0.015625 0.01953125
0 0.7953125 0.0234375 0.015625 0.01953125
0 0.8515625 0.08203125 0.015625 0.01953125
0 0.8609375 0.037109375 0.015625 0.01953125
0 0.890625 0.08984375 0.015625 0.01953125
0 0.9015625 0.041015625 0.015625 0.01953125
0 0.9765625 0.060546875 0.015625 0.01953125
0 0.9578125 0.14453125 0.015625 0.01953125
0 0.903125 0.146484375 0.015625 0.01953125
0 0.84375 0.140625 0.015625 0.01953125
0 0.803125 0.1328125 0.015625 0.01953125
0 0.775 0.166015625 0.015625 0.01953125
0 0.8 0.171875 0.015625 0.01953125
0 0.81875 0.20703125 0.015625 0.01953125
0 0.7640625 0.24609375 0.015625 0.01953125
0 0.8140625 0.251953125 0.015625 0.01953125
0 0.85625 0.25390625 0.015625 0.01953125
0 0.8484375 0.205078125 0.015625 0.01953125
0 0.9046875 0.197265625 0.015625 0.01953125
0 0.9015625 0.2578125 0.015625 0.01953125
0 0.928125 0.220703125 0.015625 0.01953125
0 0.953125 0.189453125 0.015625 0.01953125
0 0.73125 0.3046875 0.015625 0.01953125
0 0.7640625 0.298828125 0.015625 0.01953125
0 0.78125 0.345703125 0.015625 0.01953125
0 0.8125 0.30859375 0.015625 0.01953125
0 0.8375 0.37109375 0.015625 0.01953125
0 0.8390625 0.349609375 0.015625 0.01953125
0 0.8453125 0.326171875 0.015625 0.01953125
0 0.8515625 0.294921875 0.015625 0.01953125
0 0.9453125 0.3984375 0.015625 0.01953125
0 0.884375 0.39453125 0.015625 0.01953125
0 0.9 0.306640625 0.015625 0.01953125
0 0.9625 0.32421875 0.015625 0.01953125
0 0.9625 0.375 0.015625 0.01953125
0 0.9921875 0.3984375 0.015625 0.01953125
0 0.9875 0.365234375 0.015625 0.01953125
0 0.990625 0.30078125 0.015625 0.01953125
0 0.9921875 0.267578125 0.015625 0.01953125
0 0.996875 0.19921875 0.015625 0.01953125
0 0.75625 0.20703125 0.015625 0.01953125
0 0.690625 0.0859375 0.015625 0.01953125
0 0.6984375 0.103515625 0.015625 0.01953125
0 0.5484375 0.00390625 0.015625 0.01953125
0 0.10625 0.072265625 0.015625 0.01953125
0 0.071875 0.064453125 0.015625 0.01953125
0 0.0328125 0.064453125 0.015625 0.01953125
0 0.153125 0.021484375 0.015625 0.01953125
0 0.2578125 0.0 0.015625 0.01953125
0 0.096875 0.677734375 0.015625 0.01953125
0 0.075 0.736328125 0.015625 0.01953125
0 0.0453125 0.259765625 0.015625 0.01953125
0 0.046875 0.845703125 0.015625 0.01953125
0 0.13125 0.845703125 0.015625 0.01953125
0 0.1640625 0.853515625 0.015625 0.01953125
0 0.9890625 0.109375 0.015625 0.01953125
