0 0.2046875 0.025390625 0.015625 0.01953125
0 0.1984375 0.1015625 0.015625 0.01953125
0 0.196875 0.1640625 0.015625 0.01953125
0 0.196875 0.2421875 0.015625 0.01953125
0 0.190625 0.337890625 0.015625 0.01953125
0 0.1953125 0.37890625 0.015625 0.01953125
0 0.190625 0.451171875 0.015625 0.01953125
0 0.1875 0.515625 0.015625 0.01953125
0 0.1875 0.55859375 0.015625 0.01953125
0 0.1921875 0.61328125 0.015625 0.01953125
0 0.1875 0.794921875 0.015625 0.01953125
0 0.1390625 0.78125 0.015625 0.01953125
0 0.1421875 0.73828125 0.015625 0.01953125
0 0.1390625 0.677734375 0.015625 0.01953125
0 0.14375 0.6171875 0.015625 0.01953125
0 0.1375 0.556640625 0.015625 0.01953125
0 0.1453125 0.517578125 0.015625 0.01953125
0 0.15 0.416015625 0.015625 0.01953125
0 0.14375 0.369140625 0.015625 0.01953125
0 0.153125 0.3203125 0.015625 0.01953125
0 0.15 0.240234375 0.015625 0.01953125
0 0.15 0.185546875 0.015625 0.01953125
0 0.153125 0.142578125 0.015625 0.01953125
0 0.153125 0.064453125 0.015625 0.01953125
0 0.1625 0.0078125 0.015625 0.01953125
0 0.1875 0.759765625 0.015625 0.01953125
0 0.1875 0.716796875 0.015625 0.01953125
0 0.1875 0.8203125 0.015625 0.01953125
0 0.19375 0.83984375 0.015625 0.01953125
0 0.1578125 0.84375 0.015625 0.01953125
0 0.1234375 0.83984375 0.015625 0.01953125
0 0.1 0.83203125 0.015625 0.01953125
0 0.0109375 0.830078125 0.015625 0.01953125
0 0.0859375 0.77734375 0.015625 0.01953125
0 0.0609375 0.77734375 0.015625 0.01953125
0 0.0015625 0.765625 0.015625 0.01953125
0 0.003125 0.71875 0.015625 0.01953125
0 0.0484375 0.716796875 0.015625 0.01953125
0 0.071875 0.71484375 0.015625 0.01953125
0 0.1 0.65625 0.015625 0.01953125
0 0.0984375 0.615234375 0.015625 0.01953125
0 0.096875 0.564453125 0.015625 0.01953125
0 0.1 0.509765625 0.015625 0.01953125
0 0.0984375 0.462890625 0.015625 0.01953125
0 0.103125 0.416015625 0.015625 0.01953125
0 0.1015625 0.35546875 0.015625 0.01953125
0 0.1015625 0.30078125 0.015625 0.01953125
0 0.1046875 0.251953125 0.015625 0.01953125
0 0.1078125 0.1484375 0.015625 0.01953125
0 0.1078125 0.099609375 0.015625 0.01953125
0 0.309375 0.431640625 0.015625 0.01953125
0 0.2609375 0.072265625 0.015625 0.01953125
0 0.2703125 0.052734375 0.015625 0.01953125
0 0.425 0.197265625 0.015625 0.01953125
0 0.4515625 0.17578125 0.015625 0.01953125
0 0.528125 0.330078125 0.015625 0.01953125
0 0.4453125 0.462890625 0.015625 0.01953125
0 0.35 0.62890625 0.015625 0.01953125
0 0.3359375 0.810546875 0.015625 0.01953125
0 0.3640625 0.8203125 0.015625 0.01953125
0 0.3875 0.837890625 0.015625 0.01953125
0 0.315625 0.896484375 0.015625 0.01953125
0 0.2453125 0.91015625 0.015625 0.01953125
0 0.0796875 0.90234375 0.015625 0.01953125
0 0.0796875 0.93359375 0.015625 0.01953125
0 0.053125 0.9453125 0.015625 0.01953125
0 0.04375 0.966796875 0.015625 0.01953125
0 0.546875 0.859375 0.015625 0.01953125
0 0.515625 0.63671875 0.015625 0.01953125
0 0.515625 0.63671875 0.015625 0.01953125
0 0.64375 0.658203125 0.015625 0.01953125
0 0.73125 0.796875 0.015625 0.01953125
0 0.7484375 0.8515625 0.015625 0.01953125
0 0.8234375 0.939453125 0.015625 0.01953125
0 0.853125 0.94140625 0.015625 0.01953125
0 0.878125 0.798828125 0.015625 0.01953125
0 0.8765625 0.763671875 0.015625 0.01953125
0 0.9046875 0.787109375 0.015625 0.01953125
0 0.93125 0.8046875 0.015625 0.01953125
0 0.95 0.744140625 0.015625 0.01953125
0 0.896875 0.689453125 0.015625 0.01953125
0 0.7609375 0.55859375 0.015625 0.01953125
0 0.7703125 0.544921875 0.015625 0.01953125
0 0.6875 0.453125 0.015625 0.01953125
0 0.728125 0.400390625 0.015625 0.01953125
0 0.7734375 0.404296875 0.015625 0.01953125
0 0.8671875 0.537109375 0.015625 0.01953125
0 0.890625 0.408203125 0.015625 0.01953125
0 0.953125 0.416015625 0.015625 0.01953125
0 0.8234375 0.41015625 0.015625 0.01953125
0 0.85 0.341796875 0.015625 0.01953125
0 0.784375 0.357421875 0.015625 0.01953125
0 0.7296875 0.3515625 0.015625 0.01953125
0 0.73125 0.30859375 0.015625 0.01953125
0 0.7703125 0.30859375 0.015625 0.01953125
0 0.8203125 0.30859375 0.015625 0.01953125
0 0.8578125 0.3125 0.015625 0.01953125
0 0.9046875 0.359375 0.015625 0.01953125
0 0.909375 0.322265625 0.015625 0.01953125
0 0.96875 0.3828125 0.015625 0.01953125
0 0.996875 0.369140625 0.015625 0.01953125
0 0.9984375 0.322265625 0.015625 0.01953125
0 0.9875 0.416015625 0.015625 0.01953125
0 0.9109375 0.265625 0.015625 0.01953125
0 0.8625 0.263671875 0.015625 0.01953125
0 0.8171875 0.26171875 0.015625 0.01953125
0 0.771875 0.255859375 0.015625 0.01953125
0 0.725 0.25390625 0.015625 0.01953125
0 0.6796875 0.25390625 0.015625 0.01953125
0 0.6734375 0.203125 0.015625 0.01953125
0 0.725 0.201171875 0.015625 0.01953125
0 0.765625 0.216796875 0.015625 0.01953125
0 0.78125 0.1796875 0.015625 0.01953125
0 0.809375 0.1796875 0.015625 0.01953125
0 0.8203125 0.212890625 0.015625 0.01953125
0 0.8625 0.20703125 0.015625 0.01953125
0 0.909375 0.20703125 0.015625 0.01953125
0 0.9375 0.2421875 0.015625 0.01953125
0 0.959375 0.212890625 0.015625 0.01953125
0 0.965625 0.158203125 0.015625 0.01953125
0 0.909375 0.166015625 0.015625 0.01953125
0 0.8546875 0.1484375 0.015625 0.01953125
0 0.80625 0.146484375 0.015625 0.01953125
0 0.75625 0.142578125 0.015625 0.01953125
0 0.7 0.13671875 0.015625 0.01953125
0 0.684375 0.1484375 0.015625 0.01953125
0 0.625 0.103515625 0.015625 0.01953125
0 0.6515625 0.05859375 0.015625 0.01953125
0 0.5453125 0.00390625 0.015625 0.01953125
0 0.703125 0.109375 0.015625 0.01953125
0 0.7046875 0.091796875 0.015625 0.01953125
0 0.7625 0.1015625 0.015625 0.01953125
0 0.8109375 0.10546875 0.015625 0.01953125
0 0.8078125 0.04296875 0.015625 0.01953125
0 0.8609375 0.09765625 0.015625 0.01953125
0 0.8703125 0.046875 0.015625 0.01953125
0 0.915625 0.056640625 0.015625 0.01953125
0 0.9015625 0.10546875 0.015625 0.01953125
0 0.9859375 0.068359375 0.015625 0.01953125
0 0.9203125 0.005859375 0.015625 0.01953125
0 0.85625 0.005859375 0.015625 0.01953125
0 0.84375 0.37890625 0.015625 0.01953125
0 0.7 0.826171875 0.015625 0.01953125
0 0.6703125 0.830078125 0.015625 0.01953125
0 0.653125 0.84765625 0.015625 0.01953125
0 0.6296875 0.83984375 0.015625 0.01953125
0 0.6671875 0.80078125 0.015625 0.01953125
0 0.50625 0.83984375 0.015625 0.01953125
0 0.4953125 0.853515625 0.015625 0.01953125
0 0.4859375 0.841796875 0.015625 0.01953125
0 0.5171875 0.662109375 0.015625 0.01953125
0 0.0390625 0.830078125 0.015625 0.01953125
0 0.0484375 0.25390625 0.015625 0.01953125
0 0.1125 0.060546875 0.015625 0.01953125
0 0.0796875 0.05078125 0.015625 0.01953125
0 0.040625 0.0546875 0.015625 0.01953125
0 0.0265625 0.005859375 0.015625 0.01953125
0 0.1203125 0.01171875 0.015625 0.01953125
0 0.078125 0.009765625 0.015625 0.01953125
