0 0.2203125 0.908203125 0.015625 0.01953125
0 0.246875 0.91015625 0.015625 0.01953125
0 0.315625 0.892578125 0.015625 0.01953125
0 0.3328125 0.8125 0.015625 0.01953125
0 0.3578125 0.828125 0.015625 0.01953125
0 0.3890625 0.83984375 0.015625 0.01953125
0 0.4875 0.845703125 0.015625 0.01953125
0 0.4953125 0.861328125 0.015625 0.01953125
0 0.50625 0.84765625 0.015625 0.01953125
0 0.55 0.865234375 0.015625 0.01953125
0 0.5390625 0.705078125 0.015625 0.01953125
0 0.65 0.666015625 0.015625 0.01953125
0 0.734375 0.80078125 0.015625 0.01953125
0 0.759375 0.85546875 0.015625 0.01953125
0 0.7 0.833984375 0.015625 0.01953125
0 0.671875 0.796875 0.015625 0.01953125
0 0.6703125 0.841796875 0.015625 0.01953125
0 0.6515625 0.849609375 0.015625 0.01953125
0 0.6359375 0.84765625 0.015625 0.01953125
0 0.853125 0.939453125 0.015625 0.01953125
0 0.8703125 0.80078125 0.015625 0.01953125
0 0.903125 0.693359375 0.015625 0.01953125
0 0.9484375 0.74609375 0.015625 0.01953125
0 0.9375 0.806640625 0.015625 0.01953125
0 0.9265625 0.982421875 0.015625 0.01953125
0 0.8296875 0.927734375 0.015625 0.01953125
0 0.5109375 0.64453125 0.015625 0.01953125
0 0.3453125 0.634765625 0.015625 0.01953125
0 0.528125 0.330078125 0.015625 0.01953125
0 0.56875 0.296875 0.015625 0.01953125
0 0.4546875 0.166015625 0.015625 0.01953125
0 0.434375 0.19921875 0.015625 0.01953125
0 0.259375 0.078125 0.015625 0.01953125
0 0.2734375 0.052734375 0.015625 0.01953125
0 0.3078125 0.443359375 0.015625 0.01953125
0 0.75625 0.56640625 0.015625 0.01953125
0 0.684375 0.44921875 0.015625 0.01953125
0 0.825 0.529296875 0.015625 0.01953125
0 0.859375 0.533203125 0.015625 0.01953125
0 0.440625 0.46484375 0.015625 0.01953125
0 0.0484375 0.966796875 0.015625 0.01953125
0 0.053125 0.94140625 0.015625 0.01953125
0 0.075 0.923828125 0.015625 0.01953125
0 0.0796875 0.91015625 0.015625 0.01953125
0 0.096875 0.826171875 0.015625 0.01953125
0 0.13125 0.83984375 0.015625 0.01953125
0 0.15625 0.841796875 0.015625 0.01953125
0 0.1875 0.841796875 0.015625 0.01953125
0 0.1859375 0.80078125 0.015625 0.01953125
0 0.1859375 0.767578125 0.015625 0.01953125
0 0.1890625 0.712890625 0.015625 0.01953125
0 0.1890625 0.607421875 0.015625 0.01953125
0 0.1890625 0.552734375 0.015625 0.01953125
0 0.190625 0.517578125 0.015625 0.01953125
0 0.1953125 0.443359375 0.015625 0.01953125
0 0.190625 0.380859375 0.015625 0.01953125
0 0.1875 0.3359375 0.015625 0.01953125
0 0.1921875 0.2421875 0.015625 0.01953125
0 0.196875 0.16015625 0.015625 0.01953125
0 0.1984375 0.01953125 0.015625 0.01953125
0 0.1640625 0.005859375 0.015625 0.01953125
0 0.15625 0.060546875 0.015625 0.01953125
0 0.153125 0.1875 0.015625 0.01953125
0 0.1453125 0.248046875 0.015625 0.01953125
0 0.1453125 0.32421875 0.015625 0.01953125
0 0.146875 0.37109375 0.015625 0.01953125
0 0.1515625 0.41015625 0.015625 0.01953125
0 0.1453125 0.509765625 0.015625 0.01953125
0 0.146875 0.556640625 0.015625 0.01953125
0 0.1390625 0.619140625 0.015625 0.01953125
0 0.14375 0.6796875 0.015625 0.01953125
0 0.1421875 0.73828125 0.015625 0.01953125
0 0.1328125 0.787109375 0.015625 0.01953125
0 0.0890625 0.78515625 0.015625 0.01953125
0 0.0640625 0.7734375 0.015625 0.01953125
0 0.0046875 0.771484375 0.015625 0.01953125
0 0.009375 0.728515625 0.015625 0.01953125
0 0.015625 0.826171875 0.015625 0.01953125
0 0.046875 0.724609375 0.015625 0.01953125
0 0.0734375 0.72265625 0.015625 0.01953125
0 0.0953125 0.65625 0.015625 0.01953125
0 0.09375 0.623046875 0.015625 0.01953125
0 0.09375 0.56640625 0.015625 0.01953125
0 0.096875 0.515625 0.015625 0.01953125
0 0.096875 0.462890625 0.015625 0.01953125
0 0.1 0.427734375 0.015625 0.01953125
0 0.1015625 0.361328125 0.015625 0.01953125
0 0.1046875 0.296875 0.015625 0.01953125
0 0.103125 0.251953125 0.015625 0.01953125
0 0.1078125 0.205078125 0.015625 0.01953125
0 0.1078125 0.154296875 0.015625 0.01953125
0 0.1078125 0.109375 0.015625 0.01953125
0 0.034375 0.9921875 0.015625 0.01953125
0 0.075 0.947265625 0.015625 0.01953125
0 0.0703125 0.001953125 0.015625 0.01953125
0 0.0265625 0.001953125 0.015625 0.01953125
0 0.0125 0.029296875 0.015625 0.01953125
0 0.0453125 0.05859375 0.015625 0.01953125
0 0.0703125 0.048828125 0.015625 0.01953125
0 0.1171875 0.0 0.015625 0.01953125
0 0.5421875 0.00390625 0.015625 0.01953125
0 0.6234375 0.099609375 0.015625 0.01953125
0 0.65625 0.064453125 0.015625 0.01953125
0 0.6796875 0.146484375 0.015625 0.01953125
0 0.696875 0.142578125 0.015625 0.01953125
0 0.7046875 0.111328125 0.015625 0.01953125
0 0.759375 0.09375 0.015625 0.01953125
0 0.753125 0.146484375 0.015625 0.01953125
0 0.7328125 0.201171875 0.015625 0.01953125
0 0.678125 0.201171875 0.015625 0.01953125
0 0.6765625 0.255859375 0.015625 0.01953125
0 0.7234375 0.2578125 0.015625 0.01953125
0 0.7328125 0.314453125 0.015625 0.01953125
0 0.728125 0.353515625 0.015625 0.01953125
0 0.7296875 0.396484375 0.015625 0.01953125
0 0.76875 0.404296875 0.015625 0.01953125
0 0.7859375 0.353515625 0.015625 0.01953125
0 0.7671875 0.306640625 0.015625 0.01953125
0 0.76875 0.26171875 0.015625 0.01953125
0 0.778125 0.1796875 0.015625 0.01953125
0 0.803125 0.140625 0.015625 0.01953125
0 0.809375 0.1015625 0.015625 0.01953125
0 0.8078125 0.037109375 0.015625 0.01953125
0 0.853125 0.005859375 0.015625 0.01953125
0 0.9265625 0.005859375 0.015625 0.01953125
0 0.909375 0.0546875 0.015625 0.01953125
0 0.9078125 0.107421875 0.015625 0.01953125
0 0.8671875 0.109375 0.015625 0.01953125
0 0.8671875 0.052734375 0.015625 0.01953125
0 0.990625 0.06640625 0.015625 0.01953125
0 0.85625 0.15234375 0.015625 0.01953125
0 0.91875 0.1640625 0.015625 0.01953125
0 0.9640625 0.166015625 0.015625 0.01953125
0 0.8171875 0.185546875 0.015625 0.01953125
0 0.821875 0.220703125 0.015625 0.01953125
0 0.8609375 0.220703125 0.015625 0.01953125
0 0.9109375 0.22265625 0.015625 0.01953125
0 0.965625 0.205078125 0.015625 0.01953125
0 0.9375 0.234375 0.015625 0.01953125
0 0.9125 0.267578125 0.015625 0.01953125
0 0.8578125 0.271484375 0.015625 0.01953125
0 0.81875 0.267578125 0.015625 0.01953125
0 0.8234375 0.310546875 0.015625 0.01953125
0 0.85 0.341796875 0.015625 0.01953125
0 0.8453125 0.361328125 0.015625 0.01953125
0 0.8390625 0.3828125 0.015625 0.01953125
0 0.8265625 0.408203125 0.015625 0.01953125
0 0.9109375 0.3203125 0.015625 0.01953125
0 0.8875 0.408203125 0.015625 0.01953125
0 0.946875 0.41015625 0.015625 0.01953125
0 0.996875 0.41796875 0.015625 0.01953125
0 0.996875 0.384765625 0.015625 0.01953125
0 0.9921875 0.328125 0.015625 0.01953125
0 0.978125 0.275390625 0.015625 0.01953125
0 0.9046875 0.359375 0.015625 0.01953125
0 0.859375 0.30859375 0.015625 0.01953125
0 0.9015625 0.779296875 0.015625 0.01953125
0 0.76875 0.5546875 0.015625 0.01953125
