0 0.0484375 0.984375 0.015625 0.01953125
0 0.0609375 0.974609375 0.015625 0.01953125
0 0.0765625 0.9296875 0.015625 0.01953125
0 0.0828125 0.912109375 0.015625 0.01953125
0 0.1015625 0.837890625 0.015625 0.01953125
0 0.1296875 0.8515625 0.015625 0.01953125
0 0.159375 0.84765625 0.015625 0.01953125
0 0.0140625 0.833984375 0.015625 0.01953125
0 0.0015625 0.775390625 0.015625 0.01953125
0 0.065625 0.783203125 0.015625 0.01953125
0 0.090625 0.783203125 0.015625 0.01953125
0 0.1390625 0.779296875 0.015625 0.01953125
0 0.0484375 0.837890625 0.015625 0.01953125
0 0.00625 0.734375 0.015625 0.01953125
0 0.0453125 0.728515625 0.015625 0.01953125
0 0.0703125 0.724609375 0.015625 0.01953125
0 0.090625 0.728515625 0.015625 0.01953125
0 0.0953125 0.66796875 0.015625 0.01953125
0 0.0921875 0.619140625 0.015625 0.01953125
0 0.096875 0.572265625 0.015625 0.01953125
0 0.096875 0.5234375 0.015625 0.01953125
0 0.096875 0.474609375 0.015625 0.01953125
0 0.1 0.431640625 0.015625 0.01953125
0 0.1078125 0.392578125 0.015625 0.01953125
0 0.1109375 0.365234375 0.015625 0.01953125
0 0.103125 0.298828125 0.015625 0.01953125
0 0.1046875 0.25390625 0.015625 0.01953125
0 0.1015625 0.201171875 0.015625 0.01953125
0 0.1015625 0.158203125 0.015625 0.01953125
0 0.1125 0.1015625 0.015625 0.01953125
0 0.078125 0.0546875 0.015625 0.01953125
0 0.0453125 0.056640625 0.015625 0.01953125
0 0.01875 0.01171875 0.015625 0.01953125
0 0.0765625 0.001953125 0.015625 0.01953125
0 0.1234375 0.005859375 0.015625 0.01953125
0 0.159375 0.01171875 0.015625 0.01953125
0 0.1640625 0.068359375 0.015625 0.01953125
0 0.159375 0.154296875 0.015625 0.01953125
0 0.15 0.205078125 0.015625 0.01953125
0 0.15 0.240234375 0.015625 0.01953125
0 0.15 0.33203125 0.015625 0.01953125
0 0.146875 0.37109375 0.015625 0.01953125
0 0.1484375 0.412109375 0.015625 0.01953125
0 0.1390625 0.513671875 0.015625 0.01953125
0 0.1390625 0.55859375 0.015625 0.01953125
0 0.1421875 0.677734375 0.015625 0.01953125
0 0.1421875 0.623046875 0.015625 0.01953125
0 0.1390625 0.73828125 0.015625 0.01953125
0 0.1875 0.82421875 0.015625 0.01953125
0 0.1875 0.806640625 0.015625 0.01953125
0 0.1859375 0.765625 0.015625 0.01953125
0 0.1890625 0.720703125 0.015625 0.01953125
0 0.1875 0.611328125 0.015625 0.01953125
0 0.1875 0.556640625 0.015625 0.01953125
0 0.190625 0.51953125 0.015625 0.01953125
0 0.19375 0.375 0.015625 0.01953125
0 0.19375 0.33203125 0.015625 0.01953125
0 0.190625 0.255859375 0.015625 0.01953125
0 0.1984375 0.166015625 0.015625 0.01953125
0 0.20625 0.021484375 0.015625 0.01953125
0 0.2703125 0.05078125 0.015625 0.01953125
0 0.25625 0.076171875 0.015625 0.01953125
0 0.4515625 0.154296875 0.015625 0.01953125
0 0.4375 0.1875 0.015625 0.01953125
0 0.4578125 0.189453125 0.015625 0.01953125
0 0.5234375 0.01171875 0.015625 0.01953125
0 0.528125 0.32421875 0.015625 0.01953125
0 0.446875 0.46875 0.015625 0.01953125
0 0.3 0.435546875 0.015625 0.01953125
0 0.3390625 0.625 0.015625 0.01953125
0 0.3515625 0.640625 0.015625 0.01953125
0 0.4796875 0.56640625 0.015625 0.01953125
0 0.5078125 0.638671875 0.015625 0.01953125
0 0.33125 0.81640625 0.015625 0.01953125
0 0.3578125 0.83984375 0.015625 0.01953125
0 0.3875 0.84375 0.015625 0.01953125
0 0.3125 0.90234375 0.015625 0.01953125
0 0.253125 0.91015625 0.015625 0.01953125
0 0.2265625 0.91015625 0.015625 0.01953125
0 0.4890625 0.8515625 0.015625 0.01953125
0 0.5046875 0.84765625 0.015625 0.01953125
0 0.496875 0.8671875 0.015625 0.01953125
0 0.5453125 0.873046875 0.015625 0.01953125
0 0.6328125 0.845703125 0.015625 0.01953125
0 0.65 0.853515625 0.015625 0.01953125
0 0.6734375 0.853515625 0.015625 0.01953125
0 0.6671875 0.806640625 0.015625 0.01953125
0 0.7 0.8359375 0.015625 0.01953125
0 0.7359375 0.794921875 0.015625 0.01953125
0 0.7515625 0.859375 0.015625 0.01953125
0 0.8296875 0.921875 0.015625 0.01953125
0 0.8546875 0.947265625 0.015625 0.01953125
0 0.6484375 0.677734375 0.015625 0.01953125
0 0.75 0.5703125 0.015625 0.01953125
0 0.74375 0.546875 0.015625 0.01953125
0 0.6828125 0.45703125 0.015625 0.01953125
0 0.85625 0.54296875 0.015625 0.01953125
0 0.8984375 0.69921875 0.015625 0.01953125
0 0.9421875 0.748046875 0.015625 0.01953125
0 0.946875 0.8046875 0.015625 0.01953125
0 0.8984375 0.771484375 0.015625 0.01953125
0 0.875 0.77734375 0.015625 0.01953125
0 0.8671875 0.794921875 0.015625 0.01953125
0 0.7328125 0.404296875 0.015625 0.01953125
0 0.78125 0.41015625 0.015625 0.01953125
0 0.821875 0.4140625 0.015625 0.01953125
0 0.8890625 0.4140625 0.015625 0.01953125
0 0.9453125 0.421875 0.015625 0.01953125
0 0.9890625 0.423828125 0.015625 0.01953125
0 0.996875 0.376953125 0.015625 0.01953125
0 0.90625 0.373046875 0.015625 0.01953125
0 0.8515625 0.380859375 0.015625 0.01953125
0 0.7859375 0.361328125 0.015625 0.01953125
0 0.7265625 0.35546875 0.015625 0.01953125
0 0.7296875 0.31640625 0.015625 0.01953125
0 0.765625 0.31640625 0.015625 0.01953125
0 0.8203125 0.31640625 0.015625 0.01953125
0 0.85 0.34765625 0.015625 0.01953125
0 0.853125 0.314453125 0.015625 0.01953125
0 0.909375 0.3203125 0.015625 0.01953125
0 0.99375 0.328125 0.015625 0.01953125
0 0.9078125 0.275390625 0.015625 0.01953125
0 0.8640625 0.275390625 0.015625 0.01953125
0 0.815625 0.26953125 0.015625 0.01953125
0 0.771875 0.259765625 0.015625 0.01953125
0 0.74375 0.24609375 0.015625 0.01953125
0 0.728125 0.259765625 0.015625 0.01953125
0 0.6765625 0.26171875 0.015625 0.01953125
0 0.678125 0.20703125 0.015625 0.01953125
0 0.734375 0.201171875 0.015625 0.01953125
0 0.759375 0.2265625 0.015625 0.01953125
0 0.78125 0.1875 0.015625 0.01953125
0 0.8171875 0.1875 0.015625 0.01953125
0 0.8234375 0.22265625 0.015625 0.01953125
0 0.859375 0.212890625 0.015625 0.01953125
0 0.909375 0.220703125 0.015625 0.01953125
0 0.9375 0.24609375 0.015625 0.01953125
0 0.9578125 0.212890625 0.015625 0.01953125
0 0.9671875 0.16796875 0.015625 0.01953125
0 0.915625 0.173828125 0.015625 0.01953125
0 0.853125 0.158203125 0.015625 0.01953125
0 0.8046875 0.1484375 0.015625 0.01953125
0 0.7578125 0.146484375 0.015625 0.01953125
0 0.7046875 0.15234375 0.015625 0.01953125
0 0.6796875 0.15234375 0.015625 0.01953125
0 0.628125 0.10546875 0.015625 0.01953125
0 0.65625 0.064453125 0.015625 0.01953125
0 0.7 0.10546875 0.015625 0.01953125
0 0.7546875 0.1015625 0.015625 0.01953125
0 0.8125 0.10546875 0.015625 0.01953125
0 0.803125 0.04296875 0.015625 0.01953125
0 0.8734375 0.048828125 0.015625 0.01953125
0 0.8609375 0.1015625 0.015625 0.01953125
0 0.90625 0.10546875 0.015625 0.01953125
0 0.9109375 0.0625 0.015625 0.01953125
0 0.921875 0.01171875 0.015625 0.01953125
0 0.8515625 0.01171875 0.015625 0.01953125
0 0.984375 0.080078125 0.015625 0.01953125
0 0.99375 0.1328125 0.015625 0.01953125
0 0.1890625 0.44921875 0.015625 0.01953125
0 0.996875 0.21484375 0.015625 0.01953125
0 0.0390625 0.251953125 0.015625 0.01953125
0 0.1953125 0.103515625 0.015625 0.01953125
