0 0.44375 0.470703125 0.015625 0.01953125
0 0.3 0.439453125 0.015625 0.01953125
0 0.53125 0.328125 0.015625 0.01953125
0 0.5734375 0.275390625 0.015625 0.01953125
0 0.4625 0.162109375 0.015625 0.01953125
0 0.4515625 0.181640625 0.015625 0.01953125
0 0.2609375 0.080078125 0.015625 0.01953125
0 0.26875 0.0546875 0.015625 0.01953125
0 0.521875 0.015625 0.015625 0.01953125
0 0.625 0.10546875 0.015625 0.01953125
0 0.6546875 0.06640625 0.015625 0.01953125
0 0.68125 0.1484375 0.015625 0.01953125
0 0.7078125 0.16015625 0.015625 0.01953125
0 0.7015625 0.119140625 0.015625 0.01953125
0 0.7578125 0.109375 0.015625 0.01953125
0 0.7515625 0.15234375 0.015625 0.01953125
0 0.8078125 0.109375 0.015625 0.01953125
0 0.80625 0.15234375 0.015625 0.01953125
0 0.796875 0.044921875 0.015625 0.01953125
0 0.8578125 0.103515625 0.015625 0.01953125
0 0.8671875 0.048828125 0.015625 0.01953125
0 0.9109375 0.06640625 0.015625 0.01953125
0 0.903125 0.109375 0.015625 0.01953125
0 0.921875 0.017578125 0.015625 0.01953125
0 0.8546875 0.01171875 0.015625 0.01953125
0 0.9875 0.080078125 0.015625 0.01953125
0 0.9625 0.166015625 0.015625 0.01953125
0 0.959375 0.21484375 0.015625 0.01953125
0 0.9109375 0.21875 0.015625 0.01953125
0 0.909375 0.166015625 0.015625 0.01953125
0 0.853125 0.15625 0.015625 0.01953125
0 0.8609375 0.220703125 0.015625 0.01953125
0 0.8234375 0.22265625 0.015625 0.01953125
0 0.8078125 0.189453125 0.015625 0.01953125
0 0.78125 0.185546875 0.015625 0.01953125
0 0.7703125 0.255859375 0.015625 0.01953125
0 0.7421875 0.251953125 0.015625 0.01953125
0 0.728125 0.203125 0.015625 0.01953125
0 0.7234375 0.259765625 0.015625 0.01953125
0 0.6765625 0.20703125 0.015625 0.01953125
0 0.665625 0.25390625 0.015625 0.01953125
0 0.7359375 0.3203125 0.015625 0.01953125
0 0.7609375 0.328125 0.015625 0.01953125
0 0.81875 0.328125 0.015625 0.01953125
0 0.859375 0.267578125 0.015625 0.01953125
0 0.903125 0.279296875 0.015625 0.01953125
0 0.909375 0.328125 0.015625 0.01953125
0 0.9671875 0.341796875 0.015625 0.01953125
0 0.990625 0.32421875 0.015625 0.01953125
0 0.9765625 0.28125 0.015625 0.01953125
0 0.965625 0.388671875 0.015625 0.01953125
0 0.9921875 0.3828125 0.015625 0.01953125
0 0.9953125 0.423828125 0.015625 0.01953125
0 0.9453125 0.419921875 0.015625 0.01953125
0 0.8890625 0.416015625 0.015625 0.01953125
0 0.81875 0.41015625 0.015625 0.01953125
0 0.76875 0.412109375 0.015625 0.01953125
0 0.7296875 0.408203125 0.015625 0.01953125
0 0.69375 0.458984375 0.015625 0.01953125
0 0.84375 0.375 0.015625 0.01953125
0 0.846875 0.34765625 0.015625 0.01953125
0 0.8546875 0.318359375 0.015625 0.01953125
0 0.821875 0.533203125 0.015625 0.01953125
0 0.7359375 0.55859375 0.015625 0.01953125
0 0.74375 0.548828125 0.015625 0.01953125
0 0.8421875 0.54296875 0.015625 0.01953125
0 0.8953125 0.693359375 0.015625 0.01953125
0 0.9421875 0.751953125 0.015625 0.01953125
0 0.9515625 0.8046875 0.015625 0.01953125
0 0.86875 0.796875 0.015625 0.01953125
0 0.8984375 0.7734375 0.015625 0.01953125
0 0.6515625 0.673828125 0.015625 0.01953125
0 0.73125 0.76953125 0.015625 0.01953125
0 0.7484375 0.85546875 0.015625 0.01953125
0 0.8328125 0.908203125 0.015625 0.01953125
0 0.8515625 0.947265625 0.015625 0.01953125
0 0.6671875 0.798828125 0.015625 0.01953125
0 0.7 0.83203125 0.015625 0.01953125
0 0.50625 0.84375 0.015625 0.01953125
0 0.484375 0.849609375 0.015625 0.01953125
0 0.4953125 0.857421875 0.015625 0.01953125
0 0.3875 0.83984375 0.015625 0.01953125
0 0.34375 0.83984375 0.015625 0.01953125
0 0.334375 0.814453125 0.015625 0.01953125
0 0.3078125 0.900390625 0.015625 0.01953125
0 0.2515625 0.908203125 0.015625 0.01953125
0 0.215625 0.90625 0.015625 0.01953125
0 0.0703125 0.931640625 0.015625 0.01953125
0 0.078125 0.9140625 0.015625 0.01953125
0 0.059375 0.978515625 0.015625 0.01953125
0 0.0390625 0.98828125 0.015625 0.01953125
0 0.128125 0.8515625 0.015625 0.01953125
0 0.096875 0.837890625 0.015625 0.01953125
0 0.040625 0.853515625 0.015625 0.01953125
0 0.009375 0.833984375 0.015625 0.01953125
0 0.1546875 0.84765625 0.015625 0.01953125
0 0.1875 0.833984375 0.015625 0.01953125
0 0.1828125 0.80078125 0.015625 0.01953125
0 0.1875 0.76953125 0.015625 0.01953125
0 0.1875 0.71875 0.015625 0.01953125
0 0.1875 0.60546875 0.015625 0.01953125
0 0.1921875 0.560546875 0.015625 0.01953125
0 0.19375 0.509765625 0.015625 0.01953125
0 0.19375 0.443359375 0.015625 0.01953125
0 0.1890625 0.380859375 0.015625 0.01953125
0 0.190625 0.337890625 0.015625 0.01953125
0 0.1921875 0.259765625 0.015625 0.01953125
0 0.19375 0.171875 0.015625 0.01953125
0 0.1984375 0.1015625 0.015625 0.01953125
0 0.203125 0.013671875 0.015625 0.01953125
0 0.1609375 0.01953125 0.015625 0.01953125
0 0.1609375 0.064453125 0.015625 0.01953125
0 0.1578125 0.15234375 0.015625 0.01953125
0 0.1453125 0.193359375 0.015625 0.01953125
0 0.1453125 0.24609375 0.015625 0.01953125
0 0.15 0.3359375 0.015625 0.01953125
0 0.140625 0.37890625 0.015625 0.01953125
0 0.15 0.4140625 0.015625 0.01953125
0 0.1390625 0.51953125 0.015625 0.01953125
0 0.1390625 0.5625 0.015625 0.01953125
0 0.134375 0.625 0.015625 0.01953125
0 0.1390625 0.69140625 0.015625 0.01953125
0 0.1375 0.740234375 0.015625 0.01953125
0 0.1390625 0.78515625 0.015625 0.01953125
0 0.0859375 0.787109375 0.015625 0.01953125
0 0.0875 0.787109375 0.015625 0.01953125
0 0.059375 0.78515625 0.015625 0.01953125
0 0.0 0.77734375 0.015625 0.01953125
0 0.00625 0.734375 0.015625 0.01953125
0 0.0421875 0.7265625 0.015625 0.01953125
0 0.075 0.7265625 0.015625 0.01953125
0 0.0953125 0.666015625 0.015625 0.01953125
0 0.09375 0.623046875 0.015625 0.01953125
0 0.0953125 0.578125 0.015625 0.01953125
0 0.0921875 0.5234375 0.015625 0.01953125
0 0.1015625 0.470703125 0.015625 0.01953125
0 0.0984375 0.4296875 0.015625 0.01953125
0 0.1 0.388671875 0.015625 0.01953125
0 0.1015625 0.306640625 0.015625 0.01953125
0 0.0984375 0.25390625 0.015625 0.01953125
0 0.0375 0.259765625 0.015625 0.01953125
0 0.1078125 0.203125 0.015625 0.01953125
0 0.10625 0.154296875 0.015625 0.01953125
0 0.1125 0.107421875 0.015625 0.01953125
0 0.0390625 0.0625 0.015625 0.01953125
0 0.0203125 0.0078125 0.015625 0.01953125
0 0.071875 0.001953125 0.015625 0.01953125
0 0.128125 0.001953125 0.015625 0.01953125
0 0.3515625 0.642578125 0.015625 0.01953125
0 0.334375 0.626953125 0.015625 0.01953125
0 0.50625 0.642578125 0.015625 0.01953125
0 0.48125 0.572265625 0.015625 0.01953125
0 0.6515625 0.8515625 0.015625 0.01953125
0 0.675 0.859375 0.015625 0.01953125
0 0.9921875 0.21875 0.015625 0.01953125
0 0.9953125 0.267578125 0.015625 0.01953125
