0 0.9796875 0.486328125 0.015625 0.01953125
0 0.990625 0.45703125 0.015625 0.01953125
0 0.96875 0.439453125 0.015625 0.01953125
0 0.9671875 0.392578125 0.015625 0.01953125
0 0.975 0.337890625 0.015625 0.01953125
0 0.96875 0.287109375 0.015625 0.01953125
0 0.96875 0.240234375 0.015625 0.01953125
0 0.975 0.193359375 0.015625 0.01953125
0 0.965625 0.134765625 0.015625 0.01953125
0 0.9734375 0.08984375 0.015625 0.01953125
0 0.9703125 0.03515625 0.015625 0.01953125
0 0.9421875 0.0234375 0.015625 0.01953125
0 0.9265625 0.0859375 0.015625 0.01953125
0 0.93125 0.1328125 0.015625 0.01953125
0 0.928125 0.18359375 0.015625 0.01953125
0 0.928125 0.28515625 0.015625 0.01953125
0 0.9140625 0.3359375 0.015625 0.01953125
0 0.9203125 0.392578125 0.015625 0.01953125
0 0.9296875 0.435546875 0.015625 0.01953125
0 0.884375 0.435546875 0.015625 0.01953125
0 0.8890625 0.38671875 0.015625 0.01953125
0 0.875 0.330078125 0.015625 0.01953125
0 0.8890625 0.29296875 0.015625 0.01953125
0 0.8859375 0.228515625 0.015625 0.01953125
0 0.8890625 0.138671875 0.015625 0.01953125
0 0.8796875 0.080078125 0.015625 0.01953125
0 0.9 0.025390625 0.015625 0.01953125
0 0.85 0.173828125 0.015625 0.01953125
0 0.8484375 0.22265625 0.015625 0.01953125
0 0.8375 0.427734375 0.015625 0.01953125
0 0.7703125 0.4296875 0.015625 0.01953125
0 0.7890625 0.375 0.015625 0.01953125
0 0.7921875 0.333984375 0.015625 0.01953125
0 0.796875 0.28125 0.015625 0.01953125
0 0.8109375 0.251953125 0.015625 0.01953125
0 0.8015625 0.234375 0.015625 0.01953125
0 0.7859375 0.1796875 0.015625 0.01953125
0 0.784375 0.12109375 0.015625 0.01953125
0 0.796875 0.0703125 0.015625 0.01953125
0 0.8109375 0.017578125 0.015625 0.01953125
0 0.74375 0.015625 0.015625 0.01953125
0 0.7609375 0.05859375 0.015625 0.01953125
0 0.74375 0.11328125 0.015625 0.01953125
0 0.7328125 0.171875 0.015625 0.01953125
0 0.74375 0.22265625 0.015625 0.01953125
0 0.753125 0.28125 0.015625 0.01953125
0 0.7375 0.333984375 0.015625 0.01953125
0 0.734375 0.353515625 0.015625 0.01953125
0 0.73125 0.3828125 0.015625 0.01953125
0 0.721875 0.408203125 0.015625 0.01953125
0 0.7109375 0.423828125 0.015625 0.01953125
0 0.653125 0.421875 0.015625 0.01953125
0 0.6078125 0.421875 0.015625 0.01953125
0 0.6078125 0.36328125 0.015625 0.01953125
0 0.6703125 0.369140625 0.015625 0.01953125
0 0.7 0.328125 0.015625 0.01953125
0 0.646875 0.32421875 0.015625 0.01953125
0 0.615625 0.32421875 0.015625 0.01953125
0 0.7 0.27734375 0.015625 0.01953125
0 0.703125 0.234375 0.015625 0.01953125
0 0.6921875 0.201171875 0.015625 0.01953125
0 0.690625 0.1640625 0.015625 0.01953125
0 0.6921875 0.119140625 0.015625 0.01953125
0 0.6890625 0.056640625 0.015625 0.01953125
0 0.6453125 0.11328125 0.015625 0.01953125
0 0.640625 0.16015625 0.015625 0.01953125
0 0.6625 0.197265625 0.015625 0.01953125
0 0.6140625 0.212890625 0.015625 0.01953125
0 0.621875 0.259765625 0.015625 0.01953125
0 0.646875 0.267578125 0.015625 0.01953125
0 0.646875 0.232421875 0.015625 0.01953125
0 0.603125 0.271484375 0.015625 0.01953125
0 0.5640625 0.271484375 0.015625 0.01953125
0 0.5546875 0.21484375 0.015625 0.01953125
0 0.584375 0.193359375 0.015625 0.01953125
0 0.565625 0.1640625 0.015625 0.01953125
0 0.5859375 0.1328125 0.015625 0.01953125
0 0.5828125 0.1171875 0.015625 0.01953125
0 0.5390625 0.083984375 0.015625 0.01953125
0 0.5078125 0.115234375 0.015625 0.01953125
0 0.5703125 0.45703125 0.015625 0.01953125
0 0.56875 0.56640625 0.015625 0.01953125
0 0.575 0.55859375 0.015625 0.01953125
0 0.671875 0.556640625 0.015625 0.01953125
0 0.9015625 0.638671875 0.015625 0.01953125
0 0.78125 0.70703125 0.015625 0.01953125
0 0.7859375 0.724609375 0.015625 0.01953125
0 0.8359375 0.76953125 0.015625 0.01953125
0 0.8515625 0.8203125 0.015625 0.01953125
0 0.9484375 0.849609375 0.015625 0.01953125
0 0.965625 0.791015625 0.015625 0.01953125
0 0.984375 0.77734375 0.015625 0.01953125
0 0.75625 0.80859375 0.015625 0.01953125
0 0.753125 0.79296875 0.015625 0.01953125
0 0.7265625 0.837890625 0.015625 0.01953125
0 0.628125 0.87109375 0.015625 0.01953125
0 0.6796875 0.705078125 0.015625 0.01953125
0 0.6109375 0.712890625 0.015625 0.01953125
0 0.5375 0.654296875 0.015625 0.01953125
0 0.3984375 0.666015625 0.015625 0.01953125
0 0.740625 0.9609375 0.015625 0.01953125
0 0.5765625 0.8359375 0.015625 0.01953125
0 0.5484375 0.8203125 0.015625 0.01953125
0 0.5125 0.861328125 0.015625 0.01953125
0 0.5359375 0.857421875 0.015625 0.01953125
0 0.5484375 0.8671875 0.015625 0.01953125
0 0.4 0.841796875 0.015625 0.01953125
0 0.3859375 0.861328125 0.015625 0.01953125
0 0.3765625 0.873046875 0.015625 0.01953125
0 0.36875 0.861328125 0.015625 0.01953125
0 0.2703125 0.859375 0.015625 0.01953125
0 0.2703125 0.859375 0.015625 0.01953125
0 0.215625 0.83203125 0.015625 0.01953125
0 0.1875 0.8671875 0.015625 0.01953125
0 0.1953125 0.9140625 0.015625 0.01953125
0 0.1671875 0.935546875 0.015625 0.01953125
0 0.1140625 0.923828125 0.015625 0.01953125
0 0.2234375 0.638671875 0.015625 0.01953125
0 0.2046875 0.60546875 0.015625 0.01953125
0 0.3203125 0.4765625 0.015625 0.01953125
0 0.1875 0.44921875 0.015625 0.01953125
0 0.3078125 0.201171875 0.015625 0.01953125
0 0.34375 0.185546875 0.015625 0.01953125
0 0.1453125 0.09375 0.015625 0.01953125
0 0.1578125 0.06640625 0.015625 0.01953125
0 0.0890625 0.025390625 0.015625 0.01953125
0 0.0859375 0.109375 0.015625 0.01953125
0 0.0875 0.185546875 0.015625 0.01953125
0 0.078125 0.341796875 0.015625 0.01953125
0 0.078125 0.384765625 0.015625 0.01953125
0 0.075 0.431640625 0.015625 0.01953125
0 0.075 0.498046875 0.015625 0.01953125
0 0.0734375 0.57421875 0.015625 0.01953125
0 0.0703125 0.71484375 0.015625 0.01953125
0 0.0734375 0.810546875 0.015625 0.01953125
0 0.0765625 0.78125 0.015625 0.01953125
0 0.071875 0.845703125 0.015625 0.01953125
0 0.021875 0.8515625 0.015625 0.01953125
0 0.0234375 0.783203125 0.015625 0.01953125
0 0.025 0.7578125 0.015625 0.01953125
0 0.021875 0.6953125 0.015625 0.01953125
0 0.028125 0.638671875 0.015625 0.01953125
0 0.0234375 0.57421875 0.015625 0.01953125
0 0.0375 0.42578125 0.015625 0.01953125
0 0.03125 0.380859375 0.015625 0.01953125
0 0.0328125 0.34765625 0.015625 0.01953125
0 0.0390625 0.259765625 0.015625 0.01953125
0 0.0375 0.212890625 0.015625 0.01953125
0 0.0421875 0.171875 0.015625 0.01953125
0 0.0421875 0.0859375 0.015625 0.01953125
0 0.046875 0.02734375 0.015625 0.01953125
0 0.134375 0.005859375 0.015625 0.01953125
0 0.1703125 0.005859375 0.015625 0.01953125
0 0.009375 0.005859375 0.015625 0.01953125
0 0.003125 0.115234375 0.015625 0.01953125
0 0.0078125 0.173828125 0.015625 0.01953125
0 0.003125 0.384765625 0.015625 0.01953125
0 0.003125 0.4375 0.015625 0.01953125
0 0.0734375 0.611328125 0.015625 0.01953125
0 0.0421875 0.85546875 0.015625 0.01953125
0 0.021875 0.5234375 0.015625 0.01953125
0 0.3703125 0.271484375 0.015625 0.01953125
0 0.475 0.337890625 0.015625 0.01953125
0 0.4203125 0.35546875 0.015625 0.01953125
0 0.253125 0.8671875 0.015625 0.01953125
0 0.0796875 0.267578125 0.015625 0.01953125
0 0.9640625 0.76953125 0.015625 0.01953125
