0 0.0046875 0.0234375 0.015625 0.01953125
0 0.0046875 0.06640625 0.015625 0.01953125
0 0.0046875 0.154296875 0.015625 0.01953125
0 0.0375 0.169921875 0.015625 0.01953125
0 0.096875 0.078125 0.015625 0.01953125
0 0.1078125 0.056640625 0.015625 0.01953125
0 0.1 0.041015625 0.015625 0.01953125
0 0.0421875 0.009765625 0.015625 0.01953125
0 0.0296875 0.328125 0.015625 0.01953125
0 0.0328125 0.369140625 0.015625 0.01953125
0 0.0265625 0.408203125 0.015625 0.01953125
0 0.028125 0.470703125 0.015625 0.01953125
0 0.03125 0.55078125 0.015625 0.01953125
0 0.0265625 0.591796875 0.015625 0.01953125
0 0.025 0.697265625 0.015625 0.01953125
0 0.028125 0.76171875 0.015625 0.01953125
0 0.0234375 0.791015625 0.015625 0.01953125
0 0.025 0.8203125 0.015625 0.01953125
0 0.03125 0.236328125 0.015625 0.01953125
0 0.0375 0.083984375 0.015625 0.01953125
0 0.275 0.03125 0.015625 0.01953125
0 0.2671875 0.177734375 0.015625 0.01953125
0 0.2921875 0.166015625 0.015625 0.01953125
0 0.134375 0.43359375 0.015625 0.01953125
0 0.2734375 0.458984375 0.015625 0.01953125
0 0.3390625 0.3046875 0.015625 0.01953125
0 0.434375 0.341796875 0.015625 0.01953125
0 0.15625 0.576171875 0.015625 0.01953125
0 0.1734375 0.611328125 0.015625 0.01953125
0 0.3140625 0.556640625 0.015625 0.01953125
0 0.509375 0.451171875 0.015625 0.01953125
0 0.5078125 0.537109375 0.015625 0.01953125
0 0.471875 0.626953125 0.015625 0.01953125
0 0.3390625 0.646484375 0.015625 0.01953125
0 0.1609375 0.806640625 0.015625 0.01953125
0 0.2203125 0.830078125 0.015625 0.01953125
0 0.2078125 0.85546875 0.015625 0.01953125
0 0.146875 0.8828125 0.015625 0.01953125
0 0.1265625 0.849609375 0.015625 0.01953125
0 0.1328125 0.9140625 0.015625 0.01953125
0 0.0921875 0.912109375 0.015625 0.01953125
0 0.3171875 0.83984375 0.015625 0.01953125
0 0.3390625 0.845703125 0.015625 0.01953125
0 0.359375 0.818359375 0.015625 0.01953125
0 0.3546875 0.341796875 0.015625 0.01953125
0 0.4484375 0.638671875 0.015625 0.01953125
0 0.5578125 0.671875 0.015625 0.01953125
0 0.603125 0.533203125 0.015625 0.01953125
0 0.4953125 0.796875 0.015625 0.01953125
0 0.490625 0.833984375 0.015625 0.01953125
0 0.5046875 0.84375 0.015625 0.01953125
0 0.5265625 0.822265625 0.015625 0.01953125
0 0.5859375 0.8515625 0.015625 0.01953125
0 0.690625 0.93359375 0.015625 0.01953125
0 0.678125 0.787109375 0.015625 0.01953125
0 0.70625 0.7890625 0.015625 0.01953125
0 0.70625 0.76953125 0.015625 0.01953125
0 0.7328125 0.697265625 0.015625 0.01953125
0 0.7484375 0.681640625 0.015625 0.01953125
0 0.7859375 0.751953125 0.015625 0.01953125
0 0.8015625 0.794921875 0.015625 0.01953125
0 0.896875 0.830078125 0.015625 0.01953125
0 0.928125 0.765625 0.015625 0.01953125
0 0.9453125 0.75390625 0.015625 0.01953125
0 0.853125 0.615234375 0.015625 0.01953125
0 0.9671875 0.474609375 0.015625 0.01953125
0 0.934375 0.470703125 0.015625 0.01953125
0 0.9625 0.4296875 0.015625 0.01953125
0 0.959375 0.376953125 0.015625 0.01953125
0 0.9609375 0.33203125 0.015625 0.01953125
0 0.9625 0.279296875 0.015625 0.01953125
0 0.965625 0.2265625 0.015625 0.01953125
0 0.9671875 0.177734375 0.015625 0.01953125
0 0.9625 0.130859375 0.015625 0.01953125
0 0.9640625 0.072265625 0.015625 0.01953125
0 0.96875 0.015625 0.015625 0.01953125
0 0.9953125 0.080078125 0.015625 0.01953125
0 0.9984375 0.140625 0.015625 0.01953125
0 0.9984375 0.287109375 0.015625 0.01953125
0 0.9203125 0.42578125 0.015625 0.01953125
0 0.91875 0.375 0.015625 0.01953125
0 0.9265625 0.3203125 0.015625 0.01953125
0 0.9203125 0.275390625 0.015625 0.01953125
0 0.9265625 0.22265625 0.015625 0.01953125
0 0.9265625 0.173828125 0.015625 0.01953125
0 0.9203125 0.12109375 0.015625 0.01953125
0 0.925 0.07421875 0.015625 0.01953125
0 0.9203125 0.017578125 0.015625 0.01953125
0 0.8953125 0.017578125 0.015625 0.01953125
0 0.88125 0.072265625 0.015625 0.01953125
0 0.8828125 0.115234375 0.015625 0.01953125
0 0.8828125 0.166015625 0.015625 0.01953125
0 0.878125 0.267578125 0.015625 0.01953125
0 0.8671875 0.3125 0.015625 0.01953125
0 0.871875 0.373046875 0.015625 0.01953125
0 0.8828125 0.421875 0.015625 0.01953125
0 0.8328125 0.41796875 0.015625 0.01953125
0 0.8359375 0.37109375 0.015625 0.01953125
0 0.825 0.3203125 0.015625 0.01953125
0 0.840625 0.271484375 0.015625 0.01953125
0 0.8421875 0.20703125 0.015625 0.01953125
0 0.8359375 0.123046875 0.015625 0.01953125
0 0.8296875 0.0625 0.015625 0.01953125
0 0.8484375 0.009765625 0.015625 0.01953125
0 0.759375 0.0078125 0.015625 0.01953125
0 0.746875 0.056640625 0.015625 0.01953125
0 0.796875 0.16015625 0.015625 0.01953125
0 0.79375 0.208984375 0.015625 0.01953125
0 0.7875 0.412109375 0.015625 0.01953125
0 0.8046875 0.37890625 0.015625 0.01953125
0 0.74375 0.4296875 0.015625 0.01953125
0 0.721875 0.41015625 0.015625 0.01953125
0 0.7390625 0.36328125 0.015625 0.01953125
0 0.7375 0.31640625 0.015625 0.01953125
0 0.740625 0.26953125 0.015625 0.01953125
0 0.765625 0.240234375 0.015625 0.01953125
0 0.74375 0.21484375 0.015625 0.01953125
0 0.7359375 0.162109375 0.015625 0.01953125
0 0.6953125 0.099609375 0.015625 0.01953125
0 0.7046875 0.044921875 0.015625 0.01953125
0 0.640625 0.0390625 0.015625 0.01953125
0 0.640625 0.1015625 0.015625 0.01953125
0 0.590625 0.099609375 0.015625 0.01953125
0 0.5875 0.134765625 0.015625 0.01953125
0 0.5328125 0.0859375 0.015625 0.01953125
0 0.5390625 0.1171875 0.015625 0.01953125
0 0.5125 0.146484375 0.015625 0.01953125
0 0.4546875 0.091796875 0.015625 0.01953125
0 0.4921875 0.05859375 0.015625 0.01953125
0 0.528125 0.18359375 0.015625 0.01953125
0 0.5140625 0.1953125 0.015625 0.01953125
0 0.559375 0.189453125 0.015625 0.01953125
0 0.609375 0.171875 0.015625 0.01953125
0 0.6484375 0.181640625 0.015625 0.01953125
0 0.653125 0.208984375 0.015625 0.01953125
0 0.6953125 0.203125 0.015625 0.01953125
0 0.684375 0.146484375 0.015625 0.01953125
0 0.6390625 0.146484375 0.015625 0.01953125
0 0.734375 0.091796875 0.015625 0.01953125
0 0.6953125 0.26171875 0.015625 0.01953125
0 0.6546875 0.259765625 0.015625 0.01953125
0 0.6484375 0.314453125 0.015625 0.01953125
0 0.684375 0.333984375 0.015625 0.01953125
0 0.6859375 0.3046875 0.015625 0.01953125
0 0.5984375 0.30859375 0.015625 0.01953125
0 0.596875 0.248046875 0.015625 0.01953125
0 0.575 0.240234375 0.015625 0.01953125
0 0.5578125 0.248046875 0.015625 0.01953125
0 0.5078125 0.25390625 0.015625 0.01953125
0 0.59375 0.212890625 0.015625 0.01953125
0 0.565625 0.3046875 0.015625 0.01953125
0 0.5578125 0.34375 0.015625 0.01953125
0 0.5578125 0.396484375 0.015625 0.01953125
0 0.5734375 0.39453125 0.015625 0.01953125
0 0.6046875 0.408203125 0.015625 0.01953125
0 0.61875 0.349609375 0.015625 0.01953125
0 0.6609375 0.404296875 0.015625 0.01953125
0 0.6734375 0.3828125 0.015625 0.01953125
0 0.678125 0.361328125 0.015625 0.01953125
0 0.6328125 0.681640625 0.015625 0.01953125
0 0.91875 0.75 0.015625 0.01953125
0 0.6953125 0.001953125 0.015625 0.01953125
