0 0.11875 0.85546875 0.015625 0.01953125
0 0.153125 0.88671875 0.015625 0.01953125
0 0.15625 0.919921875 0.015625 0.01953125
0 0.121875 0.92578125 0.015625 0.01953125
0 0.1671875 0.8125 0.015625 0.01953125
0 0.221875 0.833984375 0.015625 0.01953125
0 0.2328125 0.873046875 0.015625 0.01953125
0 0.375 0.818359375 0.015625 0.01953125
0 0.3234375 0.84765625 0.015625 0.01953125
0 0.3390625 0.84765625 0.015625 0.01953125
0 0.334375 0.640625 0.015625 0.01953125
0 0.31875 0.5546875 0.015625 0.01953125
0 0.171875 0.59375 0.015625 0.01953125
0 0.1625 0.56640625 0.015625 0.01953125
0 0.275 0.458984375 0.015625 0.01953125
0 0.1359375 0.43359375 0.015625 0.01953125
0 0.3546875 0.330078125 0.015625 0.01953125
0 0.275 0.173828125 0.015625 0.01953125
0 0.3015625 0.1640625 0.015625 0.01953125
0 0.2609375 0.02734375 0.015625 0.01953125
0 0.1125 0.048828125 0.015625 0.01953125
0 0.10625 0.068359375 0.015625 0.01953125
0 0.096875 0.0390625 0.015625 0.01953125
0 0.4859375 0.62890625 0.015625 0.01953125
0 0.55625 0.642578125 0.015625 0.01953125
0 0.5 0.806640625 0.015625 0.01953125
0 0.53125 0.826171875 0.015625 0.01953125
0 0.5015625 0.83984375 0.015625 0.01953125
0 0.4765625 0.84375 0.015625 0.01953125
0 0.584375 0.853515625 0.015625 0.01953125
0 0.6921875 0.93359375 0.015625 0.01953125
0 0.7140625 0.796875 0.015625 0.01953125
0 0.7171875 0.779296875 0.015625 0.01953125
0 0.6984375 0.765625 0.015625 0.01953125
0 0.75625 0.7109375 0.015625 0.01953125
0 0.75625 0.673828125 0.015625 0.01953125
0 0.6359375 0.68359375 0.015625 0.01953125
0 0.79375 0.759765625 0.015625 0.01953125
0 0.8078125 0.798828125 0.015625 0.01953125
0 0.90625 0.833984375 0.015625 0.01953125
0 0.934375 0.7734375 0.015625 0.01953125
0 0.9234375 0.763671875 0.015625 0.01953125
0 0.94375 0.75390625 0.015625 0.01953125
0 0.8609375 0.615234375 0.015625 0.01953125
0 0.6609375 0.52734375 0.015625 0.01953125
0 0.5921875 0.533203125 0.015625 0.01953125
0 0.503125 0.53125 0.015625 0.01953125
0 0.490625 0.5234375 0.015625 0.01953125
0 0.53125 0.443359375 0.015625 0.01953125
0 0.415625 0.625 0.015625 0.01953125
0 0.025 0.8203125 0.015625 0.01953125
0 0.0265625 0.78515625 0.015625 0.01953125
0 0.03125 0.76171875 0.015625 0.01953125
0 0.03125 0.69140625 0.015625 0.01953125
0 0.03125 0.587890625 0.015625 0.01953125
0 0.0296875 0.537109375 0.015625 0.01953125
0 0.03125 0.470703125 0.015625 0.01953125
0 0.03125 0.40234375 0.015625 0.01953125
0 0.0375 0.361328125 0.015625 0.01953125
0 0.03125 0.322265625 0.015625 0.01953125
0 0.0359375 0.166015625 0.015625 0.01953125
0 0.0046875 0.15234375 0.015625 0.01953125
0 0.00625 0.060546875 0.015625 0.01953125
0 0.040625 0.0859375 0.015625 0.01953125
0 0.0453125 0.00390625 0.015625 0.01953125
0 0.0078125 0.005859375 0.015625 0.01953125
0 0.459375 0.091796875 0.015625 0.01953125
0 0.490625 0.0546875 0.015625 0.01953125
0 0.540625 0.0859375 0.015625 0.01953125
0 0.5171875 0.140625 0.015625 0.01953125
0 0.521875 0.19921875 0.015625 0.01953125
0 0.528125 0.17578125 0.015625 0.01953125
0 0.515625 0.248046875 0.015625 0.01953125
0 0.521875 0.287109375 0.015625 0.01953125
0 0.5390625 0.275390625 0.015625 0.01953125
0 0.4625 0.361328125 0.015625 0.01953125
0 0.559375 0.396484375 0.015625 0.01953125
0 0.5640625 0.345703125 0.015625 0.01953125
0 0.5671875 0.30859375 0.015625 0.01953125
0 0.565625 0.251953125 0.015625 0.01953125
0 0.5828125 0.236328125 0.015625 0.01953125
0 0.5625 0.193359375 0.015625 0.01953125
0 0.5875 0.140625 0.015625 0.01953125
0 0.6 0.08984375 0.015625 0.01953125
0 0.64375 0.0390625 0.015625 0.01953125
0 0.646875 0.09375 0.015625 0.01953125
0 0.6484375 0.140625 0.015625 0.01953125
0 0.6515625 0.18359375 0.015625 0.01953125
0 0.6140625 0.1796875 0.015625 0.01953125
0 0.6 0.21484375 0.015625 0.01953125
0 0.6046875 0.248046875 0.015625 0.01953125
0 0.6015625 0.314453125 0.015625 0.01953125
0 0.625 0.353515625 0.015625 0.01953125
0 0.6109375 0.404296875 0.015625 0.01953125
0 0.5765625 0.396484375 0.015625 0.01953125
0 0.6609375 0.404296875 0.015625 0.01953125
0 0.675 0.38671875 0.015625 0.01953125
0 0.6828125 0.361328125 0.015625 0.01953125
0 0.684375 0.333984375 0.015625 0.01953125
0 0.653125 0.302734375 0.015625 0.01953125
0 0.690625 0.30859375 0.015625 0.01953125
0 0.7 0.263671875 0.015625 0.01953125
0 0.653125 0.25390625 0.015625 0.01953125
0 0.659375 0.208984375 0.015625 0.01953125
0 0.6953125 0.201171875 0.015625 0.01953125
0 0.6890625 0.150390625 0.015625 0.01953125
0 0.703125 0.09375 0.015625 0.01953125
0 0.70625 0.0390625 0.015625 0.01953125
0 0.7453125 0.056640625 0.015625 0.01953125
0 0.740625 0.103515625 0.015625 0.01953125
0 0.746875 0.146484375 0.015625 0.01953125
0 0.7484375 0.212890625 0.015625 0.01953125
0 0.7484375 0.267578125 0.015625 0.01953125
0 0.7671875 0.236328125 0.015625 0.01953125
0 0.740625 0.31640625 0.015625 0.01953125
0 0.7390625 0.361328125 0.015625 0.01953125
0 0.728125 0.41015625 0.015625 0.01953125
0 0.74375 0.4296875 0.015625 0.01953125
0 0.790625 0.41015625 0.015625 0.01953125
0 0.834375 0.419921875 0.015625 0.01953125
0 0.8796875 0.427734375 0.015625 0.01953125
0 0.921875 0.42578125 0.015625 0.01953125
0 0.9671875 0.4296875 0.015625 0.01953125
0 0.946875 0.443359375 0.015625 0.01953125
0 0.971875 0.470703125 0.015625 0.01953125
0 0.9640625 0.380859375 0.015625 0.01953125
0 0.9203125 0.369140625 0.015625 0.01953125
0 0.871875 0.369140625 0.015625 0.01953125
0 0.834375 0.380859375 0.015625 0.01953125
0 0.83125 0.3125 0.015625 0.01953125
0 0.8671875 0.31640625 0.015625 0.01953125
0 0.934375 0.328125 0.015625 0.01953125
0 0.9640625 0.330078125 0.015625 0.01953125
0 0.9640625 0.275390625 0.015625 0.01953125
0 0.9203125 0.271484375 0.015625 0.01953125
0 0.875 0.271484375 0.015625 0.01953125
0 0.840625 0.267578125 0.015625 0.01953125
0 0.79375 0.2109375 0.015625 0.01953125
0 0.834375 0.20703125 0.015625 0.01953125
0 0.796875 0.16015625 0.015625 0.01953125
0 0.8375 0.125 0.015625 0.01953125
0 0.8359375 0.0625 0.015625 0.01953125
0 0.8796875 0.06640625 0.015625 0.01953125
0 0.88125 0.1171875 0.015625 0.01953125
0 0.8828125 0.166015625 0.015625 0.01953125
0 0.9296875 0.17578125 0.015625 0.01953125
0 0.925 0.220703125 0.015625 0.01953125
0 0.9640625 0.224609375 0.015625 0.01953125
0 0.9734375 0.173828125 0.015625 0.01953125
0 0.959375 0.130859375 0.015625 0.01953125
0 0.9265625 0.123046875 0.015625 0.01953125
0 0.9234375 0.07421875 0.015625 0.01953125
0 0.9609375 0.0703125 0.015625 0.01953125
0 0.9734375 0.01171875 0.015625 0.01953125
0 0.925 0.009765625 0.015625 0.01953125
0 0.890625 0.009765625 0.015625 0.01953125
0 0.8515625 0.005859375 0.015625 0.01953125
0 0.7640625 0.00390625 0.015625 0.01953125
0 0.6953125 0.00390625 0.015625 0.01953125
0 0.5421875 0.11328125 0.015625 0.01953125
0 0.034375 0.220703125 0.015625 0.01953125
0 0.0046875 0.1875 0.015625 0.01953125
0 0.9984375 0.3828125 0.015625 0.01953125
0 0.9984375 0.3359375 0.015625 0.01953125
0 1.0 0.291015625 0.015625 0.01953125
0 0.996875 0.232421875 0.015625 0.01953125
0 0.996875 0.185546875 0.015625 0.01953125
0 0.9921875 0.138671875 0.015625 0.01953125
0 0.9984375 0.0859375 0.015625 0.01953125
