0 0.9796875 0.015625 0.015625 0.01953125
0 0.9734375 0.07421875 0.015625 0.01953125
0 0.971875 0.126953125 0.015625 0.01953125
0 0.975 0.1796875 0.015625 0.01953125
0 0.9765625 0.2265625 0.015625 0.01953125
0 0.975 0.27734375 0.015625 0.01953125
0 0.975 0.337890625 0.015625 0.01953125
0 0.9671875 0.380859375 0.015625 0.01953125
0 0.9640625 0.431640625 0.015625 0.01953125
0 0.953125 0.443359375 0.015625 0.01953125
0 0.9796875 0.474609375 0.015625 0.01953125
0 0.928125 0.419921875 0.015625 0.01953125
0 0.9234375 0.369140625 0.015625 0.01953125
0 0.9359375 0.3203125 0.015625 0.01953125
0 0.9296875 0.26953125 0.015625 0.01953125
0 0.9328125 0.224609375 0.015625 0.01953125
0 0.93125 0.119140625 0.015625 0.01953125
0 0.9328125 0.064453125 0.015625 0.01953125
0 0.9328125 0.01171875 0.015625 0.01953125
0 0.89375 0.005859375 0.015625 0.01953125
0 0.8890625 0.064453125 0.015625 0.01953125
0 0.890625 0.1171875 0.015625 0.01953125
0 0.89375 0.1640625 0.015625 0.01953125
0 0.8890625 0.267578125 0.015625 0.01953125
0 0.8765625 0.31640625 0.015625 0.01953125
0 0.884375 0.369140625 0.015625 0.01953125
0 0.8875 0.419921875 0.015625 0.01953125
0 0.8453125 0.416015625 0.015625 0.01953125
0 0.8453125 0.369140625 0.015625 0.01953125
0 0.83125 0.306640625 0.015625 0.01953125
0 0.85 0.265625 0.015625 0.01953125
0 0.846875 0.20703125 0.015625 0.01953125
0 0.84375 0.12109375 0.015625 0.01953125
0 0.8375 0.064453125 0.015625 0.01953125
0 0.8578125 0.009765625 0.015625 0.01953125
0 0.75 0.05078125 0.015625 0.01953125
0 0.753125 0.1015625 0.015625 0.01953125
0 0.753125 0.16015625 0.015625 0.01953125
0 0.80625 0.162109375 0.015625 0.01953125
0 0.8015625 0.20703125 0.015625 0.01953125
0 0.753125 0.21484375 0.015625 0.01953125
0 0.7796875 0.23828125 0.015625 0.01953125
0 0.75 0.263671875 0.015625 0.01953125
0 0.740625 0.31640625 0.015625 0.01953125
0 0.746875 0.357421875 0.015625 0.01953125
0 0.73125 0.416015625 0.015625 0.01953125
0 0.790625 0.416015625 0.015625 0.01953125
0 0.6703125 0.40234375 0.015625 0.01953125
0 0.678125 0.380859375 0.015625 0.01953125
0 0.6890625 0.361328125 0.015625 0.01953125
0 0.690625 0.33203125 0.015625 0.01953125
0 0.69375 0.3125 0.015625 0.01953125
0 0.7015625 0.267578125 0.015625 0.01953125
0 0.6984375 0.19921875 0.015625 0.01953125
0 0.690625 0.15234375 0.015625 0.01953125
0 0.70625 0.095703125 0.015625 0.01953125
0 0.7109375 0.041015625 0.015625 0.01953125
0 0.65 0.033203125 0.015625 0.01953125
0 0.65 0.099609375 0.015625 0.01953125
0 0.6484375 0.146484375 0.015625 0.01953125
0 0.6484375 0.185546875 0.015625 0.01953125
0 0.6609375 0.208984375 0.015625 0.01953125
0 0.6703125 0.259765625 0.015625 0.01953125
0 0.6703125 0.259765625 0.015625 0.01953125
0 0.6546875 0.2578125 0.015625 0.01953125
0 0.659375 0.310546875 0.015625 0.01953125
0 0.628125 0.3515625 0.015625 0.01953125
0 0.6109375 0.400390625 0.015625 0.01953125
0 0.56875 0.3984375 0.015625 0.01953125
0 0.575 0.306640625 0.015625 0.01953125
0 0.5640625 0.25 0.015625 0.01953125
0 0.5859375 0.23828125 0.015625 0.01953125
0 0.6046875 0.25390625 0.015625 0.01953125
0 0.6078125 0.306640625 0.015625 0.01953125
0 0.571875 0.197265625 0.015625 0.01953125
0 0.6234375 0.173828125 0.015625 0.01953125
0 0.596875 0.138671875 0.015625 0.01953125
0 0.6015625 0.09375 0.015625 0.01953125
0 0.5375 0.091796875 0.015625 0.01953125
0 0.5234375 0.138671875 0.015625 0.01953125
0 0.5203125 0.154296875 0.015625 0.01953125
0 0.4640625 0.091796875 0.015625 0.01953125
0 0.5109375 0.380859375 0.015625 0.01953125
0 0.5203125 0.443359375 0.015625 0.01953125
0 0.5515625 0.537109375 0.015625 0.01953125
0 0.55625 0.576171875 0.015625 0.01953125
0 0.7515625 0.619140625 0.015625 0.01953125
0 0.8609375 0.62109375 0.015625 0.01953125
0 0.490625 0.509765625 0.015625 0.01953125
0 0.4640625 0.51953125 0.015625 0.01953125
0 0.5140625 0.650390625 0.015625 0.01953125
0 0.746875 0.720703125 0.015625 0.01953125
0 0.79375 0.755859375 0.015625 0.01953125
0 0.8125 0.736328125 0.015625 0.01953125
0 0.8375 0.7890625 0.015625 0.01953125
0 0.93125 0.818359375 0.015625 0.01953125
0 0.921875 0.779296875 0.015625 0.01953125
0 0.971875 0.79296875 0.015625 0.01953125
0 0.9578125 0.72265625 0.015625 0.01953125
0 0.715625 0.771484375 0.015625 0.01953125
0 0.7171875 0.810546875 0.015625 0.01953125
0 0.7015625 0.943359375 0.015625 0.01953125
0 0.590625 0.853515625 0.015625 0.01953125
0 0.51875 0.869140625 0.015625 0.01953125
0 0.528125 0.865234375 0.015625 0.01953125
0 0.478125 0.84375 0.015625 0.01953125
0 0.534375 0.8125 0.015625 0.01953125
0 0.39375 0.837890625 0.015625 0.01953125
0 0.328125 0.84375 0.015625 0.01953125
0 0.225 0.833984375 0.015625 0.01953125
0 0.1671875 0.8125 0.015625 0.01953125
0 0.1578125 0.884765625 0.015625 0.01953125
0 0.1796875 0.9140625 0.015625 0.01953125
0 0.0890625 0.857421875 0.015625 0.01953125
0 0.0796875 0.873046875 0.015625 0.01953125
0 0.3265625 0.62109375 0.015625 0.01953125
0 0.16875 0.576171875 0.015625 0.01953125
0 0.3609375 0.33984375 0.015625 0.01953125
0 0.29375 0.162109375 0.015625 0.01953125
0 0.2734375 0.15625 0.015625 0.01953125
0 0.2734375 0.177734375 0.015625 0.01953125
0 0.21875 0.04296875 0.015625 0.01953125
0 0.1140625 0.044921875 0.015625 0.01953125
0 0.1 0.0703125 0.015625 0.01953125
0 0.103125 0.03125 0.015625 0.01953125
0 0.0421875 0.005859375 0.015625 0.01953125
0 0.0453125 0.162109375 0.015625 0.01953125
0 0.1375 0.43359375 0.015625 0.01953125
0 0.2796875 0.46484375 0.015625 0.01953125
0 0.1671875 0.546875 0.015625 0.01953125
0 0.9328125 0.4765625 0.015625 0.01953125
0 0.953125 0.46875 0.015625 0.01953125
0 0.5234375 0.19921875 0.015625 0.01953125
0 0.5234375 0.255859375 0.015625 0.01953125
0 0.490625 0.060546875 0.015625 0.01953125
0 0.5453125 0.111328125 0.015625 0.01953125
0 0.4921875 0.833984375 0.015625 0.01953125
0 0.490625 0.8203125 0.015625 0.01953125
0 0.334375 0.853515625 0.015625 0.01953125
0 0.346875 0.845703125 0.015625 0.01953125
0 0.26875 0.89453125 0.015625 0.01953125
0 0.0328125 0.818359375 0.015625 0.01953125
0 0.03125 0.79296875 0.015625 0.01953125
0 0.034375 0.76953125 0.015625 0.01953125
0 0.034375 0.533203125 0.015625 0.01953125
0 0.03125 0.57421875 0.015625 0.01953125
0 0.034375 0.470703125 0.015625 0.01953125
0 0.0375 0.36328125 0.015625 0.01953125
0 0.0328125 0.40625 0.015625 0.01953125
0 0.0359375 0.318359375 0.015625 0.01953125
0 0.046875 0.080078125 0.015625 0.01953125
0 0.003125 0.060546875 0.015625 0.01953125
0 0.009375 0.001953125 0.015625 0.01953125
0 0.00625 0.150390625 0.015625 0.01953125
0 0.0015625 0.1953125 0.015625 0.01953125
0 0.7734375 0.005859375 0.015625 0.01953125
