0 0.5234375 0.1953125 0.015625 0.01953125
0 0.3671875 0.318359375 0.015625 0.01953125
0 0.278125 0.173828125 0.015625 0.01953125
0 0.2765625 0.154296875 0.015625 0.01953125
0 0.190625 0.04296875 0.015625 0.01953125
0 0.103125 0.0703125 0.015625 0.01953125
0 0.1125 0.044921875 0.015625 0.01953125
0 0.2796875 0.4609375 0.015625 0.01953125
0 0.1453125 0.427734375 0.015625 0.01953125
0 0.1671875 0.537109375 0.015625 0.01953125
0 0.175 0.556640625 0.015625 0.01953125
0 0.3234375 0.560546875 0.015625 0.01953125
0 0.334375 0.62109375 0.015625 0.01953125
0 0.4453125 0.51953125 0.015625 0.01953125
0 0.4859375 0.501953125 0.015625 0.01953125
0 0.525 0.529296875 0.015625 0.01953125
0 0.5578125 0.53515625 0.015625 0.01953125
0 0.51875 0.650390625 0.015625 0.01953125
0 0.521875 0.451171875 0.015625 0.01953125
0 0.75625 0.587890625 0.015625 0.01953125
0 0.8640625 0.615234375 0.015625 0.01953125
0 0.784375 0.693359375 0.015625 0.01953125
0 0.7125 0.7578125 0.015625 0.01953125
0 0.7125 0.802734375 0.015625 0.01953125
0 0.821875 0.765625 0.015625 0.01953125
0 0.8578125 0.755859375 0.015625 0.01953125
0 0.865625 0.796875 0.015625 0.01953125
0 0.91875 0.7734375 0.015625 0.01953125
0 0.940625 0.80859375 0.015625 0.01953125
0 0.9703125 0.75390625 0.015625 0.01953125
0 0.98125 0.77734375 0.015625 0.01953125
0 0.703125 0.935546875 0.015625 0.01953125
0 0.5953125 0.8515625 0.015625 0.01953125
0 0.5375 0.810546875 0.015625 0.01953125
0 0.5328125 0.888671875 0.015625 0.01953125
0 0.490625 0.845703125 0.015625 0.01953125
0 0.4015625 0.837890625 0.015625 0.01953125
0 0.3453125 0.837890625 0.015625 0.01953125
0 0.3328125 0.8515625 0.015625 0.01953125
0 0.3265625 0.837890625 0.015625 0.01953125
0 0.29375 0.890625 0.015625 0.01953125
0 0.2375 0.837890625 0.015625 0.01953125
0 0.1734375 0.8125 0.015625 0.01953125
0 0.1546875 0.884765625 0.015625 0.01953125
0 0.1921875 0.90234375 0.015625 0.01953125
0 0.065625 0.875 0.015625 0.01953125
0 0.53125 0.396484375 0.015625 0.01953125
0 0.56875 0.392578125 0.015625 0.01953125
0 0.6140625 0.41015625 0.015625 0.01953125
0 0.571875 0.34375 0.015625 0.01953125
0 0.5734375 0.302734375 0.015625 0.01953125
0 0.625 0.3515625 0.015625 0.01953125
0 0.6640625 0.408203125 0.015625 0.01953125
0 0.678125 0.3828125 0.015625 0.01953125
0 0.6859375 0.361328125 0.015625 0.01953125
0 0.7390625 0.408203125 0.015625 0.01953125
0 0.7484375 0.42578125 0.015625 0.01953125
0 0.796875 0.41015625 0.015625 0.01953125
0 0.840625 0.4140625 0.015625 0.01953125
0 0.846875 0.3671875 0.015625 0.01953125
0 0.8890625 0.41796875 0.015625 0.01953125
0 0.9296875 0.421875 0.015625 0.01953125
0 0.8796875 0.369140625 0.015625 0.01953125
0 0.89375 0.373046875 0.015625 0.01953125
0 0.9296875 0.375 0.015625 0.01953125
0 0.6078125 0.306640625 0.015625 0.01953125
0 0.659375 0.310546875 0.015625 0.01953125
0 0.690625 0.333984375 0.015625 0.01953125
0 0.5203125 0.25390625 0.015625 0.01953125
0 0.5125 0.146484375 0.015625 0.01953125
0 0.525 0.140625 0.015625 0.01953125
0 0.46875 0.09765625 0.015625 0.01953125
0 0.496875 0.0546875 0.015625 0.01953125
0 0.5390625 0.087890625 0.015625 0.01953125
0 0.5453125 0.107421875 0.015625 0.01953125
0 0.6 0.08984375 0.015625 0.01953125
0 0.59375 0.1328125 0.015625 0.01953125
0 0.571875 0.1953125 0.015625 0.01953125
0 0.565625 0.25 0.015625 0.01953125
0 0.5828125 0.23828125 0.015625 0.01953125
0 0.60625 0.248046875 0.015625 0.01953125
0 0.6078125 0.2109375 0.015625 0.01953125
0 0.61875 0.177734375 0.015625 0.01953125
0 0.65625 0.1796875 0.015625 0.01953125
0 0.6625 0.208984375 0.015625 0.01953125
0 0.6640625 0.2578125 0.015625 0.01953125
0 0.6921875 0.314453125 0.015625 0.01953125
0 0.6984375 0.294921875 0.015625 0.01953125
0 0.7046875 0.259765625 0.015625 0.01953125
0 0.65 0.095703125 0.015625 0.01953125
0 0.64375 0.033203125 0.015625 0.01953125
0 0.7140625 0.037109375 0.015625 0.01953125
0 0.703125 0.09375 0.015625 0.01953125
0 0.7515625 0.052734375 0.015625 0.01953125
0 0.7484375 0.09765625 0.015625 0.01953125
0 0.6890625 0.146484375 0.015625 0.01953125
0 0.7515625 0.154296875 0.015625 0.01953125
0 0.753125 0.208984375 0.015625 0.01953125
0 0.7515625 0.267578125 0.015625 0.01953125
0 0.7765625 0.236328125 0.015625 0.01953125
0 0.8 0.201171875 0.015625 0.01953125
0 0.803125 0.154296875 0.015625 0.01953125
0 0.8375 0.0625 0.015625 0.01953125
0 0.890625 0.064453125 0.015625 0.01953125
0 0.89375 0.013671875 0.015625 0.01953125
0 0.93125 0.0078125 0.015625 0.01953125
0 0.934375 0.06640625 0.015625 0.01953125
0 0.9703125 0.06640625 0.015625 0.01953125
0 0.975 0.013671875 0.015625 0.01953125
0 0.8453125 0.115234375 0.015625 0.01953125
0 0.8875 0.107421875 0.015625 0.01953125
0 0.9265625 0.1171875 0.015625 0.01953125
0 0.9734375 0.119140625 0.015625 0.01953125
0 0.890625 0.15625 0.015625 0.01953125
0 0.85 0.201171875 0.015625 0.01953125
0 0.9484375 0.4375 0.015625 0.01953125
0 0.846875 0.2578125 0.015625 0.01953125
0 0.8875 0.271484375 0.015625 0.01953125
0 0.9296875 0.271484375 0.015625 0.01953125
0 0.9390625 0.21484375 0.015625 0.01953125
0 0.9765625 0.22265625 0.015625 0.01953125
0 0.971875 0.27734375 0.015625 0.01953125
0 0.975 0.328125 0.015625 0.01953125
0 0.934375 0.318359375 0.015625 0.01953125
0 0.875 0.3125 0.015625 0.01953125
0 0.9734375 0.376953125 0.015625 0.01953125
0 0.834375 0.314453125 0.015625 0.01953125
0 0.8203125 0.330078125 0.015625 0.01953125
0 0.7453125 0.314453125 0.015625 0.01953125
0 0.75 0.359375 0.015625 0.01953125
0 0.9734375 0.427734375 0.015625 0.01953125
0 0.975 0.470703125 0.015625 0.01953125
0 0.9484375 0.462890625 0.015625 0.01953125
0 0.934375 0.173828125 0.015625 0.01953125
0 0.975 0.169921875 0.015625 0.01953125
0 0.028125 0.81640625 0.015625 0.01953125
0 0.03125 0.787109375 0.015625 0.01953125
0 0.0359375 0.7578125 0.015625 0.01953125
0 0.034375 0.56640625 0.015625 0.01953125
0 0.0390625 0.349609375 0.015625 0.01953125
0 0.0375 0.3203125 0.015625 0.01953125
0 0.040625 0.16015625 0.015625 0.01953125
0 0.0984375 0.03125 0.015625 0.01953125
0 0.0484375 0.0859375 0.015625 0.01953125
0 0.00625 0.05859375 0.015625 0.01953125
0 0.05 0.0078125 0.015625 0.01953125
0 0.0078125 0.142578125 0.015625 0.01953125
0 0.0328125 0.53515625 0.015625 0.01953125
0 0.0359375 0.474609375 0.015625 0.01953125
0 0.03125 0.404296875 0.015625 0.01953125
0 0.034375 0.43359375 0.015625 0.01953125
0 0.0359375 0.6875 0.015625 0.01953125
0 0.85625 0.00390625 0.015625 0.01953125
0 0.7078125 0.201171875 0.015625 0.01953125
0 0.6390625 0.677734375 0.015625 0.01953125
