0 0.3796875 0.291015625 0.015625 0.01953125
0 0.2953125 0.12109375 0.015625 0.01953125
0 0.1875 0.037109375 0.015625 0.01953125
0 0.121875 0.041015625 0.015625 0.01953125
0 0.1390625 0.013671875 0.015625 0.01953125
0 0.153125 0.40234375 0.015625 0.01953125
0 0.2875 0.443359375 0.015625 0.01953125
0 0.328125 0.544921875 0.015625 0.01953125
0 0.415625 0.5 0.015625 0.01953125
0 0.478125 0.48046875 0.015625 0.01953125
0 0.496875 0.5234375 0.015625 0.01953125
0 0.53125 0.494140625 0.015625 0.01953125
0 0.53125 0.443359375 0.015625 0.01953125
0 0.7640625 0.5703125 0.015625 0.01953125
0 0.8640625 0.634765625 0.015625 0.01953125
0 0.821875 0.697265625 0.015625 0.01953125
0 0.85 0.77734375 0.015625 0.01953125
0 0.88125 0.845703125 0.015625 0.01953125
0 0.9140625 0.869140625 0.015625 0.01953125
0 0.9375 0.865234375 0.015625 0.01953125
0 0.921875 0.822265625 0.015625 0.01953125
0 0.9609375 0.806640625 0.015625 0.01953125
0 0.9640625 0.84375 0.015625 0.01953125
0 0.9875 0.9453125 0.015625 0.01953125
0 0.7015625 0.818359375 0.015625 0.01953125
0 0.709375 0.775390625 0.015625 0.01953125
0 0.6859375 0.9375 0.015625 0.01953125
0 0.5859375 0.845703125 0.015625 0.01953125
0 0.528125 0.818359375 0.015625 0.01953125
0 0.4984375 0.890625 0.015625 0.01953125
0 0.4875 0.89453125 0.015625 0.01953125
0 0.5234375 0.900390625 0.015625 0.01953125
0 0.3359375 0.830078125 0.015625 0.01953125
0 0.3296875 0.83203125 0.015625 0.01953125
0 0.3203125 0.828125 0.015625 0.01953125
0 0.2546875 0.8359375 0.015625 0.01953125
0 0.20625 0.865234375 0.015625 0.01953125
0 0.134375 0.83984375 0.015625 0.01953125
0 0.1640625 0.7890625 0.015625 0.01953125
0 0.496875 0.6640625 0.015625 0.01953125
0 0.7375 0.41796875 0.015625 0.01953125
0 0.8046875 0.421875 0.015625 0.01953125
0 0.840625 0.427734375 0.015625 0.01953125
0 0.8953125 0.4375 0.015625 0.01953125
0 0.9328125 0.443359375 0.015625 0.01953125
0 0.9578125 0.462890625 0.015625 0.01953125
0 0.9890625 0.494140625 0.015625 0.01953125
0 0.9484375 0.431640625 0.015625 0.01953125
0 0.934375 0.392578125 0.015625 0.01953125
0 0.884375 0.384765625 0.015625 0.01953125
0 0.8515625 0.3828125 0.015625 0.01953125
0 0.6953125 0.369140625 0.015625 0.01953125
0 0.6890625 0.38671875 0.015625 0.01953125
0 0.671875 0.4140625 0.015625 0.01953125
0 0.6171875 0.404296875 0.015625 0.01953125
0 0.5875 0.396484375 0.015625 0.01953125
0 0.575 0.39453125 0.015625 0.01953125
0 0.571875 0.369140625 0.015625 0.01953125
0 0.634375 0.35546875 0.015625 0.01953125
0 0.5828125 0.306640625 0.015625 0.01953125
0 0.6203125 0.306640625 0.015625 0.01953125
0 0.671875 0.310546875 0.015625 0.01953125
0 0.696875 0.341796875 0.015625 0.01953125
0 0.696875 0.3203125 0.015625 0.01953125
0 0.7515625 0.326171875 0.015625 0.01953125
0 0.7140625 0.271484375 0.015625 0.01953125
0 0.8453125 0.330078125 0.015625 0.01953125
0 0.8625 0.34375 0.015625 0.01953125
0 0.88125 0.328125 0.015625 0.01953125
0 0.85625 0.27734375 0.015625 0.01953125
0 0.9 0.29296875 0.015625 0.01953125
0 0.9484375 0.294921875 0.015625 0.01953125
0 0.94375 0.341796875 0.015625 0.01953125
0 0.978125 0.294921875 0.015625 0.01953125
0 0.9875 0.248046875 0.015625 0.01953125
0 0.95 0.23046875 0.015625 0.01953125
0 0.8609375 0.21875 0.015625 0.01953125
0 0.815625 0.21875 0.015625 0.01953125
0 0.7921875 0.248046875 0.015625 0.01953125
0 0.7640625 0.21875 0.015625 0.01953125
0 0.7625 0.26953125 0.015625 0.01953125
0 0.6828125 0.20703125 0.015625 0.01953125
0 0.684375 0.265625 0.015625 0.01953125
0 0.61875 0.251953125 0.015625 0.01953125
0 0.6 0.23828125 0.015625 0.01953125
0 0.49375 0.056640625 0.015625 0.01953125
0 0.4828125 0.080078125 0.015625 0.01953125
0 0.553125 0.083984375 0.015625 0.01953125
0 0.5640625 0.107421875 0.015625 0.01953125
0 0.61875 0.08984375 0.015625 0.01953125
0 0.6109375 0.142578125 0.015625 0.01953125
0 0.6640625 0.1015625 0.015625 0.01953125
0 0.6625 0.03515625 0.015625 0.01953125
0 0.721875 0.001953125 0.015625 0.01953125
0 0.7921875 0.005859375 0.015625 0.01953125
0 0.7328125 0.044921875 0.015625 0.01953125
0 0.7203125 0.1015625 0.015625 0.01953125
0 0.7703125 0.05859375 0.015625 0.01953125
0 0.76875 0.103515625 0.015625 0.01953125
0 0.85625 0.076171875 0.015625 0.01953125
0 0.878125 0.029296875 0.015625 0.01953125
0 0.921875 0.025390625 0.015625 0.01953125
0 0.95 0.029296875 0.015625 0.01953125
0 0.90625 0.087890625 0.015625 0.01953125
0 0.95 0.08984375 0.015625 0.01953125
0 0.9890625 0.08984375 0.015625 0.01953125
0 0.996875 0.041015625 0.015625 0.01953125
0 0.9859375 0.146484375 0.015625 0.01953125
0 0.9484375 0.138671875 0.015625 0.01953125
0 0.909375 0.1328125 0.015625 0.01953125
0 0.9046875 0.181640625 0.015625 0.01953125
0 0.859375 0.13671875 0.015625 0.01953125
0 0.8203125 0.173828125 0.015625 0.01953125
0 0.775 0.166015625 0.015625 0.01953125
0 0.7109375 0.15625 0.015625 0.01953125
0 0.0390625 0.84765625 0.015625 0.01953125
0 0.025 0.86328125 0.015625 0.01953125
0 0.021875 0.78125 0.015625 0.01953125
0 0.0234375 0.748046875 0.015625 0.01953125
0 0.034375 0.53125 0.015625 0.01953125
0 0.0328125 0.494140625 0.015625 0.01953125
0 0.0390625 0.4296875 0.015625 0.01953125
0 0.0421875 0.361328125 0.015625 0.01953125
0 0.046875 0.3125 0.015625 0.01953125
0 0.046875 0.275390625 0.015625 0.01953125
0 0.05625 0.123046875 0.015625 0.01953125
0 0.025 0.01953125 0.015625 0.01953125
0 0.0234375 0.107421875 0.015625 0.01953125
0 0.003125 0.279296875 0.015625 0.01953125
0 0.1796875 0.517578125 0.015625 0.01953125
0 0.753125 0.369140625 0.015625 0.01953125
0 0.665625 0.142578125 0.015625 0.01953125
0 0.6421875 0.1796875 0.015625 0.01953125
0 0.665625 0.181640625 0.015625 0.01953125
0 0.671875 0.19140625 0.015625 0.01953125
0 0.5890625 0.197265625 0.015625 0.01953125
0 0.546875 0.197265625 0.015625 0.01953125
0 0.528125 0.248046875 0.015625 0.01953125
0 0.5796875 0.251953125 0.015625 0.01953125
0 0.6625 0.263671875 0.015625 0.01953125
0 0.81875 0.294921875 0.015625 0.01953125
0 0.9796875 0.40234375 0.015625 0.01953125
0 0.984375 0.349609375 0.015625 0.01953125
0 0.053125 0.185546875 0.015625 0.01953125
0 0.00625 0.216796875 0.015625 0.01953125
0 0.0078125 0.16015625 0.015625 0.01953125
0 0.0265625 0.642578125 0.015625 0.01953125
0 0.0359375 0.5859375 0.015625 0.01953125
0 0.0 0.380859375 0.015625 0.01953125
0 0.2296875 0.896484375 0.015625 0.01953125
0 0.275 0.876953125 0.015625 0.01953125
0 0.0625 0.048828125 0.015625 0.01953125
0 0.7125 0.212890625 0.015625 0.01953125
