0 0.1390625 0.017578125 0.015625 0.01953125
0 0.121875 0.044921875 0.015625 0.01953125
0 0.175 0.041015625 0.015625 0.01953125
0 0.290625 0.12109375 0.015625 0.01953125
0 0.3046875 0.12890625 0.015625 0.01953125
0 0.4796875 0.08203125 0.015625 0.01953125
0 0.38125 0.27734375 0.015625 0.01953125
0 0.2875 0.439453125 0.015625 0.01953125
0 0.146875 0.404296875 0.015625 0.01953125
0 0.16875 0.513671875 0.015625 0.01953125
0 0.18125 0.51953125 0.015625 0.01953125
0 0.3265625 0.54296875 0.015625 0.01953125
0 0.4078125 0.490234375 0.015625 0.01953125
0 0.4703125 0.474609375 0.015625 0.01953125
0 0.4859375 0.521484375 0.015625 0.01953125
0 0.5171875 0.482421875 0.015625 0.01953125
0 0.5328125 0.4453125 0.015625 0.01953125
0 0.5734375 0.400390625 0.015625 0.01953125
0 0.5875 0.392578125 0.015625 0.01953125
0 0.5765625 0.337890625 0.015625 0.01953125
0 0.6171875 0.408203125 0.015625 0.01953125
0 0.6375 0.357421875 0.015625 0.01953125
0 0.6703125 0.41015625 0.015625 0.01953125
0 0.61875 0.30859375 0.015625 0.01953125
0 0.584375 0.3046875 0.015625 0.01953125
0 0.578125 0.25 0.015625 0.01953125
0 0.596875 0.23828125 0.015625 0.01953125
0 0.6171875 0.248046875 0.015625 0.01953125
0 0.6171875 0.216796875 0.015625 0.01953125
0 0.5921875 0.189453125 0.015625 0.01953125
0 0.6421875 0.17578125 0.015625 0.01953125
0 0.615625 0.130859375 0.015625 0.01953125
0 0.621875 0.0859375 0.015625 0.01953125
0 0.5640625 0.107421875 0.015625 0.01953125
0 0.54375 0.138671875 0.015625 0.01953125
0 0.521875 0.1328125 0.015625 0.01953125
0 0.665625 0.0390625 0.015625 0.01953125
0 0.6703125 0.1015625 0.015625 0.01953125
0 0.6671875 0.1484375 0.015625 0.01953125
0 0.6703125 0.1875 0.015625 0.01953125
0 0.678125 0.21484375 0.015625 0.01953125
0 0.665625 0.25390625 0.015625 0.01953125
0 0.6796875 0.263671875 0.015625 0.01953125
0 0.671875 0.314453125 0.015625 0.01953125
0 0.703125 0.341796875 0.015625 0.01953125
0 0.69375 0.3671875 0.015625 0.01953125
0 0.6859375 0.392578125 0.015625 0.01953125
0 0.7421875 0.412109375 0.015625 0.01953125
0 0.7046875 0.31640625 0.015625 0.01953125
0 0.7125 0.267578125 0.015625 0.01953125
0 0.709375 0.208984375 0.015625 0.01953125
0 0.7046875 0.154296875 0.015625 0.01953125
0 0.728125 0.095703125 0.015625 0.01953125
0 0.7328125 0.044921875 0.015625 0.01953125
0 0.725 0.0 0.015625 0.01953125
0 0.79375 0.005859375 0.015625 0.01953125
0 0.7765625 0.06640625 0.015625 0.01953125
0 0.771875 0.107421875 0.015625 0.01953125
0 0.775 0.1640625 0.015625 0.01953125
0 0.7640625 0.216796875 0.015625 0.01953125
0 0.7625 0.275390625 0.015625 0.01953125
0 0.75625 0.32421875 0.015625 0.01953125
0 0.7578125 0.373046875 0.015625 0.01953125
0 0.8015625 0.421875 0.015625 0.01953125
0 0.85 0.431640625 0.015625 0.01953125
0 0.85625 0.376953125 0.015625 0.01953125
0 0.85 0.328125 0.015625 0.01953125
0 0.859375 0.283203125 0.015625 0.01953125
0 0.7921875 0.25 0.015625 0.01953125
0 0.815625 0.212890625 0.015625 0.01953125
0 0.821875 0.1640625 0.015625 0.01953125
0 0.865625 0.126953125 0.015625 0.01953125
0 0.85625 0.072265625 0.015625 0.01953125
0 0.88125 0.017578125 0.015625 0.01953125
0 0.91875 0.01953125 0.015625 0.01953125
0 0.9140625 0.080078125 0.015625 0.01953125
0 0.9125 0.12890625 0.015625 0.01953125
0 0.909375 0.1796875 0.015625 0.01953125
0 0.8984375 0.28515625 0.015625 0.01953125
0 0.884375 0.333984375 0.015625 0.01953125
0 0.8921875 0.38671875 0.015625 0.01953125
0 0.89375 0.4375 0.015625 0.01953125
0 0.9328125 0.4453125 0.015625 0.01953125
0 0.9390625 0.392578125 0.015625 0.01953125
0 0.946875 0.345703125 0.015625 0.01953125
0 0.946875 0.294921875 0.015625 0.01953125
0 0.9453125 0.248046875 0.015625 0.01953125
0 0.9484375 0.23046875 0.015625 0.01953125
0 0.9546875 0.19140625 0.015625 0.01953125
0 0.9515625 0.134765625 0.015625 0.01953125
0 0.9515625 0.087890625 0.015625 0.01953125
0 0.953125 0.029296875 0.015625 0.01953125
0 0.990625 0.083984375 0.015625 0.01953125
0 0.9859375 0.1484375 0.015625 0.01953125
0 0.990625 0.197265625 0.015625 0.01953125
0 0.9890625 0.25 0.015625 0.01953125
0 0.9890625 0.296875 0.015625 0.01953125
0 0.9875 0.35546875 0.015625 0.01953125
0 0.975 0.400390625 0.015625 0.01953125
0 0.959375 0.4609375 0.015625 0.01953125
0 0.971875 0.455078125 0.015625 0.01953125
0 0.984375 0.501953125 0.015625 0.01953125
0 0.99375 0.630859375 0.015625 0.01953125
0 0.9625 0.81640625 0.015625 0.01953125
0 0.921875 0.833984375 0.015625 0.01953125
0 0.9734375 0.865234375 0.015625 0.01953125
0 0.934375 0.865234375 0.015625 0.01953125
0 0.9359375 0.904296875 0.015625 0.01953125
0 0.89375 0.876953125 0.015625 0.01953125
0 0.8515625 0.77734375 0.015625 0.01953125
0 0.8296875 0.69140625 0.015625 0.01953125
0 0.8625 0.6328125 0.015625 0.01953125
0 0.7640625 0.5546875 0.015625 0.01953125
0 0.6375 0.677734375 0.015625 0.01953125
0 0.709375 0.78515625 0.015625 0.01953125
0 0.70625 0.82421875 0.015625 0.01953125
0 0.684375 0.931640625 0.015625 0.01953125
0 0.5796875 0.83984375 0.015625 0.01953125
0 0.490625 0.6640625 0.015625 0.01953125
0 0.5296875 0.818359375 0.015625 0.01953125
0 0.53125 0.896484375 0.015625 0.01953125
0 0.5 0.896484375 0.015625 0.01953125
0 0.4875 0.900390625 0.015625 0.01953125
0 0.3359375 0.826171875 0.015625 0.01953125
0 0.3234375 0.837890625 0.015625 0.01953125
0 0.3203125 0.82421875 0.015625 0.01953125
0 0.2609375 0.84375 0.015625 0.01953125
0 0.2078125 0.859375 0.015625 0.01953125
0 0.23125 0.888671875 0.015625 0.01953125
0 0.278125 0.875 0.015625 0.01953125
0 0.165625 0.783203125 0.015625 0.01953125
0 0.134375 0.84375 0.015625 0.01953125
0 0.5375 0.2421875 0.015625 0.01953125
0 0.5453125 0.19140625 0.015625 0.01953125
0 0.55625 0.080078125 0.015625 0.01953125
0 0.484375 0.056640625 0.015625 0.01953125
0 0.8625 0.22265625 0.015625 0.01953125
0 0.340625 0.62890625 0.015625 0.01953125
0 0.0171875 0.873046875 0.015625 0.01953125
0 0.0328125 0.857421875 0.015625 0.01953125
0 0.0234375 0.75 0.015625 0.01953125
0 0.0296875 0.712890625 0.015625 0.01953125
0 0.03125 0.65234375 0.015625 0.01953125
0 0.034375 0.53515625 0.015625 0.01953125
0 0.0359375 0.498046875 0.015625 0.01953125
0 0.0390625 0.431640625 0.015625 0.01953125
0 0.040625 0.373046875 0.015625 0.01953125
0 0.0453125 0.318359375 0.015625 0.01953125
0 0.0078125 0.28515625 0.015625 0.01953125
0 0.00625 0.220703125 0.015625 0.01953125
0 0.053125 0.130859375 0.015625 0.01953125
0 0.0515625 0.181640625 0.015625 0.01953125
0 0.009375 0.15625 0.015625 0.01953125
0 0.01875 0.11328125 0.015625 0.01953125
0 0.0234375 0.025390625 0.015625 0.01953125
0 0.06875 0.046875 0.015625 0.01953125
