0 0.3765625 0.28125 0.015625 0.01953125
0 0.309375 0.119140625 0.015625 0.01953125
0 0.290625 0.119140625 0.015625 0.01953125
0 0.4734375 0.083984375 0.015625 0.01953125
0 0.5375 0.13671875 0.015625 0.01953125
0 0.5609375 0.107421875 0.015625 0.01953125
0 0.5609375 0.08984375 0.015625 0.01953125
0 0.6140625 0.08984375 0.015625 0.01953125
0 0.659375 0.037109375 0.015625 0.01953125
0 0.6671875 0.10546875 0.015625 0.01953125
0 0.6109375 0.1328125 0.015625 0.01953125
0 0.5875 0.1875 0.015625 0.01953125
0 0.5390625 0.193359375 0.015625 0.01953125
0 0.5328125 0.2421875 0.015625 0.01953125
0 0.5734375 0.25390625 0.015625 0.01953125
0 0.6 0.234375 0.015625 0.01953125
0 0.6171875 0.25390625 0.015625 0.01953125
0 0.61875 0.212890625 0.015625 0.01953125
0 0.6375 0.169921875 0.015625 0.01953125
0 0.6578125 0.146484375 0.015625 0.01953125
0 0.715625 0.107421875 0.015625 0.01953125
0 0.734375 0.0546875 0.015625 0.01953125
0 0.7671875 0.05859375 0.015625 0.01953125
0 0.7671875 0.109375 0.015625 0.01953125
0 0.853125 0.078125 0.015625 0.01953125
0 0.8609375 0.1328125 0.015625 0.01953125
0 0.9046875 0.13671875 0.015625 0.01953125
0 0.9078125 0.08203125 0.015625 0.01953125
0 0.9109375 0.037109375 0.015625 0.01953125
0 0.94375 0.03125 0.015625 0.01953125
0 0.9515625 0.083984375 0.015625 0.01953125
0 0.9453125 0.13671875 0.015625 0.01953125
0 0.984375 0.1484375 0.015625 0.01953125
0 0.9859375 0.091796875 0.015625 0.01953125
0 0.86875 0.017578125 0.015625 0.01953125
0 0.7953125 0.01171875 0.015625 0.01953125
0 0.7265625 0.001953125 0.015625 0.01953125
0 0.815625 0.16796875 0.015625 0.01953125
0 0.81875 0.220703125 0.015625 0.01953125
0 0.765625 0.228515625 0.015625 0.01953125
0 0.7609375 0.16015625 0.015625 0.01953125
0 0.7125 0.16015625 0.015625 0.01953125
0 0.71875 0.2109375 0.015625 0.01953125
0 0.6765625 0.212890625 0.015625 0.01953125
0 0.671875 0.193359375 0.015625 0.01953125
0 0.5859375 0.3046875 0.015625 0.01953125
0 0.615625 0.3125 0.015625 0.01953125
0 0.6375 0.353515625 0.015625 0.01953125
0 0.575 0.353515625 0.015625 0.01953125
0 0.571875 0.39453125 0.015625 0.01953125
0 0.5828125 0.396484375 0.015625 0.01953125
0 0.615625 0.412109375 0.015625 0.01953125
0 0.6671875 0.408203125 0.015625 0.01953125
0 0.6828125 0.388671875 0.015625 0.01953125
0 0.6890625 0.373046875 0.015625 0.01953125
0 0.6984375 0.34375 0.015625 0.01953125
0 0.66875 0.31640625 0.015625 0.01953125
0 0.6609375 0.26171875 0.015625 0.01953125
0 0.7109375 0.267578125 0.015625 0.01953125
0 0.7046875 0.310546875 0.015625 0.01953125
0 0.7515625 0.32421875 0.015625 0.01953125
0 0.7578125 0.28125 0.015625 0.01953125
0 0.7546875 0.3671875 0.015625 0.01953125
0 0.734375 0.412109375 0.015625 0.01953125
0 0.753125 0.435546875 0.015625 0.01953125
0 0.8015625 0.421875 0.015625 0.01953125
0 0.84375 0.431640625 0.015625 0.01953125
0 0.8453125 0.390625 0.015625 0.01953125
0 0.840625 0.330078125 0.015625 0.01953125
0 0.8515625 0.287109375 0.015625 0.01953125
0 0.8625 0.212890625 0.015625 0.01953125
0 0.9015625 0.1796875 0.015625 0.01953125
0 0.89375 0.2890625 0.015625 0.01953125
0 0.871875 0.34765625 0.015625 0.01953125
0 0.884375 0.388671875 0.015625 0.01953125
0 0.896875 0.443359375 0.015625 0.01953125
0 0.93125 0.44921875 0.015625 0.01953125
0 0.928125 0.396484375 0.015625 0.01953125
0 0.9390625 0.345703125 0.015625 0.01953125
0 0.9390625 0.294921875 0.015625 0.01953125
0 0.9421875 0.244140625 0.015625 0.01953125
0 0.9453125 0.193359375 0.015625 0.01953125
0 0.9796875 0.1875 0.015625 0.01953125
0 0.9796875 0.248046875 0.015625 0.01953125
0 0.984375 0.3046875 0.015625 0.01953125
0 0.9796875 0.359375 0.015625 0.01953125
0 0.9796875 0.408203125 0.015625 0.01953125
0 0.9734375 0.44921875 0.015625 0.01953125
0 0.9859375 0.490234375 0.015625 0.01953125
0 0.8609375 0.63671875 0.015625 0.01953125
0 0.8609375 0.6875 0.015625 0.01953125
0 0.8578125 0.794921875 0.015625 0.01953125
0 0.9328125 0.86328125 0.015625 0.01953125
0 0.9359375 0.947265625 0.015625 0.01953125
0 0.9640625 0.818359375 0.015625 0.01953125
0 0.709375 0.798828125 0.015625 0.01953125
0 0.7 0.8359375 0.015625 0.01953125
0 0.6875 0.923828125 0.015625 0.01953125
0 0.58125 0.853515625 0.015625 0.01953125
0 0.51875 0.841796875 0.015625 0.01953125
0 0.4953125 0.455078125 0.015625 0.01953125
0 0.528125 0.4375 0.015625 0.01953125
0 0.4515625 0.470703125 0.015625 0.01953125
0 0.4640625 0.515625 0.015625 0.01953125
0 0.3890625 0.482421875 0.015625 0.01953125
0 0.35625 0.642578125 0.015625 0.01953125
0 0.4625 0.666015625 0.015625 0.01953125
0 0.2796875 0.859375 0.015625 0.01953125
0 0.21875 0.84765625 0.015625 0.01953125
0 0.159375 0.78515625 0.015625 0.01953125
0 0.1421875 0.833984375 0.015625 0.01953125
0 0.16875 0.517578125 0.015625 0.01953125
0 0.146875 0.40234375 0.015625 0.01953125
0 0.28125 0.4296875 0.015625 0.01953125
0 0.3265625 0.5390625 0.015625 0.01953125
0 0.1515625 0.0390625 0.015625 0.01953125
0 0.121875 0.04296875 0.015625 0.01953125
0 0.13125 0.015625 0.015625 0.01953125
0 0.4609375 0.830078125 0.015625 0.01953125
0 0.4953125 0.904296875 0.015625 0.01953125
0 0.5234375 0.8828125 0.015625 0.01953125
0 0.31875 0.8359375 0.015625 0.01953125
0 0.3359375 0.8203125 0.015625 0.01953125
0 0.3140625 0.818359375 0.015625 0.01953125
0 0.2515625 0.869140625 0.015625 0.01953125
0 0.7640625 0.53515625 0.015625 0.01953125
0 0.0265625 0.029296875 0.015625 0.01953125
0 0.065625 0.044921875 0.015625 0.01953125
0 0.053125 0.126953125 0.015625 0.01953125
0 0.015625 0.11328125 0.015625 0.01953125
0 0.0109375 0.16015625 0.015625 0.01953125
0 0.0484375 0.19140625 0.015625 0.01953125
0 0.0015625 0.283203125 0.015625 0.01953125
0 0.0421875 0.314453125 0.015625 0.01953125
0 0.046875 0.2734375 0.015625 0.01953125
0 0.0 0.2109375 0.015625 0.01953125
0 0.0421875 0.369140625 0.015625 0.01953125
0 0.034375 0.421875 0.015625 0.01953125
0 0.0046875 0.369140625 0.015625 0.01953125
0 0.0375 0.490234375 0.015625 0.01953125
0 0.0328125 0.53125 0.015625 0.01953125
0 0.0265625 0.712890625 0.015625 0.01953125
0 0.021875 0.744140625 0.015625 0.01953125
0 0.0125 0.859375 0.015625 0.01953125
0 0.021875 0.8046875 0.015625 0.01953125
0 0.0203125 0.779296875 0.015625 0.01953125
