0 0.99375 0.03125 0.015625 0.01953125
0 0.9484375 0.029296875 0.015625 0.01953125
0 0.91875 0.03125 0.015625 0.01953125
0 0.8734375 0.017578125 0.015625 0.01953125
0 0.8546875 0.06640625 0.015625 0.01953125
0 0.8578125 0.125 0.015625 0.01953125
0 0.90625 0.072265625 0.015625 0.01953125
0 0.909375 0.119140625 0.015625 0.01953125
0 0.9 0.173828125 0.015625 0.01953125
0 0.95 0.1328125 0.015625 0.01953125
0 0.953125 0.0859375 0.015625 0.01953125
0 0.9859375 0.08984375 0.015625 0.01953125
0 0.9890625 0.1328125 0.015625 0.01953125
0 0.990625 0.1953125 0.015625 0.01953125
0 0.953125 0.189453125 0.015625 0.01953125
0 0.95 0.240234375 0.015625 0.01953125
0 0.99375 0.240234375 0.015625 0.01953125
0 0.9796875 0.29296875 0.015625 0.01953125
0 0.9375 0.283203125 0.015625 0.01953125
0 0.94375 0.3359375 0.015625 0.01953125
0 0.9796875 0.353515625 0.015625 0.01953125
0 0.971875 0.39453125 0.015625 0.01953125
0 0.9390625 0.3828125 0.015625 0.01953125
0 0.934375 0.443359375 0.015625 0.01953125
0 0.940625 0.482421875 0.015625 0.01953125
0 0.9640625 0.455078125 0.015625 0.01953125
0 0.9796875 0.44921875 0.015625 0.01953125
0 0.9796875 0.5 0.015625 0.01953125
0 0.8953125 0.439453125 0.015625 0.01953125
0 0.8765625 0.373046875 0.015625 0.01953125
0 0.8796875 0.32421875 0.015625 0.01953125
0 0.89375 0.291015625 0.015625 0.01953125
0 0.8578125 0.27734375 0.015625 0.01953125
0 0.85625 0.212890625 0.015625 0.01953125
0 0.8171875 0.212890625 0.015625 0.01953125
0 0.81875 0.162109375 0.015625 0.01953125
0 0.7890625 0.244140625 0.015625 0.01953125
0 0.7609375 0.2734375 0.015625 0.01953125
0 0.759375 0.3203125 0.015625 0.01953125
0 0.7578125 0.369140625 0.015625 0.01953125
0 0.796875 0.423828125 0.015625 0.01953125
0 0.8421875 0.421875 0.015625 0.01953125
0 0.8453125 0.375 0.015625 0.01953125
0 0.840625 0.318359375 0.015625 0.01953125
0 0.7375 0.40625 0.015625 0.01953125
0 0.759375 0.51953125 0.015625 0.01953125
0 0.8609375 0.630859375 0.015625 0.01953125
0 0.8640625 0.689453125 0.015625 0.01953125
0 0.9234375 0.85546875 0.015625 0.01953125
0 0.8671875 0.796875 0.015625 0.01953125
0 0.975 0.814453125 0.015625 0.01953125
0 0.9453125 0.9609375 0.015625 0.01953125
0 0.8265625 0.873046875 0.015625 0.01953125
0 0.703125 0.796875 0.015625 0.01953125
0 0.6953125 0.82421875 0.015625 0.01953125
0 0.6359375 0.6796875 0.015625 0.01953125
0 0.61875 0.55078125 0.015625 0.01953125
0 0.6671875 0.521484375 0.015625 0.01953125
0 0.66875 0.408203125 0.015625 0.01953125
0 0.690625 0.38671875 0.015625 0.01953125
0 0.690625 0.3671875 0.015625 0.01953125
0 0.7 0.341796875 0.015625 0.01953125
0 0.6921875 0.3125 0.015625 0.01953125
0 0.7171875 0.2578125 0.015625 0.01953125
0 0.7625 0.212890625 0.015625 0.01953125
0 0.7703125 0.16015625 0.015625 0.01953125
0 0.7765625 0.107421875 0.015625 0.01953125
0 0.76875 0.0625 0.015625 0.01953125
0 0.7375 0.044921875 0.015625 0.01953125
0 0.7921875 0.01171875 0.015625 0.01953125
0 0.7234375 0.10546875 0.015625 0.01953125
0 0.7046875 0.16015625 0.015625 0.01953125
0 0.715625 0.201171875 0.015625 0.01953125
0 0.6734375 0.20703125 0.015625 0.01953125
0 0.665625 0.17578125 0.015625 0.01953125
0 0.678125 0.25390625 0.015625 0.01953125
0 0.6609375 0.255859375 0.015625 0.01953125
0 0.6765625 0.267578125 0.015625 0.01953125
0 0.66875 0.3125 0.015625 0.01953125
0 0.61875 0.3046875 0.015625 0.01953125
0 0.634375 0.353515625 0.015625 0.01953125
0 0.596875 0.37890625 0.015625 0.01953125
0 0.615625 0.404296875 0.015625 0.01953125
0 0.5890625 0.39453125 0.015625 0.01953125
0 0.56875 0.390625 0.015625 0.01953125
0 0.571875 0.3359375 0.015625 0.01953125
0 0.584375 0.298828125 0.015625 0.01953125
0 0.5484375 0.271484375 0.015625 0.01953125
0 0.534375 0.27734375 0.015625 0.01953125
0 0.5796875 0.2421875 0.015625 0.01953125
0 0.596875 0.23828125 0.015625 0.01953125
0 0.6171875 0.208984375 0.015625 0.01953125
0 0.6359375 0.169921875 0.015625 0.01953125
0 0.6640625 0.138671875 0.015625 0.01953125
0 0.6671875 0.099609375 0.015625 0.01953125
0 0.6671875 0.0390625 0.015625 0.01953125
0 0.625 0.08203125 0.015625 0.01953125
0 0.6125 0.13671875 0.015625 0.01953125
0 0.58125 0.185546875 0.015625 0.01953125
0 0.4796875 0.083984375 0.015625 0.01953125
0 0.475 0.09765625 0.015625 0.01953125
0 0.525 0.134765625 0.015625 0.01953125
0 0.540625 0.134765625 0.015625 0.01953125
0 0.5546875 0.08203125 0.015625 0.01953125
0 0.565625 0.109375 0.015625 0.01953125
0 0.5390625 0.181640625 0.015625 0.01953125
0 0.6140625 0.248046875 0.015625 0.01953125
0 0.453125 0.072265625 0.015625 0.01953125
0 0.3078125 0.115234375 0.015625 0.01953125
0 0.15 0.03515625 0.015625 0.01953125
0 0.121875 0.046875 0.015625 0.01953125
0 0.1390625 0.01171875 0.015625 0.01953125
0 0.2890625 0.12109375 0.015625 0.01953125
0 0.3765625 0.28125 0.015625 0.01953125
0 0.528125 0.240234375 0.015625 0.01953125
0 0.4984375 0.4375 0.015625 0.01953125
0 0.4578125 0.509765625 0.015625 0.01953125
0 0.440625 0.47265625 0.015625 0.01953125
0 0.390625 0.47265625 0.015625 0.01953125
0 0.284375 0.435546875 0.015625 0.01953125
0 0.16875 0.513671875 0.015625 0.01953125
0 0.1484375 0.404296875 0.015625 0.01953125
0 0.3578125 0.650390625 0.015625 0.01953125
0 0.325 0.541015625 0.015625 0.01953125
0 0.45625 0.66015625 0.015625 0.01953125
0 0.4625 0.830078125 0.015625 0.01953125
0 0.515625 0.8359375 0.015625 0.01953125
0 0.5796875 0.849609375 0.015625 0.01953125
0 0.5015625 0.90625 0.015625 0.01953125
0 0.6890625 0.91796875 0.015625 0.01953125
0 0.5953125 0.94140625 0.015625 0.01953125
0 0.5578125 0.982421875 0.015625 0.01953125
0 0.615625 0.9921875 0.015625 0.01953125
0 0.74375 0.98046875 0.015625 0.01953125
0 0.2859375 0.865234375 0.015625 0.01953125
0 0.321875 0.83203125 0.015625 0.01953125
0 0.25625 0.861328125 0.015625 0.01953125
0 0.2265625 0.8359375 0.015625 0.01953125
0 0.1609375 0.78515625 0.015625 0.01953125
0 0.1421875 0.833984375 0.015625 0.01953125
0 0.025 0.0234375 0.015625 0.01953125
0 0.015625 0.15234375 0.015625 0.01953125
0 0.05625 0.12109375 0.015625 0.01953125
0 0.0046875 0.20703125 0.015625 0.01953125
0 0.0046875 0.275390625 0.015625 0.01953125
0 0.003125 0.369140625 0.015625 0.01953125
0 0.021875 0.73828125 0.015625 0.01953125
0 0.0109375 0.857421875 0.015625 0.01953125
0 0.534375 0.439453125 0.015625 0.01953125
