0 0.9640625 0.048828125 0.015625 0.01953125
0 0.975 0.109375 0.015625 0.01953125
0 0.9671875 0.158203125 0.015625 0.01953125
0 0.9671875 0.21484375 0.015625 0.01953125
0 0.9578125 0.255859375 0.015625 0.01953125
0 0.940625 0.318359375 0.015625 0.01953125
0 0.953125 0.365234375 0.015625 0.01953125
0 0.9421875 0.408203125 0.015625 0.01953125
0 0.9375 0.455078125 0.015625 0.01953125
0 0.94375 0.509765625 0.015625 0.01953125
0 0.9859375 0.517578125 0.015625 0.01953125
0 0.9796875 0.46875 0.015625 0.01953125
0 0.9859375 0.41015625 0.015625 0.01953125
0 0.99375 0.375 0.015625 0.01953125
0 0.9875 0.310546875 0.015625 0.01953125
0 0.9046875 0.44921875 0.015625 0.01953125
0 0.8875 0.396484375 0.015625 0.01953125
0 0.846875 0.447265625 0.015625 0.01953125
0 0.85625 0.390625 0.015625 0.01953125
0 0.8484375 0.337890625 0.015625 0.01953125
0 0.8890625 0.34765625 0.015625 0.01953125
0 0.9109375 0.30078125 0.015625 0.01953125
0 0.8703125 0.294921875 0.015625 0.01953125
0 0.871875 0.2265625 0.015625 0.01953125
0 0.9140625 0.19921875 0.015625 0.01953125
0 0.9234375 0.138671875 0.015625 0.01953125
0 0.8828125 0.140625 0.015625 0.01953125
0 0.8796875 0.080078125 0.015625 0.01953125
0 0.9203125 0.091796875 0.015625 0.01953125
0 0.94375 0.037109375 0.015625 0.01953125
0 0.896875 0.03125 0.015625 0.01953125
0 0.8140625 0.009765625 0.015625 0.01953125
0 0.7875 0.068359375 0.015625 0.01953125
0 0.7859375 0.119140625 0.015625 0.01953125
0 0.78125 0.177734375 0.015625 0.01953125
0 0.834375 0.1875 0.015625 0.01953125
0 0.825 0.220703125 0.015625 0.01953125
0 0.803125 0.251953125 0.015625 0.01953125
0 0.7734375 0.279296875 0.015625 0.01953125
0 0.784375 0.224609375 0.015625 0.01953125
0 0.76875 0.333984375 0.015625 0.01953125
0 0.7609375 0.376953125 0.015625 0.01953125
0 0.7375 0.41796875 0.015625 0.01953125
0 0.759375 0.439453125 0.015625 0.01953125
0 0.7703125 0.490234375 0.015625 0.01953125
0 0.803125 0.42578125 0.015625 0.01953125
0 0.678125 0.40625 0.015625 0.01953125
0 0.6921875 0.390625 0.015625 0.01953125
0 0.70625 0.3671875 0.015625 0.01953125
0 0.7109375 0.341796875 0.015625 0.01953125
0 0.709375 0.31640625 0.015625 0.01953125
0 0.6859375 0.310546875 0.015625 0.01953125
0 0.690625 0.255859375 0.015625 0.01953125
0 0.6296875 0.240234375 0.015625 0.01953125
0 0.6296875 0.314453125 0.015625 0.01953125
0 0.6359375 0.34765625 0.015625 0.01953125
0 0.6296875 0.388671875 0.015625 0.01953125
0 0.5734375 0.388671875 0.015625 0.01953125
0 0.58125 0.341796875 0.015625 0.01953125
0 0.5984375 0.294921875 0.015625 0.01953125
0 0.5578125 0.267578125 0.015625 0.01953125
0 0.5921875 0.2421875 0.015625 0.01953125
0 0.5515625 0.23828125 0.015625 0.01953125
0 0.5984375 0.19140625 0.015625 0.01953125
0 0.6109375 0.23046875 0.015625 0.01953125
0 0.65 0.171875 0.015625 0.01953125
0 0.634375 0.216796875 0.015625 0.01953125
0 0.6921875 0.2109375 0.015625 0.01953125
0 0.6828125 0.181640625 0.015625 0.01953125
0 0.68125 0.14453125 0.015625 0.01953125
0 0.7359375 0.212890625 0.015625 0.01953125
0 0.7359375 0.107421875 0.015625 0.01953125
0 0.7484375 0.046875 0.015625 0.01953125
0 0.68125 0.09765625 0.015625 0.01953125
0 0.640625 0.087890625 0.015625 0.01953125
0 0.6375 0.134765625 0.015625 0.01953125
0 0.6828125 0.03515625 0.015625 0.01953125
0 0.5859375 0.0703125 0.015625 0.01953125
0 0.578125 0.099609375 0.015625 0.01953125
0 0.5484375 0.12890625 0.015625 0.01953125
0 0.4734375 0.0859375 0.015625 0.01953125
0 0.440625 0.083984375 0.015625 0.01953125
0 0.384375 0.263671875 0.015625 0.01953125
0 0.5046875 0.376953125 0.015625 0.01953125
0 0.4375 0.474609375 0.015625 0.01953125
0 0.365625 0.439453125 0.015625 0.01953125
0 0.4140625 0.439453125 0.015625 0.01953125
0 0.3296875 0.517578125 0.015625 0.01953125
0 0.290625 0.4140625 0.015625 0.01953125
0 0.1734375 0.482421875 0.015625 0.01953125
0 0.15 0.365234375 0.015625 0.01953125
0 0.009375 0.32421875 0.015625 0.01953125
0 0.015625 0.23046875 0.015625 0.01953125
0 0.0171875 0.1640625 0.015625 0.01953125
0 0.0328125 0.109375 0.015625 0.01953125
0 0.0734375 0.080078125 0.015625 0.01953125
0 0.140625 0.01171875 0.015625 0.01953125
0 0.1625 0.01171875 0.015625 0.01953125
0 0.0046875 0.01171875 0.015625 0.01953125
0 0.3078125 0.091796875 0.015625 0.01953125
0 0.265625 0.162109375 0.015625 0.01953125
0 0.15625 0.7578125 0.015625 0.01953125
0 0.1203125 0.8046875 0.015625 0.01953125
0 0.0125 0.73828125 0.015625 0.01953125
0 0.015625 0.697265625 0.015625 0.01953125
0 0.23125 0.7890625 0.015625 0.01953125
0 0.2671875 0.8125 0.015625 0.01953125
0 0.275 0.841796875 0.015625 0.01953125
0 0.2984375 0.880859375 0.015625 0.01953125
0 0.3171875 0.81640625 0.015625 0.01953125
0 0.3078125 0.8046875 0.015625 0.01953125
0 0.325 0.806640625 0.015625 0.01953125
0 0.4171875 0.66015625 0.015625 0.01953125
0 0.371875 0.646484375 0.015625 0.01953125
0 0.61875 0.546875 0.015625 0.01953125
0 0.534375 0.43359375 0.015625 0.01953125
0 0.6625 0.529296875 0.015625 0.01953125
0 0.6328125 0.68359375 0.015625 0.01953125
0 0.6953125 0.853515625 0.015625 0.01953125
0 0.6921875 0.806640625 0.015625 0.01953125
0 0.6734375 0.916015625 0.015625 0.01953125
0 0.571875 0.845703125 0.015625 0.01953125
0 0.4890625 0.875 0.015625 0.01953125
0 0.4875 0.89453125 0.015625 0.01953125
0 0.4953125 0.833984375 0.015625 0.01953125
0 0.45625 0.822265625 0.015625 0.01953125
0 0.5390625 0.9765625 0.015625 0.01953125
0 0.603125 0.990234375 0.015625 0.01953125
0 0.578125 0.9453125 0.015625 0.01953125
0 0.728125 0.98828125 0.015625 0.01953125
0 0.81875 0.890625 0.015625 0.01953125
0 0.8578125 0.646484375 0.015625 0.01953125
0 0.909375 0.69140625 0.015625 0.01953125
0 0.8828125 0.84765625 0.015625 0.01953125
0 0.86875 0.861328125 0.015625 0.01953125
0 0.915625 0.900390625 0.015625 0.01953125
0 0.8984375 0.8828125 0.015625 0.01953125
0 0.965625 0.873046875 0.015625 0.01953125
0 0.5421875 0.453125 0.015625 0.01953125
