0 0.9875 0.798828125 0.015625 0.01953125
0 0.9640625 0.765625 0.015625 0.01953125
0 0.9859375 0.728515625 0.015625 0.01953125
0 0.934375 0.806640625 0.015625 0.01953125
0 0.9140625 0.853515625 0.015625 0.01953125
0 0.8765625 0.806640625 0.015625 0.01953125
0 0.9078125 0.763671875 0.015625 0.01953125
0 0.91875 0.71875 0.015625 0.01953125
0 0.95625 0.685546875 0.015625 0.01953125
0 0.978125 0.6484375 0.015625 0.01953125
0 0.9484375 0.603515625 0.015625 0.01953125
0 0.9109375 0.625 0.015625 0.01953125
0 0.8890625 0.68359375 0.015625 0.01953125
0 0.878125 0.728515625 0.015625 0.01953125
0 0.840625 0.677734375 0.015625 0.01953125
0 0.8609375 0.650390625 0.015625 0.01953125
0 0.8921875 0.603515625 0.015625 0.01953125
0 0.9171875 0.572265625 0.015625 0.01953125
0 0.9421875 0.5234375 0.015625 0.01953125
0 0.9203125 0.494140625 0.015625 0.01953125
0 0.9421875 0.45703125 0.015625 0.01953125
0 0.8875 0.49609375 0.015625 0.01953125
0 0.8828125 0.45703125 0.015625 0.01953125
0 0.9125 0.421875 0.015625 0.01953125
0 0.9359375 0.3671875 0.015625 0.01953125
0 0.9484375 0.341796875 0.015625 0.01953125
0 0.9375 0.296875 0.015625 0.01953125
0 0.9546875 0.25390625 0.015625 0.01953125
0 0.8984375 0.322265625 0.015625 0.01953125
0 0.8703125 0.36328125 0.015625 0.01953125
0 0.8453125 0.408203125 0.015625 0.01953125
0 0.8203125 0.458984375 0.015625 0.01953125
0 0.7828125 0.484375 0.015625 0.01953125
0 0.7671875 0.50390625 0.015625 0.01953125
0 0.7515625 0.51953125 0.015625 0.01953125
0 0.7421875 0.533203125 0.015625 0.01953125
0 0.796875 0.5703125 0.015625 0.01953125
0 0.821875 0.5390625 0.015625 0.01953125
0 0.8515625 0.4921875 0.015625 0.01953125
0 0.7578125 0.587890625 0.015625 0.01953125
0 0.759375 0.625 0.015625 0.01953125
0 0.78125 0.658203125 0.015625 0.01953125
0 0.8078125 0.650390625 0.015625 0.01953125
0 0.7046875 0.533203125 0.015625 0.01953125
0 0.6703125 0.490234375 0.015625 0.01953125
0 0.70625 0.45703125 0.015625 0.01953125
0 0.746875 0.462890625 0.015625 0.01953125
0 0.775 0.423828125 0.015625 0.01953125
0 0.8109375 0.388671875 0.015625 0.01953125
0 0.8171875 0.365234375 0.015625 0.01953125
0 0.834375 0.322265625 0.015625 0.01953125
0 0.8546875 0.287109375 0.015625 0.01953125
0 0.88125 0.23828125 0.015625 0.01953125
0 0.821875 0.248046875 0.015625 0.01953125
0 0.8015625 0.275390625 0.015625 0.01953125
0 0.7921875 0.32421875 0.015625 0.01953125
0 0.7453125 0.375 0.015625 0.01953125
0 0.765625 0.462890625 0.015625 0.01953125
0 0.7171875 0.419921875 0.015625 0.01953125
0 0.6890625 0.38671875 0.015625 0.01953125
0 0.6625 0.408203125 0.015625 0.01953125
0 0.640625 0.451171875 0.015625 0.01953125
0 0.6625 0.337890625 0.015625 0.01953125
0 0.6875 0.345703125 0.015625 0.01953125
0 0.7140625 0.33984375 0.015625 0.01953125
0 0.7375 0.345703125 0.015625 0.01953125
0 0.7453125 0.29296875 0.015625 0.01953125
0 0.6875 0.30078125 0.015625 0.01953125
0 0.7125 0.26953125 0.015625 0.01953125
0 0.7390625 0.228515625 0.015625 0.01953125
0 0.7265625 0.20703125 0.015625 0.01953125
0 0.7734375 0.208984375 0.015625 0.01953125
0 0.7765625 0.185546875 0.015625 0.01953125
0 0.684375 0.12890625 0.015625 0.01953125
0 0.6359375 0.10546875 0.015625 0.01953125
0 0.5453125 0.01953125 0.015625 0.01953125
0 0.5421875 0.205078125 0.015625 0.01953125
0 0.6 0.36328125 0.015625 0.01953125
0 0.584375 0.455078125 0.015625 0.01953125
0 0.4578125 0.40234375 0.015625 0.01953125
0 0.45625 0.34765625 0.015625 0.01953125
0 0.4359375 0.314453125 0.015625 0.01953125
0 0.3890625 0.267578125 0.015625 0.01953125
0 0.3703125 0.388671875 0.015625 0.01953125
0 0.25625 0.240234375 0.015625 0.01953125
0 0.2734375 0.24609375 0.015625 0.01953125
0 0.2953125 0.140625 0.015625 0.01953125
0 0.121875 0.45703125 0.015625 0.01953125
0 0.075 0.482421875 0.015625 0.01953125
0 0.1984375 0.5390625 0.015625 0.01953125
0 0.2171875 0.57421875 0.015625 0.01953125
0 0.2234375 0.611328125 0.015625 0.01953125
0 0.1625 0.6171875 0.015625 0.01953125
0 0.19375 0.69921875 0.015625 0.01953125
0 0.3375 0.71875 0.015625 0.01953125
0 0.3515625 0.7734375 0.015625 0.01953125
0 0.3421875 0.79296875 0.015625 0.01953125
0 0.3390625 0.80859375 0.015625 0.01953125
0 0.4203125 0.8203125 0.015625 0.01953125
0 0.3890625 0.908203125 0.015625 0.01953125
0 0.340625 0.9140625 0.015625 0.01953125
0 0.3875 0.9609375 0.015625 0.01953125
0 0.475 0.955078125 0.015625 0.01953125
0 0.5265625 0.912109375 0.015625 0.01953125
0 0.5421875 0.89453125 0.015625 0.01953125
0 0.5546875 0.7265625 0.015625 0.01953125
0 0.596875 0.61328125 0.015625 0.01953125
0 0.6515625 0.630859375 0.015625 0.01953125
0 0.38125 0.587890625 0.015625 0.01953125
0 0.3546875 0.53515625 0.015625 0.01953125
0 0.7515625 0.8671875 0.015625 0.01953125
0 0.8015625 0.966796875 0.015625 0.01953125
0 0.1078125 0.908203125 0.015625 0.01953125
0 0.0421875 0.7890625 0.015625 0.01953125
0 0.03125 0.736328125 0.015625 0.01953125
0 0.034375 0.638671875 0.015625 0.01953125
0 0.015625 0.333984375 0.015625 0.01953125
0 0.0484375 0.29296875 0.015625 0.01953125
0 0.0140625 0.25390625 0.015625 0.01953125
0 0.028125 0.2265625 0.015625 0.01953125
0 0.1046875 0.216796875 0.015625 0.01953125
0 0.0703125 0.271484375 0.015625 0.01953125
0 0.075 0.171875 0.015625 0.01953125
0 0.1078125 0.119140625 0.015625 0.01953125
0 0.0625 0.107421875 0.015625 0.01953125
0 0.021875 0.140625 0.015625 0.01953125
0 0.134375 0.07421875 0.015625 0.01953125
0 0.090625 0.056640625 0.015625 0.01953125
0 0.121875 0.017578125 0.015625 0.01953125
0 0.184375 0.091796875 0.015625 0.01953125
0 0.1609375 0.134765625 0.015625 0.01953125
0 0.21875 0.05859375 0.015625 0.01953125
0 0.1625 0.044921875 0.015625 0.01953125
0 0.24375 0.005859375 0.015625 0.01953125
0 0.4140625 0.0390625 0.015625 0.01953125
0 0.2265625 0.388671875 0.015625 0.01953125
0 0.9484375 0.076171875 0.015625 0.01953125
0 0.996875 0.046875 0.015625 0.01953125
