0 0.7859375 0.275390625 0.015625 0.01953125
0 0.784375 0.291015625 0.015625 0.01953125
0 0.821875 0.296875 0.015625 0.01953125
0 0.8375 0.359375 0.015625 0.01953125
0 0.871875 0.345703125 0.015625 0.01953125
0 0.8921875 0.388671875 0.015625 0.01953125
0 0.9328125 0.35546875 0.015625 0.01953125
0 0.928125 0.443359375 0.015625 0.01953125
0 0.96875 0.42578125 0.015625 0.01953125
0 0.99375 0.400390625 0.015625 0.01953125
0 0.9546875 0.494140625 0.015625 0.01953125
0 0.9796875 0.478515625 0.015625 0.01953125
0 0.94375 0.587890625 0.015625 0.01953125
0 0.915625 0.53125 0.015625 0.01953125
0 0.8859375 0.470703125 0.015625 0.01953125
0 0.8265625 0.416015625 0.015625 0.01953125
0 0.8296875 0.470703125 0.015625 0.01953125
0 0.840625 0.447265625 0.015625 0.01953125
0 0.8625 0.419921875 0.015625 0.01953125
0 0.85625 0.509765625 0.015625 0.01953125
0 0.884375 0.568359375 0.015625 0.01953125
0 0.878125 0.611328125 0.015625 0.01953125
0 0.9140625 0.611328125 0.015625 0.01953125
0 0.9375 0.658203125 0.015625 0.01953125
0 0.990625 0.677734375 0.015625 0.01953125
0 0.9796875 0.751953125 0.015625 0.01953125
0 0.9484375 0.78515625 0.015625 0.01953125
0 0.9203125 0.73828125 0.015625 0.01953125
0 0.8984375 0.69921875 0.015625 0.01953125
0 0.8640625 0.708984375 0.015625 0.01953125
0 0.8796875 0.7421875 0.015625 0.01953125
0 0.821875 0.748046875 0.015625 0.01953125
0 0.85 0.78125 0.015625 0.01953125
0 0.7984375 0.779296875 0.015625 0.01953125
0 0.825 0.8359375 0.015625 0.01953125
0 0.8421875 0.865234375 0.015625 0.01953125
0 0.878125 0.833984375 0.015625 0.01953125
0 0.91875 0.826171875 0.015625 0.01953125
0 0.934375 0.861328125 0.015625 0.01953125
0 0.9 0.884765625 0.015625 0.01953125
0 0.86875 0.921875 0.015625 0.01953125
0 0.846875 0.908203125 0.015625 0.01953125
0 0.81875 0.9140625 0.015625 0.01953125
0 0.84375 0.958984375 0.015625 0.01953125
0 0.9265625 0.9296875 0.015625 0.01953125
0 0.959375 0.908203125 0.015625 0.01953125
0 0.98125 0.8671875 0.015625 0.01953125
0 0.9671875 0.8203125 0.015625 0.01953125
0 0.7765625 0.73046875 0.015625 0.01953125
0 0.753125 0.705078125 0.015625 0.01953125
0 0.7296875 0.69140625 0.015625 0.01953125
0 0.7421875 0.66015625 0.015625 0.01953125
0 0.7796875 0.64453125 0.015625 0.01953125
0 0.8078125 0.62109375 0.015625 0.01953125
0 0.8515625 0.59765625 0.015625 0.01953125
0 0.815625 0.541015625 0.015625 0.01953125
0 0.78125 0.5625 0.015625 0.01953125
0 0.7640625 0.578125 0.015625 0.01953125
0 0.74375 0.5859375 0.015625 0.01953125
0 0.715625 0.599609375 0.015625 0.01953125
0 0.6984375 0.59765625 0.015625 0.01953125
0 0.6625 0.6171875 0.015625 0.01953125
0 0.6640625 0.544921875 0.015625 0.01953125
0 0.7109375 0.517578125 0.015625 0.01953125
0 0.728125 0.4765625 0.015625 0.01953125
0 0.7640625 0.443359375 0.015625 0.01953125
0 0.7609375 0.529296875 0.015625 0.01953125
0 0.70625 0.443359375 0.015625 0.01953125
0 0.675 0.451171875 0.015625 0.01953125
0 0.64375 0.482421875 0.015625 0.01953125
0 0.6484375 0.3828125 0.015625 0.01953125
0 0.7 0.380859375 0.015625 0.01953125
0 0.7078125 0.396484375 0.015625 0.01953125
0 0.7125 0.359375 0.015625 0.01953125
0 0.7515625 0.328125 0.015625 0.01953125
0 0.7890625 0.375 0.015625 0.01953125
0 0.784375 0.41796875 0.015625 0.01953125
0 0.7578125 0.412109375 0.015625 0.01953125
0 0.7390625 0.40234375 0.015625 0.01953125
0 0.4890625 0.359375 0.015625 0.01953125
0 0.490625 0.30859375 0.015625 0.01953125
0 0.4875 0.287109375 0.015625 0.01953125
0 0.6015625 0.220703125 0.015625 0.01953125
0 0.5875 0.48046875 0.015625 0.01953125
0 0.61875 0.6640625 0.015625 0.01953125
0 0.5765625 0.62890625 0.015625 0.01953125
0 0.5046875 0.732421875 0.015625 0.01953125
0 0.4609375 0.890625 0.015625 0.01953125
0 0.44375 0.89453125 0.015625 0.01953125
0 0.3875 0.921875 0.015625 0.01953125
0 0.6734375 0.921875 0.015625 0.01953125
0 0.3765625 0.533203125 0.015625 0.01953125
0 0.3421875 0.486328125 0.015625 0.01953125
0 0.2203125 0.443359375 0.015625 0.01953125
0 0.23125 0.4765625 0.015625 0.01953125
0 0.215625 0.513671875 0.015625 0.01953125
0 0.228125 0.53125 0.015625 0.01953125
0 0.284375 0.734375 0.015625 0.01953125
0 0.3046875 0.7109375 0.015625 0.01953125
0 0.284375 0.734375 0.015625 0.01953125
0 0.2953125 0.720703125 0.015625 0.01953125
0 0.303125 0.658203125 0.015625 0.01953125
0 0.365625 0.78125 0.015625 0.01953125
0 0.3171875 0.857421875 0.015625 0.01953125
0 0.3046875 0.908203125 0.015625 0.01953125
0 0.2765625 0.83984375 0.015625 0.01953125
0 0.1015625 0.98828125 0.015625 0.01953125
0 0.0375 0.767578125 0.015625 0.01953125
0 0.1671875 0.607421875 0.015625 0.01953125
0 0.15625 0.509765625 0.015625 0.01953125
0 0.0265625 0.490234375 0.015625 0.01953125
0 0.0953125 0.34375 0.015625 0.01953125
0 0.146875 0.333984375 0.015625 0.01953125
0 0.321875 0.171875 0.015625 0.01953125
0 0.440625 0.234375 0.015625 0.01953125
0 0.3984375 0.341796875 0.015625 0.01953125
0 0.528125 0.01953125 0.015625 0.01953125
0 0.6390625 0.04296875 0.015625 0.01953125
0 0.3734375 0.0859375 0.015625 0.01953125
0 0.1 0.087890625 0.015625 0.01953125
0 0.08125 0.10546875 0.015625 0.01953125
0 0.0375 0.099609375 0.015625 0.01953125
0 0.0265625 0.076171875 0.015625 0.01953125
0 0.0046875 0.03125 0.015625 0.01953125
0 0.003125 0.12109375 0.015625 0.01953125
0 0.0203125 0.16015625 0.015625 0.01953125
0 0.10625 0.15234375 0.015625 0.01953125
0 0.15 0.04296875 0.015625 0.01953125
0 0.046875 0.01171875 0.015625 0.01953125
0 0.1984375 0.005859375 0.015625 0.01953125
0 0.178125 0.08984375 0.015625 0.01953125
0 0.1390625 0.12890625 0.015625 0.01953125
0 0.075 0.1875 0.015625 0.01953125
0 0.046875 0.203125 0.015625 0.01953125
0 0.28125 0.009765625 0.015625 0.01953125
0 0.990625 0.958984375 0.015625 0.01953125
0 0.9796875 0.935546875 0.015625 0.01953125
0 0.7 0.146484375 0.015625 0.01953125
0 0.7453125 0.1796875 0.015625 0.01953125
0 0.934375 0.046875 0.015625 0.01953125
