0 0.9640625 0.43359375 0.015625 0.01953125
0 0.971875 0.47265625 0.015625 0.01953125
0 0.9515625 0.501953125 0.015625 0.01953125
0 0.9203125 0.447265625 0.015625 0.01953125
0 0.8890625 0.470703125 0.015625 0.01953125
0 0.9140625 0.541015625 0.015625 0.01953125
0 0.85625 0.513671875 0.015625 0.01953125
0 0.8828125 0.568359375 0.015625 0.01953125
0 0.8703125 0.611328125 0.015625 0.01953125
0 0.8453125 0.60546875 0.015625 0.01953125
0 0.90625 0.6171875 0.015625 0.01953125
0 0.94375 0.591796875 0.015625 0.01953125
0 0.9359375 0.662109375 0.015625 0.01953125
0 0.8984375 0.69921875 0.015625 0.01953125
0 0.909375 0.73828125 0.015625 0.01953125
0 0.9421875 0.783203125 0.015625 0.01953125
0 0.9703125 0.7578125 0.015625 0.01953125
0 0.99375 0.8046875 0.015625 0.01953125
0 0.9796875 0.876953125 0.015625 0.01953125
0 0.9875 0.900390625 0.015625 0.01953125
0 0.965625 0.826171875 0.015625 0.01953125
0 0.9125 0.8203125 0.015625 0.01953125
0 0.9265625 0.865234375 0.015625 0.01953125
0 0.9515625 0.91796875 0.015625 0.01953125
0 0.9703125 0.9453125 0.015625 0.01953125
0 0.9125 0.93359375 0.015625 0.01953125
0 0.8828125 0.88671875 0.015625 0.01953125
0 0.8703125 0.841796875 0.015625 0.01953125
0 0.8453125 0.79296875 0.015625 0.01953125
0 0.8296875 0.76171875 0.015625 0.01953125
0 0.85625 0.71484375 0.015625 0.01953125
0 0.871875 0.759765625 0.015625 0.01953125
0 0.7953125 0.787109375 0.015625 0.01953125
0 0.821875 0.833984375 0.015625 0.01953125
0 0.840625 0.875 0.015625 0.01953125
0 0.85 0.916015625 0.015625 0.01953125
0 0.86875 0.92578125 0.015625 0.01953125
0 0.8171875 0.91015625 0.015625 0.01953125
0 0.8359375 0.95703125 0.015625 0.01953125
0 0.7765625 0.732421875 0.015625 0.01953125
0 0.75 0.70703125 0.015625 0.01953125
0 0.7328125 0.6640625 0.015625 0.01953125
0 0.7703125 0.6484375 0.015625 0.01953125
0 0.8078125 0.625 0.015625 0.01953125
0 0.759375 0.57421875 0.015625 0.01953125
0 0.7421875 0.591796875 0.015625 0.01953125
0 0.715625 0.599609375 0.015625 0.01953125
0 0.7 0.599609375 0.015625 0.01953125
0 0.778125 0.564453125 0.015625 0.01953125
0 0.796875 0.57421875 0.015625 0.01953125
0 0.8234375 0.54296875 0.015625 0.01953125
0 0.790625 0.509765625 0.015625 0.01953125
0 0.7609375 0.533203125 0.015625 0.01953125
0 0.703125 0.5234375 0.015625 0.01953125
0 0.675 0.5390625 0.015625 0.01953125
0 0.6484375 0.486328125 0.015625 0.01953125
0 0.6765625 0.4609375 0.015625 0.01953125
0 0.7015625 0.44921875 0.015625 0.01953125
0 0.721875 0.4765625 0.015625 0.01953125
0 0.7640625 0.443359375 0.015625 0.01953125
0 0.7546875 0.4140625 0.015625 0.01953125
0 0.7328125 0.408203125 0.015625 0.01953125
0 0.703125 0.40234375 0.015625 0.01953125
0 0.715625 0.369140625 0.015625 0.01953125
0 0.6515625 0.375 0.015625 0.01953125
0 0.5921875 0.4765625 0.015625 0.01953125
0 0.75625 0.328125 0.015625 0.01953125
0 0.784375 0.375 0.015625 0.01953125
0 0.7859375 0.421875 0.015625 0.01953125
0 0.8296875 0.4140625 0.015625 0.01953125
0 0.834375 0.453125 0.015625 0.01953125
0 0.83125 0.4765625 0.015625 0.01953125
0 0.859375 0.42578125 0.015625 0.01953125
0 0.8890625 0.396484375 0.015625 0.01953125
0 0.9328125 0.365234375 0.015625 0.01953125
0 0.9953125 0.40234375 0.015625 0.01953125
0 0.8671875 0.349609375 0.015625 0.01953125
0 0.834375 0.373046875 0.015625 0.01953125
0 0.8203125 0.302734375 0.015625 0.01953125
0 0.834375 0.28125 0.015625 0.01953125
0 0.796875 0.302734375 0.015625 0.01953125
0 0.78125 0.279296875 0.015625 0.01953125
0 0.6015625 0.220703125 0.015625 0.01953125
0 0.4828125 0.275390625 0.015625 0.01953125
0 0.4921875 0.310546875 0.015625 0.01953125
0 0.4828125 0.3515625 0.015625 0.01953125
0 0.396875 0.341796875 0.015625 0.01953125
0 0.4421875 0.23046875 0.015625 0.01953125
0 0.3359375 0.173828125 0.015625 0.01953125
0 0.3734375 0.076171875 0.015625 0.01953125
0 0.5390625 0.017578125 0.015625 0.01953125
0 0.640625 0.037109375 0.015625 0.01953125
0 0.784375 0.0078125 0.015625 0.01953125
0 0.9203125 0.01953125 0.015625 0.01953125
0 0.940625 0.0078125 0.015625 0.01953125
0 0.7421875 0.18359375 0.015625 0.01953125
0 0.690625 0.15234375 0.015625 0.01953125
0 0.571875 0.634765625 0.015625 0.01953125
0 0.61875 0.666015625 0.015625 0.01953125
0 0.5 0.736328125 0.015625 0.01953125
0 0.6671875 0.919921875 0.015625 0.01953125
0 0.465625 0.892578125 0.015625 0.01953125
0 0.4390625 0.908203125 0.015625 0.01953125
0 0.3875 0.923828125 0.015625 0.01953125
0 0.296875 0.908203125 0.015625 0.01953125
0 0.3140625 0.853515625 0.015625 0.01953125
0 0.3625 0.779296875 0.015625 0.01953125
0 0.2671875 0.845703125 0.015625 0.01953125
0 0.090625 0.982421875 0.015625 0.01953125
0 0.0390625 0.765625 0.015625 0.01953125
0 0.1609375 0.611328125 0.015625 0.01953125
0 0.3828125 0.54296875 0.015625 0.01953125
0 0.3015625 0.65625 0.015625 0.01953125
0 0.2984375 0.7109375 0.015625 0.01953125
0 0.284375 0.72265625 0.015625 0.01953125
0 0.2828125 0.73828125 0.015625 0.01953125
0 0.23125 0.529296875 0.015625 0.01953125
0 0.2140625 0.509765625 0.015625 0.01953125
0 0.225 0.44921875 0.015625 0.01953125
0 0.2390625 0.478515625 0.015625 0.01953125
0 0.346875 0.48828125 0.015625 0.01953125
0 0.153125 0.517578125 0.015625 0.01953125
0 0.0234375 0.48828125 0.015625 0.01953125
0 0.1453125 0.337890625 0.015625 0.01953125
0 0.096875 0.341796875 0.015625 0.01953125
0 0.1046875 0.083984375 0.015625 0.01953125
0 0.1046875 0.1484375 0.015625 0.01953125
0 0.1359375 0.119140625 0.015625 0.01953125
0 0.175 0.08203125 0.015625 0.01953125
0 0.15 0.0390625 0.015625 0.01953125
0 0.2390625 0.03125 0.015625 0.01953125
0 0.275 0.013671875 0.015625 0.01953125
0 0.19375 0.005859375 0.015625 0.01953125
0 0.0828125 0.10546875 0.015625 0.01953125
0 0.071875 0.181640625 0.015625 0.01953125
0 0.0390625 0.1875 0.015625 0.01953125
0 0.01875 0.15234375 0.015625 0.01953125
0 0.0015625 0.119140625 0.015625 0.01953125
0 0.0484375 0.091796875 0.015625 0.01953125
0 0.0328125 0.068359375 0.015625 0.01953125
0 0.0109375 0.021484375 0.015625 0.01953125
0 0.053125 0.005859375 0.015625 0.01953125
0 0.11875 0.0078125 0.015625 0.01953125
0 0.075 0.037109375 0.015625 0.01953125
0 0.990625 0.685546875 0.015625 0.01953125
0 0.571875 0.26171875 0.015625 0.01953125
