0 0.8234375 0.30078125 0.015625 0.01953125
0 0.8234375 0.30078125 0.015625 0.01953125
0 0.865625 0.34765625 0.015625 0.01953125
0 0.890625 0.400390625 0.015625 0.01953125
0 0.925 0.357421875 0.015625 0.01953125
0 0.9203125 0.44921875 0.015625 0.01953125
0 0.9609375 0.431640625 0.015625 0.01953125
0 0.990625 0.40234375 0.015625 0.01953125
0 0.9765625 0.47265625 0.015625 0.01953125
0 0.95 0.5 0.015625 0.01953125
0 0.9109375 0.54296875 0.015625 0.01953125
0 0.8796875 0.572265625 0.015625 0.01953125
0 0.875 0.6015625 0.015625 0.01953125
0 0.90625 0.615234375 0.015625 0.01953125
0 0.94375 0.587890625 0.015625 0.01953125
0 0.9359375 0.65625 0.015625 0.01953125
0 0.903125 0.69921875 0.015625 0.01953125
0 0.915625 0.73828125 0.015625 0.01953125
0 0.9421875 0.78515625 0.015625 0.01953125
0 0.9859375 0.7578125 0.015625 0.01953125
0 0.9109375 0.81640625 0.015625 0.01953125
0 0.959375 0.826171875 0.015625 0.01953125
0 0.9265625 0.861328125 0.015625 0.01953125
0 0.9484375 0.9140625 0.015625 0.01953125
0 0.990625 0.9140625 0.015625 0.01953125
0 0.9796875 0.890625 0.015625 0.01953125
0 0.978125 0.869140625 0.015625 0.01953125
0 0.9625 0.92578125 0.015625 0.01953125
0 0.98125 0.951171875 0.015625 0.01953125
0 0.915625 0.93359375 0.015625 0.01953125
0 0.8890625 0.88671875 0.015625 0.01953125
0 0.871875 0.8359375 0.015625 0.01953125
0 0.85 0.7890625 0.015625 0.01953125
0 0.825 0.751953125 0.015625 0.01953125
0 0.878125 0.748046875 0.015625 0.01953125
0 0.85625 0.7109375 0.015625 0.01953125
0 0.7921875 0.77734375 0.015625 0.01953125
0 0.8125 0.830078125 0.015625 0.01953125
0 0.8375 0.875 0.015625 0.01953125
0 0.84375 0.919921875 0.015625 0.01953125
0 0.81875 0.923828125 0.015625 0.01953125
0 0.834375 0.962890625 0.015625 0.01953125
0 0.66875 0.921875 0.015625 0.01953125
0 0.775 0.732421875 0.015625 0.01953125
0 0.7640625 0.69921875 0.015625 0.01953125
0 0.7375 0.66015625 0.015625 0.01953125
0 0.775 0.646484375 0.015625 0.01953125
0 0.803125 0.630859375 0.015625 0.01953125
0 0.8421875 0.595703125 0.015625 0.01953125
0 0.81875 0.54296875 0.015625 0.01953125
0 0.7734375 0.568359375 0.015625 0.01953125
0 0.7609375 0.578125 0.015625 0.01953125
0 0.7375 0.58984375 0.015625 0.01953125
0 0.71875 0.59765625 0.015625 0.01953125
0 0.6984375 0.59375 0.015625 0.01953125
0 0.759375 0.53515625 0.015625 0.01953125
0 0.7875 0.498046875 0.015625 0.01953125
0 0.821875 0.48046875 0.015625 0.01953125
0 0.840625 0.453125 0.015625 0.01953125
0 0.8859375 0.47265625 0.015625 0.01953125
0 0.8515625 0.509765625 0.015625 0.01953125
0 0.8609375 0.41796875 0.015625 0.01953125
0 0.8296875 0.419921875 0.015625 0.01953125
0 0.8375 0.375 0.015625 0.01953125
0 0.7890625 0.3828125 0.015625 0.01953125
0 0.7921875 0.419921875 0.015625 0.01953125
0 0.76875 0.44140625 0.015625 0.01953125
0 0.7609375 0.4140625 0.015625 0.01953125
0 0.7390625 0.408203125 0.015625 0.01953125
0 0.715625 0.44921875 0.015625 0.01953125
0 0.728125 0.478515625 0.015625 0.01953125
0 0.7140625 0.517578125 0.015625 0.01953125
0 0.6671875 0.544921875 0.015625 0.01953125
0 0.6484375 0.4921875 0.015625 0.01953125
0 0.5921875 0.4765625 0.015625 0.01953125
0 0.665625 0.36328125 0.015625 0.01953125
0 0.696875 0.388671875 0.015625 0.01953125
0 0.70625 0.400390625 0.015625 0.01953125
0 0.7140625 0.365234375 0.015625 0.01953125
0 0.7875 0.294921875 0.015625 0.01953125
0 0.7796875 0.27734375 0.015625 0.01953125
0 0.75625 0.322265625 0.015625 0.01953125
0 0.7390625 0.1875 0.015625 0.01953125
0 0.6828125 0.142578125 0.015625 0.01953125
0 0.603125 0.212890625 0.015625 0.01953125
0 0.4796875 0.294921875 0.015625 0.01953125
0 0.571875 0.259765625 0.015625 0.01953125
0 0.484375 0.34765625 0.015625 0.01953125
0 0.3984375 0.341796875 0.015625 0.01953125
0 0.4375 0.234375 0.015625 0.01953125
0 0.3234375 0.166015625 0.015625 0.01953125
0 0.371875 0.083984375 0.015625 0.01953125
0 0.5484375 0.021484375 0.015625 0.01953125
0 0.640625 0.041015625 0.015625 0.01953125
0 0.7890625 0.00390625 0.015625 0.01953125
0 0.5015625 0.7265625 0.015625 0.01953125
0 0.571875 0.630859375 0.015625 0.01953125
0 0.615625 0.6640625 0.015625 0.01953125
0 0.7296875 0.693359375 0.015625 0.01953125
0 0.8671875 0.921875 0.015625 0.01953125
0 0.3875 0.919921875 0.015625 0.01953125
0 0.4359375 0.8984375 0.015625 0.01953125
0 0.45625 0.892578125 0.015625 0.01953125
0 0.3640625 0.7890625 0.015625 0.01953125
0 0.30625 0.853515625 0.015625 0.01953125
0 0.303125 0.900390625 0.015625 0.01953125
0 0.2640625 0.8359375 0.015625 0.01953125
0 0.2828125 0.732421875 0.015625 0.01953125
0 0.3 0.708984375 0.015625 0.01953125
0 0.30625 0.658203125 0.015625 0.01953125
0 0.3765625 0.55078125 0.015625 0.01953125
0 0.2234375 0.52734375 0.015625 0.01953125
0 0.240625 0.478515625 0.015625 0.01953125
0 0.2140625 0.513671875 0.015625 0.01953125
0 0.23125 0.455078125 0.015625 0.01953125
0 0.15625 0.626953125 0.015625 0.01953125
0 0.084375 0.9609375 0.015625 0.01953125
0 0.0765625 0.982421875 0.015625 0.01953125
0 0.0390625 0.765625 0.015625 0.01953125
0 0.028125 0.482421875 0.015625 0.01953125
0 0.0921875 0.341796875 0.015625 0.01953125
0 0.1421875 0.330078125 0.015625 0.01953125
0 0.146875 0.525390625 0.015625 0.01953125
0 0.0765625 0.107421875 0.015625 0.01953125
0 0.09375 0.091796875 0.015625 0.01953125
0 0.1015625 0.1484375 0.015625 0.01953125
0 0.071875 0.181640625 0.015625 0.01953125
0 0.1671875 0.095703125 0.015625 0.01953125
0 0.1375 0.126953125 0.015625 0.01953125
0 0.1390625 0.05078125 0.015625 0.01953125
0 0.19375 0.01171875 0.015625 0.01953125
0 0.275 0.005859375 0.015625 0.01953125
0 0.2296875 0.033203125 0.015625 0.01953125
0 0.0828125 0.0390625 0.015625 0.01953125
0 0.1078125 0.0078125 0.015625 0.01953125
0 0.0484375 0.00390625 0.015625 0.01953125
0 0.003125 0.025390625 0.015625 0.01953125
0 0.03125 0.091796875 0.015625 0.01953125
0 0.03125 0.064453125 0.015625 0.01953125
0 0.015625 0.14453125 0.015625 0.01953125
0 0.0046875 0.12109375 0.015625 0.01953125
0 0.484375 0.2734375 0.015625 0.01953125
0 0.328125 0.1875 0.015625 0.01953125
0 0.9203125 0.0234375 0.015625 0.01953125
0 0.9890625 0.029296875 0.015625 0.01953125
0 0.9859375 0.16015625 0.015625 0.01953125
0 0.9859375 0.685546875 0.015625 0.01953125
0 0.65625 0.65234375 0.015625 0.01953125
0 0.83125 0.28125 0.015625 0.01953125
