0 0.834375 0.28515625 0.015625 0.01953125
0 0.81875 0.30078125 0.015625 0.01953125
0 0.7765625 0.28515625 0.015625 0.01953125
0 0.7921875 0.3046875 0.015625 0.01953125
0 0.834375 0.375 0.015625 0.01953125
0 0.86875 0.34765625 0.015625 0.01953125
0 0.89375 0.40625 0.015625 0.01953125
0 0.85625 0.42578125 0.015625 0.01953125
0 0.840625 0.455078125 0.015625 0.01953125
0 0.8296875 0.4765625 0.015625 0.01953125
0 0.8234375 0.416015625 0.015625 0.01953125
0 0.7875 0.421875 0.015625 0.01953125
0 0.7640625 0.4375 0.015625 0.01953125
0 0.759375 0.41796875 0.015625 0.01953125
0 0.74375 0.412109375 0.015625 0.01953125
0 0.7828125 0.376953125 0.015625 0.01953125
0 0.7546875 0.32421875 0.015625 0.01953125
0 0.7140625 0.357421875 0.015625 0.01953125
0 0.7125 0.40234375 0.015625 0.01953125
0 0.6953125 0.390625 0.015625 0.01953125
0 0.675 0.35546875 0.015625 0.01953125
0 0.7078125 0.443359375 0.015625 0.01953125
0 0.7265625 0.48828125 0.015625 0.01953125
0 0.703125 0.51953125 0.015625 0.01953125
0 0.753125 0.53515625 0.015625 0.01953125
0 0.7578125 0.580078125 0.015625 0.01953125
0 0.740625 0.587890625 0.015625 0.01953125
0 0.7171875 0.59765625 0.015625 0.01953125
0 0.6984375 0.595703125 0.015625 0.01953125
0 0.665625 0.53515625 0.015625 0.01953125
0 0.646875 0.482421875 0.015625 0.01953125
0 0.6765625 0.455078125 0.015625 0.01953125
0 0.590625 0.4765625 0.015625 0.01953125
0 0.775 0.5625 0.015625 0.01953125
0 0.790625 0.4921875 0.015625 0.01953125
0 0.81875 0.544921875 0.015625 0.01953125
0 0.853125 0.51171875 0.015625 0.01953125
0 0.915625 0.44921875 0.015625 0.01953125
0 0.9453125 0.509765625 0.015625 0.01953125
0 0.9765625 0.470703125 0.015625 0.01953125
0 0.9578125 0.427734375 0.015625 0.01953125
0 0.928125 0.361328125 0.015625 0.01953125
0 0.8796875 0.470703125 0.015625 0.01953125
0 0.9078125 0.54296875 0.015625 0.01953125
0 0.878125 0.57421875 0.015625 0.01953125
0 0.875 0.607421875 0.015625 0.01953125
0 0.90625 0.6171875 0.015625 0.01953125
0 0.9375 0.58984375 0.015625 0.01953125
0 0.9359375 0.666015625 0.015625 0.01953125
0 0.9890625 0.685546875 0.015625 0.01953125
0 0.975 0.75390625 0.015625 0.01953125
0 0.915625 0.7421875 0.015625 0.01953125
0 0.8984375 0.69921875 0.015625 0.01953125
0 0.859375 0.716796875 0.015625 0.01953125
0 0.8734375 0.75390625 0.015625 0.01953125
0 0.8296875 0.74609375 0.015625 0.01953125
0 0.8421875 0.787109375 0.015625 0.01953125
0 0.8671875 0.833984375 0.015625 0.01953125
0 0.9046875 0.818359375 0.015625 0.01953125
0 0.940625 0.787109375 0.015625 0.01953125
0 0.9265625 0.86328125 0.015625 0.01953125
0 0.9625 0.826171875 0.015625 0.01953125
0 0.9765625 0.87890625 0.015625 0.01953125
0 0.990625 0.9140625 0.015625 0.01953125
0 0.9546875 0.9140625 0.015625 0.01953125
0 0.9640625 0.947265625 0.015625 0.01953125
0 0.9265625 0.94140625 0.015625 0.01953125
0 0.8921875 0.8828125 0.015625 0.01953125
0 0.8578125 0.921875 0.015625 0.01953125
0 0.840625 0.91015625 0.015625 0.01953125
0 0.81875 0.92578125 0.015625 0.01953125
0 0.8375 0.958984375 0.015625 0.01953125
0 0.834375 0.875 0.015625 0.01953125
0 0.815625 0.828125 0.015625 0.01953125
0 0.79375 0.76953125 0.015625 0.01953125
0 0.7671875 0.734375 0.015625 0.01953125
0 0.775 0.69140625 0.015625 0.01953125
0 0.7359375 0.669921875 0.015625 0.01953125
0 0.7703125 0.6484375 0.015625 0.01953125
0 0.8 0.625 0.015625 0.01953125
0 0.80625 0.58203125 0.015625 0.01953125
0 0.6234375 0.666015625 0.015625 0.01953125
0 0.56875 0.630859375 0.015625 0.01953125
0 0.6734375 0.91796875 0.015625 0.01953125
0 0.65 0.66796875 0.015625 0.01953125
0 0.5015625 0.728515625 0.015625 0.01953125
0 0.4578125 0.88671875 0.015625 0.01953125
0 0.4375 0.8984375 0.015625 0.01953125
0 0.384375 0.9296875 0.015625 0.01953125
0 0.315625 0.85546875 0.015625 0.01953125
0 0.29375 0.900390625 0.015625 0.01953125
0 0.2640625 0.83984375 0.015625 0.01953125
0 0.365625 0.78125 0.015625 0.01953125
0 0.2796875 0.734375 0.015625 0.01953125
0 0.2953125 0.708984375 0.015625 0.01953125
0 0.3 0.654296875 0.015625 0.01953125
0 0.3765625 0.560546875 0.015625 0.01953125
0 0.340625 0.490234375 0.015625 0.01953125
0 0.2234375 0.5234375 0.015625 0.01953125
0 0.221875 0.509765625 0.015625 0.01953125
0 0.2125 0.525390625 0.015625 0.01953125
0 0.25625 0.48046875 0.015625 0.01953125
0 0.2359375 0.45703125 0.015625 0.01953125
0 0.39375 0.341796875 0.015625 0.01953125
0 0.4796875 0.333984375 0.015625 0.01953125
0 0.4796875 0.28125 0.015625 0.01953125
0 0.4859375 0.25390625 0.015625 0.01953125
0 0.5984375 0.20703125 0.015625 0.01953125
0 0.671875 0.146484375 0.015625 0.01953125
0 0.6453125 0.04296875 0.015625 0.01953125
0 0.7359375 0.177734375 0.015625 0.01953125
0 0.721875 0.1875 0.015625 0.01953125
0 0.7875 0.013671875 0.015625 0.01953125
0 0.55 0.02734375 0.015625 0.01953125
0 0.371875 0.0859375 0.015625 0.01953125
0 0.3265625 0.189453125 0.015625 0.01953125
0 0.4359375 0.240234375 0.015625 0.01953125
0 0.14375 0.3359375 0.015625 0.01953125
0 0.0953125 0.341796875 0.015625 0.01953125
0 0.0234375 0.486328125 0.015625 0.01953125
0 0.1625 0.638671875 0.015625 0.01953125
0 0.1734375 0.9921875 0.015625 0.01953125
0 0.078125 0.953125 0.015625 0.01953125
0 0.0671875 0.97265625 0.015625 0.01953125
0 0.0375 0.767578125 0.015625 0.01953125
0 0.090625 0.779296875 0.015625 0.01953125
0 0.1 0.150390625 0.015625 0.01953125
0 0.1296875 0.119140625 0.015625 0.01953125
0 0.1703125 0.09765625 0.015625 0.01953125
0 0.228125 0.033203125 0.015625 0.01953125
0 0.275 0.0078125 0.015625 0.01953125
0 0.190625 0.01171875 0.015625 0.01953125
0 0.14375 0.046875 0.015625 0.01953125
0 0.090625 0.091796875 0.015625 0.01953125
0 0.075 0.11328125 0.015625 0.01953125
0 0.065625 0.1796875 0.015625 0.01953125
0 0.0421875 0.09375 0.015625 0.01953125
0 0.021875 0.06640625 0.015625 0.01953125
0 0.0265625 0.1796875 0.015625 0.01953125
0 0.015625 0.1484375 0.015625 0.01953125
0 0.0484375 0.0078125 0.015625 0.01953125
0 0.003125 0.02734375 0.015625 0.01953125
0 0.7296875 0.697265625 0.015625 0.01953125
0 0.1484375 0.53515625 0.015625 0.01953125
0 0.028125 0.998046875 0.015625 0.01953125
0 0.3 0.912109375 0.015625 0.01953125
