0 0.975 0.482421875 0.015625 0.01953125
0 0.9484375 0.509765625 0.015625 0.01953125
0 0.9109375 0.55078125 0.015625 0.01953125
0 0.9375 0.591796875 0.015625 0.01953125
0 0.9109375 0.6171875 0.015625 0.01953125
0 0.9265625 0.66015625 0.015625 0.01953125
0 0.9859375 0.685546875 0.015625 0.01953125
0 0.9796875 0.7578125 0.015625 0.01953125
0 0.9421875 0.79296875 0.015625 0.01953125
0 0.9171875 0.7421875 0.015625 0.01953125
0 0.890625 0.703125 0.015625 0.01953125
0 0.8734375 0.677734375 0.015625 0.01953125
0 0.871875 0.611328125 0.015625 0.01953125
0 0.8796875 0.5703125 0.015625 0.01953125
0 0.84375 0.59765625 0.015625 0.01953125
0 0.803125 0.626953125 0.015625 0.01953125
0 0.775 0.646484375 0.015625 0.01953125
0 0.740625 0.666015625 0.015625 0.01953125
0 0.728125 0.693359375 0.015625 0.01953125
0 0.7703125 0.724609375 0.015625 0.01953125
0 0.7875 0.6953125 0.015625 0.01953125
0 0.796875 0.787109375 0.015625 0.01953125
0 0.828125 0.751953125 0.015625 0.01953125
0 0.8515625 0.716796875 0.015625 0.01953125
0 0.8765625 0.751953125 0.015625 0.01953125
0 0.8484375 0.7890625 0.015625 0.01953125
0 0.81875 0.82421875 0.015625 0.01953125
0 0.8359375 0.87890625 0.015625 0.01953125
0 0.871875 0.833984375 0.015625 0.01953125
0 0.9140625 0.82421875 0.015625 0.01953125
0 0.9265625 0.859375 0.015625 0.01953125
0 0.959375 0.83203125 0.015625 0.01953125
0 0.996875 0.802734375 0.015625 0.01953125
0 0.9796875 0.880859375 0.015625 0.01953125
0 0.96875 0.85546875 0.015625 0.01953125
0 0.9875 0.89453125 0.015625 0.01953125
0 0.9671875 0.916015625 0.015625 0.01953125
0 0.953125 0.912109375 0.015625 0.01953125
0 0.978125 0.951171875 0.015625 0.01953125
0 0.934375 0.939453125 0.015625 0.01953125
0 0.91875 0.931640625 0.015625 0.01953125
0 0.89375 0.884765625 0.015625 0.01953125
0 0.928125 0.875 0.015625 0.01953125
0 0.8625 0.927734375 0.015625 0.01953125
0 0.8453125 0.916015625 0.015625 0.01953125
0 0.815625 0.919921875 0.015625 0.01953125
0 0.8390625 0.958984375 0.015625 0.01953125
0 0.671875 0.927734375 0.015625 0.01953125
0 0.646875 0.69140625 0.015625 0.01953125
0 0.6953125 0.603515625 0.015625 0.01953125
0 0.7171875 0.60546875 0.015625 0.01953125
0 0.7390625 0.587890625 0.015625 0.01953125
0 0.75625 0.583984375 0.015625 0.01953125
0 0.775 0.556640625 0.015625 0.01953125
0 0.8171875 0.548828125 0.015625 0.01953125
0 0.790625 0.501953125 0.015625 0.01953125
0 0.759375 0.541015625 0.015625 0.01953125
0 0.8484375 0.513671875 0.015625 0.01953125
0 0.8828125 0.470703125 0.015625 0.01953125
0 0.825 0.4765625 0.015625 0.01953125
0 0.8328125 0.453125 0.015625 0.01953125
0 0.8515625 0.4296875 0.015625 0.01953125
0 0.81875 0.416015625 0.015625 0.01953125
0 0.8390625 0.37109375 0.015625 0.01953125
0 0.871875 0.35546875 0.015625 0.01953125
0 0.8921875 0.41015625 0.015625 0.01953125
0 0.9234375 0.453125 0.015625 0.01953125
0 0.9640625 0.431640625 0.015625 0.01953125
0 0.990625 0.400390625 0.015625 0.01953125
0 0.9265625 0.35546875 0.015625 0.01953125
0 0.8265625 0.283203125 0.015625 0.01953125
0 0.8140625 0.306640625 0.015625 0.01953125
0 0.7890625 0.294921875 0.015625 0.01953125
0 0.778125 0.271484375 0.015625 0.01953125
0 0.746875 0.328125 0.015625 0.01953125
0 0.784375 0.37890625 0.015625 0.01953125
0 0.7921875 0.416015625 0.015625 0.01953125
0 0.7625 0.44921875 0.015625 0.01953125
0 0.753125 0.412109375 0.015625 0.01953125
0 0.75 0.388671875 0.015625 0.01953125
0 0.7375 0.408203125 0.015625 0.01953125
0 0.7109375 0.396484375 0.015625 0.01953125
0 0.6921875 0.3828125 0.015625 0.01953125
0 0.7203125 0.365234375 0.015625 0.01953125
0 0.6875 0.34765625 0.015625 0.01953125
0 0.715625 0.44921875 0.015625 0.01953125
0 0.7265625 0.4765625 0.015625 0.01953125
0 0.7046875 0.5234375 0.015625 0.01953125
0 0.66875 0.537109375 0.015625 0.01953125
0 0.6734375 0.453125 0.015625 0.01953125
0 0.64375 0.48828125 0.015625 0.01953125
0 0.5890625 0.484375 0.015625 0.01953125
0 0.6203125 0.6640625 0.015625 0.01953125
0 0.565625 0.62890625 0.015625 0.01953125
0 0.5015625 0.734375 0.015625 0.01953125
0 0.4515625 0.890625 0.015625 0.01953125
0 0.43125 0.896484375 0.015625 0.01953125
0 0.3890625 0.9296875 0.015625 0.01953125
0 0.3109375 0.85546875 0.015625 0.01953125
0 0.296875 0.91015625 0.015625 0.01953125
0 0.2640625 0.83984375 0.015625 0.01953125
0 0.196875 0.970703125 0.015625 0.01953125
0 0.178125 0.982421875 0.015625 0.01953125
0 0.0640625 0.93359375 0.015625 0.01953125
0 0.0484375 0.947265625 0.015625 0.01953125
0 0.025 0.98828125 0.015625 0.01953125
0 0.284375 0.744140625 0.015625 0.01953125
0 0.2796875 0.724609375 0.015625 0.01953125
0 0.3015625 0.7109375 0.015625 0.01953125
0 0.359375 0.783203125 0.015625 0.01953125
0 0.303125 0.66015625 0.015625 0.01953125
0 0.3703125 0.572265625 0.015625 0.01953125
0 0.471875 0.328125 0.015625 0.01953125
0 0.6 0.20703125 0.015625 0.01953125
0 0.5703125 0.26171875 0.015625 0.01953125
0 0.6671875 0.146484375 0.015625 0.01953125
0 0.725 0.177734375 0.015625 0.01953125
0 0.478125 0.275390625 0.015625 0.01953125
0 0.484375 0.24609375 0.015625 0.01953125
0 0.4390625 0.23828125 0.015625 0.01953125
0 0.3984375 0.34375 0.015625 0.01953125
0 0.265625 0.4765625 0.015625 0.01953125
0 0.246875 0.4609375 0.015625 0.01953125
0 0.2203125 0.525390625 0.015625 0.01953125
0 0.1390625 0.556640625 0.015625 0.01953125
0 0.159375 0.658203125 0.015625 0.01953125
0 0.0359375 0.765625 0.015625 0.01953125
0 0.025 0.48046875 0.015625 0.01953125
0 0.14375 0.333984375 0.015625 0.01953125
0 0.0953125 0.337890625 0.015625 0.01953125
0 0.3265625 0.1875 0.015625 0.01953125
0 0.371875 0.080078125 0.015625 0.01953125
0 0.54375 0.021484375 0.015625 0.01953125
0 0.6390625 0.0390625 0.015625 0.01953125
0 0.7859375 0.0078125 0.015625 0.01953125
0 0.1328125 0.123046875 0.015625 0.01953125
0 0.1 0.150390625 0.015625 0.01953125
0 0.0625 0.1796875 0.015625 0.01953125
0 0.021875 0.177734375 0.015625 0.01953125
0 0.015625 0.150390625 0.015625 0.01953125
0 0.0671875 0.109375 0.015625 0.01953125
0 0.0390625 0.181640625 0.015625 0.01953125
0 0.1609375 0.09375 0.015625 0.01953125
0 0.09375 0.091796875 0.015625 0.01953125
0 0.1359375 0.044921875 0.015625 0.01953125
0 0.23125 0.033203125 0.015625 0.01953125
0 0.1859375 0.0078125 0.015625 0.01953125
0 0.0421875 0.095703125 0.015625 0.01953125
0 0.028125 0.06640625 0.015625 0.01953125
0 0.003125 0.01953125 0.015625 0.01953125
0 0.0484375 0.0078125 0.015625 0.01953125
