0 0.971875 0.4765625 0.015625 0.01953125
0 0.9359375 0.501953125 0.015625 0.01953125
0 0.915625 0.541015625 0.015625 0.01953125
0 0.9421875 0.5859375 0.015625 0.01953125
0 0.896875 0.6171875 0.015625 0.01953125
0 0.9296875 0.65625 0.015625 0.01953125
0 0.8890625 0.69921875 0.015625 0.01953125
0 0.9109375 0.744140625 0.015625 0.01953125
0 0.9359375 0.7890625 0.015625 0.01953125
0 0.96875 0.759765625 0.015625 0.01953125
0 0.98125 0.681640625 0.015625 0.01953125
0 0.9828125 0.603515625 0.015625 0.01953125
0 0.9203125 0.4453125 0.015625 0.01953125
0 0.9609375 0.4296875 0.015625 0.01953125
0 0.990625 0.404296875 0.015625 0.01953125
0 0.9234375 0.34765625 0.015625 0.01953125
0 0.890625 0.392578125 0.015625 0.01953125
0 0.8515625 0.416015625 0.015625 0.01953125
0 0.8828125 0.47265625 0.015625 0.01953125
0 0.8515625 0.513671875 0.015625 0.01953125
0 0.8234375 0.474609375 0.015625 0.01953125
0 0.834375 0.45703125 0.015625 0.01953125
0 0.8171875 0.419921875 0.015625 0.01953125
0 0.8296875 0.375 0.015625 0.01953125
0 0.865625 0.34375 0.015625 0.01953125
0 0.81875 0.30078125 0.015625 0.01953125
0 0.8234375 0.28515625 0.015625 0.01953125
0 0.7828125 0.298828125 0.015625 0.01953125
0 0.7765625 0.267578125 0.015625 0.01953125
0 0.74375 0.33203125 0.015625 0.01953125
0 0.78125 0.3828125 0.015625 0.01953125
0 0.78125 0.4296875 0.015625 0.01953125
0 0.7640625 0.447265625 0.015625 0.01953125
0 0.75625 0.4140625 0.015625 0.01953125
0 0.7390625 0.40625 0.015625 0.01953125
0 0.70625 0.400390625 0.015625 0.01953125
0 0.6953125 0.3828125 0.015625 0.01953125
0 0.7171875 0.36328125 0.015625 0.01953125
0 0.7046875 0.330078125 0.015625 0.01953125
0 0.7109375 0.44921875 0.015625 0.01953125
0 0.721875 0.482421875 0.015625 0.01953125
0 0.709375 0.517578125 0.015625 0.01953125
0 0.753125 0.54296875 0.015625 0.01953125
0 0.78125 0.501953125 0.015625 0.01953125
0 0.7921875 0.517578125 0.015625 0.01953125
0 0.8125 0.552734375 0.015625 0.01953125
0 0.7859375 0.572265625 0.015625 0.01953125
0 0.775 0.568359375 0.015625 0.01953125
0 0.7578125 0.583984375 0.015625 0.01953125
0 0.7328125 0.59375 0.015625 0.01953125
0 0.715625 0.599609375 0.015625 0.01953125
0 0.6890625 0.59375 0.015625 0.01953125
0 0.6671875 0.537109375 0.015625 0.01953125
0 0.6390625 0.48828125 0.015625 0.01953125
0 0.6734375 0.455078125 0.015625 0.01953125
0 0.83125 0.58984375 0.015625 0.01953125
0 0.875 0.56640625 0.015625 0.01953125
0 0.8703125 0.611328125 0.015625 0.01953125
0 0.79375 0.625 0.015625 0.01953125
0 0.7640625 0.650390625 0.015625 0.01953125
0 0.73125 0.666015625 0.015625 0.01953125
0 0.7296875 0.685546875 0.015625 0.01953125
0 0.7703125 0.732421875 0.015625 0.01953125
0 0.803125 0.68359375 0.015625 0.01953125
0 0.7890625 0.77734375 0.015625 0.01953125
0 0.821875 0.7578125 0.015625 0.01953125
0 0.8546875 0.71875 0.015625 0.01953125
0 0.8703125 0.748046875 0.015625 0.01953125
0 0.840625 0.791015625 0.015625 0.01953125
0 0.8078125 0.828125 0.015625 0.01953125
0 0.8328125 0.8671875 0.015625 0.01953125
0 0.8609375 0.841796875 0.015625 0.01953125
0 0.909375 0.822265625 0.015625 0.01953125
0 0.9578125 0.83203125 0.015625 0.01953125
0 0.975 0.869140625 0.015625 0.01953125
0 0.990625 0.8046875 0.015625 0.01953125
0 0.990625 0.87890625 0.015625 0.01953125
0 0.996875 0.919921875 0.015625 0.01953125
0 0.9796875 0.958984375 0.015625 0.01953125
0 0.9609375 0.94140625 0.015625 0.01953125
0 0.9640625 0.921875 0.015625 0.01953125
0 0.9453125 0.91796875 0.015625 0.01953125
0 0.9265625 0.9453125 0.015625 0.01953125
0 0.8921875 0.890625 0.015625 0.01953125
0 0.8453125 0.9140625 0.015625 0.01953125
0 0.8078125 0.9140625 0.015625 0.01953125
0 0.834375 0.96484375 0.015625 0.01953125
0 0.6671875 0.923828125 0.015625 0.01953125
0 0.6140625 0.666015625 0.015625 0.01953125
0 0.56875 0.630859375 0.015625 0.01953125
0 0.5796875 0.474609375 0.015625 0.01953125
0 0.5 0.732421875 0.015625 0.01953125
0 0.45 0.8984375 0.015625 0.01953125
0 0.43125 0.904296875 0.015625 0.01953125
0 0.3796875 0.923828125 0.015625 0.01953125
0 0.3609375 0.779296875 0.015625 0.01953125
0 0.3078125 0.84765625 0.015625 0.01953125
0 0.3 0.904296875 0.015625 0.01953125
0 0.2625 0.83984375 0.015625 0.01953125
0 0.2375 0.94140625 0.015625 0.01953125
0 0.209375 0.974609375 0.015625 0.01953125
0 0.03125 0.931640625 0.015625 0.01953125
0 0.0390625 0.765625 0.015625 0.01953125
0 0.15625 0.685546875 0.015625 0.01953125
0 0.303125 0.66015625 0.015625 0.01953125
0 0.2953125 0.712890625 0.015625 0.01953125
0 0.275 0.724609375 0.015625 0.01953125
0 0.2828125 0.73828125 0.015625 0.01953125
0 0.3765625 0.591796875 0.015625 0.01953125
0 0.2171875 0.525390625 0.015625 0.01953125
0 0.2578125 0.466796875 0.015625 0.01953125
0 0.39375 0.345703125 0.015625 0.01953125
0 0.46875 0.3046875 0.015625 0.01953125
0 0.1421875 0.337890625 0.015625 0.01953125
0 0.0921875 0.33984375 0.015625 0.01953125
0 0.1390625 0.623046875 0.015625 0.01953125
0 0.4359375 0.23828125 0.015625 0.01953125
0 0.471875 0.25 0.015625 0.01953125
0 0.5703125 0.263671875 0.015625 0.01953125
0 0.5984375 0.197265625 0.015625 0.01953125
0 0.6515625 0.14453125 0.015625 0.01953125
0 0.634375 0.0390625 0.015625 0.01953125
0 0.7828125 0.013671875 0.015625 0.01953125
0 0.7125 0.173828125 0.015625 0.01953125
0 0.31875 0.1875 0.015625 0.01953125
0 0.371875 0.083984375 0.015625 0.01953125
0 0.5171875 0.017578125 0.015625 0.01953125
0 0.9484375 0.0859375 0.015625 0.01953125
0 0.9953125 0.123046875 0.015625 0.01953125
0 0.0609375 0.1796875 0.015625 0.01953125
0 0.10625 0.146484375 0.015625 0.01953125
0 0.1296875 0.115234375 0.015625 0.01953125
0 0.09375 0.09375 0.015625 0.01953125
0 0.0703125 0.11328125 0.015625 0.01953125
0 0.0375 0.09765625 0.015625 0.01953125
0 0.03125 0.072265625 0.015625 0.01953125
0 0.0 0.025390625 0.015625 0.01953125
0 0.0484375 0.005859375 0.015625 0.01953125
0 0.1328125 0.044921875 0.015625 0.01953125
0 0.234375 0.03125 0.015625 0.01953125
0 0.15625 0.09765625 0.015625 0.01953125
0 0.025 0.177734375 0.015625 0.01953125
0 0.015625 0.1484375 0.015625 0.01953125
0 0.190625 0.005859375 0.015625 0.01953125
0 0.1078125 0.013671875 0.015625 0.01953125
0 0.0859375 0.78125 0.015625 0.01953125
0 0.046875 0.91796875 0.015625 0.01953125
0 0.8234375 0.927734375 0.015625 0.01953125
