0 0.3796875 0.5078125 0.015625 0.01953125
0 0.2421875 0.732421875 0.015625 0.01953125
0 0.2265625 0.7265625 0.015625 0.01953125
0 0.1390625 0.88671875 0.015625 0.01953125
0 0.415625 0.833984375 0.015625 0.01953125
0 0.3765625 0.958984375 0.015625 0.01953125
0 0.0125 0.7578125 0.015625 0.01953125
0 0.6125 0.638671875 0.015625 0.01953125
0 0.565625 0.1328125 0.015625 0.01953125
0 0.6140625 0.275390625 0.015625 0.01953125
0 0.61875 0.30859375 0.015625 0.01953125
0 0.75625 0.3828125 0.015625 0.01953125
0 0.790625 0.388671875 0.015625 0.01953125
0 0.18125 0.69921875 0.015625 0.01953125
0 0.5578125 0.9140625 0.015625 0.01953125
0 0.6890625 0.83203125 0.015625 0.01953125
0 0.64375 0.875 0.015625 0.01953125
0 0.68125 0.892578125 0.015625 0.01953125
0 0.7453125 0.841796875 0.015625 0.01953125
0 0.7859375 0.83984375 0.015625 0.01953125
0 0.8328125 0.86328125 0.015625 0.01953125
0 0.8640625 0.880859375 0.015625 0.01953125
0 0.884375 0.798828125 0.015625 0.01953125
0 0.7546875 0.96875 0.015625 0.01953125
0 0.71875 0.962890625 0.015625 0.01953125
0 0.7 0.921875 0.015625 0.01953125
0 0.625 0.982421875 0.015625 0.01953125
0 0.5875 0.98828125 0.015625 0.01953125
0 0.546875 0.966796875 0.015625 0.01953125
0 0.5734375 0.837890625 0.015625 0.01953125
0 0.6125 0.794921875 0.015625 0.01953125
0 0.6359375 0.8046875 0.015625 0.01953125
0 0.6609375 0.771484375 0.015625 0.01953125
0 0.7765625 0.744140625 0.015625 0.01953125
0 0.8078125 0.716796875 0.015625 0.01953125
0 0.8453125 0.740234375 0.015625 0.01953125
0 0.8296875 0.79296875 0.015625 0.01953125
0 0.9015625 0.884765625 0.015625 0.01953125
0 0.8890625 0.958984375 0.015625 0.01953125
0 0.6359375 0.705078125 0.015625 0.01953125
0 0.678125 0.66015625 0.015625 0.01953125
0 0.6765625 0.697265625 0.015625 0.01953125
0 0.803125 0.5859375 0.015625 0.01953125
0 0.7703125 0.685546875 0.015625 0.01953125
0 0.84375 0.462890625 0.015625 0.01953125
0 0.8203125 0.232421875 0.015625 0.01953125
0 0.7890625 0.173828125 0.015625 0.01953125
0 0.76875 0.9140625 0.015625 0.01953125
0 0.8125 0.919921875 0.015625 0.01953125
0 0.846875 0.92578125 0.015625 0.01953125
0 0.065625 0.556640625 0.015625 0.01953125
0 0.128125 0.365234375 0.015625 0.01953125
0 0.653125 0.94140625 0.015625 0.01953125
0 0.715625 0.712890625 0.015625 0.01953125
0 0.74375 0.71875 0.015625 0.01953125
0 0.3921875 0.296875 0.015625 0.01953125
0 0.0703125 0.37890625 0.015625 0.01953125
0 0.6703125 0.2734375 0.015625 0.01953125
0 0.309375 0.294921875 0.015625 0.01953125
0 0.03125 0.89453125 0.015625 0.01953125
0 0.6 0.6875 0.015625 0.01953125
0 0.590625 0.75 0.015625 0.01953125
0 0.6078125 0.8671875 0.015625 0.01953125
0 0.3578125 0.078125 0.015625 0.01953125
0 0.3171875 0.03125 0.015625 0.01953125
0 0.7625 0.783203125 0.015625 0.01953125
0 0.859375 0.662109375 0.015625 0.01953125
0 0.215625 0.490234375 0.015625 0.01953125
0 0.225 0.46875 0.015625 0.01953125
0 0.24375 0.47265625 0.015625 0.01953125
0 0.2484375 0.58984375 0.015625 0.01953125
