0 0.4078125 0.84375 0.015625 0.01953125
0 0.3765625 0.9609375 0.015625 0.01953125
0 0.2265625 0.732421875 0.015625 0.01953125
0 0.2421875 0.732421875 0.015625 0.01953125
0 0.5765625 0.578125 0.015625 0.01953125
0 0.6125 0.634765625 0.015625 0.01953125
0 0.65625 0.63671875 0.015625 0.01953125
0 0.659375 0.115234375 0.015625 0.01953125
0 0.5609375 0.126953125 0.015625 0.01953125
0 0.3546875 0.078125 0.015625 0.01953125
0 0.4015625 0.302734375 0.015625 0.01953125
0 0.3765625 0.51171875 0.015625 0.01953125
0 0.478125 0.669921875 0.015625 0.01953125
0 0.4859375 0.73828125 0.015625 0.01953125
0 0.0703125 0.548828125 0.015625 0.01953125
0 0.128125 0.369140625 0.015625 0.01953125
0 0.3921875 0.357421875 0.015625 0.01953125
0 0.4171875 0.328125 0.015625 0.01953125
0 0.559375 0.91015625 0.015625 0.01953125
0 0.546875 0.96875 0.015625 0.01953125
0 0.6953125 0.927734375 0.015625 0.01953125
0 0.715625 0.9609375 0.015625 0.01953125
0 0.7515625 0.978515625 0.015625 0.01953125
0 0.8234375 0.861328125 0.015625 0.01953125
0 0.8796875 0.8046875 0.015625 0.01953125
0 0.8296875 0.794921875 0.015625 0.01953125
0 0.8453125 0.744140625 0.015625 0.01953125
0 0.8578125 0.66796875 0.015625 0.01953125
0 0.8203125 0.630859375 0.015625 0.01953125
0 0.809375 0.5859375 0.015625 0.01953125
0 0.6625 0.765625 0.015625 0.01953125
0 0.634375 0.806640625 0.015625 0.01953125
0 0.6921875 0.83984375 0.015625 0.01953125
0 0.7515625 0.384765625 0.015625 0.01953125
0 0.840625 0.4609375 0.015625 0.01953125
0 0.640625 0.712890625 0.015625 0.01953125
0 0.7234375 0.904296875 0.015625 0.01953125
0 0.765625 0.91796875 0.015625 0.01953125
0 0.8125 0.92578125 0.015625 0.01953125
0 0.85 0.9296875 0.015625 0.01953125
0 0.8671875 0.880859375 0.015625 0.01953125
0 0.628125 0.984375 0.015625 0.01953125
0 0.5875 0.986328125 0.015625 0.01953125
0 0.6421875 0.873046875 0.015625 0.01953125
0 0.6734375 0.703125 0.015625 0.01953125
0 0.6796875 0.662109375 0.015625 0.01953125
0 0.61875 0.3046875 0.015625 0.01953125
0 0.6140625 0.275390625 0.015625 0.01953125
0 0.2796875 0.443359375 0.015625 0.01953125
0 0.3125 0.302734375 0.015625 0.01953125
0 0.584375 0.75390625 0.015625 0.01953125
0 0.6140625 0.791015625 0.015625 0.01953125
0 0.56875 0.83984375 0.015625 0.01953125
0 0.740625 0.83984375 0.015625 0.01953125
0 0.784375 0.841796875 0.015625 0.01953125
0 0.659375 0.943359375 0.015625 0.01953125
0 0.796875 0.787109375 0.015625 0.01953125
0 0.315625 0.03125 0.015625 0.01953125
0 0.178125 0.703125 0.015625 0.01953125
0 0.153125 0.884765625 0.015625 0.01953125
0 0.0234375 0.900390625 0.015625 0.01953125
0 0.009375 0.755859375 0.015625 0.01953125
0 0.215625 0.978515625 0.015625 0.01953125
0 0.246875 0.591796875 0.015625 0.01953125
0 0.2109375 0.494140625 0.015625 0.01953125
0 0.2265625 0.46484375 0.015625 0.01953125
0 0.2359375 0.47265625 0.015625 0.01953125
