0 0.653125 0.10546875 0.015625 0.01953125
0 0.7828125 0.201171875 0.015625 0.01953125
0 0.675 0.248046875 0.015625 0.01953125
0 0.634375 0.287109375 0.015625 0.01953125
0 0.6140625 0.2734375 0.015625 0.01953125
0 0.559375 0.10546875 0.015625 0.01953125
0 0.3546875 0.072265625 0.015625 0.01953125
0 0.4140625 0.30859375 0.015625 0.01953125
0 0.834375 0.599609375 0.015625 0.01953125
0 0.8140625 0.6328125 0.015625 0.01953125
0 0.7 0.630859375 0.015625 0.01953125
0 0.6734375 0.666015625 0.015625 0.01953125
0 0.6078125 0.63671875 0.015625 0.01953125
0 0.63125 0.708984375 0.015625 0.01953125
0 0.5890625 0.685546875 0.015625 0.01953125
0 0.6703125 0.69921875 0.015625 0.01953125
0 0.7109375 0.71875 0.015625 0.01953125
0 0.721875 0.6875 0.015625 0.01953125
0 0.7578125 0.685546875 0.015625 0.01953125
0 0.8015625 0.7265625 0.015625 0.01953125
0 0.825 0.794921875 0.015625 0.01953125
0 0.76875 0.744140625 0.015625 0.01953125
0 0.7375 0.7890625 0.015625 0.01953125
0 0.65625 0.765625 0.015625 0.01953125
0 0.6296875 0.798828125 0.015625 0.01953125
0 0.5609375 0.830078125 0.015625 0.01953125
0 0.6765625 0.826171875 0.015625 0.01953125
0 0.546875 0.908203125 0.015625 0.01953125
0 0.528125 0.96484375 0.015625 0.01953125
0 0.6640625 0.88671875 0.015625 0.01953125
0 0.6890625 0.9296875 0.015625 0.01953125
0 0.7078125 0.9609375 0.015625 0.01953125
0 0.740625 0.9765625 0.015625 0.01953125
0 0.8015625 0.923828125 0.015625 0.01953125
0 0.8140625 0.861328125 0.015625 0.01953125
0 0.890625 0.89453125 0.015625 0.01953125
0 0.8734375 0.80078125 0.015625 0.01953125
0 0.8609375 0.884765625 0.015625 0.01953125
0 0.834375 0.923828125 0.015625 0.01953125
0 0.875 0.96875 0.015625 0.01953125
0 0.775 0.84375 0.015625 0.01953125
0 0.79375 0.78125 0.015625 0.01953125
0 0.753125 0.91796875 0.015625 0.01953125
0 0.7328125 0.83984375 0.015625 0.01953125
0 0.6140625 0.984375 0.015625 0.01953125
0 0.5703125 0.98046875 0.015625 0.01953125
0 0.3703125 0.953125 0.015625 0.01953125
0 0.20625 0.93359375 0.015625 0.01953125
0 0.140625 0.86328125 0.015625 0.01953125
0 0.1765625 0.876953125 0.015625 0.01953125
0 0.175 0.697265625 0.015625 0.01953125
0 0.215625 0.720703125 0.015625 0.01953125
0 0.2390625 0.724609375 0.015625 0.01953125
0 0.35 0.509765625 0.015625 0.01953125
0 0.2453125 0.580078125 0.015625 0.01953125
0 0.16875 0.580078125 0.015625 0.01953125
0 0.125 0.603515625 0.015625 0.01953125
0 0.1390625 0.529296875 0.015625 0.01953125
0 0.3625 0.669921875 0.015625 0.01953125
0 0.46875 0.66796875 0.015625 0.01953125
0 0.484375 0.732421875 0.015625 0.01953125
0 0.7484375 0.388671875 0.015625 0.01953125
0 0.8296875 0.447265625 0.015625 0.01953125
0 0.946875 0.150390625 0.015625 0.01953125
0 0.946875 0.103515625 0.015625 0.01953125
0 0.5171875 0.310546875 0.015625 0.01953125
0 0.3125 0.029296875 0.015625 0.01953125
0 0.0625 0.185546875 0.015625 0.01953125
0 0.0265625 0.26953125 0.015625 0.01953125
0 0.01875 0.41796875 0.015625 0.01953125
0 0.0859375 0.515625 0.015625 0.01953125
0 0.11875 0.380859375 0.015625 0.01953125
0 0.1125 0.759765625 0.015625 0.01953125
0 0.0109375 0.744140625 0.015625 0.01953125
0 0.9828125 0.43359375 0.015625 0.01953125
0 0.965625 0.14453125 0.015625 0.01953125
0 0.7765625 0.625 0.015625 0.01953125
0 0.5546875 0.916015625 0.015625 0.01953125
0 0.3078125 0.361328125 0.015625 0.01953125
0 0.3578125 0.34375 0.015625 0.01953125
0 0.31875 0.310546875 0.015625 0.01953125
0 0.26875 0.435546875 0.015625 0.01953125
0 0.234375 0.466796875 0.015625 0.01953125
0 0.215625 0.4765625 0.015625 0.01953125
0 0.634375 0.873046875 0.015625 0.01953125
0 0.571875 0.58203125 0.015625 0.01953125
0 0.325 0.98046875 0.015625 0.01953125
0 0.23125 0.990234375 0.015625 0.01953125
0 0.16875 0.98828125 0.015625 0.01953125
0 0.021875 0.861328125 0.015625 0.01953125
0 0.775 0.373046875 0.015625 0.01953125
0 0.75625 0.78515625 0.015625 0.01953125
0 0.715625 0.904296875 0.015625 0.01953125
0 0.5671875 0.841796875 0.015625 0.01953125
0 0.6453125 0.80078125 0.015625 0.01953125
0 0.684375 0.787109375 0.015625 0.01953125
0 0.6953125 0.767578125 0.015625 0.01953125
0 0.740625 0.71875 0.015625 0.01953125
0 0.834375 0.744140625 0.015625 0.01953125
0 0.36875 0.865234375 0.015625 0.01953125
0 0.603125 0.787109375 0.015625 0.01953125
0 0.5875 0.779296875 0.015625 0.01953125
0 0.928125 0.044921875 0.015625 0.01953125
0 0.98125 0.05859375 0.015625 0.01953125
0 0.8015625 0.013671875 0.015625 0.01953125
0 0.86875 0.0234375 0.015625 0.01953125
0 0.8546875 0.666015625 0.015625 0.01953125
