0 0.8953125 0.849609375 0.015625 0.01953125
0 0.9359375 0.85546875 0.015625 0.01953125
0 0.934375 0.923828125 0.015625 0.01953125
0 0.8890625 0.94921875 0.015625 0.01953125
0 0.8921875 0.91015625 0.015625 0.01953125
0 0.8984375 0.7734375 0.015625 0.01953125
0 0.9 0.732421875 0.015625 0.01953125
0 0.91875 0.681640625 0.015625 0.01953125
0 0.9578125 0.689453125 0.015625 0.01953125
0 0.9921875 0.685546875 0.015625 0.01953125
0 0.8546875 0.74609375 0.015625 0.01953125
0 0.9359375 0.626953125 0.015625 0.01953125
0 0.7140625 0.64453125 0.015625 0.01953125
0 0.7421875 0.58984375 0.015625 0.01953125
0 0.9484375 0.419921875 0.015625 0.01953125
0 0.871875 0.392578125 0.015625 0.01953125
0 0.8984375 0.353515625 0.015625 0.01953125
0 0.9 0.326171875 0.015625 0.01953125
0 0.9265625 0.314453125 0.015625 0.01953125
0 0.8828125 0.294921875 0.015625 0.01953125
0 0.8671875 0.30078125 0.015625 0.01953125
0 0.8703125 0.337890625 0.015625 0.01953125
0 0.946875 0.36328125 0.015625 0.01953125
0 0.9234375 0.3671875 0.015625 0.01953125
0 0.928125 0.388671875 0.015625 0.01953125
0 0.625 0.154296875 0.015625 0.01953125
0 0.696875 0.142578125 0.015625 0.01953125
0 0.7046875 0.1640625 0.015625 0.01953125
0 0.4953125 0.296875 0.015625 0.01953125
0 0.509375 0.279296875 0.015625 0.01953125
0 0.4390625 0.099609375 0.015625 0.01953125
0 0.45 0.068359375 0.015625 0.01953125
0 0.2640625 0.166015625 0.015625 0.01953125
0 0.371875 0.3515625 0.015625 0.01953125
0 0.3734375 0.416015625 0.015625 0.01953125
0 0.4734375 0.46875 0.015625 0.01953125
0 0.4953125 0.4609375 0.015625 0.01953125
0 0.5 0.828125 0.015625 0.01953125
0 0.465625 0.8203125 0.015625 0.01953125
0 0.55 0.8828125 0.015625 0.01953125
0 0.5890625 0.9921875 0.015625 0.01953125
0 0.7078125 0.931640625 0.015625 0.01953125
0 0.4203125 0.73828125 0.015625 0.01953125
0 0.5234375 0.71484375 0.015625 0.01953125
0 0.3765625 0.556640625 0.015625 0.01953125
0 0.409375 0.591796875 0.015625 0.01953125
0 0.31875 0.4453125 0.015625 0.01953125
0 0.19375 0.4765625 0.015625 0.01953125
0 0.29375 0.57421875 0.015625 0.01953125
0 0.171875 0.6015625 0.015625 0.01953125
0 0.1640625 0.638671875 0.015625 0.01953125
0 0.3109375 0.923828125 0.015625 0.01953125
0 0.2046875 0.900390625 0.015625 0.01953125
0 0.2578125 0.875 0.015625 0.01953125
0 0.2359375 0.740234375 0.015625 0.01953125
0 0.109375 0.7109375 0.015625 0.01953125
0 0.209375 0.330078125 0.015625 0.01953125
0 0.134375 0.328125 0.015625 0.01953125
0 0.1328125 0.267578125 0.015625 0.01953125
0 0.846875 0.015625 0.015625 0.01953125
0 0.0484375 0.50390625 0.015625 0.01953125
0 0.040625 0.544921875 0.015625 0.01953125
0 0.13125 0.4453125 0.015625 0.01953125
0 0.2546875 0.435546875 0.015625 0.01953125
0 0.2828125 0.482421875 0.015625 0.01953125
0 0.140625 0.091796875 0.015625 0.01953125
0 0.8171875 0.095703125 0.015625 0.01953125
0 0.9703125 0.55078125 0.015625 0.01953125
0 0.8140625 0.138671875 0.015625 0.01953125
0 0.465625 0.65234375 0.015625 0.01953125
0 0.725 0.904296875 0.015625 0.01953125
