0 0.915625 0.935546875 0.015625 0.01953125
0 0.915625 0.896484375 0.015625 0.01953125
0 0.959375 0.908203125 0.015625 0.01953125
0 0.9625 0.841796875 0.015625 0.01953125
0 0.921875 0.833984375 0.015625 0.01953125
0 0.9265625 0.7578125 0.015625 0.01953125
0 0.9234375 0.716796875 0.015625 0.01953125
0 0.9390625 0.669921875 0.015625 0.01953125
0 0.975 0.671875 0.015625 0.01953125
0 0.953125 0.61328125 0.015625 0.01953125
0 0.9171875 0.607421875 0.015625 0.01953125
0 0.871875 0.73828125 0.015625 0.01953125
0 0.759375 0.5859375 0.015625 0.01953125
0 0.7328125 0.638671875 0.015625 0.01953125
0 0.7375 0.93359375 0.015625 0.01953125
0 0.9140625 0.40234375 0.015625 0.01953125
0 0.9890625 0.40234375 0.015625 0.01953125
0 0.9171875 0.3125 0.015625 0.01953125
0 0.9125 0.341796875 0.015625 0.01953125
0 0.909375 0.361328125 0.015625 0.01953125
0 0.93125 0.369140625 0.015625 0.01953125
0 0.940625 0.353515625 0.015625 0.01953125
0 0.9578125 0.35546875 0.015625 0.01953125
0 0.8984375 0.28125 0.015625 0.01953125
0 0.8859375 0.29296875 0.015625 0.01953125
0 0.4796875 0.482421875 0.015625 0.01953125
0 0.5421875 0.296875 0.015625 0.01953125
0 0.5203125 0.27734375 0.015625 0.01953125
0 0.6625 0.1328125 0.015625 0.01953125
0 0.7046875 0.1328125 0.015625 0.01953125
0 0.715625 0.162109375 0.015625 0.01953125
0 0.85 0.005859375 0.015625 0.01953125
0 0.6421875 0.005859375 0.015625 0.01953125
0 0.465625 0.07421875 0.015625 0.01953125
0 0.4609375 0.10546875 0.015625 0.01953125
0 0.3015625 0.07421875 0.015625 0.01953125
0 0.259375 0.06640625 0.015625 0.01953125
0 0.275 0.177734375 0.015625 0.01953125
0 0.15 0.25 0.015625 0.01953125
0 0.1734375 0.33203125 0.015625 0.01953125
0 0.225 0.369140625 0.015625 0.01953125
0 0.271875 0.447265625 0.015625 0.01953125
0 0.3 0.490234375 0.015625 0.01953125
0 0.334375 0.44921875 0.015625 0.01953125
0 0.359375 0.4296875 0.015625 0.01953125
0 0.428125 0.591796875 0.015625 0.01953125
0 0.4828125 0.603515625 0.015625 0.01953125
0 0.4671875 0.751953125 0.015625 0.01953125
0 0.4734375 0.84375 0.015625 0.01953125
0 0.5 0.841796875 0.015625 0.01953125
0 0.5765625 0.88671875 0.015625 0.01953125
0 0.6203125 0.994140625 0.015625 0.01953125
0 0.334375 0.888671875 0.015625 0.01953125
0 0.284375 0.884765625 0.015625 0.01953125
0 0.234375 0.9140625 0.015625 0.01953125
0 0.0390625 0.810546875 0.015625 0.01953125
0 0.0453125 0.517578125 0.015625 0.01953125
0 0.1484375 0.462890625 0.015625 0.01953125
0 0.2203125 0.482421875 0.015625 0.01953125
0 0.3125 0.587890625 0.015625 0.01953125
0 0.190625 0.615234375 0.015625 0.01953125
0 0.1875 0.65234375 0.015625 0.01953125
0 0.75625 0.900390625 0.015625 0.01953125
0 0.5546875 0.734375 0.015625 0.01953125
0 0.0640625 0.564453125 0.015625 0.01953125
0 0.478125 0.318359375 0.015625 0.01953125
0 0.8859375 0.62890625 0.015625 0.01953125
0 0.878125 0.787109375 0.015625 0.01953125
0 0.8734375 0.828125 0.015625 0.01953125
0 0.871875 0.935546875 0.015625 0.01953125
0 0.990625 0.5390625 0.015625 0.01953125
0 0.971875 0.7578125 0.015625 0.01953125
0 0.9703125 0.798828125 0.015625 0.01953125
0 0.9640625 0.95703125 0.015625 0.01953125
0 0.88125 0.669921875 0.015625 0.01953125
0 0.4546875 0.673828125 0.015625 0.01953125
0 0.39375 0.533203125 0.015625 0.01953125
0 0.403125 0.544921875 0.015625 0.01953125
0 0.4046875 0.568359375 0.015625 0.01953125
0 0.2640625 0.755859375 0.015625 0.01953125
0 0.1625 0.708984375 0.015625 0.01953125
0 0.390625 0.376953125 0.015625 0.01953125
0 0.8109375 0.12890625 0.015625 0.01953125
0 0.8265625 0.1328125 0.015625 0.01953125
0 0.8328125 0.087890625 0.015625 0.01953125
0 0.8390625 0.103515625 0.015625 0.01953125
0 0.1453125 0.10546875 0.015625 0.01953125
