0 0.953125 0.6171875 0.015625 0.01953125
0 0.9421875 0.67578125 0.015625 0.01953125
0 0.9734375 0.677734375 0.015625 0.01953125
0 0.9265625 0.712890625 0.015625 0.01953125
0 0.9265625 0.755859375 0.015625 0.01953125
0 0.9234375 0.833984375 0.015625 0.01953125
0 0.9203125 0.93359375 0.015625 0.01953125
0 0.965625 0.908203125 0.015625 0.01953125
0 0.9671875 0.84375 0.015625 0.01953125
0 0.759375 0.578125 0.015625 0.01953125
0 0.7359375 0.638671875 0.015625 0.01953125
0 0.9203125 0.404296875 0.015625 0.01953125
0 0.953125 0.36328125 0.015625 0.01953125
0 0.915625 0.361328125 0.015625 0.01953125
0 0.9125 0.341796875 0.015625 0.01953125
0 0.915625 0.318359375 0.015625 0.01953125
0 0.75625 0.904296875 0.015625 0.01953125
0 0.734375 0.935546875 0.015625 0.01953125
0 0.48125 0.490234375 0.015625 0.01953125
0 0.5515625 0.291015625 0.015625 0.01953125
0 0.51875 0.275390625 0.015625 0.01953125
0 0.6609375 0.123046875 0.015625 0.01953125
0 0.6328125 0.005859375 0.015625 0.01953125
0 0.465625 0.07421875 0.015625 0.01953125
0 0.46875 0.1015625 0.015625 0.01953125
0 0.2765625 0.091796875 0.015625 0.01953125
0 0.246875 0.08984375 0.015625 0.01953125
0 0.271875 0.177734375 0.015625 0.01953125
0 0.3859375 0.369140625 0.015625 0.01953125
0 0.35625 0.4296875 0.015625 0.01953125
0 0.3375 0.453125 0.015625 0.01953125
0 0.3 0.494140625 0.015625 0.01953125
0 0.2734375 0.44921875 0.015625 0.01953125
0 0.3078125 0.5859375 0.015625 0.01953125
0 0.4296875 0.595703125 0.015625 0.01953125
0 0.4890625 0.65625 0.015625 0.01953125
0 0.4765625 0.759765625 0.015625 0.01953125
0 0.4640625 0.853515625 0.015625 0.01953125
0 0.4953125 0.849609375 0.015625 0.01953125
0 0.5578125 0.73828125 0.015625 0.01953125
0 0.578125 0.8828125 0.015625 0.01953125
0 0.6203125 0.990234375 0.015625 0.01953125
0 0.21875 0.490234375 0.015625 0.01953125
0 0.21875 0.375 0.015625 0.01953125
0 0.18125 0.328125 0.015625 0.01953125
0 0.15 0.23828125 0.015625 0.01953125
0 0.1453125 0.453125 0.015625 0.01953125
0 0.0515625 0.5234375 0.015625 0.01953125
0 0.0609375 0.56640625 0.015625 0.01953125
0 0.23125 0.9140625 0.015625 0.01953125
0 0.2796875 0.884765625 0.015625 0.01953125
0 0.896875 0.287109375 0.015625 0.01953125
0 0.8796875 0.294921875 0.015625 0.01953125
0 0.7046875 0.13671875 0.015625 0.01953125
0 0.7109375 0.158203125 0.015625 0.01953125
0 0.853125 0.005859375 0.015625 0.01953125
0 0.4421875 0.673828125 0.015625 0.01953125
0 0.39375 0.537109375 0.015625 0.01953125
0 0.8171875 0.126953125 0.015625 0.01953125
0 0.8296875 0.095703125 0.015625 0.01953125
0 0.1703125 0.708984375 0.015625 0.01953125
0 0.878125 0.73828125 0.015625 0.01953125
0 0.8796875 0.67578125 0.015625 0.01953125
0 0.8828125 0.626953125 0.015625 0.01953125
0 0.878125 0.787109375 0.015625 0.01953125
0 0.8765625 0.826171875 0.015625 0.01953125
0 0.878125 0.93359375 0.015625 0.01953125
0 0.140625 0.111328125 0.015625 0.01953125
0 0.1875 0.619140625 0.015625 0.01953125
0 0.1953125 0.63671875 0.015625 0.01953125
0 0.9734375 0.7578125 0.015625 0.01953125
0 0.975 0.80078125 0.015625 0.01953125
0 0.9640625 0.95703125 0.015625 0.01953125
0 0.921875 0.89453125 0.015625 0.01953125
0 0.2625 0.759765625 0.015625 0.01953125
0 0.0375 0.818359375 0.015625 0.01953125
0 0.0078125 0.30859375 0.015625 0.01953125
0 0.4 0.560546875 0.015625 0.01953125
0 0.3375 0.87890625 0.015625 0.01953125
