0 0.9546875 0.623046875 0.015625 0.01953125
0 0.9390625 0.671875 0.015625 0.01953125
0 0.925 0.716796875 0.015625 0.01953125
0 0.928125 0.7578125 0.015625 0.01953125
0 0.9203125 0.83984375 0.015625 0.01953125
0 0.9171875 0.900390625 0.015625 0.01953125
0 0.915625 0.947265625 0.015625 0.01953125
0 0.9640625 0.962890625 0.015625 0.01953125
0 0.9640625 0.9140625 0.015625 0.01953125
0 0.96875 0.849609375 0.015625 0.01953125
0 0.7640625 0.583984375 0.015625 0.01953125
0 0.7375 0.64453125 0.015625 0.01953125
0 0.753125 0.908203125 0.015625 0.01953125
0 0.7390625 0.94140625 0.015625 0.01953125
0 0.5765625 0.888671875 0.015625 0.01953125
0 0.484375 0.759765625 0.015625 0.01953125
0 0.490625 0.71875 0.015625 0.01953125
0 0.490625 0.857421875 0.015625 0.01953125
0 0.565625 0.73828125 0.015625 0.01953125
0 0.4265625 0.59765625 0.015625 0.01953125
0 0.484375 0.49609375 0.015625 0.01953125
0 0.3515625 0.435546875 0.015625 0.01953125
0 0.334375 0.45703125 0.015625 0.01953125
0 0.2984375 0.494140625 0.015625 0.01953125
0 0.2734375 0.44921875 0.015625 0.01953125
0 0.215625 0.4921875 0.015625 0.01953125
0 0.309375 0.587890625 0.015625 0.01953125
0 0.05 0.541015625 0.015625 0.01953125
0 0.0609375 0.56640625 0.015625 0.01953125
0 0.1453125 0.46875 0.015625 0.01953125
0 0.2109375 0.37890625 0.015625 0.01953125
0 0.19375 0.328125 0.015625 0.01953125
0 0.15 0.236328125 0.015625 0.01953125
0 0.271875 0.1796875 0.015625 0.01953125
0 0.2578125 0.119140625 0.015625 0.01953125
0 0.146875 0.111328125 0.015625 0.01953125
0 0.4734375 0.10546875 0.015625 0.01953125
0 0.465625 0.078125 0.015625 0.01953125
0 0.5234375 0.283203125 0.015625 0.01953125
0 0.565625 0.294921875 0.015625 0.01953125
0 0.6703125 0.119140625 0.015625 0.01953125
0 0.7046875 0.138671875 0.015625 0.01953125
0 0.7140625 0.16015625 0.015625 0.01953125
0 0.89375 0.28515625 0.015625 0.01953125
0 0.8828125 0.298828125 0.015625 0.01953125
0 0.909375 0.341796875 0.015625 0.01953125
0 0.9171875 0.328125 0.015625 0.01953125
0 0.9140625 0.361328125 0.015625 0.01953125
0 0.9375 0.359375 0.015625 0.01953125
0 0.9515625 0.375 0.015625 0.01953125
0 0.93125 0.41015625 0.015625 0.01953125
0 0.4 0.56640625 0.015625 0.01953125
0 0.2296875 0.921875 0.015625 0.01953125
0 0.2796875 0.888671875 0.015625 0.01953125
0 0.3328125 0.8671875 0.015625 0.01953125
0 0.6234375 0.015625 0.015625 0.01953125
0 0.8453125 0.01171875 0.015625 0.01953125
0 0.9234375 0.251953125 0.015625 0.01953125
0 0.790625 0.25390625 0.015625 0.01953125
0 0.6203125 0.994140625 0.015625 0.01953125
0 0.0015625 0.310546875 0.015625 0.01953125
0 0.228125 0.115234375 0.015625 0.01953125
0 0.5921875 0.025390625 0.015625 0.01953125
0 0.040625 0.8125 0.015625 0.01953125
0 0.2625 0.7578125 0.015625 0.01953125
0 0.178125 0.701171875 0.015625 0.01953125
0 0.459375 0.8671875 0.015625 0.01953125
0 0.184375 0.6640625 0.015625 0.01953125
0 0.1921875 0.640625 0.015625 0.01953125
0 0.1921875 0.62109375 0.015625 0.01953125
0 0.3796875 0.376953125 0.015625 0.01953125
0 0.390625 0.53515625 0.015625 0.01953125
0 0.40625 0.544921875 0.015625 0.01953125
0 0.8171875 0.13671875 0.015625 0.01953125
0 0.8265625 0.08984375 0.015625 0.01953125
0 0.840625 0.109375 0.015625 0.01953125
0 0.8796875 0.6328125 0.015625 0.01953125
0 0.9171875 0.615234375 0.015625 0.01953125
0 0.8796875 0.677734375 0.015625 0.01953125
0 0.8828125 0.75 0.015625 0.01953125
0 0.88125 0.7890625 0.015625 0.01953125
0 0.878125 0.83203125 0.015625 0.01953125
0 0.875 0.943359375 0.015625 0.01953125
0 0.9765625 0.677734375 0.015625 0.01953125
0 0.975 0.765625 0.015625 0.01953125
0 0.971875 0.8046875 0.015625 0.01953125
0 0.4390625 0.685546875 0.015625 0.01953125
