0 0.2234375 0.154296875 0.015625 0.01953125
0 0.9125 0.349609375 0.015625 0.01953125
0 0.9265625 0.34375 0.015625 0.01953125
0 0.91875 0.37109375 0.015625 0.01953125
0 0.9375 0.3671875 0.015625 0.01953125
0 0.93125 0.384765625 0.015625 0.01953125
0 0.9515625 0.3828125 0.015625 0.01953125
0 0.94375 0.419921875 0.015625 0.01953125
0 0.99375 0.546875 0.015625 0.01953125
0 0.95 0.625 0.015625 0.01953125
0 0.9109375 0.62109375 0.015625 0.01953125
0 0.8875 0.64453125 0.015625 0.01953125
0 0.8859375 0.689453125 0.015625 0.01953125
0 0.884375 0.763671875 0.015625 0.01953125
0 0.8796875 0.8046875 0.015625 0.01953125
0 0.88125 0.853515625 0.015625 0.01953125
0 0.871875 0.951171875 0.015625 0.01953125
0 0.91875 0.96484375 0.015625 0.01953125
0 0.9203125 0.9140625 0.015625 0.01953125
0 0.921875 0.861328125 0.015625 0.01953125
0 0.9328125 0.783203125 0.015625 0.01953125
0 0.93125 0.732421875 0.015625 0.01953125
0 0.9359375 0.68359375 0.015625 0.01953125
0 0.9765625 0.6875 0.015625 0.01953125
0 0.975 0.775390625 0.015625 0.01953125
0 0.971875 0.814453125 0.015625 0.01953125
0 0.9703125 0.859375 0.015625 0.01953125
0 0.96875 0.927734375 0.015625 0.01953125
0 0.9671875 0.974609375 0.015625 0.01953125
0 0.7421875 0.9453125 0.015625 0.01953125
0 0.7609375 0.927734375 0.015625 0.01953125
0 0.7421875 0.650390625 0.015625 0.01953125
0 0.7671875 0.59375 0.015625 0.01953125
0 0.6859375 0.109375 0.015625 0.01953125
0 0.70625 0.146484375 0.015625 0.01953125
0 0.7140625 0.169921875 0.015625 0.01953125
0 0.8171875 0.138671875 0.015625 0.01953125
0 0.821875 0.11328125 0.015625 0.01953125
0 0.8359375 0.095703125 0.015625 0.01953125
0 0.9 0.294921875 0.015625 0.01953125
0 0.8875 0.302734375 0.015625 0.01953125
0 0.9328125 0.2578125 0.015625 0.01953125
0 0.8921875 0.419921875 0.015625 0.01953125
0 0.846875 0.0078125 0.015625 0.01953125
0 0.615625 0.025390625 0.015625 0.01953125
0 0.575 0.013671875 0.015625 0.01953125
0 0.5796875 0.041015625 0.015625 0.01953125
0 0.46875 0.08984375 0.015625 0.01953125
0 0.48125 0.10546875 0.015625 0.01953125
0 0.5796875 0.2890625 0.015625 0.01953125
0 0.728125 0.43359375 0.015625 0.01953125
0 0.65625 0.517578125 0.015625 0.01953125
0 0.7921875 0.26953125 0.015625 0.01953125
0 0.784375 0.244140625 0.015625 0.01953125
0 0.840625 0.11328125 0.015625 0.01953125
0 0.275 0.19140625 0.015625 0.01953125
0 0.153125 0.244140625 0.015625 0.01953125
0 0.2078125 0.333984375 0.015625 0.01953125
0 0.203125 0.373046875 0.015625 0.01953125
0 0.3640625 0.376953125 0.015625 0.01953125
0 0.346875 0.447265625 0.015625 0.01953125
0 0.2171875 0.498046875 0.015625 0.01953125
0 0.3875 0.54296875 0.015625 0.01953125
0 0.40625 0.552734375 0.015625 0.01953125
0 0.4046875 0.580078125 0.015625 0.01953125
0 0.4953125 0.51953125 0.015625 0.01953125
0 0.425 0.697265625 0.015625 0.01953125
0 0.490625 0.763671875 0.015625 0.01953125
0 0.5796875 0.740234375 0.015625 0.01953125
0 0.4796875 0.87109375 0.015625 0.01953125
0 0.45 0.888671875 0.015625 0.01953125
0 0.334375 0.853515625 0.015625 0.01953125
0 0.1921875 0.701171875 0.015625 0.01953125
0 0.1921875 0.666015625 0.015625 0.01953125
0 0.1921875 0.625 0.015625 0.01953125
0 0.046875 0.826171875 0.015625 0.01953125
0 0.0453125 0.56640625 0.015625 0.01953125
0 0.3171875 0.59765625 0.015625 0.01953125
