0 0.8265625 0.01171875 0.015625 0.01953125
0 0.3828125 0.546875 0.015625 0.01953125
0 0.340625 0.3828125 0.015625 0.01953125
0 0.215625 0.505859375 0.015625 0.01953125
0 0.2296875 0.330078125 0.015625 0.01953125
0 0.18125 0.359375 0.015625 0.01953125
0 0.034375 0.607421875 0.015625 0.01953125
0 0.0 0.541015625 0.015625 0.01953125
0 0.190625 0.6328125 0.015625 0.01953125
0 0.1953125 0.6640625 0.015625 0.01953125
0 0.184375 0.68359375 0.015625 0.01953125
0 0.2015625 0.681640625 0.015625 0.01953125
0 0.0375 0.833984375 0.015625 0.01953125
0 0.3265625 0.822265625 0.015625 0.01953125
0 0.4265625 0.912109375 0.015625 0.01953125
0 0.4546875 0.890625 0.015625 0.01953125
0 0.4015625 0.71484375 0.015625 0.01953125
0 0.471875 0.7734375 0.015625 0.01953125
0 0.88125 0.642578125 0.015625 0.01953125
0 0.9109375 0.626953125 0.015625 0.01953125
0 0.9515625 0.626953125 0.015625 0.01953125
0 0.928125 0.681640625 0.015625 0.01953125
0 0.928125 0.73828125 0.015625 0.01953125
0 0.925 0.783203125 0.015625 0.01953125
0 0.91875 0.861328125 0.015625 0.01953125
0 0.91875 0.9140625 0.015625 0.01953125
0 0.9171875 0.962890625 0.015625 0.01953125
0 0.8796875 0.69921875 0.015625 0.01953125
0 0.88125 0.765625 0.015625 0.01953125
0 0.875 0.80859375 0.015625 0.01953125
0 0.871875 0.8515625 0.015625 0.01953125
0 0.8765625 0.953125 0.015625 0.01953125
0 0.759375 0.939453125 0.015625 0.01953125
0 0.7390625 0.955078125 0.015625 0.01953125
0 0.9625 0.970703125 0.015625 0.01953125
0 0.9640625 0.927734375 0.015625 0.01953125
0 0.965625 0.865234375 0.015625 0.01953125
0 0.9703125 0.818359375 0.015625 0.01953125
0 0.96875 0.779296875 0.015625 0.01953125
0 0.975 0.689453125 0.015625 0.01953125
0 0.990625 0.546875 0.015625 0.01953125
0 0.9640625 0.4296875 0.015625 0.01953125
0 0.9515625 0.396484375 0.015625 0.01953125
0 0.9125 0.376953125 0.015625 0.01953125
0 0.90625 0.359375 0.015625 0.01953125
0 0.928125 0.384765625 0.015625 0.01953125
0 0.9359375 0.369140625 0.015625 0.01953125
0 0.9296875 0.349609375 0.015625 0.01953125
0 0.8984375 0.298828125 0.015625 0.01953125
0 0.8828125 0.310546875 0.015625 0.01953125
0 0.928125 0.255859375 0.015625 0.01953125
0 0.9890625 0.232421875 0.015625 0.01953125
0 0.809375 0.14453125 0.015625 0.01953125
0 0.828125 0.099609375 0.015625 0.01953125
0 0.7015625 0.08984375 0.015625 0.01953125
0 0.553125 0.0390625 0.015625 0.01953125
0 0.5859375 0.03515625 0.015625 0.01953125
0 0.1375 0.240234375 0.015625 0.01953125
0 0.1828125 0.1953125 0.015625 0.01953125
0 0.275 0.189453125 0.015625 0.01953125
0 0.4671875 0.095703125 0.015625 0.01953125
0 0.4859375 0.107421875 0.015625 0.01953125
0 0.2 0.6953125 0.015625 0.01953125
0 0.403125 0.5625 0.015625 0.01953125
0 0.3984375 0.587890625 0.015625 0.01953125
0 0.503125 0.546875 0.015625 0.01953125
0 0.628125 0.5234375 0.015625 0.01953125
0 0.734375 0.65234375 0.015625 0.01953125
0 0.7671875 0.599609375 0.015625 0.01953125
0 0.7234375 0.435546875 0.015625 0.01953125
0 0.8890625 0.423828125 0.015625 0.01953125
0 0.79375 0.26953125 0.015625 0.01953125
0 0.7734375 0.251953125 0.015625 0.01953125
0 0.7140625 0.17578125 0.015625 0.01953125
0 0.7046875 0.15234375 0.015625 0.01953125
0 0.6 0.28515625 0.015625 0.01953125
0 0.578125 0.71875 0.015625 0.01953125
0 0.3421875 0.45703125 0.015625 0.01953125
0 0.3140625 0.603515625 0.015625 0.01953125
0 0.2640625 0.771484375 0.015625 0.01953125
0 0.0625 0.58984375 0.015625 0.01953125
0 0.840625 0.119140625 0.015625 0.01953125
