0 0.328125 0.775390625 0.015625 0.01953125
0 0.4671875 0.083984375 0.015625 0.01953125
0 0.4859375 0.09375 0.015625 0.01953125
0 0.5609375 0.041015625 0.015625 0.01953125
0 0.5203125 0.041015625 0.015625 0.01953125
0 0.721875 0.0625 0.015625 0.01953125
0 0.809375 0.0078125 0.015625 0.01953125
0 0.9265625 0.34765625 0.015625 0.01953125
0 0.9078125 0.35546875 0.015625 0.01953125
0 0.8953125 0.296875 0.015625 0.01953125
0 0.878125 0.3046875 0.015625 0.01953125
0 0.9140625 0.373046875 0.015625 0.01953125
0 0.9359375 0.3671875 0.015625 0.01953125
0 0.928125 0.38671875 0.015625 0.01953125
0 0.94375 0.390625 0.015625 0.01953125
0 0.984375 0.421875 0.015625 0.01953125
0 0.990625 0.546875 0.015625 0.01953125
0 0.94375 0.626953125 0.015625 0.01953125
0 0.903125 0.626953125 0.015625 0.01953125
0 0.8765625 0.646484375 0.015625 0.01953125
0 0.878125 0.703125 0.015625 0.01953125
0 0.8765625 0.765625 0.015625 0.01953125
0 0.9265625 0.68359375 0.015625 0.01953125
0 0.96875 0.6875 0.015625 0.01953125
0 0.928125 0.740234375 0.015625 0.01953125
0 0.925 0.787109375 0.015625 0.01953125
0 0.925 0.865234375 0.015625 0.01953125
0 0.9171875 0.9140625 0.015625 0.01953125
0 0.91875 0.96484375 0.015625 0.01953125
0 0.965625 0.865234375 0.015625 0.01953125
0 0.959375 0.9296875 0.015625 0.01953125
0 0.9609375 0.970703125 0.015625 0.01953125
0 0.871875 0.94921875 0.015625 0.01953125
0 0.875 0.849609375 0.015625 0.01953125
0 0.875 0.8125 0.015625 0.01953125
0 0.9703125 0.7734375 0.015625 0.01953125
0 0.9703125 0.8125 0.015625 0.01953125
0 0.996875 0.630859375 0.015625 0.01953125
0 0.9890625 0.2265625 0.015625 0.01953125
0 0.99375 0.19140625 0.015625 0.01953125
0 0.9234375 0.2578125 0.015625 0.01953125
0 0.953125 0.333984375 0.015625 0.01953125
0 0.3375 0.37890625 0.015625 0.01953125
0 0.284375 0.181640625 0.015625 0.01953125
0 0.190625 0.1953125 0.015625 0.01953125
0 0.1265625 0.205078125 0.015625 0.01953125
0 0.159375 0.330078125 0.015625 0.01953125
0 0.253125 0.318359375 0.015625 0.01953125
0 0.215625 0.50390625 0.015625 0.01953125
0 0.3828125 0.54296875 0.015625 0.01953125
0 0.384375 0.5625 0.015625 0.01953125
0 0.40625 0.556640625 0.015625 0.01953125
0 0.4015625 0.578125 0.015625 0.01953125
0 0.1890625 0.62890625 0.015625 0.01953125
0 0.19375 0.65625 0.015625 0.01953125
0 0.1953125 0.6796875 0.015625 0.01953125
0 0.178125 0.6875 0.015625 0.01953125
0 0.3828125 0.736328125 0.015625 0.01953125
0 0.3890625 0.720703125 0.015625 0.01953125
0 0.453125 0.775390625 0.015625 0.01953125
0 0.43125 0.8984375 0.015625 0.01953125
0 0.4 0.935546875 0.015625 0.01953125
0 0.5046875 0.552734375 0.015625 0.01953125
0 0.7375 0.654296875 0.015625 0.01953125
0 0.7640625 0.607421875 0.015625 0.01953125
0 0.721875 0.435546875 0.015625 0.01953125
0 0.8890625 0.421875 0.015625 0.01953125
0 0.03125 0.568359375 0.015625 0.01953125
0 0.0140625 0.634765625 0.015625 0.01953125
0 0.528125 0.072265625 0.015625 0.01953125
0 0.7015625 0.1484375 0.015625 0.01953125
0 0.7125 0.173828125 0.015625 0.01953125
0 0.790625 0.263671875 0.015625 0.01953125
0 0.0421875 0.830078125 0.015625 0.01953125
0 0.3359375 0.453125 0.015625 0.01953125
0 0.309375 0.599609375 0.015625 0.01953125
0 0.25625 0.7734375 0.015625 0.01953125
