0 0.121875 0.201171875 0.015625 0.01953125
0 0.259375 0.232421875 0.015625 0.01953125
0 0.1140625 0.3359375 0.015625 0.01953125
0 0.3203125 0.357421875 0.015625 0.01953125
0 0.340625 0.2421875 0.015625 0.01953125
0 0.353125 0.390625 0.015625 0.01953125
0 0.2296875 0.591796875 0.015625 0.01953125
0 0.3515625 0.541015625 0.015625 0.01953125
0 0.325 0.6875 0.015625 0.01953125
0 0.4453125 0.833984375 0.015625 0.01953125
0 0.5234375 0.646484375 0.015625 0.01953125
0 0.1796875 0.810546875 0.015625 0.01953125
0 0.196875 0.76953125 0.015625 0.01953125
0 0.196875 0.71875 0.015625 0.01953125
0 0.1515625 0.732421875 0.015625 0.01953125
0 0.0546875 0.912109375 0.015625 0.01953125
0 0.265625 0.859375 0.015625 0.01953125
0 0.36875 0.98828125 0.015625 0.01953125
0 0.6046875 0.806640625 0.015625 0.01953125
0 0.7515625 0.740234375 0.015625 0.01953125
0 0.784375 0.74609375 0.015625 0.01953125
0 0.4859375 0.1484375 0.015625 0.01953125
0 0.5 0.16796875 0.015625 0.01953125
0 0.4984375 0.140625 0.015625 0.01953125
0 0.5296875 0.134765625 0.015625 0.01953125
0 0.5671875 0.08984375 0.015625 0.01953125
0 0.3828125 0.62890625 0.015625 0.01953125
0 0.41875 0.6171875 0.015625 0.01953125
0 0.4234375 0.662109375 0.015625 0.01953125
0 0.440625 0.697265625 0.015625 0.01953125
0 0.6109375 0.373046875 0.015625 0.01953125
0 0.7171875 0.251953125 0.015625 0.01953125
0 0.725 0.224609375 0.015625 0.01953125
0 0.8265625 0.224609375 0.015625 0.01953125
0 0.8421875 0.1953125 0.015625 0.01953125
0 0.840625 0.185546875 0.015625 0.01953125
0 0.81875 0.13671875 0.015625 0.01953125
0 0.7671875 0.083984375 0.015625 0.01953125
0 0.9203125 0.396484375 0.015625 0.01953125
0 0.91875 0.447265625 0.015625 0.01953125
0 0.928125 0.470703125 0.015625 0.01953125
0 0.946875 0.482421875 0.015625 0.01953125
0 0.946875 0.44921875 0.015625 0.01953125
0 0.9359375 0.4296875 0.015625 0.01953125
0 0.934375 0.45703125 0.015625 0.01953125
0 0.971875 0.431640625 0.015625 0.01953125
0 0.353125 0.83984375 0.015625 0.01953125
0 0.353125 0.818359375 0.015625 0.01953125
0 0.003125 0.43359375 0.015625 0.01953125
0 0.1546875 0.203125 0.015625 0.01953125
0 0.8984375 0.7109375 0.015625 0.01953125
0 0.8859375 0.75 0.015625 0.01953125
0 0.884375 0.802734375 0.015625 0.01953125
0 0.8828125 0.865234375 0.015625 0.01953125
0 0.8875 0.912109375 0.015625 0.01953125
0 0.884375 0.955078125 0.015625 0.01953125
0 0.9359375 0.96484375 0.015625 0.01953125
0 0.93125 0.88671875 0.015625 0.01953125
0 0.9328125 0.8359375 0.015625 0.01953125
0 0.9328125 0.783203125 0.015625 0.01953125
0 0.971875 0.7734375 0.015625 0.01953125
0 0.9484375 0.712890625 0.015625 0.01953125
0 0.978125 0.865234375 0.015625 0.01953125
0 0.971875 0.91015625 0.015625 0.01953125
0 0.9734375 0.966796875 0.015625 0.01953125
0 0.98125 0.720703125 0.015625 0.01953125
0 0.9984375 0.630859375 0.015625 0.01953125
0 0.7296875 0.529296875 0.015625 0.01953125
0 0.8046875 0.3515625 0.015625 0.01953125
0 0.896875 0.392578125 0.015625 0.01953125
0 0.9421875 0.341796875 0.015625 0.01953125
0 0.7171875 0.00390625 0.015625 0.01953125
0 0.2125 0.01171875 0.015625 0.01953125
