0 0.190625 0.21875 0.015625 0.01953125
0 0.1765625 0.361328125 0.015625 0.01953125
0 0.090625 0.4765625 0.015625 0.01953125
0 0.0484375 0.484375 0.015625 0.01953125
0 0.0625 0.50390625 0.015625 0.01953125
0 0.303125 0.638671875 0.015625 0.01953125
0 0.021875 0.65234375 0.015625 0.01953125
0 0.059375 0.693359375 0.015625 0.01953125
0 0.0453125 0.73046875 0.015625 0.01953125
0 0.05 0.76171875 0.015625 0.01953125
0 0.034375 0.7421875 0.015625 0.01953125
0 0.046875 0.876953125 0.015625 0.01953125
0 0.1234375 0.955078125 0.015625 0.01953125
0 0.2328125 0.869140625 0.015625 0.01953125
0 0.2671875 0.8125 0.015625 0.01953125
0 0.2390625 0.791015625 0.015625 0.01953125
0 0.278125 0.763671875 0.015625 0.01953125
0 0.23125 0.609375 0.015625 0.01953125
0 0.3921875 0.734375 0.015625 0.01953125
0 0.409375 0.873046875 0.015625 0.01953125
0 0.4203125 0.869140625 0.015625 0.01953125
0 0.528125 0.900390625 0.015625 0.01953125
0 0.8265625 0.787109375 0.015625 0.01953125
0 0.85625 0.798828125 0.015625 0.01953125
0 0.6078125 0.685546875 0.015625 0.01953125
0 0.4203125 0.580078125 0.015625 0.01953125
0 0.4890625 0.669921875 0.015625 0.01953125
0 0.5 0.71875 0.015625 0.01953125
0 0.51875 0.748046875 0.015625 0.01953125
0 0.4109375 0.390625 0.015625 0.01953125
0 0.428125 0.27734375 0.015625 0.01953125
0 0.559375 0.193359375 0.015625 0.01953125
0 0.6078125 0.181640625 0.015625 0.01953125
0 0.5765625 0.18359375 0.015625 0.01953125
0 0.575 0.216796875 0.015625 0.01953125
0 0.6578125 0.1484375 0.015625 0.01953125
0 0.834375 0.130859375 0.015625 0.01953125
0 0.9109375 0.177734375 0.015625 0.01953125
0 0.9140625 0.220703125 0.015625 0.01953125
0 0.91875 0.236328125 0.015625 0.01953125
0 0.9046875 0.265625 0.015625 0.01953125
0 0.896875 0.27734375 0.015625 0.01953125
0 0.803125 0.302734375 0.015625 0.01953125
0 0.80625 0.263671875 0.015625 0.01953125
0 0.8796875 0.392578125 0.015625 0.01953125
0 0.96875 0.43359375 0.015625 0.01953125
0 0.9859375 0.43359375 0.015625 0.01953125
0 0.9859375 0.486328125 0.015625 0.01953125
0 0.996875 0.5078125 0.015625 0.01953125
0 0.9734375 0.552734375 0.015625 0.01953125
0 0.80625 0.576171875 0.015625 0.01953125
0 0.9609375 0.76953125 0.015625 0.01953125
0 0.965625 0.810546875 0.015625 0.01953125
0 0.9625 0.861328125 0.015625 0.01953125
0 0.959375 0.92578125 0.015625 0.01953125
0 0.953125 0.970703125 0.015625 0.01953125
0 0.684375 0.865234375 0.015625 0.01953125
0 0.6046875 0.41796875 0.015625 0.01953125
0 0.625 0.62890625 0.015625 0.01953125
0 0.415625 0.755859375 0.015625 0.01953125
0 0.4734375 0.69921875 0.015625 0.01953125
0 0.4625 0.669921875 0.015625 0.01953125
0 0.3515625 0.900390625 0.015625 0.01953125
0 0.809375 0.048828125 0.015625 0.01953125
0 0.1484375 0.71484375 0.015625 0.01953125
0 0.346875 0.259765625 0.015625 0.01953125
0 0.403125 0.001953125 0.015625 0.01953125
0 0.703125 0.00390625 0.015625 0.01953125
0 0.8234375 0.0 0.015625 0.01953125
0 0.0671875 0.74609375 0.015625 0.01953125
0 0.08125 0.7109375 0.015625 0.01953125
0 0.0046875 0.740234375 0.015625 0.01953125
