0 0.0625 0.50390625 0.015625 0.01953125
0 0.096875 0.4921875 0.015625 0.01953125
0 0.1796875 0.359375 0.015625 0.01953125
0 0.196875 0.216796875 0.015625 0.01953125
0 0.0359375 0.6796875 0.015625 0.01953125
0 0.06875 0.708984375 0.015625 0.01953125
0 0.0578125 0.748046875 0.015625 0.01953125
0 0.0671875 0.7734375 0.015625 0.01953125
0 0.040625 0.76953125 0.015625 0.01953125
0 0.0125 0.703125 0.015625 0.01953125
0 0.053125 0.9140625 0.015625 0.01953125
0 0.046875 0.923828125 0.015625 0.01953125
0 0.1375 0.970703125 0.015625 0.01953125
0 0.1265625 0.990234375 0.015625 0.01953125
0 0.2296875 0.888671875 0.015625 0.01953125
0 0.2734375 0.8359375 0.015625 0.01953125
0 0.2609375 0.81640625 0.015625 0.01953125
0 0.284375 0.7734375 0.015625 0.01953125
0 0.3078125 0.642578125 0.015625 0.01953125
0 0.40625 0.748046875 0.015625 0.01953125
0 0.4375 0.59375 0.015625 0.01953125
0 0.4109375 0.89453125 0.015625 0.01953125
0 0.421875 0.8828125 0.015625 0.01953125
0 0.3578125 0.919921875 0.015625 0.01953125
0 0.5421875 0.923828125 0.015625 0.01953125
0 0.61875 0.69921875 0.015625 0.01953125
0 0.625 0.638671875 0.015625 0.01953125
0 0.690625 0.865234375 0.015625 0.01953125
0 0.8359375 0.798828125 0.015625 0.01953125
0 0.871875 0.82421875 0.015625 0.01953125
0 0.96875 0.974609375 0.015625 0.01953125
0 0.96875 0.939453125 0.015625 0.01953125
0 0.9734375 0.880859375 0.015625 0.01953125
0 0.971875 0.822265625 0.015625 0.01953125
0 0.9734375 0.77734375 0.015625 0.01953125
0 0.9875 0.568359375 0.015625 0.01953125
0 0.9953125 0.5078125 0.015625 0.01953125
0 0.9984375 0.470703125 0.015625 0.01953125
0 0.98125 0.44921875 0.015625 0.01953125
0 0.8203125 0.587890625 0.015625 0.01953125
0 0.890625 0.41015625 0.015625 0.01953125
0 0.6953125 0.4375 0.015625 0.01953125
0 0.43125 0.392578125 0.015625 0.01953125
0 0.41875 0.458984375 0.015625 0.01953125
0 0.4515625 0.296875 0.015625 0.01953125
0 0.371875 0.265625 0.015625 0.01953125
0 0.2375 0.265625 0.015625 0.01953125
0 0.490625 0.169921875 0.015625 0.01953125
0 0.575 0.212890625 0.015625 0.01953125
0 0.5875 0.197265625 0.015625 0.01953125
0 0.6171875 0.193359375 0.015625 0.01953125
0 0.5859375 0.23046875 0.015625 0.01953125
0 0.671875 0.1796875 0.015625 0.01953125
0 0.8109375 0.27734375 0.015625 0.01953125
0 0.809375 0.3125 0.015625 0.01953125
0 0.91875 0.28515625 0.015625 0.01953125
0 0.921875 0.244140625 0.015625 0.01953125
0 0.9328125 0.19921875 0.015625 0.01953125
0 0.8296875 0.13671875 0.015625 0.01953125
0 0.809375 0.07421875 0.015625 0.01953125
0 0.821875 0.009765625 0.015625 0.01953125
0 0.715625 0.01171875 0.015625 0.01953125
0 0.41875 0.013671875 0.015625 0.01953125
0 0.3015625 0.07421875 0.015625 0.01953125
0 0.528125 0.755859375 0.015625 0.01953125
0 0.509375 0.73046875 0.015625 0.01953125
0 0.5078125 0.68359375 0.015625 0.01953125
0 0.490625 0.712890625 0.015625 0.01953125
0 0.475 0.681640625 0.015625 0.01953125
0 0.521875 0.279296875 0.015625 0.01953125
0 0.4375 0.744140625 0.015625 0.01953125
0 0.8734375 0.396484375 0.015625 0.01953125
