0 0.5109375 0.279296875 0.015625 0.01953125
0 0.45 0.296875 0.015625 0.01953125
0 0.375 0.2578125 0.015625 0.01953125
0 0.4390625 0.392578125 0.015625 0.01953125
0 0.428125 0.455078125 0.015625 0.01953125
0 0.696875 0.43359375 0.015625 0.01953125
0 0.5859375 0.228515625 0.015625 0.01953125
0 0.5859375 0.19921875 0.015625 0.01953125
0 0.6125 0.189453125 0.015625 0.01953125
0 0.5703125 0.205078125 0.015625 0.01953125
0 0.678125 0.185546875 0.015625 0.01953125
0 0.8265625 0.134765625 0.015625 0.01953125
0 0.809375 0.07421875 0.015625 0.01953125
0 0.8125 0.275390625 0.015625 0.01953125
0 0.8078125 0.310546875 0.015625 0.01953125
0 0.9125 0.287109375 0.015625 0.01953125
0 0.921875 0.24609375 0.015625 0.01953125
0 0.9421875 0.205078125 0.015625 0.01953125
0 0.978125 0.451171875 0.015625 0.01953125
0 0.8859375 0.408203125 0.015625 0.01953125
0 0.8328125 0.798828125 0.015625 0.01953125
0 0.8703125 0.833984375 0.015625 0.01953125
0 0.9671875 0.771484375 0.015625 0.01953125
0 0.9703125 0.818359375 0.015625 0.01953125
0 0.96875 0.876953125 0.015625 0.01953125
0 0.9703125 0.927734375 0.015625 0.01953125
0 0.965625 0.962890625 0.015625 0.01953125
0 0.55 0.92578125 0.015625 0.01953125
0 0.684375 0.86328125 0.015625 0.01953125
0 0.521875 0.7578125 0.015625 0.01953125
0 0.5125 0.7265625 0.015625 0.01953125
0 0.5046875 0.69140625 0.015625 0.01953125
0 0.484375 0.728515625 0.015625 0.01953125
0 0.4703125 0.681640625 0.015625 0.01953125
0 0.4390625 0.734375 0.015625 0.01953125
0 0.4046875 0.748046875 0.015625 0.01953125
0 0.4328125 0.59765625 0.015625 0.01953125
0 0.3078125 0.650390625 0.015625 0.01953125
0 0.284375 0.77734375 0.015625 0.01953125
0 0.359375 0.912109375 0.015625 0.01953125
0 0.4140625 0.8984375 0.015625 0.01953125
0 0.4109375 0.884765625 0.015625 0.01953125
0 0.25625 0.826171875 0.015625 0.01953125
0 0.2796875 0.83203125 0.015625 0.01953125
0 0.225 0.892578125 0.015625 0.01953125
0 0.1265625 0.982421875 0.015625 0.01953125
0 0.1296875 0.96875 0.015625 0.01953125
0 0.0484375 0.919921875 0.015625 0.01953125
0 0.03125 0.9296875 0.015625 0.01953125
0 0.0484375 0.73828125 0.015625 0.01953125
0 0.065625 0.763671875 0.015625 0.01953125
0 0.0671875 0.7109375 0.015625 0.01953125
0 0.0390625 0.68359375 0.015625 0.01953125
0 0.009375 0.708984375 0.015625 0.01953125
0 0.0984375 0.48828125 0.015625 0.01953125
0 0.1703125 0.357421875 0.015625 0.01953125
0 0.2375 0.26171875 0.015625 0.01953125
0 0.19375 0.205078125 0.015625 0.01953125
0 0.06875 0.51171875 0.015625 0.01953125
0 0.4140625 0.015625 0.015625 0.01953125
0 0.715625 0.01171875 0.015625 0.01953125
0 0.809375 0.0078125 0.015625 0.01953125
0 0.496875 0.21875 0.015625 0.01953125
0 0.034375 0.7578125 0.015625 0.01953125
0 0.6171875 0.703125 0.015625 0.01953125
0 0.615625 0.625 0.015625 0.01953125
