0 0.0140625 0.728515625 0.015625 0.01953125
0 0.0328125 0.75390625 0.015625 0.01953125
0 0.0453125 0.73828125 0.015625 0.01953125
0 0.0359375 0.69921875 0.015625 0.01953125
0 0.0609375 0.7109375 0.015625 0.01953125
0 0.078125 0.748046875 0.015625 0.01953125
0 0.065625 0.751953125 0.015625 0.01953125
0 0.203125 0.876953125 0.015625 0.01953125
0 0.128125 0.962890625 0.015625 0.01953125
0 0.028125 0.9296875 0.015625 0.01953125
0 0.2734375 0.828125 0.015625 0.01953125
0 0.25 0.82421875 0.015625 0.01953125
0 0.2703125 0.775390625 0.015625 0.01953125
0 0.35625 0.904296875 0.015625 0.01953125
0 0.403125 0.73828125 0.015625 0.01953125
0 0.309375 0.638671875 0.015625 0.01953125
0 0.434375 0.587890625 0.015625 0.01953125
0 0.5046875 0.66796875 0.015625 0.01953125
0 0.503125 0.71484375 0.015625 0.01953125
0 0.46875 0.666015625 0.015625 0.01953125
0 0.4875 0.712890625 0.015625 0.01953125
0 0.440625 0.6875 0.015625 0.01953125
0 0.4109375 0.875 0.015625 0.01953125
0 0.4109375 0.900390625 0.015625 0.01953125
0 0.56875 0.884765625 0.015625 0.01953125
0 0.5734375 0.810546875 0.015625 0.01953125
0 0.5203125 0.7421875 0.015625 0.01953125
0 0.61875 0.681640625 0.015625 0.01953125
0 0.828125 0.791015625 0.015625 0.01953125
0 0.8734375 0.82421875 0.015625 0.01953125
0 0.96875 0.943359375 0.015625 0.01953125
0 0.96875 0.908203125 0.015625 0.01953125
0 0.9703125 0.794921875 0.015625 0.01953125
0 0.96875 0.7578125 0.015625 0.01953125
0 0.975 0.44921875 0.015625 0.01953125
0 0.9984375 0.453125 0.015625 0.01953125
0 0.9984375 0.474609375 0.015625 0.01953125
0 0.9828125 0.556640625 0.015625 0.01953125
0 0.8859375 0.404296875 0.015625 0.01953125
0 0.6984375 0.423828125 0.015625 0.01953125
0 0.615625 0.4296875 0.015625 0.01953125
0 0.5140625 0.44921875 0.015625 0.01953125
0 0.4546875 0.4453125 0.015625 0.01953125
0 0.4421875 0.3671875 0.015625 0.01953125
0 0.459375 0.287109375 0.015625 0.01953125
0 0.3828125 0.24609375 0.015625 0.01953125
0 0.496875 0.287109375 0.015625 0.01953125
0 0.5671875 0.197265625 0.015625 0.01953125
0 0.5859375 0.220703125 0.015625 0.01953125
0 0.5859375 0.1875 0.015625 0.01953125
0 0.609375 0.1875 0.015625 0.01953125
0 0.809375 0.126953125 0.015625 0.01953125
0 0.80625 0.06640625 0.015625 0.01953125
0 0.7984375 0.041015625 0.015625 0.01953125
0 0.8140625 0.26953125 0.015625 0.01953125
0 0.8046875 0.302734375 0.015625 0.01953125
0 0.9109375 0.2734375 0.015625 0.01953125
0 0.9234375 0.275390625 0.015625 0.01953125
0 0.9234375 0.244140625 0.015625 0.01953125
0 0.959375 0.205078125 0.015625 0.01953125
0 0.1578125 0.328125 0.015625 0.01953125
0 0.1875 0.171875 0.015625 0.01953125
0 0.09375 0.478515625 0.015625 0.01953125
0 0.0640625 0.494140625 0.015625 0.01953125
0 0.3015625 0.0703125 0.015625 0.01953125
0 0.4109375 0.0078125 0.015625 0.01953125
0 0.7078125 0.00390625 0.015625 0.01953125
0 0.81875 0.578125 0.015625 0.01953125
0 0.6046875 0.609375 0.015625 0.01953125
0 0.9625 0.861328125 0.015625 0.01953125
0 0.6890625 0.8515625 0.015625 0.01953125
