0 0.4625 0.283203125 0.015625 0.01953125
0 0.39375 0.25 0.015625 0.01953125
0 0.2359375 0.248046875 0.015625 0.01953125
0 0.190625 0.15234375 0.015625 0.01953125
0 0.0921875 0.470703125 0.015625 0.01953125
0 0.403125 0.740234375 0.015625 0.01953125
0 0.3046875 0.638671875 0.015625 0.01953125
0 0.5734375 0.89453125 0.015625 0.01953125
0 0.6953125 0.8515625 0.015625 0.01953125
0 0.8296875 0.7890625 0.015625 0.01953125
0 0.8671875 0.8203125 0.015625 0.01953125
0 0.6109375 0.671875 0.015625 0.01953125
0 0.6015625 0.701171875 0.015625 0.01953125
0 0.50625 0.71484375 0.015625 0.01953125
0 0.484375 0.705078125 0.015625 0.01953125
0 0.5 0.658203125 0.015625 0.01953125
0 0.4640625 0.671875 0.015625 0.01953125
0 0.8125 0.267578125 0.015625 0.01953125
0 0.609375 0.1875 0.015625 0.01953125
0 0.5875 0.1875 0.015625 0.01953125
0 0.5640625 0.193359375 0.015625 0.01953125
0 0.584375 0.216796875 0.015625 0.01953125
0 0.4890625 0.2890625 0.015625 0.01953125
0 0.4703125 0.333984375 0.015625 0.01953125
0 0.453125 0.35546875 0.015625 0.01953125
0 0.428125 0.583984375 0.015625 0.01953125
0 0.15625 0.712890625 0.015625 0.01953125
0 0.0578125 0.712890625 0.015625 0.01953125
0 0.028125 0.724609375 0.015625 0.01953125
0 0.1828125 0.876953125 0.015625 0.01953125
0 0.0578125 0.48828125 0.015625 0.01953125
0 0.146875 0.310546875 0.015625 0.01953125
0 0.909375 0.275390625 0.015625 0.01953125
0 0.9203125 0.234375 0.015625 0.01953125
0 0.965625 0.20703125 0.015625 0.01953125
0 0.803125 0.119140625 0.015625 0.01953125
0 0.80625 0.30078125 0.015625 0.01953125
0 0.975 0.44140625 0.015625 0.01953125
0 0.9953125 0.443359375 0.015625 0.01953125
0 0.9921875 0.470703125 0.015625 0.01953125
0 0.7 0.435546875 0.015625 0.01953125
0 0.40625 0.88671875 0.015625 0.01953125
0 0.959375 0.939453125 0.015625 0.01953125
0 0.971875 0.90625 0.015625 0.01953125
0 0.13125 0.9609375 0.015625 0.01953125
0 0.0140625 0.93359375 0.015625 0.01953125
0 0.03125 0.748046875 0.015625 0.01953125
0 0.0421875 0.732421875 0.015625 0.01953125
0 0.01875 0.775390625 0.015625 0.01953125
0 0.696875 0.205078125 0.015625 0.01953125
0 0.7921875 0.05859375 0.015625 0.01953125
0 0.815625 0.57421875 0.015625 0.01953125
0 0.596875 0.59765625 0.015625 0.01953125
0 0.5703125 0.462890625 0.015625 0.01953125
0 0.4578125 0.4453125 0.015625 0.01953125
0 0.715625 0.001953125 0.015625 0.01953125
0 0.9375 0.248046875 0.015625 0.01953125
0 0.3 0.06640625 0.015625 0.01953125
0 0.4140625 0.005859375 0.015625 0.01953125
0 0.26875 0.779296875 0.015625 0.01953125
0 0.25 0.814453125 0.015625 0.01953125
0 0.278125 0.833984375 0.015625 0.01953125
0 0.35 0.908203125 0.015625 0.01953125
0 0.965625 0.857421875 0.015625 0.01953125
0 0.96875 0.794921875 0.015625 0.01953125
0 0.96875 0.75390625 0.015625 0.01953125
0 0.9828125 0.564453125 0.015625 0.01953125
0 0.871875 0.388671875 0.015625 0.01953125
0 0.8875 0.400390625 0.015625 0.01953125
0 0.784375 0.021484375 0.015625 0.01953125
