0 0.4140625 0.0078125 0.015625 0.01953125
0 0.78125 0.04296875 0.015625 0.01953125
0 0.8078125 0.119140625 0.015625 0.01953125
0 0.8125 0.267578125 0.015625 0.01953125
0 0.303125 0.640625 0.015625 0.01953125
0 0.434375 0.587890625 0.015625 0.01953125
0 0.3984375 0.732421875 0.015625 0.01953125
0 0.50625 0.71484375 0.015625 0.01953125
0 0.48125 0.701171875 0.015625 0.01953125
0 0.465625 0.6640625 0.015625 0.01953125
0 0.446875 0.658203125 0.015625 0.01953125
0 0.496875 0.650390625 0.015625 0.01953125
0 0.6109375 0.671875 0.015625 0.01953125
0 0.4015625 0.8828125 0.015625 0.01953125
0 0.3546875 0.908203125 0.015625 0.01953125
0 0.1734375 0.880859375 0.015625 0.01953125
0 0.025 0.7734375 0.015625 0.01953125
0 0.028125 0.7421875 0.015625 0.01953125
0 0.0640625 0.720703125 0.015625 0.01953125
0 0.05 0.73828125 0.015625 0.01953125
0 0.065625 0.494140625 0.015625 0.01953125
0 0.4609375 0.345703125 0.015625 0.01953125
0 0.4671875 0.275390625 0.015625 0.01953125
0 0.565625 0.203125 0.015625 0.01953125
0 0.58125 0.181640625 0.015625 0.01953125
0 0.58125 0.2109375 0.015625 0.01953125
0 0.6046875 0.1875 0.015625 0.01953125
0 0.9125 0.275390625 0.015625 0.01953125
0 0.928125 0.240234375 0.015625 0.01953125
0 0.9796875 0.212890625 0.015625 0.01953125
0 0.8015625 0.30078125 0.015625 0.01953125
0 0.7046875 0.208984375 0.015625 0.01953125
0 0.971875 0.4453125 0.015625 0.01953125
0 0.996875 0.435546875 0.015625 0.01953125
0 0.990625 0.4609375 0.015625 0.01953125
0 0.8265625 0.78515625 0.015625 0.01953125
0 0.5734375 0.900390625 0.015625 0.01953125
0 0.86875 0.818359375 0.015625 0.01953125
0 0.3953125 0.24609375 0.015625 0.01953125
0 0.1828125 0.140625 0.015625 0.01953125
0 0.7109375 0.001953125 0.015625 0.01953125
0 0.09375 0.4765625 0.015625 0.01953125
0 0.053125 0.484375 0.015625 0.01953125
0 0.265625 0.787109375 0.015625 0.01953125
0 0.2671875 0.810546875 0.015625 0.01953125
0 0.253125 0.8203125 0.015625 0.01953125
0 0.2703125 0.837890625 0.015625 0.01953125
0 0.13125 0.95703125 0.015625 0.01953125
0 0.0046875 0.94921875 0.015625 0.01953125
0 0.6953125 0.859375 0.015625 0.01953125
0 0.965625 0.947265625 0.015625 0.01953125
0 0.971875 0.908203125 0.015625 0.01953125
0 0.9640625 0.86328125 0.015625 0.01953125
0 0.9671875 0.798828125 0.015625 0.01953125
0 0.975 0.755859375 0.015625 0.01953125
0 0.81875 0.572265625 0.015625 0.01953125
0 0.696875 0.44921875 0.015625 0.01953125
0 0.8859375 0.396484375 0.015625 0.01953125
0 0.8703125 0.384765625 0.015625 0.01953125
0 0.1421875 0.302734375 0.015625 0.01953125
0 0.5921875 0.591796875 0.015625 0.01953125
0 0.98125 0.560546875 0.015625 0.01953125
0 0.78125 0.015625 0.015625 0.01953125
0 0.48125 0.296875 0.015625 0.01953125
0 0.4625 0.447265625 0.015625 0.01953125
0 0.3 0.064453125 0.015625 0.01953125
0 0.0375 0.732421875 0.015625 0.01953125
