0 0.43125 0.58984375 0.015625 0.01953125
0 0.4609375 0.61328125 0.015625 0.01953125
0 0.4578125 0.630859375 0.015625 0.01953125
0 0.4828125 0.6953125 0.015625 0.01953125
0 0.509375 0.712890625 0.015625 0.01953125
0 0.4046875 0.73828125 0.015625 0.01953125
0 0.4 0.89453125 0.015625 0.01953125
0 0.559375 0.9140625 0.015625 0.01953125
0 0.703125 0.857421875 0.015625 0.01953125
0 0.828125 0.79296875 0.015625 0.01953125
0 0.6078125 0.6484375 0.015625 0.01953125
0 0.565625 0.1953125 0.015625 0.01953125
0 0.5796875 0.1796875 0.015625 0.01953125
0 0.584375 0.220703125 0.015625 0.01953125
0 0.6125 0.193359375 0.015625 0.01953125
0 0.909375 0.279296875 0.015625 0.01953125
0 0.91875 0.2421875 0.015625 0.01953125
0 0.803125 0.119140625 0.015625 0.01953125
0 0.975 0.447265625 0.015625 0.01953125
0 0.9890625 0.44921875 0.015625 0.01953125
0 0.9921875 0.470703125 0.015625 0.01953125
0 0.6953125 0.466796875 0.015625 0.01953125
0 0.4828125 0.3515625 0.015625 0.01953125
0 0.4828125 0.28515625 0.015625 0.01953125
0 0.4890625 0.322265625 0.015625 0.01953125
0 0.4546875 0.310546875 0.015625 0.01953125
0 0.096875 0.4765625 0.015625 0.01953125
0 0.0578125 0.490234375 0.015625 0.01953125
0 0.0234375 0.724609375 0.015625 0.01953125
0 0.03125 0.751953125 0.015625 0.01953125
0 0.059375 0.73828125 0.015625 0.01953125
0 0.0484375 0.763671875 0.015625 0.01953125
0 0.03125 0.81640625 0.015625 0.01953125
0 0.0453125 0.783203125 0.015625 0.01953125
0 0.153125 0.892578125 0.015625 0.01953125
0 0.25 0.84375 0.015625 0.01953125
0 0.25 0.8203125 0.015625 0.01953125
0 0.2609375 0.791015625 0.015625 0.01953125
0 0.35 0.8984375 0.015625 0.01953125
0 0.1328125 0.958984375 0.015625 0.01953125
0 0.3015625 0.638671875 0.015625 0.01953125
0 0.709375 0.23046875 0.015625 0.01953125
0 0.80625 0.3046875 0.015625 0.01953125
0 0.18125 0.1171875 0.015625 0.01953125
0 0.4140625 0.005859375 0.015625 0.01953125
0 0.128125 0.28125 0.015625 0.01953125
0 0.8125 0.267578125 0.015625 0.01953125
0 0.8890625 0.40234375 0.015625 0.01953125
0 0.8546875 0.388671875 0.015625 0.01953125
0 0.81875 0.5703125 0.015625 0.01953125
0 0.865625 0.826171875 0.015625 0.01953125
0 0.96875 0.759765625 0.015625 0.01953125
0 0.96875 0.802734375 0.015625 0.01953125
0 0.9640625 0.86328125 0.015625 0.01953125
0 0.9640625 0.90625 0.015625 0.01953125
0 0.959375 0.94140625 0.015625 0.01953125
0 0.99375 0.22265625 0.015625 0.01953125
0 0.440625 0.462890625 0.015625 0.01953125
0 0.4828125 0.65234375 0.015625 0.01953125
0 0.7078125 0.005859375 0.015625 0.01953125
0 0.775 0.009765625 0.015625 0.01953125
0 0.578125 0.58203125 0.015625 0.01953125
0 0.665625 0.787109375 0.015625 0.01953125
0 0.39375 0.271484375 0.015625 0.01953125
