0 0.20625 0.1328125 0.015625 0.01953125
0 0.190625 0.142578125 0.015625 0.01953125
0 0.01875 0.1328125 0.015625 0.01953125
0 0.4234375 0.029296875 0.015625 0.01953125
0 0.6859375 0.00390625 0.015625 0.01953125
0 0.959375 0.01171875 0.015625 0.01953125
0 0.88125 0.189453125 0.015625 0.01953125
0 0.8578125 0.1875 0.015625 0.01953125
0 0.8625 0.216796875 0.015625 0.01953125
0 0.846875 0.203125 0.015625 0.01953125
0 0.834375 0.328125 0.015625 0.01953125
0 0.7890625 0.30078125 0.015625 0.01953125
0 0.7765625 0.28125 0.015625 0.01953125
0 0.7578125 0.31640625 0.015625 0.01953125
0 0.6578125 0.345703125 0.015625 0.01953125
0 0.709375 0.466796875 0.015625 0.01953125
0 0.7140625 0.58984375 0.015625 0.01953125
0 0.6859375 0.73828125 0.015625 0.01953125
0 0.5921875 0.638671875 0.015625 0.01953125
0 0.3515625 0.767578125 0.015625 0.01953125
0 0.3171875 0.77734375 0.015625 0.01953125
0 0.309375 0.79296875 0.015625 0.01953125
0 0.30625 0.826171875 0.015625 0.01953125
0 0.1703125 0.578125 0.015625 0.01953125
0 0.1375 0.498046875 0.015625 0.01953125
0 0.3796875 0.236328125 0.015625 0.01953125
0 0.7890625 0.71875 0.015625 0.01953125
0 0.7375 0.681640625 0.015625 0.01953125
0 0.75 0.654296875 0.015625 0.01953125
0 0.6859375 0.8828125 0.015625 0.01953125
0 0.8109375 0.962890625 0.015625 0.01953125
0 0.63125 0.900390625 0.015625 0.01953125
0 0.440625 0.712890625 0.015625 0.01953125
0 0.371875 0.462890625 0.015625 0.01953125
0 0.334375 0.490234375 0.015625 0.01953125
0 0.2171875 0.384765625 0.015625 0.01953125
0 0.0296875 0.56640625 0.015625 0.01953125
0 0.06875 0.79296875 0.015625 0.01953125
0 0.0390625 0.79296875 0.015625 0.01953125
0 0.5140625 0.255859375 0.015625 0.01953125
0 0.521875 0.60546875 0.015625 0.01953125
0 0.5484375 0.76171875 0.015625 0.01953125
0 0.5296875 0.796875 0.015625 0.01953125
0 0.471875 0.767578125 0.015625 0.01953125
0 0.4125 0.962890625 0.015625 0.01953125
0 0.33125 0.916015625 0.015625 0.01953125
0 0.23125 0.923828125 0.015625 0.01953125
0 0.20625 0.8828125 0.015625 0.01953125
0 0.1875 0.603515625 0.015625 0.01953125
0 0.103125 0.1875 0.015625 0.01953125
0 0.909375 0.6796875 0.015625 0.01953125
0 0.1984375 0.177734375 0.015625 0.01953125
0 0.2171875 0.802734375 0.015625 0.01953125
0 0.2140625 0.7734375 0.015625 0.01953125
0 0.1796875 0.736328125 0.015625 0.01953125
0 0.2125 0.650390625 0.015625 0.01953125
0 0.2234375 0.701171875 0.015625 0.01953125
0 0.5578125 0.79296875 0.015625 0.01953125
0 0.78125 0.6484375 0.015625 0.01953125
0 0.759375 0.5 0.015625 0.01953125
0 0.803125 0.544921875 0.015625 0.01953125
0 0.9953125 0.41796875 0.015625 0.01953125
