0 0.334375 0.748046875 0.015625 0.01953125
0 0.375 0.7578125 0.015625 0.01953125
0 0.3546875 0.80078125 0.015625 0.01953125
0 0.396875 0.806640625 0.015625 0.01953125
0 0.434375 0.80859375 0.015625 0.01953125
0 0.478125 0.8203125 0.015625 0.01953125
0 0.5328125 0.81640625 0.015625 0.01953125
0 0.5875 0.8203125 0.015625 0.01953125
0 0.721875 0.826171875 0.015625 0.01953125
0 0.775 0.83984375 0.015625 0.01953125
0 0.64375 0.83984375 0.015625 0.01953125
0 0.696875 0.87890625 0.015625 0.01953125
0 0.7203125 0.91796875 0.015625 0.01953125
0 0.6578125 0.923828125 0.015625 0.01953125
0 0.6359375 0.89453125 0.015625 0.01953125
0 0.6375 0.86328125 0.015625 0.01953125
0 0.4796875 0.85546875 0.015625 0.01953125
0 0.43125 0.859375 0.015625 0.01953125
0 0.384375 0.859375 0.015625 0.01953125
0 0.3453125 0.849609375 0.015625 0.01953125
0 0.3 0.841796875 0.015625 0.01953125
0 0.265625 0.904296875 0.015625 0.01953125
0 0.2984375 0.90234375 0.015625 0.01953125
0 0.2984375 0.955078125 0.015625 0.01953125
0 0.2859375 0.94140625 0.015625 0.01953125
0 0.2578125 0.94921875 0.015625 0.01953125
0 0.39375 0.955078125 0.015625 0.01953125
0 0.3375 0.955078125 0.015625 0.01953125
0 0.3484375 0.900390625 0.015625 0.01953125
0 0.4421875 0.912109375 0.015625 0.01953125
0 0.471875 0.8984375 0.015625 0.01953125
0 0.4796875 0.91796875 0.015625 0.01953125
0 0.584375 0.921875 0.015625 0.01953125
0 0.5890625 0.89453125 0.015625 0.01953125
0 0.6265625 0.9140625 0.015625 0.01953125
0 0.625 0.966796875 0.015625 0.01953125
0 0.575 0.970703125 0.015625 0.01953125
0 0.5453125 0.994140625 0.015625 0.01953125
0 0.484375 0.95703125 0.015625 0.01953125
0 0.434375 0.98828125 0.015625 0.01953125
0 0.3015625 0.994140625 0.015625 0.01953125
0 0.2234375 0.974609375 0.015625 0.01953125
0 0.18125 0.81640625 0.015625 0.01953125
0 0.39375 0.576171875 0.015625 0.01953125
0 0.38125 0.537109375 0.015625 0.01953125
0 0.390625 0.51171875 0.015625 0.01953125
0 0.3734375 0.513671875 0.015625 0.01953125
0 0.121875 0.427734375 0.015625 0.01953125
0 0.0890625 0.4375 0.015625 0.01953125
0 0.1578125 0.26171875 0.015625 0.01953125
0 0.0328125 0.115234375 0.015625 0.01953125
0 0.246875 0.11328125 0.015625 0.01953125
0 0.275 0.060546875 0.015625 0.01953125
0 0.3890625 0.1328125 0.015625 0.01953125
0 0.4203125 0.111328125 0.015625 0.01953125
0 0.2671875 0.291015625 0.015625 0.01953125
0 0.2265625 0.326171875 0.015625 0.01953125
0 0.2765625 0.345703125 0.015625 0.01953125
0 0.48125 0.35546875 0.015625 0.01953125
0 0.5140625 0.396484375 0.015625 0.01953125
0 0.559375 0.404296875 0.015625 0.01953125
0 0.6859375 0.537109375 0.015625 0.01953125
0 0.74375 0.521484375 0.015625 0.01953125
0 0.740625 0.376953125 0.015625 0.01953125
0 0.646875 0.271484375 0.015625 0.01953125
0 0.7609375 0.22265625 0.015625 0.01953125
0 0.8296875 0.33203125 0.015625 0.01953125
0 0.9640625 0.2890625 0.015625 0.01953125
0 0.7875 0.26953125 0.015625 0.01953125
0 0.9046875 0.53515625 0.015625 0.01953125
0 0.8078125 0.78515625 0.015625 0.01953125
0 0.5671875 0.6640625 0.015625 0.01953125
0 0.4515625 0.61328125 0.015625 0.01953125
0 0.9828125 0.90625 0.015625 0.01953125
0 0.96875 0.94921875 0.015625 0.01953125
0 0.7921875 0.953125 0.015625 0.01953125
0 0.7484375 0.984375 0.015625 0.01953125
0 0.7171875 0.978515625 0.015625 0.01953125
0 0.75625 0.921875 0.015625 0.01953125
0 0.6109375 0.4296875 0.015625 0.01953125
0 0.7609375 0.099609375 0.015625 0.01953125
0 0.8171875 0.1640625 0.015625 0.01953125
0 0.615625 0.03125 0.015625 0.01953125
0 0.815625 0.025390625 0.015625 0.01953125
0 0.959375 0.982421875 0.015625 0.01953125
0 0.3546875 0.52734375 0.015625 0.01953125
0 0.4109375 0.548828125 0.015625 0.01953125
0 0.290625 0.564453125 0.015625 0.01953125
0 0.3078125 0.486328125 0.015625 0.01953125
