0 0.30625 0.859375 0.015625 0.01953125
0 0.278125 0.896484375 0.015625 0.01953125
0 0.353125 0.857421875 0.015625 0.01953125
0 0.3109375 0.908203125 0.015625 0.01953125
0 0.30625 0.95703125 0.015625 0.01953125
0 0.275 0.962890625 0.015625 0.01953125
0 0.23125 0.9921875 0.015625 0.01953125
0 0.278125 0.994140625 0.015625 0.01953125
0 0.353125 0.94921875 0.015625 0.01953125
0 0.3546875 0.908203125 0.015625 0.01953125
0 0.3921875 0.908203125 0.015625 0.01953125
0 0.4015625 0.861328125 0.015625 0.01953125
0 0.40625 0.80078125 0.015625 0.01953125
0 0.40625 0.96484375 0.015625 0.01953125
0 0.459375 0.919921875 0.015625 0.01953125
0 0.446875 0.859375 0.015625 0.01953125
0 0.446875 0.81640625 0.015625 0.01953125
0 0.490625 0.822265625 0.015625 0.01953125
0 0.4953125 0.865234375 0.015625 0.01953125
0 0.4953125 0.921875 0.015625 0.01953125
0 0.490625 0.96875 0.015625 0.01953125
0 0.4484375 0.99609375 0.015625 0.01953125
0 0.5421875 0.8203125 0.015625 0.01953125
0 0.6015625 0.828125 0.015625 0.01953125
0 0.66875 0.8359375 0.015625 0.01953125
0 0.64375 0.87109375 0.015625 0.01953125
0 0.64375 0.90625 0.015625 0.01953125
0 0.6265625 0.927734375 0.015625 0.01953125
0 0.5921875 0.921875 0.015625 0.01953125
0 0.5828125 0.974609375 0.015625 0.01953125
0 0.640625 0.974609375 0.015625 0.01953125
0 0.6671875 0.92578125 0.015625 0.01953125
0 0.709375 0.888671875 0.015625 0.01953125
0 0.7296875 0.833984375 0.015625 0.01953125
0 0.734375 0.9296875 0.015625 0.01953125
0 0.725 0.982421875 0.015625 0.01953125
0 0.7671875 0.93359375 0.015625 0.01953125
0 0.784375 0.83984375 0.015625 0.01953125
0 0.99375 0.919921875 0.015625 0.01953125
0 0.9828125 0.9609375 0.015625 0.01953125
0 0.8234375 0.798828125 0.015625 0.01953125
0 0.8109375 0.955078125 0.015625 0.01953125
0 0.7890625 0.96875 0.015625 0.01953125
0 0.54375 0.67578125 0.015625 0.01953125
0 0.459375 0.625 0.015625 0.01953125
0 0.4234375 0.568359375 0.015625 0.01953125
0 0.4 0.529296875 0.015625 0.01953125
0 0.2984375 0.57421875 0.015625 0.01953125
0 0.1375 0.4375 0.015625 0.01953125
0 0.0984375 0.4453125 0.015625 0.01953125
0 0.1625 0.31640625 0.015625 0.01953125
0 0.2640625 0.294921875 0.015625 0.01953125
0 0.24375 0.3515625 0.015625 0.01953125
0 0.2765625 0.08984375 0.015625 0.01953125
0 0.053125 0.10546875 0.015625 0.01953125
0 0.425 0.11328125 0.015625 0.01953125
0 0.4 0.146484375 0.015625 0.01953125
0 0.4953125 0.3671875 0.015625 0.01953125
0 0.503125 0.42578125 0.015625 0.01953125
0 0.553125 0.423828125 0.015625 0.01953125
0 0.6515625 0.283203125 0.015625 0.01953125
0 0.7515625 0.380859375 0.015625 0.01953125
0 0.7515625 0.53125 0.015625 0.01953125
0 0.690625 0.556640625 0.015625 0.01953125
0 0.915625 0.57421875 0.015625 0.01953125
0 0.8359375 0.337890625 0.015625 0.01953125
0 0.971875 0.3046875 0.015625 0.01953125
0 0.771875 0.23046875 0.015625 0.01953125
0 0.81875 0.005859375 0.015625 0.01953125
0 0.96875 0.9921875 0.015625 0.01953125
0 0.53125 0.462890625 0.015625 0.01953125
0 0.6109375 0.4921875 0.015625 0.01953125
0 0.796875 0.2890625 0.015625 0.01953125
0 0.7859375 0.30859375 0.015625 0.01953125
0 0.7921875 0.34765625 0.015625 0.01953125
0 0.7703125 0.11328125 0.015625 0.01953125
0 0.7953125 0.16015625 0.015625 0.01953125
0 0.5984375 0.05859375 0.015625 0.01953125
0 0.3921875 0.763671875 0.015625 0.01953125
0 0.375 0.802734375 0.015625 0.01953125
0 0.3484375 0.759765625 0.015625 0.01953125
0 0.353125 0.806640625 0.015625 0.01953125
0 0.2796875 0.349609375 0.015625 0.01953125
0 0.8 0.994140625 0.015625 0.01953125
0 0.76875 0.9921875 0.015625 0.01953125
0 0.671875 0.982421875 0.015625 0.01953125
0 0.1578125 0.861328125 0.015625 0.01953125
0 0.9984375 0.712890625 0.015625 0.01953125
0 0.30625 0.47265625 0.015625 0.01953125
0 0.321875 0.52734375 0.015625 0.01953125
0 0.2984375 0.341796875 0.015625 0.01953125
