0 0.446875 0.82421875 0.015625 0.01953125
0 0.4390625 0.875 0.015625 0.01953125
0 0.4 0.875 0.015625 0.01953125
0 0.403125 0.826171875 0.015625 0.01953125
0 0.353125 0.8671875 0.015625 0.01953125
0 0.3515625 0.822265625 0.015625 0.01953125
0 0.3609375 0.833984375 0.015625 0.01953125
0 0.30625 0.927734375 0.015625 0.01953125
0 0.275 0.921875 0.015625 0.01953125
0 0.271875 0.974609375 0.015625 0.01953125
0 0.2953125 0.9609375 0.015625 0.01953125
0 0.3046875 0.98046875 0.015625 0.01953125
0 0.1453125 0.896484375 0.015625 0.01953125
0 0.3984375 0.572265625 0.015625 0.01953125
0 0.41875 0.537109375 0.015625 0.01953125
0 0.3984375 0.53125 0.015625 0.01953125
0 0.365625 0.53125 0.015625 0.01953125
0 0.134375 0.458984375 0.015625 0.01953125
0 0.0984375 0.462890625 0.015625 0.01953125
0 0.1640625 0.353515625 0.015625 0.01953125
0 0.0375 0.1328125 0.015625 0.01953125
0 0.2796875 0.0859375 0.015625 0.01953125
0 0.3984375 0.154296875 0.015625 0.01953125
0 0.425 0.123046875 0.015625 0.01953125
0 0.58125 0.076171875 0.015625 0.01953125
0 0.6484375 0.294921875 0.015625 0.01953125
0 0.753125 0.396484375 0.015625 0.01953125
0 0.7578125 0.54296875 0.015625 0.01953125
0 0.6890625 0.568359375 0.015625 0.01953125
0 0.9421875 0.65625 0.015625 0.01953125
0 0.7671875 0.947265625 0.015625 0.01953125
0 0.7328125 0.953125 0.015625 0.01953125
0 0.7046875 0.892578125 0.015625 0.01953125
0 0.6390625 0.9140625 0.015625 0.01953125
0 0.6625 0.947265625 0.015625 0.01953125
0 0.634375 0.947265625 0.015625 0.01953125
0 0.5890625 0.939453125 0.015625 0.01953125
0 0.5859375 0.9921875 0.015625 0.01953125
0 0.4890625 0.9375 0.015625 0.01953125
0 0.484375 0.880859375 0.015625 0.01953125
0 0.4515625 0.94140625 0.015625 0.01953125
0 0.3921875 0.923828125 0.015625 0.01953125
0 0.4 0.974609375 0.015625 0.01953125
0 0.35 0.98046875 0.015625 0.01953125
0 0.3578125 0.9140625 0.015625 0.01953125
0 0.3125 0.87109375 0.015625 0.01953125
0 0.5390625 0.833984375 0.015625 0.01953125
0 0.484375 0.837890625 0.015625 0.01953125
0 0.596875 0.849609375 0.015625 0.01953125
0 0.6734375 0.84375 0.015625 0.01953125
0 0.6484375 0.869140625 0.015625 0.01953125
0 0.73125 0.845703125 0.015625 0.01953125
0 0.81875 0.806640625 0.015625 0.01953125
0 0.78125 0.86328125 0.015625 0.01953125
0 0.79375 0.97265625 0.015625 0.01953125
0 0.9796875 0.96875 0.015625 0.01953125
0 0.9875 0.931640625 0.015625 0.01953125
0 0.8390625 0.34765625 0.015625 0.01953125
0 0.796875 0.298828125 0.015625 0.01953125
0 0.7859375 0.314453125 0.015625 0.01953125
0 0.7921875 0.37109375 0.015625 0.01953125
0 0.778125 0.244140625 0.015625 0.01953125
0 0.775 0.17578125 0.015625 0.01953125
0 0.815625 0.005859375 0.015625 0.01953125
0 0.975 0.322265625 0.015625 0.01953125
0 0.2984375 0.583984375 0.015625 0.01953125
0 0.290625 0.486328125 0.015625 0.01953125
0 0.3171875 0.509765625 0.015625 0.01953125
0 0.3125 0.533203125 0.015625 0.01953125
0 0.2671875 0.314453125 0.015625 0.01953125
0 0.2421875 0.35546875 0.015625 0.01953125
0 0.284375 0.373046875 0.015625 0.01953125
0 0.3046875 0.421875 0.015625 0.01953125
0 0.48125 0.44921875 0.015625 0.01953125
0 0.5296875 0.486328125 0.015625 0.01953125
0 0.540625 0.4296875 0.015625 0.01953125
0 0.6140625 0.513671875 0.015625 0.01953125
0 0.4578125 0.64453125 0.015625 0.01953125
0 0.5296875 0.69921875 0.015625 0.01953125
0 0.6515625 0.890625 0.015625 0.01953125
0 0.3515625 0.767578125 0.015625 0.01953125
0 0.3859375 0.783203125 0.015625 0.01953125
0 0.7859375 0.123046875 0.015625 0.01953125
0 0.296875 0.357421875 0.015625 0.01953125
