0 0.321875 0.427734375 0.015625 0.01953125
0 0.1328125 0.462890625 0.015625 0.01953125
0 0.096875 0.46484375 0.015625 0.01953125
0 0.0375 0.1328125 0.015625 0.01953125
0 0.275 0.068359375 0.015625 0.01953125
0 0.3984375 0.158203125 0.015625 0.01953125
0 0.425 0.134765625 0.015625 0.01953125
0 0.6515625 0.30078125 0.015625 0.01953125
0 0.496875 0.375 0.015625 0.01953125
0 0.5234375 0.43359375 0.015625 0.01953125
0 0.521875 0.490234375 0.015625 0.01953125
0 0.440625 0.509765625 0.015625 0.01953125
0 0.421875 0.458984375 0.015625 0.01953125
0 0.4203125 0.537109375 0.015625 0.01953125
0 0.3875 0.55859375 0.015625 0.01953125
0 0.40625 0.58984375 0.015625 0.01953125
0 0.3609375 0.541015625 0.015625 0.01953125
0 0.328125 0.505859375 0.015625 0.01953125
0 0.3125 0.607421875 0.015625 0.01953125
0 0.3 0.87109375 0.015625 0.01953125
0 0.309375 0.927734375 0.015625 0.01953125
0 0.290625 0.96484375 0.015625 0.01953125
0 0.3046875 0.994140625 0.015625 0.01953125
0 0.275 0.982421875 0.015625 0.01953125
0 0.26875 0.927734375 0.015625 0.01953125
0 0.3609375 0.8828125 0.015625 0.01953125
0 0.353125 0.91796875 0.015625 0.01953125
0 0.3515625 0.984375 0.015625 0.01953125
0 0.3984375 0.89453125 0.015625 0.01953125
0 0.3984375 0.931640625 0.015625 0.01953125
0 0.3984375 0.97265625 0.015625 0.01953125
0 0.3890625 0.828125 0.015625 0.01953125
0 0.4390625 0.828125 0.015625 0.01953125
0 0.496875 0.84375 0.015625 0.01953125
0 0.5453125 0.8515625 0.015625 0.01953125
0 0.5875 0.845703125 0.015625 0.01953125
0 0.653125 0.876953125 0.015625 0.01953125
0 0.640625 0.921875 0.015625 0.01953125
0 0.59375 0.939453125 0.015625 0.01953125
0 0.590625 0.8984375 0.015625 0.01953125
0 0.4765625 0.892578125 0.015625 0.01953125
0 0.4921875 0.9375 0.015625 0.01953125
0 0.4484375 0.939453125 0.015625 0.01953125
0 0.440625 0.89453125 0.015625 0.01953125
0 0.7234375 0.84765625 0.015625 0.01953125
0 0.7 0.912109375 0.015625 0.01953125
0 0.7265625 0.94140625 0.015625 0.01953125
0 0.76875 0.94921875 0.015625 0.01953125
0 0.80625 0.982421875 0.015625 0.01953125
0 0.78125 0.861328125 0.015625 0.01953125
0 0.8234375 0.8125 0.015625 0.01953125
0 0.9703125 0.740234375 0.015625 0.01953125
0 0.9796875 0.982421875 0.015625 0.01953125
0 0.996875 0.93359375 0.015625 0.01953125
0 0.75 0.3984375 0.015625 0.01953125
0 0.75625 0.548828125 0.015625 0.01953125
0 0.6984375 0.564453125 0.015625 0.01953125
0 0.8359375 0.341796875 0.015625 0.01953125
0 0.7859375 0.369140625 0.015625 0.01953125
0 0.7703125 0.24609375 0.015625 0.01953125
0 0.971875 0.32421875 0.015625 0.01953125
0 0.8265625 0.1171875 0.015625 0.01953125
0 0.8125 0.005859375 0.015625 0.01953125
0 0.559375 0.099609375 0.015625 0.01953125
0 0.7671875 0.3203125 0.015625 0.01953125
0 0.784375 0.30859375 0.015625 0.01953125
0 0.759375 0.177734375 0.015625 0.01953125
0 0.6234375 0.509765625 0.015625 0.01953125
0 0.171875 0.38671875 0.015625 0.01953125
0 0.26875 0.31640625 0.015625 0.01953125
0 0.240625 0.369140625 0.015625 0.01953125
0 0.290625 0.37890625 0.015625 0.01953125
0 0.353125 0.77734375 0.015625 0.01953125
0 0.3875 0.78515625 0.015625 0.01953125
0 0.378125 0.80859375 0.015625 0.01953125
0 0.359375 0.826171875 0.015625 0.01953125
0 0.40625 0.83984375 0.015625 0.01953125
0 0.65 0.892578125 0.015625 0.01953125
0 0.6671875 0.84765625 0.015625 0.01953125
0 0.628125 0.9453125 0.015625 0.01953125
0 0.640625 0.99609375 0.015625 0.01953125
0 0.5828125 0.998046875 0.015625 0.01953125
0 0.4953125 0.994140625 0.015625 0.01953125
0 0.4703125 0.99609375 0.015625 0.01953125
0 0.2703125 0.552734375 0.015625 0.01953125
0 0.128125 0.916015625 0.015625 0.01953125
0 0.1703125 0.994140625 0.015625 0.01953125
0 0.2953125 0.361328125 0.015625 0.01953125
0 0.4609375 0.6484375 0.015625 0.01953125
0 0.5125 0.705078125 0.015625 0.01953125
