0 0.3125 0.474609375 0.015625 0.01953125
0 0.3203125 0.537109375 0.015625 0.01953125
0 0.2875 0.517578125 0.015625 0.01953125
0 0.2875 0.578125 0.015625 0.01953125
0 0.2828125 0.6328125 0.015625 0.01953125
0 0.275 0.677734375 0.015625 0.01953125
0 0.2765625 0.73046875 0.015625 0.01953125
0 0.30625 0.69140625 0.015625 0.01953125
0 0.3171875 0.58203125 0.015625 0.01953125
0 0.321875 0.62890625 0.015625 0.01953125
0 0.3265625 0.734375 0.015625 0.01953125
0 0.3140625 0.794921875 0.015625 0.01953125
0 0.36875 0.73828125 0.015625 0.01953125
0 0.36875 0.787109375 0.015625 0.01953125
0 0.359375 0.84765625 0.015625 0.01953125
0 0.3703125 0.6875 0.015625 0.01953125
0 0.365625 0.630859375 0.015625 0.01953125
0 0.365625 0.5703125 0.015625 0.01953125
0 0.3625 0.521484375 0.015625 0.01953125
0 0.3578125 0.46875 0.015625 0.01953125
0 0.3578125 0.42578125 0.015625 0.01953125
0 0.3578125 0.3828125 0.015625 0.01953125
0 0.2140625 0.50390625 0.015625 0.01953125
0 0.2421875 0.615234375 0.015625 0.01953125
0 0.4578125 0.5390625 0.015625 0.01953125
0 0.3921875 0.53515625 0.015625 0.01953125
0 0.39375 0.494140625 0.015625 0.01953125
0 0.44375 0.478515625 0.015625 0.01953125
0 0.45 0.44921875 0.015625 0.01953125
0 0.4078125 0.4375 0.015625 0.01953125
0 0.50625 0.443359375 0.015625 0.01953125
0 0.5015625 0.486328125 0.015625 0.01953125
0 0.50625 0.548828125 0.015625 0.01953125
0 0.503125 0.587890625 0.015625 0.01953125
0 0.4546875 0.630859375 0.015625 0.01953125
0 0.403125 0.646484375 0.015625 0.01953125
0 0.4140625 0.693359375 0.015625 0.01953125
0 0.4625 0.712890625 0.015625 0.01953125
0 0.4515625 0.751953125 0.015625 0.01953125
0 0.409375 0.751953125 0.015625 0.01953125
0 0.4015625 0.798828125 0.015625 0.01953125
0 0.4015625 0.859375 0.015625 0.01953125
0 0.446875 0.8046875 0.015625 0.01953125
0 0.4328125 0.861328125 0.015625 0.01953125
0 0.509375 0.873046875 0.015625 0.01953125
0 0.5078125 0.794921875 0.015625 0.01953125
0 0.4984375 0.744140625 0.015625 0.01953125
0 0.4859375 0.658203125 0.015625 0.01953125
0 0.5421875 0.6484375 0.015625 0.01953125
0 0.5421875 0.70703125 0.015625 0.01953125
0 0.578125 0.703125 0.015625 0.01953125
0 0.5875 0.7578125 0.015625 0.01953125
0 0.584375 0.796875 0.015625 0.01953125
0 0.5625 0.865234375 0.015625 0.01953125
0 0.6234375 0.869140625 0.015625 0.01953125
0 0.625 0.8203125 0.015625 0.01953125
0 0.640625 0.75 0.015625 0.01953125
0 0.6234375 0.708984375 0.015625 0.01953125
0 0.6265625 0.662109375 0.015625 0.01953125
0 0.578125 0.66015625 0.015625 0.01953125
0 0.565625 0.623046875 0.015625 0.01953125
0 0.59375 0.59765625 0.015625 0.01953125
0 0.603125 0.541015625 0.015625 0.01953125
0 0.6390625 0.5390625 0.015625 0.01953125
0 0.6609375 0.52734375 0.015625 0.01953125
0 0.6609375 0.494140625 0.015625 0.01953125
0 0.6796875 0.451171875 0.015625 0.01953125
0 0.6046875 0.4453125 0.015625 0.01953125
0 0.6 0.431640625 0.015625 0.01953125
0 0.5484375 0.4453125 0.015625 0.01953125
0 0.7453125 0.44921875 0.015625 0.01953125
0 0.715625 0.509765625 0.015625 0.01953125
0 0.6796875 0.546875 0.015625 0.01953125
0 0.6484375 0.59765625 0.015625 0.01953125
0 0.678125 0.603515625 0.015625 0.01953125
0 0.684375 0.650390625 0.015625 0.01953125
0 0.68125 0.716796875 0.015625 0.01953125
0 0.69375 0.767578125 0.015625 0.01953125
0 0.6828125 0.828125 0.015625 0.01953125
0 0.7375 0.7578125 0.015625 0.01953125
0 0.74375 0.71875 0.015625 0.01953125
0 0.7171875 0.671875 0.015625 0.01953125
0 0.740625 0.646484375 0.015625 0.01953125
0 0.7359375 0.603515625 0.015625 0.01953125
0 0.740625 0.5546875 0.015625 0.01953125
0 0.7828125 0.5625 0.015625 0.01953125
0 0.8046875 0.6015625 0.015625 0.01953125
0 0.8046875 0.583984375 0.015625 0.01953125
0 0.7703125 0.6171875 0.015625 0.01953125
0 0.7703125 0.673828125 0.015625 0.01953125
0 0.7921875 0.7578125 0.015625 0.01953125
0 0.825 0.73046875 0.015625 0.01953125
0 0.821875 0.677734375 0.015625 0.01953125
0 0.8328125 0.421875 0.015625 0.01953125
0 0.7984375 0.4765625 0.015625 0.01953125
0 0.909375 0.404296875 0.015625 0.01953125
0 0.709375 0.17578125 0.015625 0.01953125
0 0.2875 0.2109375 0.015625 0.01953125
0 0.3109375 0.169921875 0.015625 0.01953125
0 0.2828125 0.130859375 0.015625 0.01953125
0 0.315625 0.072265625 0.015625 0.01953125
0 0.3578125 0.05859375 0.015625 0.01953125
0 0.46875 0.095703125 0.015625 0.01953125
0 0.5265625 0.09375 0.015625 0.01953125
0 0.5296875 0.037109375 0.015625 0.01953125
0 0.753125 0.00390625 0.015625 0.01953125
0 0.4703125 0.17578125 0.015625 0.01953125
0 0.465625 0.25390625 0.015625 0.01953125
0 0.403125 0.31640625 0.015625 0.01953125
0 0.990625 0.5859375 0.015625 0.01953125
0 0.8046875 0.93359375 0.015625 0.01953125
0 0.990625 0.990234375 0.015625 0.01953125
0 0.59375 0.49609375 0.015625 0.01953125
0 0.1375 0.072265625 0.015625 0.01953125
0 0.1046875 0.06640625 0.015625 0.01953125
0 0.16875 0.171875 0.015625 0.01953125
0 0.009375 0.763671875 0.015625 0.01953125
0 0.0375 0.830078125 0.015625 0.01953125
0 0.0171875 0.80859375 0.015625 0.01953125
0 0.0390625 0.853515625 0.015625 0.01953125
0 0.0046875 0.861328125 0.015625 0.01953125
0 0.0375 0.939453125 0.015625 0.01953125
0 0.1671875 0.96875 0.015625 0.01953125
0 0.3203125 0.9375 0.015625 0.01953125
0 0.328125 0.9609375 0.015625 0.01953125
0 0.309375 0.10546875 0.015625 0.01953125
0 0.3953125 0.09765625 0.015625 0.01953125
0 0.446875 0.072265625 0.015625 0.01953125
0 0.7640625 0.15234375 0.015625 0.01953125
0 0.9828125 0.62109375 0.015625 0.01953125
0 0.81875 0.92578125 0.015625 0.01953125
0 0.4140625 0.58203125 0.015625 0.01953125
0 0.384375 0.421875 0.015625 0.01953125
0 0.39375 0.396484375 0.015625 0.01953125
0 0.528125 0.11328125 0.015625 0.01953125
0 0.628125 0.09375 0.015625 0.01953125
0 0.28125 0.380859375 0.015625 0.01953125
0 0.03125 0.65234375 0.015625 0.01953125
0 0.309375 0.232421875 0.015625 0.01953125
0 0.665625 0.4765625 0.015625 0.01953125
