0 0.3171875 0.798828125 0.015625 0.01953125
0 0.3234375 0.73828125 0.015625 0.01953125
0 0.315625 0.681640625 0.015625 0.01953125
0 0.3171875 0.623046875 0.015625 0.01953125
0 0.3171875 0.57421875 0.015625 0.01953125
0 0.315625 0.533203125 0.015625 0.01953125
0 0.2875 0.515625 0.015625 0.01953125
0 0.284375 0.583984375 0.015625 0.01953125
0 0.28125 0.630859375 0.015625 0.01953125
0 0.28125 0.6796875 0.015625 0.01953125
0 0.275 0.736328125 0.015625 0.01953125
0 0.240625 0.609375 0.015625 0.01953125
0 0.2109375 0.5 0.015625 0.01953125
0 0.36875 0.853515625 0.015625 0.01953125
0 0.365625 0.79296875 0.015625 0.01953125
0 0.365625 0.740234375 0.015625 0.01953125
0 0.365625 0.6796875 0.015625 0.01953125
0 0.36875 0.64453125 0.015625 0.01953125
0 0.3609375 0.5703125 0.015625 0.01953125
0 0.3625 0.529296875 0.015625 0.01953125
0 0.3671875 0.48046875 0.015625 0.01953125
0 0.365625 0.4296875 0.015625 0.01953125
0 0.315625 0.46875 0.015625 0.01953125
0 0.41875 0.42578125 0.015625 0.01953125
0 0.4125 0.4765625 0.015625 0.01953125
0 0.403125 0.52734375 0.015625 0.01953125
0 0.4109375 0.58984375 0.015625 0.01953125
0 0.4140625 0.630859375 0.015625 0.01953125
0 0.415625 0.689453125 0.015625 0.01953125
0 0.40625 0.748046875 0.015625 0.01953125
0 0.409375 0.8046875 0.015625 0.01953125
0 0.4125 0.861328125 0.015625 0.01953125
0 0.4359375 0.8671875 0.015625 0.01953125
0 0.453125 0.806640625 0.015625 0.01953125
0 0.4578125 0.744140625 0.015625 0.01953125
0 0.453125 0.69921875 0.015625 0.01953125
0 0.4515625 0.6328125 0.015625 0.01953125
0 0.459375 0.546875 0.015625 0.01953125
0 0.4515625 0.486328125 0.015625 0.01953125
0 0.45 0.4296875 0.015625 0.01953125
0 0.5 0.443359375 0.015625 0.01953125
0 0.5 0.4765625 0.015625 0.01953125
0 0.50625 0.533203125 0.015625 0.01953125
0 0.509375 0.580078125 0.015625 0.01953125
0 0.490625 0.66015625 0.015625 0.01953125
0 0.496875 0.73046875 0.015625 0.01953125
0 0.4953125 0.796875 0.015625 0.01953125
0 0.50625 0.861328125 0.015625 0.01953125
0 0.56875 0.873046875 0.015625 0.01953125
0 0.5875 0.8046875 0.015625 0.01953125
0 0.5875 0.751953125 0.015625 0.01953125
0 0.5828125 0.693359375 0.015625 0.01953125
0 0.5359375 0.705078125 0.015625 0.01953125
0 0.5328125 0.65234375 0.015625 0.01953125
0 0.5765625 0.65234375 0.015625 0.01953125
0 0.56875 0.626953125 0.015625 0.01953125
0 0.5921875 0.583984375 0.015625 0.01953125
0 0.603125 0.54296875 0.015625 0.01953125
0 0.5484375 0.4453125 0.015625 0.01953125
0 0.6296875 0.8671875 0.015625 0.01953125
0 0.6296875 0.818359375 0.015625 0.01953125
0 0.6359375 0.7578125 0.015625 0.01953125
0 0.6140625 0.708984375 0.015625 0.01953125
0 0.640625 0.66015625 0.015625 0.01953125
0 0.6953125 0.833984375 0.015625 0.01953125
0 0.696875 0.76953125 0.015625 0.01953125
0 0.7453125 0.7734375 0.015625 0.01953125
0 0.7484375 0.71875 0.015625 0.01953125
0 0.796875 0.775390625 0.015625 0.01953125
0 0.8 0.7578125 0.015625 0.01953125
0 0.834375 0.740234375 0.015625 0.01953125
0 0.8296875 0.724609375 0.015625 0.01953125
0 0.815625 0.673828125 0.015625 0.01953125
0 0.7796875 0.669921875 0.015625 0.01953125
0 0.7375 0.65234375 0.015625 0.01953125
0 0.721875 0.671875 0.015625 0.01953125
0 0.6890625 0.65625 0.015625 0.01953125
0 0.6890625 0.677734375 0.015625 0.01953125
0 0.7375 0.609375 0.015625 0.01953125
0 0.7640625 0.623046875 0.015625 0.01953125
0 0.7765625 0.619140625 0.015625 0.01953125
0 0.796875 0.58203125 0.015625 0.01953125
0 0.825 0.583984375 0.015625 0.01953125
0 0.78125 0.552734375 0.015625 0.01953125
0 0.75 0.544921875 0.015625 0.01953125
0 0.6859375 0.546875 0.015625 0.01953125
0 0.65625 0.591796875 0.015625 0.01953125
0 0.6828125 0.60546875 0.015625 0.01953125
0 0.6625 0.53125 0.015625 0.01953125
0 0.65625 0.490234375 0.015625 0.01953125
0 0.678125 0.455078125 0.015625 0.01953125
0 0.6671875 0.474609375 0.015625 0.01953125
0 0.615625 0.447265625 0.015625 0.01953125
0 0.6015625 0.43359375 0.015625 0.01953125
0 0.7421875 0.4453125 0.015625 0.01953125
0 0.7953125 0.462890625 0.015625 0.01953125
0 0.8359375 0.41796875 0.015625 0.01953125
0 0.909375 0.390625 0.015625 0.01953125
0 0.7671875 0.158203125 0.015625 0.01953125
0 0.709375 0.173828125 0.015625 0.01953125
0 0.540625 0.091796875 0.015625 0.01953125
0 0.515625 0.11328125 0.015625 0.01953125
0 0.484375 0.185546875 0.015625 0.01953125
0 0.4734375 0.248046875 0.015625 0.01953125
0 0.4015625 0.314453125 0.015625 0.01953125
0 0.3984375 0.38671875 0.015625 0.01953125
0 0.3546875 0.376953125 0.015625 0.01953125
0 0.26875 0.388671875 0.015625 0.01953125
0 0.3140625 0.234375 0.015625 0.01953125
0 0.3015625 0.208984375 0.015625 0.01953125
0 0.16875 0.173828125 0.015625 0.01953125
0 0.1453125 0.06640625 0.015625 0.01953125
0 0.109375 0.0625 0.015625 0.01953125
0 0.30625 0.10546875 0.015625 0.01953125
0 0.2796875 0.119140625 0.015625 0.01953125
0 0.3171875 0.080078125 0.015625 0.01953125
0 0.3609375 0.05859375 0.015625 0.01953125
0 0.4046875 0.091796875 0.015625 0.01953125
0 0.45 0.0625 0.015625 0.01953125
0 0.46875 0.068359375 0.015625 0.01953125
0 0.53125 0.03515625 0.015625 0.01953125
0 0.628125 0.080078125 0.015625 0.01953125
0 0.9953125 0.578125 0.015625 0.01953125
0 0.9828125 0.615234375 0.015625 0.01953125
0 0.0046875 0.7578125 0.015625 0.01953125
0 0.325 0.9609375 0.015625 0.01953125
0 0.3234375 0.939453125 0.015625 0.01953125
0 0.8125 0.91796875 0.015625 0.01953125
0 0.8234375 0.91015625 0.015625 0.01953125
0 0.1984375 0.974609375 0.015625 0.01953125
0 0.0484375 0.947265625 0.015625 0.01953125
0 0.0375 0.955078125 0.015625 0.01953125
0 0.0046875 0.97265625 0.015625 0.01953125
0 0.759375 0.00390625 0.015625 0.01953125
0 0.246875 0.001953125 0.015625 0.01953125
0 0.240625 0.1796875 0.015625 0.01953125
0 0.6421875 0.54296875 0.015625 0.01953125
0 0.6875 0.724609375 0.015625 0.01953125
0 0.8109375 0.611328125 0.015625 0.01953125
0 0.7171875 0.509765625 0.015625 0.01953125
0 0.39375 0.427734375 0.015625 0.01953125
