0 0.2265625 0.494140625 0.015625 0.01953125
0 0.2484375 0.404296875 0.015625 0.01953125
0 0.2375 0.625 0.015625 0.01953125
0 0.2859375 0.744140625 0.015625 0.01953125
0 0.284375 0.701171875 0.015625 0.01953125
0 0.2796875 0.638671875 0.015625 0.01953125
0 0.2859375 0.58984375 0.015625 0.01953125
0 0.290625 0.53125 0.015625 0.01953125
0 0.31875 0.806640625 0.015625 0.01953125
0 0.321875 0.7421875 0.015625 0.01953125
0 0.315625 0.6953125 0.015625 0.01953125
0 0.3140625 0.640625 0.015625 0.01953125
0 0.315625 0.603515625 0.015625 0.01953125
0 0.3234375 0.54296875 0.015625 0.01953125
0 0.3203125 0.484375 0.015625 0.01953125
0 0.3703125 0.486328125 0.015625 0.01953125
0 0.3609375 0.5390625 0.015625 0.01953125
0 0.365625 0.59375 0.015625 0.01953125
0 0.375 0.65234375 0.015625 0.01953125
0 0.3703125 0.69921875 0.015625 0.01953125
0 0.3703125 0.75 0.015625 0.01953125
0 0.36875 0.806640625 0.015625 0.01953125
0 0.3546875 0.861328125 0.015625 0.01953125
0 0.4125 0.875 0.015625 0.01953125
0 0.4109375 0.818359375 0.015625 0.01953125
0 0.409375 0.76171875 0.015625 0.01953125
0 0.41875 0.69921875 0.015625 0.01953125
0 0.41875 0.658203125 0.015625 0.01953125
0 0.4109375 0.6015625 0.015625 0.01953125
0 0.4046875 0.546875 0.015625 0.01953125
0 0.4078125 0.49609375 0.015625 0.01953125
0 0.4171875 0.443359375 0.015625 0.01953125
0 0.453125 0.435546875 0.015625 0.01953125
0 0.4578125 0.494140625 0.015625 0.01953125
0 0.459375 0.544921875 0.015625 0.01953125
0 0.4625 0.654296875 0.015625 0.01953125
0 0.45625 0.71875 0.015625 0.01953125
0 0.4609375 0.7578125 0.015625 0.01953125
0 0.4578125 0.81640625 0.015625 0.01953125
0 0.4359375 0.87890625 0.015625 0.01953125
0 0.4984375 0.88671875 0.015625 0.01953125
0 0.503125 0.810546875 0.015625 0.01953125
0 0.490625 0.755859375 0.015625 0.01953125
0 0.4921875 0.658203125 0.015625 0.01953125
0 0.5078125 0.607421875 0.015625 0.01953125
0 0.50625 0.544921875 0.015625 0.01953125
0 0.503125 0.50390625 0.015625 0.01953125
0 0.4984375 0.453125 0.015625 0.01953125
0 0.546875 0.45703125 0.015625 0.01953125
0 0.6140625 0.4609375 0.015625 0.01953125
0 0.603125 0.509765625 0.015625 0.01953125
0 0.603125 0.546875 0.015625 0.01953125
0 0.603125 0.603515625 0.015625 0.01953125
0 0.5703125 0.634765625 0.015625 0.01953125
0 0.575 0.6640625 0.015625 0.01953125
0 0.5859375 0.70703125 0.015625 0.01953125
0 0.5890625 0.759765625 0.015625 0.01953125
0 0.5890625 0.80859375 0.015625 0.01953125
0 0.571875 0.884765625 0.015625 0.01953125
0 0.54375 0.71484375 0.015625 0.01953125
0 0.5359375 0.66796875 0.015625 0.01953125
0 0.625 0.873046875 0.015625 0.01953125
0 0.6328125 0.8359375 0.015625 0.01953125
0 0.6421875 0.771484375 0.015625 0.01953125
0 0.61875 0.71875 0.015625 0.01953125
0 0.63125 0.673828125 0.015625 0.01953125
0 0.646875 0.615234375 0.015625 0.01953125
0 0.6578125 0.537109375 0.015625 0.01953125
0 0.6578125 0.49609375 0.015625 0.01953125
0 0.6765625 0.462890625 0.015625 0.01953125
0 0.6859375 0.560546875 0.015625 0.01953125
0 0.6890625 0.6171875 0.015625 0.01953125
0 0.6734375 0.6015625 0.015625 0.01953125
0 0.6875 0.671875 0.015625 0.01953125
0 0.6953125 0.693359375 0.015625 0.01953125
0 0.684375 0.740234375 0.015625 0.01953125
0 0.6984375 0.775390625 0.015625 0.01953125
0 0.6890625 0.83984375 0.015625 0.01953125
0 0.7421875 0.779296875 0.015625 0.01953125
0 0.74375 0.736328125 0.015625 0.01953125
0 0.721875 0.68359375 0.015625 0.01953125
0 0.7375 0.65625 0.015625 0.01953125
0 0.740625 0.6171875 0.015625 0.01953125
0 0.7453125 0.55859375 0.015625 0.01953125
0 0.715625 0.5234375 0.015625 0.01953125
0 0.7453125 0.46484375 0.015625 0.01953125
0 0.7953125 0.478515625 0.015625 0.01953125
0 0.8359375 0.4296875 0.015625 0.01953125
0 0.9203125 0.359375 0.015625 0.01953125
0 0.9828125 0.58203125 0.015625 0.01953125
0 0.775 0.5625 0.015625 0.01953125
0 0.7640625 0.625 0.015625 0.01953125
0 0.775 0.625 0.015625 0.01953125
0 0.803125 0.59375 0.015625 0.01953125
0 0.8234375 0.583984375 0.015625 0.01953125
0 0.821875 0.62109375 0.015625 0.01953125
0 0.78125 0.685546875 0.015625 0.01953125
0 0.8140625 0.673828125 0.015625 0.01953125
0 0.8296875 0.728515625 0.015625 0.01953125
0 0.8359375 0.74609375 0.015625 0.01953125
0 0.8015625 0.755859375 0.015625 0.01953125
0 0.8109375 0.91015625 0.015625 0.01953125
0 0.8328125 0.919921875 0.015625 0.01953125
0 0.76875 0.154296875 0.015625 0.01953125
0 0.709375 0.177734375 0.015625 0.01953125
0 0.634375 0.091796875 0.015625 0.01953125
0 0.575 0.1171875 0.015625 0.01953125
0 0.53125 0.044921875 0.015625 0.01953125
0 0.503125 0.037109375 0.015625 0.01953125
0 0.4625 0.064453125 0.015625 0.01953125
0 0.484375 0.123046875 0.015625 0.01953125
0 0.4953125 0.205078125 0.015625 0.01953125
0 0.4703125 0.259765625 0.015625 0.01953125
0 0.3765625 0.32421875 0.015625 0.01953125
0 0.3125 0.236328125 0.015625 0.01953125
0 0.3 0.232421875 0.015625 0.01953125
0 0.284375 0.109375 0.015625 0.01953125
0 0.3203125 0.0859375 0.015625 0.01953125
0 0.3625 0.064453125 0.015625 0.01953125
0 0.171875 0.220703125 0.015625 0.01953125
0 0.1421875 0.076171875 0.015625 0.01953125
0 0.1125 0.072265625 0.015625 0.01953125
0 0.7546875 0.0078125 0.015625 0.01953125
0 0.3546875 0.38671875 0.015625 0.01953125
0 0.3671875 0.43359375 0.015625 0.01953125
0 0.3828125 0.451171875 0.015625 0.01953125
0 0.390625 0.42578125 0.015625 0.01953125
0 0.6796875 0.341796875 0.015625 0.01953125
0 0.0109375 0.67578125 0.015625 0.01953125
0 0.0125 0.76171875 0.015625 0.01953125
0 0.0234375 0.900390625 0.015625 0.01953125
0 0.0703125 0.958984375 0.015625 0.01953125
0 0.3265625 0.9609375 0.015625 0.01953125
0 0.0046875 0.853515625 0.015625 0.01953125
0 0.03125 0.837890625 0.015625 0.01953125
0 0.025 0.8125 0.015625 0.01953125
0 0.64375 0.556640625 0.015625 0.01953125
0 0.409375 0.103515625 0.015625 0.01953125
0 0.9859375 0.62890625 0.015625 0.01953125
