0 0.11875 0.083984375 0.015625 0.01953125
0 0.1515625 0.0859375 0.015625 0.01953125
0 0.178125 0.240234375 0.015625 0.01953125
0 0.284375 0.115234375 0.015625 0.01953125
0 0.315625 0.103515625 0.015625 0.01953125
0 0.3671875 0.06640625 0.015625 0.01953125
0 0.4078125 0.109375 0.015625 0.01953125
0 0.4828125 0.1171875 0.015625 0.01953125
0 0.465625 0.068359375 0.015625 0.01953125
0 0.528125 0.03515625 0.015625 0.01953125
0 0.53125 0.052734375 0.015625 0.01953125
0 0.5859375 0.12890625 0.015625 0.01953125
0 0.6265625 0.1015625 0.015625 0.01953125
0 0.7109375 0.193359375 0.015625 0.01953125
0 0.75625 0.015625 0.015625 0.01953125
0 0.909375 0.341796875 0.015625 0.01953125
0 0.4734375 0.267578125 0.015625 0.01953125
0 0.4984375 0.208984375 0.015625 0.01953125
0 0.31875 0.24609375 0.015625 0.01953125
0 0.296875 0.248046875 0.015625 0.01953125
0 0.3625 0.333984375 0.015625 0.01953125
0 0.2421875 0.41796875 0.015625 0.01953125
0 0.228125 0.494140625 0.015625 0.01953125
0 0.2421875 0.63671875 0.015625 0.01953125
0 0.2734375 0.759765625 0.015625 0.01953125
0 0.275 0.70703125 0.015625 0.01953125
0 0.275 0.64453125 0.015625 0.01953125
0 0.28125 0.6015625 0.015625 0.01953125
0 0.2796875 0.55078125 0.015625 0.01953125
0 0.3140625 0.83203125 0.015625 0.01953125
0 0.3203125 0.759765625 0.015625 0.01953125
0 0.3203125 0.703125 0.015625 0.01953125
0 0.3171875 0.662109375 0.015625 0.01953125
0 0.3171875 0.623046875 0.015625 0.01953125
0 0.3140625 0.548828125 0.015625 0.01953125
0 0.3125 0.482421875 0.015625 0.01953125
0 0.3578125 0.873046875 0.015625 0.01953125
0 0.359375 0.81640625 0.015625 0.01953125
0 0.36875 0.767578125 0.015625 0.01953125
0 0.365625 0.70703125 0.015625 0.01953125
0 0.3671875 0.66015625 0.015625 0.01953125
0 0.3625 0.603515625 0.015625 0.01953125
0 0.3609375 0.55078125 0.015625 0.01953125
0 0.3609375 0.5 0.015625 0.01953125
0 0.3640625 0.447265625 0.015625 0.01953125
0 0.346875 0.400390625 0.015625 0.01953125
0 0.41875 0.451171875 0.015625 0.01953125
0 0.4046875 0.509765625 0.015625 0.01953125
0 0.4015625 0.55859375 0.015625 0.01953125
0 0.4078125 0.607421875 0.015625 0.01953125
0 0.4140625 0.666015625 0.015625 0.01953125
0 0.4140625 0.71484375 0.015625 0.01953125
0 0.40625 0.7734375 0.015625 0.01953125
0 0.4046875 0.826171875 0.015625 0.01953125
0 0.4015625 0.88671875 0.015625 0.01953125
0 0.428125 0.890625 0.015625 0.01953125
0 0.453125 0.826171875 0.015625 0.01953125
0 0.459375 0.77734375 0.015625 0.01953125
0 0.4515625 0.71875 0.015625 0.01953125
0 0.45625 0.666015625 0.015625 0.01953125
0 0.45625 0.568359375 0.015625 0.01953125
0 0.453125 0.5 0.015625 0.01953125
0 0.45 0.455078125 0.015625 0.01953125
0 0.496875 0.45703125 0.015625 0.01953125
0 0.4875 0.51171875 0.015625 0.01953125
0 0.5046875 0.556640625 0.015625 0.01953125
0 0.503125 0.607421875 0.015625 0.01953125
0 0.4859375 0.685546875 0.015625 0.01953125
0 0.484375 0.73046875 0.015625 0.01953125
0 0.4953125 0.7734375 0.015625 0.01953125
0 0.4984375 0.8203125 0.015625 0.01953125
0 0.5 0.88671875 0.015625 0.01953125
0 0.56875 0.892578125 0.015625 0.01953125
0 0.590625 0.833984375 0.015625 0.01953125
0 0.584375 0.775390625 0.015625 0.01953125
0 0.5765625 0.73046875 0.015625 0.01953125
0 0.5390625 0.73046875 0.015625 0.01953125
0 0.578125 0.68359375 0.015625 0.01953125
0 0.534375 0.677734375 0.015625 0.01953125
0 0.5640625 0.64453125 0.015625 0.01953125
0 0.59375 0.615234375 0.015625 0.01953125
0 0.6046875 0.560546875 0.015625 0.01953125
0 0.59375 0.517578125 0.015625 0.01953125
0 0.553125 0.462890625 0.015625 0.01953125
0 0.6078125 0.462890625 0.015625 0.01953125
0 0.64375 0.564453125 0.015625 0.01953125
0 0.646875 0.6171875 0.015625 0.01953125
0 0.6390625 0.681640625 0.015625 0.01953125
0 0.615625 0.732421875 0.015625 0.01953125
0 0.640625 0.787109375 0.015625 0.01953125
0 0.63125 0.841796875 0.015625 0.01953125
0 0.6296875 0.892578125 0.015625 0.01953125
0 0.6890625 0.861328125 0.015625 0.01953125
0 0.6953125 0.787109375 0.015625 0.01953125
0 0.740625 0.7890625 0.015625 0.01953125
0 0.74375 0.748046875 0.015625 0.01953125
0 0.721875 0.69140625 0.015625 0.01953125
0 0.684375 0.693359375 0.015625 0.01953125
0 0.690625 0.66796875 0.015625 0.01953125
0 0.6859375 0.62890625 0.015625 0.01953125
0 0.6765625 0.625 0.015625 0.01953125
0 0.6765625 0.5703125 0.015625 0.01953125
0 0.6578125 0.54296875 0.015625 0.01953125
0 0.6609375 0.509765625 0.015625 0.01953125
0 0.665625 0.4921875 0.015625 0.01953125
0 0.678125 0.474609375 0.015625 0.01953125
0 0.7125 0.52734375 0.015625 0.01953125
0 0.7453125 0.470703125 0.015625 0.01953125
0 0.7953125 0.484375 0.015625 0.01953125
0 0.8328125 0.43359375 0.015625 0.01953125
0 0.778125 0.568359375 0.015625 0.01953125
0 0.74375 0.564453125 0.015625 0.01953125
0 0.7375 0.6328125 0.015625 0.01953125
0 0.7390625 0.666015625 0.015625 0.01953125
0 0.7625 0.640625 0.015625 0.01953125
0 0.778125 0.630859375 0.015625 0.01953125
0 0.81875 0.685546875 0.015625 0.01953125
0 0.7796875 0.6953125 0.015625 0.01953125
0 0.828125 0.7421875 0.015625 0.01953125
0 0.8453125 0.76953125 0.015625 0.01953125
0 0.8 0.76953125 0.015625 0.01953125
0 0.9796875 0.58984375 0.015625 0.01953125
0 0.990625 0.638671875 0.015625 0.01953125
0 0.8203125 0.91796875 0.015625 0.01953125
0 0.8390625 0.923828125 0.015625 0.01953125
0 0.7671875 0.166015625 0.015625 0.01953125
0 0.3984375 0.40234375 0.015625 0.01953125
0 0.396875 0.44140625 0.015625 0.01953125
0 0.00625 0.693359375 0.015625 0.01953125
0 0.00625 0.779296875 0.015625 0.01953125
0 0.0796875 0.96875 0.015625 0.01953125
0 0.3296875 0.970703125 0.015625 0.01953125
0 0.0390625 0.912109375 0.015625 0.01953125
0 0.0 0.88671875 0.015625 0.01953125
0 0.009375 0.861328125 0.015625 0.01953125
0 0.0203125 0.810546875 0.015625 0.01953125
0 0.0375 0.84375 0.015625 0.01953125
0 0.684375 0.744140625 0.015625 0.01953125
0 0.8140625 0.626953125 0.015625 0.01953125
