0 0.1109375 0.0859375 0.015625 0.01953125
0 0.1453125 0.08984375 0.015625 0.01953125
0 0.1734375 0.255859375 0.015625 0.01953125
0 0.296875 0.255859375 0.015625 0.01953125
0 0.3171875 0.2578125 0.015625 0.01953125
0 0.284375 0.1171875 0.015625 0.01953125
0 0.3078125 0.1328125 0.015625 0.01953125
0 0.31875 0.107421875 0.015625 0.01953125
0 0.375 0.06640625 0.015625 0.01953125
0 0.4078125 0.11328125 0.015625 0.01953125
0 0.471875 0.0703125 0.015625 0.01953125
0 0.49375 0.119140625 0.015625 0.01953125
0 0.5265625 0.0625 0.015625 0.01953125
0 0.5484375 0.041015625 0.015625 0.01953125
0 0.50625 0.015625 0.015625 0.01953125
0 0.596875 0.138671875 0.015625 0.01953125
0 0.6359375 0.11328125 0.015625 0.01953125
0 0.7 0.201171875 0.015625 0.01953125
0 0.7671875 0.1796875 0.015625 0.01953125
0 0.7578125 0.029296875 0.015625 0.01953125
0 0.9046875 0.33203125 0.015625 0.01953125
0 0.5 0.224609375 0.015625 0.01953125
0 0.4734375 0.27734375 0.015625 0.01953125
0 0.3609375 0.341796875 0.015625 0.01953125
0 0.228125 0.4375 0.015625 0.01953125
0 0.2234375 0.490234375 0.015625 0.01953125
0 0.2359375 0.642578125 0.015625 0.01953125
0 0.2796875 0.7734375 0.015625 0.01953125
0 0.2765625 0.716796875 0.015625 0.01953125
0 0.28125 0.658203125 0.015625 0.01953125
0 0.2859375 0.59765625 0.015625 0.01953125
0 0.28125 0.560546875 0.015625 0.01953125
0 0.315625 0.833984375 0.015625 0.01953125
0 0.3125 0.771484375 0.015625 0.01953125
0 0.315625 0.712890625 0.015625 0.01953125
0 0.315625 0.669921875 0.015625 0.01953125
0 0.3171875 0.625 0.015625 0.01953125
0 0.31875 0.560546875 0.015625 0.01953125
0 0.3203125 0.505859375 0.015625 0.01953125
0 0.3546875 0.89453125 0.015625 0.01953125
0 0.36875 0.826171875 0.015625 0.01953125
0 0.365625 0.775390625 0.015625 0.01953125
0 0.3640625 0.7265625 0.015625 0.01953125
0 0.3671875 0.671875 0.015625 0.01953125
0 0.3703125 0.619140625 0.015625 0.01953125
0 0.35625 0.5625 0.015625 0.01953125
0 0.3703125 0.49609375 0.015625 0.01953125
0 0.3890625 0.447265625 0.015625 0.01953125
0 0.3921875 0.412109375 0.015625 0.01953125
0 0.409375 0.412109375 0.015625 0.01953125
0 0.4203125 0.462890625 0.015625 0.01953125
0 0.4578125 0.478515625 0.015625 0.01953125
0 0.5046875 0.48046875 0.015625 0.01953125
0 0.5515625 0.4765625 0.015625 0.01953125
0 0.60625 0.482421875 0.015625 0.01953125
0 0.678125 0.484375 0.015625 0.01953125
0 0.6609375 0.50390625 0.015625 0.01953125
0 0.65625 0.5234375 0.015625 0.01953125
0 0.74375 0.482421875 0.015625 0.01953125
0 0.7953125 0.494140625 0.015625 0.01953125
0 0.8390625 0.44921875 0.015625 0.01953125
0 0.4109375 0.521484375 0.015625 0.01953125
0 0.4078125 0.5703125 0.015625 0.01953125
0 0.4078125 0.615234375 0.015625 0.01953125
0 0.41875 0.68359375 0.015625 0.01953125
0 0.4140625 0.7265625 0.015625 0.01953125
0 0.4140625 0.78125 0.015625 0.01953125
0 0.4109375 0.833984375 0.015625 0.01953125
0 0.4 0.8984375 0.015625 0.01953125
0 0.4359375 0.90234375 0.015625 0.01953125
0 0.45 0.83984375 0.015625 0.01953125
0 0.4515625 0.787109375 0.015625 0.01953125
0 0.4515625 0.73828125 0.015625 0.01953125
0 0.4484375 0.671875 0.015625 0.01953125
0 0.453125 0.5703125 0.015625 0.01953125
0 0.4515625 0.5234375 0.015625 0.01953125
0 0.490625 0.5234375 0.015625 0.01953125
0 0.503125 0.564453125 0.015625 0.01953125
0 0.49375 0.626953125 0.015625 0.01953125
0 0.490625 0.685546875 0.015625 0.01953125
0 0.4953125 0.767578125 0.015625 0.01953125
0 0.4953125 0.830078125 0.015625 0.01953125
0 0.4984375 0.90234375 0.015625 0.01953125
0 0.571875 0.90234375 0.015625 0.01953125
0 0.5875 0.841796875 0.015625 0.01953125
0 0.58125 0.79296875 0.015625 0.01953125
0 0.5796875 0.74609375 0.015625 0.01953125
0 0.5390625 0.751953125 0.015625 0.01953125
0 0.5359375 0.69140625 0.015625 0.01953125
0 0.575 0.697265625 0.015625 0.01953125
0 0.565625 0.65234375 0.015625 0.01953125
0 0.590625 0.625 0.015625 0.01953125
0 0.603125 0.56640625 0.015625 0.01953125
0 0.6359375 0.568359375 0.015625 0.01953125
0 0.65625 0.556640625 0.015625 0.01953125
0 0.6796875 0.580078125 0.015625 0.01953125
0 0.646875 0.625 0.015625 0.01953125
0 0.6796875 0.630859375 0.015625 0.01953125
0 0.684375 0.677734375 0.015625 0.01953125
0 0.690625 0.708984375 0.015625 0.01953125
0 0.6359375 0.69140625 0.015625 0.01953125
0 0.61875 0.732421875 0.015625 0.01953125
0 0.6359375 0.7890625 0.015625 0.01953125
0 0.63125 0.85546875 0.015625 0.01953125
0 0.6265625 0.90234375 0.015625 0.01953125
0 0.6890625 0.8671875 0.015625 0.01953125
0 0.690625 0.802734375 0.015625 0.01953125
0 0.74375 0.806640625 0.015625 0.01953125
0 0.7421875 0.765625 0.015625 0.01953125
0 0.71875 0.70703125 0.015625 0.01953125
0 0.740625 0.6796875 0.015625 0.01953125
0 0.734375 0.640625 0.015625 0.01953125
0 0.746875 0.578125 0.015625 0.01953125
0 0.7109375 0.544921875 0.015625 0.01953125
0 0.78125 0.5859375 0.015625 0.01953125
0 0.775 0.640625 0.015625 0.01953125
0 0.7640625 0.65234375 0.015625 0.01953125
0 0.78125 0.703125 0.015625 0.01953125
0 0.803125 0.78125 0.015625 0.01953125
0 0.796875 0.8046875 0.015625 0.01953125
0 0.840625 0.7734375 0.015625 0.01953125
0 0.8296875 0.751953125 0.015625 0.01953125
0 0.81875 0.701171875 0.015625 0.01953125
0 0.8125 0.646484375 0.015625 0.01953125
0 0.975 0.59765625 0.015625 0.01953125
0 0.9859375 0.646484375 0.015625 0.01953125
0 0.8421875 0.92578125 0.015625 0.01953125
0 0.8234375 0.919921875 0.015625 0.01953125
0 0.321875 0.982421875 0.015625 0.01953125
0 0.09375 0.9921875 0.015625 0.01953125
0 0.0484375 0.927734375 0.015625 0.01953125
0 0.009375 0.896484375 0.015625 0.01953125
0 0.0375 0.861328125 0.015625 0.01953125
0 0.0203125 0.826171875 0.015625 0.01953125
0 0.0078125 0.791015625 0.015625 0.01953125
0 0.259375 0.1953125 0.015625 0.01953125
0 0.621875 0.599609375 0.015625 0.01953125
0 0.80625 0.009765625 0.015625 0.01953125
0 0.5953125 0.53515625 0.015625 0.01953125
0 0.2953125 0.005859375 0.015625 0.01953125
