0 0.1140625 0.095703125 0.015625 0.01953125
0 0.1453125 0.103515625 0.015625 0.01953125
0 0.1828125 0.294921875 0.015625 0.01953125
0 0.290625 0.2734375 0.015625 0.01953125
0 0.3125 0.26171875 0.015625 0.01953125
0 0.2890625 0.109375 0.015625 0.01953125
0 0.321875 0.11328125 0.015625 0.01953125
0 0.3859375 0.072265625 0.015625 0.01953125
0 0.4109375 0.126953125 0.015625 0.01953125
0 0.475 0.076171875 0.015625 0.01953125
0 0.528125 0.1015625 0.015625 0.01953125
0 0.5265625 0.076171875 0.015625 0.01953125
0 0.5640625 0.05859375 0.015625 0.01953125
0 0.50625 0.02734375 0.015625 0.01953125
0 0.3125 0.005859375 0.015625 0.01953125
0 0.290625 0.009765625 0.015625 0.01953125
0 0.4703125 0.28515625 0.015625 0.01953125
0 0.4953125 0.232421875 0.015625 0.01953125
0 0.609375 0.16015625 0.015625 0.01953125
0 0.6296875 0.1171875 0.015625 0.01953125
0 0.7625 0.04296875 0.015625 0.01953125
0 0.7640625 0.185546875 0.015625 0.01953125
0 0.703125 0.208984375 0.015625 0.01953125
0 0.878125 0.044921875 0.015625 0.01953125
0 0.8046875 0.0 0.015625 0.01953125
0 0.9 0.291015625 0.015625 0.01953125
0 0.2359375 0.490234375 0.015625 0.01953125
0 0.2421875 0.6484375 0.015625 0.01953125
0 0.275 0.783203125 0.015625 0.01953125
0 0.28125 0.72265625 0.015625 0.01953125
0 0.2796875 0.677734375 0.015625 0.01953125
0 0.2859375 0.615234375 0.015625 0.01953125
0 0.2796875 0.5703125 0.015625 0.01953125
0 0.3171875 0.513671875 0.015625 0.01953125
0 0.31875 0.576171875 0.015625 0.01953125
0 0.3171875 0.62109375 0.015625 0.01953125
0 0.321875 0.666015625 0.015625 0.01953125
0 0.315625 0.708984375 0.015625 0.01953125
0 0.3234375 0.77734375 0.015625 0.01953125
0 0.321875 0.833984375 0.015625 0.01953125
0 0.3515625 0.89453125 0.015625 0.01953125
0 0.365625 0.83984375 0.015625 0.01953125
0 0.3640625 0.791015625 0.015625 0.01953125
0 0.3625 0.734375 0.015625 0.01953125
0 0.3671875 0.6796875 0.015625 0.01953125
0 0.3546875 0.630859375 0.015625 0.01953125
0 0.365625 0.564453125 0.015625 0.01953125
0 0.36875 0.509765625 0.015625 0.01953125
0 0.3390625 0.369140625 0.015625 0.01953125
0 0.3953125 0.423828125 0.015625 0.01953125
0 0.40625 0.421875 0.015625 0.01953125
0 0.3875 0.4453125 0.015625 0.01953125
0 0.3765625 0.466796875 0.015625 0.01953125
0 0.4109375 0.470703125 0.015625 0.01953125
0 0.4078125 0.5234375 0.015625 0.01953125
0 0.40625 0.583984375 0.015625 0.01953125
0 0.409375 0.6171875 0.015625 0.01953125
0 0.4203125 0.673828125 0.015625 0.01953125
0 0.4140625 0.7265625 0.015625 0.01953125
0 0.4109375 0.787109375 0.015625 0.01953125
0 0.403125 0.837890625 0.015625 0.01953125
0 0.4046875 0.90234375 0.015625 0.01953125
0 0.43125 0.908203125 0.015625 0.01953125
0 0.446875 0.83984375 0.015625 0.01953125
0 0.45625 0.7890625 0.015625 0.01953125
0 0.4515625 0.73828125 0.015625 0.01953125
0 0.4578125 0.68359375 0.015625 0.01953125
0 0.453125 0.583984375 0.015625 0.01953125
0 0.4421875 0.525390625 0.015625 0.01953125
0 0.45 0.47265625 0.015625 0.01953125
0 0.5046875 0.484375 0.015625 0.01953125
0 0.4953125 0.52734375 0.015625 0.01953125
0 0.50625 0.5703125 0.015625 0.01953125
0 0.503125 0.640625 0.015625 0.01953125
0 0.484375 0.69140625 0.015625 0.01953125
0 0.4921875 0.775390625 0.015625 0.01953125
0 0.496875 0.83984375 0.015625 0.01953125
0 0.5 0.91015625 0.015625 0.01953125
0 0.5703125 0.91015625 0.015625 0.01953125
0 0.5890625 0.841796875 0.015625 0.01953125
0 0.5765625 0.806640625 0.015625 0.01953125
0 0.540625 0.748046875 0.015625 0.01953125
0 0.5765625 0.74609375 0.015625 0.01953125
0 0.578125 0.69921875 0.015625 0.01953125
0 0.5359375 0.69140625 0.015625 0.01953125
0 0.5625 0.6640625 0.015625 0.01953125
0 0.6015625 0.63671875 0.015625 0.01953125
0 0.6 0.5859375 0.015625 0.01953125
0 0.5875 0.537109375 0.015625 0.01953125
0 0.5546875 0.482421875 0.015625 0.01953125
0 0.603125 0.470703125 0.015625 0.01953125
0 0.6140625 0.482421875 0.015625 0.01953125
0 0.6734375 0.49609375 0.015625 0.01953125
0 0.665625 0.5078125 0.015625 0.01953125
0 0.65625 0.53515625 0.015625 0.01953125
0 0.715625 0.548828125 0.015625 0.01953125
0 0.6578125 0.5625 0.015625 0.01953125
0 0.6390625 0.58203125 0.015625 0.01953125
0 0.6796875 0.591796875 0.015625 0.01953125
0 0.6515625 0.630859375 0.015625 0.01953125
0 0.690625 0.65234375 0.015625 0.01953125
0 0.684375 0.689453125 0.015625 0.01953125
0 0.6875 0.7109375 0.015625 0.01953125
0 0.634375 0.705078125 0.015625 0.01953125
0 0.6171875 0.740234375 0.015625 0.01953125
0 0.6359375 0.806640625 0.015625 0.01953125
0 0.628125 0.861328125 0.015625 0.01953125
0 0.628125 0.904296875 0.015625 0.01953125
0 0.6890625 0.873046875 0.015625 0.01953125
0 0.690625 0.81640625 0.015625 0.01953125
0 0.740625 0.810546875 0.015625 0.01953125
0 0.740625 0.767578125 0.015625 0.01953125
0 0.715625 0.720703125 0.015625 0.01953125
0 0.734375 0.685546875 0.015625 0.01953125
0 0.7375 0.64453125 0.015625 0.01953125
0 0.74375 0.5859375 0.015625 0.01953125
0 0.7375 0.4921875 0.015625 0.01953125
0 0.796875 0.515625 0.015625 0.01953125
0 0.8328125 0.45703125 0.015625 0.01953125
0 0.775 0.59765625 0.015625 0.01953125
0 0.7796875 0.6484375 0.015625 0.01953125
0 0.7640625 0.6640625 0.015625 0.01953125
0 0.778125 0.712890625 0.015625 0.01953125
0 0.796875 0.79296875 0.015625 0.01953125
0 0.803125 0.8203125 0.015625 0.01953125
0 0.8421875 0.80859375 0.015625 0.01953125
0 0.825 0.765625 0.015625 0.01953125
0 0.815625 0.705078125 0.015625 0.01953125
0 0.8140625 0.65234375 0.015625 0.01953125
0 0.83125 0.62890625 0.015625 0.01953125
0 0.9796875 0.6015625 0.015625 0.01953125
0 0.975 0.65625 0.015625 0.01953125
0 0.8421875 0.923828125 0.015625 0.01953125
0 0.3265625 0.98828125 0.015625 0.01953125
0 0.0640625 0.9609375 0.015625 0.01953125
0 0.0046875 0.931640625 0.015625 0.01953125
0 0.0265625 0.9296875 0.015625 0.01953125
0 0.040625 0.919921875 0.015625 0.01953125
0 0.0359375 0.88671875 0.015625 0.01953125
0 0.015625 0.845703125 0.015625 0.01953125
0 0.025 0.8359375 0.015625 0.01953125
0 0.0015625 0.787109375 0.015625 0.01953125
0 0.675 0.638671875 0.015625 0.01953125
