0 0.18125 0.3203125 0.015625 0.01953125
0 0.15 0.10546875 0.015625 0.01953125
0 0.1203125 0.10546875 0.015625 0.01953125
0 0.240625 0.484375 0.015625 0.01953125
0 0.2375 0.65234375 0.015625 0.01953125
0 0.271875 0.775390625 0.015625 0.01953125
0 0.2734375 0.7265625 0.015625 0.01953125
0 0.2734375 0.671875 0.015625 0.01953125
0 0.28125 0.623046875 0.015625 0.01953125
0 0.2796875 0.556640625 0.015625 0.01953125
0 0.315625 0.8359375 0.015625 0.01953125
0 0.3171875 0.78125 0.015625 0.01953125
0 0.30625 0.728515625 0.015625 0.01953125
0 0.3109375 0.671875 0.015625 0.01953125
0 0.3171875 0.6171875 0.015625 0.01953125
0 0.3140625 0.5703125 0.015625 0.01953125
0 0.3546875 0.896484375 0.015625 0.01953125
0 0.3625 0.833984375 0.015625 0.01953125
0 0.3609375 0.78125 0.015625 0.01953125
0 0.3625 0.728515625 0.015625 0.01953125
0 0.3609375 0.673828125 0.015625 0.01953125
0 0.3609375 0.634765625 0.015625 0.01953125
0 0.403125 0.904296875 0.015625 0.01953125
0 0.4046875 0.833984375 0.015625 0.01953125
0 0.4046875 0.783203125 0.015625 0.01953125
0 0.4140625 0.7265625 0.015625 0.01953125
0 0.409375 0.68359375 0.015625 0.01953125
0 0.40625 0.615234375 0.015625 0.01953125
0 0.4 0.568359375 0.015625 0.01953125
0 0.3546875 0.568359375 0.015625 0.01953125
0 0.365625 0.51953125 0.015625 0.01953125
0 0.403125 0.5234375 0.015625 0.01953125
0 0.4109375 0.47265625 0.015625 0.01953125
0 0.4421875 0.47265625 0.015625 0.01953125
0 0.4484375 0.52734375 0.015625 0.01953125
0 0.459375 0.580078125 0.015625 0.01953125
0 0.4484375 0.67578125 0.015625 0.01953125
0 0.4515625 0.75 0.015625 0.01953125
0 0.4515625 0.783203125 0.015625 0.01953125
0 0.4546875 0.83984375 0.015625 0.01953125
0 0.4359375 0.908203125 0.015625 0.01953125
0 0.5 0.90625 0.015625 0.01953125
0 0.4953125 0.845703125 0.015625 0.01953125
0 0.484375 0.78125 0.015625 0.01953125
0 0.484375 0.701171875 0.015625 0.01953125
0 0.5046875 0.6328125 0.015625 0.01953125
0 0.5046875 0.58203125 0.015625 0.01953125
0 0.4921875 0.52734375 0.015625 0.01953125
0 0.4984375 0.478515625 0.015625 0.01953125
0 0.5484375 0.49609375 0.015625 0.01953125
0 0.53125 0.69140625 0.015625 0.01953125
0 0.5421875 0.765625 0.015625 0.01953125
0 0.565625 0.919921875 0.015625 0.01953125
0 0.5828125 0.84765625 0.015625 0.01953125
0 0.5765625 0.79296875 0.015625 0.01953125
0 0.575 0.73828125 0.015625 0.01953125
0 0.5796875 0.6953125 0.015625 0.01953125
0 0.559375 0.66015625 0.015625 0.01953125
0 0.5921875 0.6328125 0.015625 0.01953125
0 0.6 0.583984375 0.015625 0.01953125
0 0.6078125 0.490234375 0.015625 0.01953125
0 0.6765625 0.494140625 0.015625 0.01953125
0 0.7421875 0.49609375 0.015625 0.01953125
0 0.7953125 0.513671875 0.015625 0.01953125
0 0.8375 0.455078125 0.015625 0.01953125
0 0.6625 0.529296875 0.015625 0.01953125
0 0.6625 0.568359375 0.015625 0.01953125
0 0.7125 0.55078125 0.015625 0.01953125
0 0.6359375 0.583984375 0.015625 0.01953125
0 0.68125 0.595703125 0.015625 0.01953125
0 0.7453125 0.591796875 0.015625 0.01953125
0 0.775 0.607421875 0.015625 0.01953125
0 0.6515625 0.638671875 0.015625 0.01953125
0 0.6890625 0.638671875 0.015625 0.01953125
0 0.7375 0.65234375 0.015625 0.01953125
0 0.765625 0.671875 0.015625 0.01953125
0 0.7765625 0.65234375 0.015625 0.01953125
0 0.8078125 0.65234375 0.015625 0.01953125
0 0.6296875 0.693359375 0.015625 0.01953125
0 0.6171875 0.740234375 0.015625 0.01953125
0 0.6359375 0.806640625 0.015625 0.01953125
0 0.628125 0.86328125 0.015625 0.01953125
0 0.6265625 0.919921875 0.015625 0.01953125
0 0.6890625 0.880859375 0.015625 0.01953125
0 0.6859375 0.822265625 0.015625 0.01953125
0 0.6828125 0.763671875 0.015625 0.01953125
0 0.6828125 0.69921875 0.015625 0.01953125
0 0.7125 0.72265625 0.015625 0.01953125
0 0.7375 0.767578125 0.015625 0.01953125
0 0.7421875 0.8203125 0.015625 0.01953125
0 0.7984375 0.8046875 0.015625 0.01953125
0 0.828125 0.767578125 0.015625 0.01953125
0 0.8125 0.7109375 0.015625 0.01953125
0 0.7703125 0.71484375 0.015625 0.01953125
0 0.8390625 0.8359375 0.015625 0.01953125
0 0.8484375 0.92578125 0.015625 0.01953125
0 0.971875 0.65625 0.015625 0.01953125
0 0.98125 0.599609375 0.015625 0.01953125
0 0.8859375 0.98828125 0.015625 0.01953125
0 0.6890625 0.720703125 0.015625 0.01953125
0 0.8921875 0.27734375 0.015625 0.01953125
0 0.7640625 0.189453125 0.015625 0.01953125
0 0.703125 0.212890625 0.015625 0.01953125
0 0.6125 0.166015625 0.015625 0.01953125
0 0.6328125 0.125 0.015625 0.01953125
0 0.54375 0.052734375 0.015625 0.01953125
0 0.5390625 0.09765625 0.015625 0.01953125
0 0.5328125 0.080078125 0.015625 0.01953125
0 0.478125 0.078125 0.015625 0.01953125
0 0.409375 0.072265625 0.015625 0.01953125
0 0.4046875 0.130859375 0.015625 0.01953125
0 0.4953125 0.232421875 0.015625 0.01953125
0 0.471875 0.291015625 0.015625 0.01953125
0 0.3890625 0.4609375 0.015625 0.01953125
0 0.3859375 0.42578125 0.015625 0.01953125
0 0.33125 0.375 0.015625 0.01953125
0 0.3125 0.263671875 0.015625 0.01953125
0 0.29375 0.27734375 0.015625 0.01953125
0 0.3125 0.119140625 0.015625 0.01953125
0 0.284375 0.103515625 0.015625 0.01953125
0 0.3078125 0.0 0.015625 0.01953125
0 0.290625 0.01171875 0.015625 0.01953125
0 0.8125 0.00390625 0.015625 0.01953125
0 0.759375 0.044921875 0.015625 0.01953125
0 0.0734375 0.96875 0.015625 0.01953125
0 0.3140625 0.974609375 0.015625 0.01953125
0 0.328125 0.990234375 0.015625 0.01953125
0 0.0046875 0.79296875 0.015625 0.01953125
0 0.0046875 0.94140625 0.015625 0.01953125
0 0.0390625 0.931640625 0.015625 0.01953125
0 0.0578125 0.921875 0.015625 0.01953125
0 0.0453125 0.8828125 0.015625 0.01953125
0 0.00625 0.8359375 0.015625 0.01953125
0 0.0234375 0.841796875 0.015625 0.01953125
0 0.7359375 0.689453125 0.015625 0.01953125
0 0.0484375 0.908203125 0.015625 0.01953125
0 0.3671875 0.470703125 0.015625 0.01953125
