0 0.1140625 0.11328125 0.015625 0.01953125
0 0.14375 0.111328125 0.015625 0.01953125
0 0.171875 0.34765625 0.015625 0.01953125
0 0.2 0.46484375 0.015625 0.01953125
0 0.2421875 0.48046875 0.015625 0.01953125
0 0.2390625 0.65625 0.015625 0.01953125
0 0.278125 0.78125 0.015625 0.01953125
0 0.271875 0.72265625 0.015625 0.01953125
0 0.28125 0.677734375 0.015625 0.01953125
0 0.2796875 0.630859375 0.015625 0.01953125
0 0.284375 0.5703125 0.015625 0.01953125
0 0.3125 0.513671875 0.015625 0.01953125
0 0.3125 0.58203125 0.015625 0.01953125
0 0.315625 0.625 0.015625 0.01953125
0 0.3140625 0.671875 0.015625 0.01953125
0 0.3125 0.732421875 0.015625 0.01953125
0 0.3125 0.791015625 0.015625 0.01953125
0 0.3125 0.84375 0.015625 0.01953125
0 0.35625 0.890625 0.015625 0.01953125
0 0.3609375 0.830078125 0.015625 0.01953125
0 0.365625 0.787109375 0.015625 0.01953125
0 0.359375 0.73828125 0.015625 0.01953125
0 0.3625 0.677734375 0.015625 0.01953125
0 0.365625 0.623046875 0.015625 0.01953125
0 0.359375 0.5703125 0.015625 0.01953125
0 0.365625 0.5234375 0.015625 0.01953125
0 0.4140625 0.4765625 0.015625 0.01953125
0 0.403125 0.5234375 0.015625 0.01953125
0 0.403125 0.5703125 0.015625 0.01953125
0 0.4109375 0.62109375 0.015625 0.01953125
0 0.4109375 0.68359375 0.015625 0.01953125
0 0.409375 0.74609375 0.015625 0.01953125
0 0.409375 0.79296875 0.015625 0.01953125
0 0.403125 0.84765625 0.015625 0.01953125
0 0.3984375 0.90625 0.015625 0.01953125
0 0.428125 0.9140625 0.015625 0.01953125
0 0.4484375 0.84765625 0.015625 0.01953125
0 0.4609375 0.79296875 0.015625 0.01953125
0 0.446875 0.744140625 0.015625 0.01953125
0 0.4515625 0.689453125 0.015625 0.01953125
0 0.453125 0.591796875 0.015625 0.01953125
0 0.446875 0.525390625 0.015625 0.01953125
0 0.446875 0.48046875 0.015625 0.01953125
0 0.5 0.484375 0.015625 0.01953125
0 0.496875 0.525390625 0.015625 0.01953125
0 0.5015625 0.58203125 0.015625 0.01953125
0 0.50625 0.638671875 0.015625 0.01953125
0 0.4796875 0.7109375 0.015625 0.01953125
0 0.4890625 0.75390625 0.015625 0.01953125
0 0.490625 0.77734375 0.015625 0.01953125
0 0.490625 0.841796875 0.015625 0.01953125
0 0.50625 0.912109375 0.015625 0.01953125
0 0.5671875 0.919921875 0.015625 0.01953125
0 0.5875 0.849609375 0.015625 0.01953125
0 0.5875 0.794921875 0.015625 0.01953125
0 0.58125 0.73828125 0.015625 0.01953125
0 0.5390625 0.75390625 0.015625 0.01953125
0 0.5375 0.6953125 0.015625 0.01953125
0 0.571875 0.697265625 0.015625 0.01953125
0 0.56875 0.671875 0.015625 0.01953125
0 0.59375 0.64453125 0.015625 0.01953125
0 0.603125 0.591796875 0.015625 0.01953125
0 0.5921875 0.5390625 0.015625 0.01953125
0 0.55625 0.48828125 0.015625 0.01953125
0 0.6140625 0.49609375 0.015625 0.01953125
0 0.65625 0.53125 0.015625 0.01953125
0 0.678125 0.50390625 0.015625 0.01953125
0 0.6609375 0.578125 0.015625 0.01953125
0 0.6796875 0.58984375 0.015625 0.01953125
0 0.6515625 0.640625 0.015625 0.01953125
0 0.634375 0.70703125 0.015625 0.01953125
0 0.6140625 0.751953125 0.015625 0.01953125
0 0.6390625 0.802734375 0.015625 0.01953125
0 0.6234375 0.86328125 0.015625 0.01953125
0 0.628125 0.9140625 0.015625 0.01953125
0 0.6921875 0.8828125 0.015625 0.01953125
0 0.6984375 0.828125 0.015625 0.01953125
0 0.7109375 0.732421875 0.015625 0.01953125
0 0.6890625 0.69921875 0.015625 0.01953125
0 0.6796875 0.646484375 0.015625 0.01953125
0 0.7171875 0.556640625 0.015625 0.01953125
0 0.7453125 0.595703125 0.015625 0.01953125
0 0.7421875 0.666015625 0.015625 0.01953125
0 0.7421875 0.69921875 0.015625 0.01953125
0 0.740625 0.771484375 0.015625 0.01953125
0 0.746875 0.818359375 0.015625 0.01953125
0 0.6890625 0.7265625 0.015625 0.01953125
0 0.7765625 0.71875 0.015625 0.01953125
0 0.7609375 0.666015625 0.015625 0.01953125
0 0.7796875 0.65625 0.015625 0.01953125
0 0.7734375 0.603515625 0.015625 0.01953125
0 0.8015625 0.625 0.015625 0.01953125
0 0.80625 0.658203125 0.015625 0.01953125
0 0.815625 0.712890625 0.015625 0.01953125
0 0.825 0.779296875 0.015625 0.01953125
0 0.7984375 0.80859375 0.015625 0.01953125
0 0.8375 0.869140625 0.015625 0.01953125
0 0.8515625 0.927734375 0.015625 0.01953125
0 0.796875 0.9921875 0.015625 0.01953125
0 0.89375 0.998046875 0.015625 0.01953125
0 0.978125 0.66015625 0.015625 0.01953125
0 0.96875 0.603515625 0.015625 0.01953125
0 0.83125 0.46484375 0.015625 0.01953125
0 0.796875 0.51171875 0.015625 0.01953125
0 0.75 0.5 0.015625 0.01953125
0 0.884375 0.23828125 0.015625 0.01953125
0 0.7640625 0.189453125 0.015625 0.01953125
0 0.709375 0.21875 0.015625 0.01953125
0 0.603125 0.173828125 0.015625 0.01953125
0 0.6375 0.130859375 0.015625 0.01953125
0 0.75625 0.044921875 0.015625 0.01953125
0 0.8765625 0.052734375 0.015625 0.01953125
0 0.8 0.015625 0.015625 0.01953125
0 0.5 0.240234375 0.015625 0.01953125
0 0.471875 0.294921875 0.015625 0.01953125
0 0.3125 0.26953125 0.015625 0.01953125
0 0.2921875 0.294921875 0.015625 0.01953125
0 0.3046875 0.388671875 0.015625 0.01953125
0 0.35 0.41796875 0.015625 0.01953125
0 0.409375 0.427734375 0.015625 0.01953125
0 0.3953125 0.43359375 0.015625 0.01953125
0 0.3875 0.45703125 0.015625 0.01953125
0 0.3765625 0.478515625 0.015625 0.01953125
0 0.409375 0.134765625 0.015625 0.01953125
0 0.3125 0.119140625 0.015625 0.01953125
0 0.29375 0.09375 0.015625 0.01953125
0 0.4484375 0.078125 0.015625 0.01953125
0 0.4734375 0.08984375 0.015625 0.01953125
0 0.5296875 0.083984375 0.015625 0.01953125
0 0.521875 0.05859375 0.015625 0.01953125
0 0.484375 0.044921875 0.015625 0.01953125
0 0.503125 0.02734375 0.015625 0.01953125
0 0.3125 0.009765625 0.015625 0.01953125
0 0.2953125 0.015625 0.015625 0.01953125
0 0.0046875 0.791015625 0.015625 0.01953125
0 0.0078125 0.845703125 0.015625 0.01953125
0 0.053125 0.8828125 0.015625 0.01953125
0 0.0296875 0.96875 0.015625 0.01953125
0 0.1 0.9921875 0.015625 0.01953125
0 0.075 0.9453125 0.015625 0.01953125
0 0.0953125 0.9296875 0.015625 0.01953125
