0 0.1453125 0.11328125 0.015625 0.01953125
0 0.1078125 0.109375 0.015625 0.01953125
0 0.175 0.369140625 0.015625 0.01953125
0 0.209375 0.46484375 0.015625 0.01953125
0 0.2515625 0.46484375 0.015625 0.01953125
0 0.2984375 0.392578125 0.015625 0.01953125
0 0.2890625 0.298828125 0.015625 0.01953125
0 0.3078125 0.275390625 0.015625 0.01953125
0 0.3171875 0.119140625 0.015625 0.01953125
0 0.2875 0.0859375 0.015625 0.01953125
0 0.3828125 0.1015625 0.015625 0.01953125
0 0.41875 0.126953125 0.015625 0.01953125
0 0.4734375 0.083984375 0.015625 0.01953125
0 0.484375 0.080078125 0.015625 0.01953125
0 0.44375 0.05859375 0.015625 0.01953125
0 0.4890625 0.056640625 0.015625 0.01953125
0 0.503125 0.029296875 0.015625 0.01953125
0 0.528125 0.080078125 0.015625 0.01953125
0 0.5859375 0.171875 0.015625 0.01953125
0 0.6328125 0.1328125 0.015625 0.01953125
0 0.5 0.240234375 0.015625 0.01953125
0 0.4734375 0.296875 0.015625 0.01953125
0 0.7109375 0.22265625 0.015625 0.01953125
0 0.759375 0.19140625 0.015625 0.01953125
0 0.7546875 0.044921875 0.015625 0.01953125
0 0.86875 0.05078125 0.015625 0.01953125
0 0.8765625 0.1953125 0.015625 0.01953125
0 0.796875 0.017578125 0.015625 0.01953125
0 0.8046875 0.005859375 0.015625 0.01953125
0 0.8390625 0.001953125 0.015625 0.01953125
0 0.2390625 0.658203125 0.015625 0.01953125
0 0.278125 0.779296875 0.015625 0.01953125
0 0.2796875 0.732421875 0.015625 0.01953125
0 0.28125 0.671875 0.015625 0.01953125
0 0.284375 0.619140625 0.015625 0.01953125
0 0.2796875 0.56640625 0.015625 0.01953125
0 0.3171875 0.83984375 0.015625 0.01953125
0 0.3171875 0.78515625 0.015625 0.01953125
0 0.309375 0.734375 0.015625 0.01953125
0 0.3171875 0.67578125 0.015625 0.01953125
0 0.3171875 0.6328125 0.015625 0.01953125
0 0.3140625 0.58984375 0.015625 0.01953125
0 0.3109375 0.51171875 0.015625 0.01953125
0 0.3734375 0.474609375 0.015625 0.01953125
0 0.3921875 0.46484375 0.015625 0.01953125
0 0.39375 0.435546875 0.015625 0.01953125
0 0.365625 0.419921875 0.015625 0.01953125
0 0.3609375 0.517578125 0.015625 0.01953125
0 0.3625 0.578125 0.015625 0.01953125
0 0.3609375 0.62109375 0.015625 0.01953125
0 0.3609375 0.685546875 0.015625 0.01953125
0 0.36875 0.732421875 0.015625 0.01953125
0 0.365625 0.7890625 0.015625 0.01953125
0 0.359375 0.83984375 0.015625 0.01953125
0 0.3546875 0.892578125 0.015625 0.01953125
0 0.4046875 0.91015625 0.015625 0.01953125
0 0.4 0.853515625 0.015625 0.01953125
0 0.4046875 0.79296875 0.015625 0.01953125
0 0.4109375 0.740234375 0.015625 0.01953125
0 0.415625 0.69140625 0.015625 0.01953125
0 0.409375 0.62890625 0.015625 0.01953125
0 0.40625 0.578125 0.015625 0.01953125
0 0.409375 0.53515625 0.015625 0.01953125
0 0.4109375 0.470703125 0.015625 0.01953125
0 0.446875 0.474609375 0.015625 0.01953125
0 0.4484375 0.53125 0.015625 0.01953125
0 0.4578125 0.583984375 0.015625 0.01953125
0 0.4578125 0.69140625 0.015625 0.01953125
0 0.4515625 0.75 0.015625 0.01953125
0 0.4578125 0.796875 0.015625 0.01953125
0 0.45 0.84765625 0.015625 0.01953125
0 0.4328125 0.908203125 0.015625 0.01953125
0 0.5046875 0.91796875 0.015625 0.01953125
0 0.496875 0.84765625 0.015625 0.01953125
0 0.4953125 0.7890625 0.015625 0.01953125
0 0.4890625 0.7109375 0.015625 0.01953125
0 0.50625 0.638671875 0.015625 0.01953125
0 0.5046875 0.587890625 0.015625 0.01953125
0 0.5 0.537109375 0.015625 0.01953125
0 0.5 0.48828125 0.015625 0.01953125
0 0.5546875 0.490234375 0.015625 0.01953125
0 0.5390625 0.703125 0.015625 0.01953125
0 0.5375 0.76171875 0.015625 0.01953125
0 0.5703125 0.91796875 0.015625 0.01953125
0 0.5875 0.857421875 0.015625 0.01953125
0 0.58125 0.798828125 0.015625 0.01953125
0 0.5765625 0.7421875 0.015625 0.01953125
0 0.578125 0.701171875 0.015625 0.01953125
0 0.565625 0.67578125 0.015625 0.01953125
0 0.6 0.64453125 0.015625 0.01953125
0 0.603125 0.591796875 0.015625 0.01953125
0 0.5921875 0.548828125 0.015625 0.01953125
0 0.6078125 0.498046875 0.015625 0.01953125
0 0.68125 0.501953125 0.015625 0.01953125
0 0.659375 0.533203125 0.015625 0.01953125
0 0.659375 0.578125 0.015625 0.01953125
0 0.6453125 0.5859375 0.015625 0.01953125
0 0.6484375 0.64453125 0.015625 0.01953125
0 0.6359375 0.71875 0.015625 0.01953125
0 0.6171875 0.751953125 0.015625 0.01953125
0 0.6359375 0.806640625 0.015625 0.01953125
0 0.63125 0.861328125 0.015625 0.01953125
0 0.625 0.919921875 0.015625 0.01953125
0 0.684375 0.888671875 0.015625 0.01953125
0 0.6953125 0.826171875 0.015625 0.01953125
0 0.6890625 0.7265625 0.015625 0.01953125
0 0.6890625 0.703125 0.015625 0.01953125
0 0.678125 0.646484375 0.015625 0.01953125
0 0.678125 0.59765625 0.015625 0.01953125
0 0.715625 0.5625 0.015625 0.01953125
0 0.7484375 0.501953125 0.015625 0.01953125
0 0.796875 0.513671875 0.015625 0.01953125
0 0.828125 0.466796875 0.015625 0.01953125
0 0.74375 0.59765625 0.015625 0.01953125
0 0.7765625 0.60546875 0.015625 0.01953125
0 0.7359375 0.658203125 0.015625 0.01953125
0 0.7421875 0.69921875 0.015625 0.01953125
0 0.715625 0.724609375 0.015625 0.01953125
0 0.7375 0.7734375 0.015625 0.01953125
0 0.7484375 0.82421875 0.015625 0.01953125
0 0.8046875 0.8125 0.015625 0.01953125
0 0.8296875 0.78515625 0.015625 0.01953125
0 0.8296875 0.857421875 0.015625 0.01953125
0 0.853125 0.923828125 0.015625 0.01953125
0 0.7828125 0.720703125 0.015625 0.01953125
0 0.7640625 0.671875 0.015625 0.01953125
0 0.775 0.666015625 0.015625 0.01953125
0 0.815625 0.658203125 0.015625 0.01953125
0 0.953125 0.6015625 0.015625 0.01953125
0 0.975 0.66015625 0.015625 0.01953125
0 0.9859375 0.74609375 0.015625 0.01953125
0 0.31875 0.005859375 0.015625 0.01953125
0 0.2984375 0.01171875 0.015625 0.01953125
0 0.0484375 0.96875 0.015625 0.01953125
0 0.096875 0.962890625 0.015625 0.01953125
0 0.103125 0.947265625 0.015625 0.01953125
0 0.1296875 0.953125 0.015625 0.01953125
0 0.0515625 0.892578125 0.015625 0.01953125
0 0.0109375 0.85546875 0.015625 0.01953125
0 0.0078125 0.794921875 0.015625 0.01953125
0 0.6953125 0.65625 0.015625 0.01953125
0 0.678125 0.7734375 0.015625 0.01953125
0 0.8078125 0.705078125 0.015625 0.01953125
0 0.8296875 0.583984375 0.015625 0.01953125
0 0.3171875 0.9921875 0.015625 0.01953125
