0 0.5203125 0.126953125 0.015625 0.01953125
0 0.4796875 0.240234375 0.015625 0.01953125
0 0.5328125 0.29296875 0.015625 0.01953125
0 0.6515625 0.310546875 0.015625 0.01953125
0 0.7234375 0.126953125 0.015625 0.01953125
0 0.7515625 0.126953125 0.015625 0.01953125
0 0.85625 0.04296875 0.015625 0.01953125
0 0.86875 0.02734375 0.015625 0.01953125
0 0.878125 0.009765625 0.015625 0.01953125
0 0.9109375 0.033203125 0.015625 0.01953125
0 0.8828125 0.0859375 0.015625 0.01953125
0 0.9 0.134765625 0.015625 0.01953125
0 0.8640625 0.23828125 0.015625 0.01953125
0 0.9203125 0.30078125 0.015625 0.01953125
0 0.865625 0.34765625 0.015625 0.01953125
0 0.95625 0.392578125 0.015625 0.01953125
0 0.95 0.412109375 0.015625 0.01953125
0 0.8171875 0.490234375 0.015625 0.01953125
0 0.8140625 0.5078125 0.015625 0.01953125
0 0.7484375 0.623046875 0.015625 0.01953125
0 0.61875 0.673828125 0.015625 0.01953125
0 0.8546875 0.68359375 0.015625 0.01953125
0 0.8546875 0.705078125 0.015625 0.01953125
0 0.878125 0.64453125 0.015625 0.01953125
0 0.89375 0.697265625 0.015625 0.01953125
0 0.896875 0.6796875 0.015625 0.01953125
0 0.9171875 0.64453125 0.015625 0.01953125
0 0.9 0.607421875 0.015625 0.01953125
0 0.934375 0.556640625 0.015625 0.01953125
0 0.9703125 0.490234375 0.015625 0.01953125
0 0.9640625 0.5859375 0.015625 0.01953125
0 0.9625 0.630859375 0.015625 0.01953125
0 0.978125 0.703125 0.015625 0.01953125
0 0.896875 0.736328125 0.015625 0.01953125
0 0.9046875 0.787109375 0.015625 0.01953125
0 0.9078125 0.8515625 0.015625 0.01953125
0 0.928125 0.8203125 0.015625 0.01953125
0 0.965625 0.830078125 0.015625 0.01953125
0 0.9609375 0.86328125 0.015625 0.01953125
0 0.93125 0.939453125 0.015625 0.01953125
0 0.9890625 0.939453125 0.015625 0.01953125
0 0.9859375 0.80078125 0.015625 0.01953125
0 0.6140625 0.826171875 0.015625 0.01953125
0 0.559375 0.826171875 0.015625 0.01953125
0 0.634375 0.8671875 0.015625 0.01953125
0 0.715625 0.947265625 0.015625 0.01953125
0 0.7 0.978515625 0.015625 0.01953125
0 0.5734375 0.94921875 0.015625 0.01953125
0 0.5390625 0.931640625 0.015625 0.01953125
0 0.54375 0.90625 0.015625 0.01953125
0 0.5203125 0.908203125 0.015625 0.01953125
0 0.484375 0.892578125 0.015625 0.01953125
0 0.4796875 0.861328125 0.015625 0.01953125
0 0.490625 0.853515625 0.015625 0.01953125
0 0.4640625 0.890625 0.015625 0.01953125
0 0.4375 0.91015625 0.015625 0.01953125
0 0.4203125 0.91796875 0.015625 0.01953125
0 0.4171875 0.91015625 0.015625 0.01953125
0 0.4171875 0.888671875 0.015625 0.01953125
0 0.4203125 0.8671875 0.015625 0.01953125
0 0.409375 0.837890625 0.015625 0.01953125
0 0.38125 0.87109375 0.015625 0.01953125
0 0.3609375 0.900390625 0.015625 0.01953125
0 0.3390625 0.9140625 0.015625 0.01953125
0 0.3265625 0.908203125 0.015625 0.01953125
0 0.4328125 0.927734375 0.015625 0.01953125
0 0.4421875 0.931640625 0.015625 0.01953125
0 0.4515625 0.9375 0.015625 0.01953125
0 0.475 0.931640625 0.015625 0.01953125
0 0.478125 0.919921875 0.015625 0.01953125
0 0.4625 0.94921875 0.015625 0.01953125
0 0.4671875 0.978515625 0.015625 0.01953125
0 0.48125 0.96484375 0.015625 0.01953125
0 0.4828125 0.98828125 0.015625 0.01953125
0 0.4921875 0.978515625 0.015625 0.01953125
0 0.496875 0.98828125 0.015625 0.01953125
0 0.50625 0.98046875 0.015625 0.01953125
0 0.5171875 0.9921875 0.015625 0.01953125
0 0.46875 0.95703125 0.015625 0.01953125
0 0.371875 0.732421875 0.015625 0.01953125
0 0.3859375 0.69921875 0.015625 0.01953125
0 0.4265625 0.705078125 0.015625 0.01953125
0 0.4140625 0.6796875 0.015625 0.01953125
0 0.275 0.650390625 0.015625 0.01953125
0 0.2796875 0.564453125 0.015625 0.01953125
0 0.3078125 0.517578125 0.015625 0.01953125
0 0.26875 0.5078125 0.015625 0.01953125
0 0.2984375 0.453125 0.015625 0.01953125
0 0.36875 0.361328125 0.015625 0.01953125
0 0.1875 0.40234375 0.015625 0.01953125
0 0.2390625 0.3515625 0.015625 0.01953125
0 0.29375 0.32421875 0.015625 0.01953125
0 0.278125 0.30859375 0.015625 0.01953125
0 0.2546875 0.28515625 0.015625 0.01953125
0 0.21875 0.208984375 0.015625 0.01953125
0 0.2078125 0.21875 0.015625 0.01953125
0 0.2265625 0.037109375 0.015625 0.01953125
0 0.1453125 0.0390625 0.015625 0.01953125
0 0.2265625 0.08984375 0.015625 0.01953125
0 0.246875 0.083984375 0.015625 0.01953125
0 0.259375 0.095703125 0.015625 0.01953125
0 0.275 0.09375 0.015625 0.01953125
0 0.1421875 0.64453125 0.015625 0.01953125
0 0.1921875 0.6796875 0.015625 0.01953125
0 0.2140625 0.66796875 0.015625 0.01953125
0 0.21875 0.716796875 0.015625 0.01953125
0 0.234375 0.70703125 0.015625 0.01953125
0 0.178125 0.865234375 0.015625 0.01953125
0 0.2046875 0.86328125 0.015625 0.01953125
0 0.2265625 0.859375 0.015625 0.01953125
0 0.1640625 0.908203125 0.015625 0.01953125
0 0.125 0.912109375 0.015625 0.01953125
0 0.125 0.921875 0.015625 0.01953125
0 0.0890625 0.880859375 0.015625 0.01953125
0 0.0796875 0.609375 0.015625 0.01953125
0 0.0703125 0.609375 0.015625 0.01953125
0 0.06875 0.58984375 0.015625 0.01953125
0 0.0734375 0.556640625 0.015625 0.01953125
0 0.0796875 0.52734375 0.015625 0.01953125
0 0.075 0.513671875 0.015625 0.01953125
0 0.0765625 0.498046875 0.015625 0.01953125
0 0.0890625 0.458984375 0.015625 0.01953125
0 0.0640625 0.45703125 0.015625 0.01953125
0 0.0890625 0.384765625 0.015625 0.01953125
0 0.0328125 0.35546875 0.015625 0.01953125
0 0.075 0.333984375 0.015625 0.01953125
0 0.0640625 0.291015625 0.015625 0.01953125
0 0.075 0.271484375 0.015625 0.01953125
0 0.053125 0.236328125 0.015625 0.01953125
0 0.0875 0.25390625 0.015625 0.01953125
0 0.54375 0.25 0.015625 0.01953125
0 0.240625 0.666015625 0.015625 0.01953125
0 0.39375 0.88671875 0.015625 0.01953125
0 0.3765625 0.91015625 0.015625 0.01953125
0 0.059375 0.888671875 0.015625 0.01953125
0 0.2265625 0.685546875 0.015625 0.01953125
0 0.1390625 0.91015625 0.015625 0.01953125
