0 0.140625 0.06640625 0.015625 0.01953125
0 0.2203125 0.06640625 0.015625 0.01953125
0 0.2234375 0.111328125 0.015625 0.01953125
0 0.240625 0.107421875 0.015625 0.01953125
0 0.2578125 0.11328125 0.015625 0.01953125
0 0.2765625 0.119140625 0.015625 0.01953125
0 0.2015625 0.232421875 0.015625 0.01953125
0 0.215625 0.234375 0.015625 0.01953125
0 0.24375 0.375 0.015625 0.01953125
0 0.178125 0.439453125 0.015625 0.01953125
0 0.2578125 0.33984375 0.015625 0.01953125
0 0.271875 0.35546875 0.015625 0.01953125
0 0.29375 0.36328125 0.015625 0.01953125
0 0.3609375 0.384765625 0.015625 0.01953125
0 0.3015625 0.478515625 0.015625 0.01953125
0 0.2703125 0.529296875 0.015625 0.01953125
0 0.3125 0.5390625 0.015625 0.01953125
0 0.2765625 0.595703125 0.015625 0.01953125
0 0.2796875 0.66796875 0.015625 0.01953125
0 0.4734375 0.2578125 0.015625 0.01953125
0 0.5234375 0.30859375 0.015625 0.01953125
0 0.5375 0.25390625 0.015625 0.01953125
0 0.65 0.306640625 0.015625 0.01953125
0 0.7203125 0.14453125 0.015625 0.01953125
0 0.7546875 0.130859375 0.015625 0.01953125
0 0.3921875 0.708984375 0.015625 0.01953125
0 0.390625 0.751953125 0.015625 0.01953125
0 0.4171875 0.705078125 0.015625 0.01953125
0 0.434375 0.728515625 0.015625 0.01953125
0 0.3953125 0.8359375 0.015625 0.01953125
0 0.6203125 0.671875 0.015625 0.01953125
0 0.1984375 0.654296875 0.015625 0.01953125
0 0.2109375 0.705078125 0.015625 0.01953125
0 0.2203125 0.69140625 0.015625 0.01953125
0 0.128125 0.64453125 0.015625 0.01953125
0 0.178125 0.671875 0.015625 0.01953125
0 0.23125 0.84765625 0.015625 0.01953125
0 0.2 0.8671875 0.015625 0.01953125
0 0.1703125 0.8671875 0.015625 0.01953125
0 0.1625 0.9296875 0.015625 0.01953125
0 0.1359375 0.919921875 0.015625 0.01953125
0 0.11875 0.919921875 0.015625 0.01953125
0 0.7390625 0.654296875 0.015625 0.01953125
0 0.803125 0.52734375 0.015625 0.01953125
0 0.80625 0.498046875 0.015625 0.01953125
0 0.9140625 0.306640625 0.015625 0.01953125
0 0.9640625 0.396484375 0.015625 0.01953125
0 0.95625 0.41015625 0.015625 0.01953125
0 0.996875 0.466796875 0.015625 0.01953125
0 0.9875 0.494140625 0.015625 0.01953125
0 0.9953125 0.513671875 0.015625 0.01953125
0 0.953125 0.50390625 0.015625 0.01953125
0 0.965625 0.546875 0.015625 0.01953125
0 0.9578125 0.578125 0.015625 0.01953125
0 0.9625 0.611328125 0.015625 0.01953125
0 0.928125 0.5703125 0.015625 0.01953125
0 0.8921875 0.591796875 0.015625 0.01953125
0 0.896875 0.6171875 0.015625 0.01953125
0 0.915625 0.65234375 0.015625 0.01953125
0 0.875 0.6484375 0.015625 0.01953125
0 0.8890625 0.6796875 0.015625 0.01953125
0 0.884375 0.705078125 0.015625 0.01953125
0 0.859375 0.71484375 0.015625 0.01953125
0 0.84375 0.6875 0.015625 0.01953125
0 0.8875 0.740234375 0.015625 0.01953125
0 0.909375 0.78125 0.015625 0.01953125
0 0.9734375 0.70703125 0.015625 0.01953125
0 0.8890625 0.8515625 0.015625 0.01953125
0 0.9203125 0.82421875 0.015625 0.01953125
0 0.9515625 0.822265625 0.015625 0.01953125
0 0.9578125 0.8671875 0.015625 0.01953125
0 0.9203125 0.94921875 0.015625 0.01953125
0 0.975 0.94921875 0.015625 0.01953125
0 0.6078125 0.828125 0.015625 0.01953125
0 0.715625 0.94921875 0.015625 0.01953125
0 0.628125 0.876953125 0.015625 0.01953125
0 0.5796875 0.98828125 0.015625 0.01953125
0 0.5484375 0.947265625 0.015625 0.01953125
0 0.5203125 0.9296875 0.015625 0.01953125
0 0.5 0.865234375 0.015625 0.01953125
0 0.48125 0.892578125 0.015625 0.01953125
0 0.4609375 0.90234375 0.015625 0.01953125
0 0.478125 0.91796875 0.015625 0.01953125
0 0.4078125 0.861328125 0.015625 0.01953125
0 0.3734375 0.873046875 0.015625 0.01953125
0 0.36875 0.904296875 0.015625 0.01953125
0 0.359375 0.908203125 0.015625 0.01953125
0 0.35 0.912109375 0.015625 0.01953125
0 0.334375 0.921875 0.015625 0.01953125
0 0.328125 0.919921875 0.015625 0.01953125
0 0.409375 0.90234375 0.015625 0.01953125
0 0.425 0.921875 0.015625 0.01953125
0 0.4359375 0.93359375 0.015625 0.01953125
0 0.4484375 0.93359375 0.015625 0.01953125
0 0.4625 0.947265625 0.015625 0.01953125
0 0.465625 0.927734375 0.015625 0.01953125
0 0.4625 0.97265625 0.015625 0.01953125
0 0.4859375 0.966796875 0.015625 0.01953125
0 0.475 0.98046875 0.015625 0.01953125
0 0.48125 0.994140625 0.015625 0.01953125
0 0.4953125 0.986328125 0.015625 0.01953125
0 0.515625 0.99609375 0.015625 0.01953125
0 0.4125 0.92578125 0.015625 0.01953125
0 0.3890625 0.888671875 0.015625 0.01953125
0 0.0453125 0.892578125 0.015625 0.01953125
0 0.0140625 0.8203125 0.015625 0.01953125
0 0.078125 0.6171875 0.015625 0.01953125
0 0.0640625 0.615234375 0.015625 0.01953125
0 0.078125 0.58984375 0.015625 0.01953125
0 0.0609375 0.5859375 0.015625 0.01953125
0 0.0703125 0.556640625 0.015625 0.01953125
0 0.0703125 0.53125 0.015625 0.01953125
0 0.071875 0.50390625 0.015625 0.01953125
0 0.0546875 0.462890625 0.015625 0.01953125
0 0.084375 0.388671875 0.015625 0.01953125
0 0.0703125 0.341796875 0.015625 0.01953125
0 0.01875 0.341796875 0.015625 0.01953125
0 0.05625 0.2890625 0.015625 0.01953125
0 0.071875 0.279296875 0.015625 0.01953125
0 0.071875 0.2578125 0.015625 0.01953125
0 0.0515625 0.24609375 0.015625 0.01953125
0 0.0703125 0.115234375 0.015625 0.01953125
0 0.0921875 0.134765625 0.015625 0.01953125
0 0.2390625 0.67578125 0.015625 0.01953125
0 0.415625 0.005859375 0.015625 0.01953125
0 0.8625 0.35546875 0.015625 0.01953125
0 0.909375 0.140625 0.015625 0.01953125
0 0.8828125 0.09765625 0.015625 0.01953125
0 0.9046875 0.041015625 0.015625 0.01953125
0 0.8640625 0.01953125 0.015625 0.01953125
0 0.8984375 0.162109375 0.015625 0.01953125
0 0.8515625 0.25390625 0.015625 0.01953125
0 0.9640625 0.447265625 0.015625 0.01953125
0 0.96875 0.498046875 0.015625 0.01953125
