0 0.959375 0.4453125 0.015625 0.01953125
0 0.4 0.017578125 0.015625 0.01953125
0 0.4171875 0.005859375 0.015625 0.01953125
0 0.459375 0.25390625 0.015625 0.01953125
0 0.515625 0.30078125 0.015625 0.01953125
0 0.528125 0.25 0.015625 0.01953125
0 0.6515625 0.291015625 0.015625 0.01953125
0 0.715625 0.13671875 0.015625 0.01953125
0 0.746875 0.126953125 0.015625 0.01953125
0 0.2671875 0.1328125 0.015625 0.01953125
0 0.2484375 0.13671875 0.015625 0.01953125
0 0.240625 0.126953125 0.015625 0.01953125
0 0.2265625 0.126953125 0.015625 0.01953125
0 0.2078125 0.091796875 0.015625 0.01953125
0 0.1265625 0.0859375 0.015625 0.01953125
0 0.2015625 0.248046875 0.015625 0.01953125
0 0.215625 0.25390625 0.015625 0.01953125
0 0.1859375 0.458984375 0.015625 0.01953125
0 0.2359375 0.396484375 0.015625 0.01953125
0 0.259375 0.375 0.015625 0.01953125
0 0.2703125 0.388671875 0.015625 0.01953125
0 0.290625 0.380859375 0.015625 0.01953125
0 0.35 0.396484375 0.015625 0.01953125
0 0.3 0.49609375 0.015625 0.01953125
0 0.2703125 0.541015625 0.015625 0.01953125
0 0.2796875 0.599609375 0.015625 0.01953125
0 0.284375 0.685546875 0.015625 0.01953125
0 0.3171875 0.552734375 0.015625 0.01953125
0 0.396875 0.724609375 0.015625 0.01953125
0 0.61875 0.67578125 0.015625 0.01953125
0 0.3953125 0.7578125 0.015625 0.01953125
0 0.396875 0.779296875 0.015625 0.01953125
0 0.371875 0.828125 0.015625 0.01953125
0 0.3890625 0.861328125 0.015625 0.01953125
0 0.3640625 0.8671875 0.015625 0.01953125
0 0.403125 0.888671875 0.015625 0.01953125
0 0.5984375 0.833984375 0.015625 0.01953125
0 0.5421875 0.830078125 0.015625 0.01953125
0 0.46875 0.896484375 0.015625 0.01953125
0 0.4671875 0.9140625 0.015625 0.01953125
0 0.4328125 0.9140625 0.015625 0.01953125
0 0.43125 0.927734375 0.015625 0.01953125
0 0.446875 0.943359375 0.015625 0.01953125
0 0.4609375 0.955078125 0.015625 0.01953125
0 0.4640625 0.927734375 0.015625 0.01953125
0 0.45625 0.974609375 0.015625 0.01953125
0 0.4734375 0.962890625 0.015625 0.01953125
0 0.475 0.982421875 0.015625 0.01953125
0 0.4875 0.990234375 0.015625 0.01953125
0 0.496875 0.990234375 0.015625 0.01953125
0 0.5109375 0.994140625 0.015625 0.01953125
0 0.5265625 0.955078125 0.015625 0.01953125
0 0.5484375 0.953125 0.015625 0.01953125
0 0.50625 0.87109375 0.015625 0.01953125
0 0.621875 0.8671875 0.015625 0.01953125
0 0.7046875 0.947265625 0.015625 0.01953125
0 0.9078125 0.958984375 0.015625 0.01953125
0 0.9328125 0.982421875 0.015625 0.01953125
0 0.9578125 0.966796875 0.015625 0.01953125
0 0.9921875 0.9453125 0.015625 0.01953125
0 0.8828125 0.8359375 0.015625 0.01953125
0 0.9140625 0.826171875 0.015625 0.01953125
0 0.9484375 0.873046875 0.015625 0.01953125
0 0.953125 0.830078125 0.015625 0.01953125
0 0.9671875 0.830078125 0.015625 0.01953125
0 0.978125 0.875 0.015625 0.01953125
0 0.990625 0.87109375 0.015625 0.01953125
0 0.9234375 0.779296875 0.015625 0.01953125
0 0.96875 0.7109375 0.015625 0.01953125
0 0.875 0.73828125 0.015625 0.01953125
0 0.86875 0.7109375 0.015625 0.01953125
0 0.84375 0.685546875 0.015625 0.01953125
0 0.8796875 0.689453125 0.015625 0.01953125
0 0.871875 0.677734375 0.015625 0.01953125
0 0.8671875 0.65625 0.015625 0.01953125
0 0.909375 0.650390625 0.015625 0.01953125
0 0.896875 0.626953125 0.015625 0.01953125
0 0.89375 0.603515625 0.015625 0.01953125
0 0.921875 0.583984375 0.015625 0.01953125
0 0.9484375 0.59375 0.015625 0.01953125
0 0.953125 0.58203125 0.015625 0.01953125
0 0.9609375 0.54296875 0.015625 0.01953125
0 0.934375 0.505859375 0.015625 0.01953125
0 0.7921875 0.537109375 0.015625 0.01953125
0 0.7921875 0.50390625 0.015625 0.01953125
0 0.9828125 0.498046875 0.015625 0.01953125
0 0.99375 0.458984375 0.015625 0.01953125
0 0.953125 0.41015625 0.015625 0.01953125
0 0.9625 0.388671875 0.015625 0.01953125
0 0.8578125 0.35546875 0.015625 0.01953125
0 0.915625 0.306640625 0.015625 0.01953125
0 0.9140625 0.130859375 0.015625 0.01953125
0 0.871875 0.0859375 0.015625 0.01953125
0 0.8453125 0.248046875 0.015625 0.01953125
0 0.9046875 0.041015625 0.015625 0.01953125
0 0.890625 0.0390625 0.015625 0.01953125
0 0.8609375 0.013671875 0.015625 0.01953125
0 0.85 0.025390625 0.015625 0.01953125
0 0.3609375 0.908203125 0.015625 0.01953125
0 0.3484375 0.908203125 0.015625 0.01953125
0 0.328125 0.91796875 0.015625 0.01953125
0 0.3125 0.921875 0.015625 0.01953125
0 0.5109375 0.888671875 0.015625 0.01953125
0 0.4171875 0.908203125 0.015625 0.01953125
0 0.3828125 0.888671875 0.015625 0.01953125
0 0.19375 0.8671875 0.015625 0.01953125
0 0.2265625 0.86328125 0.015625 0.01953125
0 0.16875 0.8671875 0.015625 0.01953125
0 0.1390625 0.908203125 0.015625 0.01953125
0 0.121875 0.91796875 0.015625 0.01953125
0 0.190625 0.69140625 0.015625 0.01953125
0 0.209375 0.68359375 0.015625 0.01953125
0 0.23125 0.67578125 0.015625 0.01953125
0 0.1765625 0.63671875 0.015625 0.01953125
0 0.1140625 0.6328125 0.015625 0.01953125
0 0.04375 0.875 0.015625 0.01953125
0 0.0390625 0.25 0.015625 0.01953125
0 0.015625 0.341796875 0.015625 0.01953125
0 0.0625 0.3359375 0.015625 0.01953125
0 0.05 0.28515625 0.015625 0.01953125
0 0.0671875 0.27734375 0.015625 0.01953125
0 0.0578125 0.455078125 0.015625 0.01953125
0 0.06875 0.50390625 0.015625 0.01953125
0 0.0609375 0.51953125 0.015625 0.01953125
0 0.0734375 0.53125 0.015625 0.01953125
0 0.0625 0.556640625 0.015625 0.01953125
0 0.0640625 0.587890625 0.015625 0.01953125
0 0.0671875 0.599609375 0.015625 0.01953125
0 0.059375 0.62109375 0.015625 0.01953125
0 0.059375 0.6328125 0.015625 0.01953125
0 0.059375 0.65234375 0.015625 0.01953125
0 0.08125 0.591796875 0.015625 0.01953125
0 0.1671875 0.6640625 0.015625 0.01953125
0 0.4234375 0.716796875 0.015625 0.01953125
0 0.73125 0.671875 0.015625 0.01953125
0 0.50625 0.1328125 0.015625 0.01953125
