0 0.3421875 0.447265625 0.015625 0.01953125
0 0.290625 0.443359375 0.015625 0.01953125
0 0.271875 0.47265625 0.015625 0.01953125
0 0.2578125 0.482421875 0.015625 0.01953125
0 0.23125 0.46484375 0.015625 0.01953125
0 0.1875 0.314453125 0.015625 0.01953125
0 0.175 0.328125 0.015625 0.01953125
0 0.2265625 0.212890625 0.015625 0.01953125
0 0.215625 0.19921875 0.015625 0.01953125
0 0.1984375 0.197265625 0.015625 0.01953125
0 0.1828125 0.201171875 0.015625 0.01953125
0 0.1609375 0.1796875 0.015625 0.01953125
0 0.090625 0.17578125 0.015625 0.01953125
0 0.3515625 0.06640625 0.015625 0.01953125
0 0.3671875 0.05859375 0.015625 0.01953125
0 0.40625 0.287109375 0.015625 0.01953125
0 0.4125 0.298828125 0.015625 0.01953125
0 0.4796875 0.3125 0.015625 0.01953125
0 0.50625 0.236328125 0.015625 0.01953125
0 0.6234375 0.251953125 0.015625 0.01953125
0 0.6734375 0.103515625 0.015625 0.01953125
0 0.6984375 0.09375 0.015625 0.01953125
0 0.8234375 0.02734375 0.015625 0.01953125
0 0.8671875 0.0546875 0.015625 0.01953125
0 0.8515625 0.09375 0.015625 0.01953125
0 0.878125 0.23046875 0.015625 0.01953125
0 0.8171875 0.1796875 0.015625 0.01953125
0 0.9609375 0.3046875 0.015625 0.01953125
0 0.834375 0.2890625 0.015625 0.01953125
0 0.7734375 0.46875 0.015625 0.01953125
0 0.76875 0.4921875 0.015625 0.01953125
0 0.909375 0.435546875 0.015625 0.01953125
0 0.9828125 0.404296875 0.015625 0.01953125
0 0.940625 0.498046875 0.015625 0.01953125
0 0.9 0.537109375 0.015625 0.01953125
0 0.9109375 0.5625 0.015625 0.01953125
0 0.91875 0.578125 0.015625 0.01953125
0 0.8828125 0.583984375 0.015625 0.01953125
0 0.871875 0.611328125 0.015625 0.01953125
0 0.8515625 0.62890625 0.015625 0.01953125
0 0.89375 0.623046875 0.015625 0.01953125
0 0.8828125 0.669921875 0.015625 0.01953125
0 0.90625 0.662109375 0.015625 0.01953125
0 0.971875 0.6328125 0.015625 0.01953125
0 0.9625 0.6953125 0.015625 0.01953125
0 0.9515625 0.744140625 0.015625 0.01953125
0 0.9796875 0.74609375 0.015625 0.01953125
0 0.978125 0.791015625 0.015625 0.01953125
0 0.8984375 0.7578125 0.015625 0.01953125
0 0.959375 0.900390625 0.015625 0.01953125
0 0.975 0.94140625 0.015625 0.01953125
0 0.9796875 0.94921875 0.015625 0.01953125
0 0.753125 0.654296875 0.015625 0.01953125
0 0.6421875 0.638671875 0.015625 0.01953125
0 0.6359375 0.796875 0.015625 0.01953125
0 0.803125 0.958984375 0.015625 0.01953125
0 0.625 0.9609375 0.015625 0.01953125
0 0.6140625 0.95703125 0.015625 0.01953125
0 0.5953125 0.9609375 0.015625 0.01953125
0 0.5625 0.892578125 0.015625 0.01953125
0 0.5828125 0.892578125 0.015625 0.01953125
0 0.565625 0.83203125 0.015625 0.01953125
0 0.4578125 0.798828125 0.015625 0.01953125
0 0.428125 0.75390625 0.015625 0.01953125
0 0.46875 0.748046875 0.015625 0.01953125
0 0.484375 0.767578125 0.015625 0.01953125
0 0.3171875 0.732421875 0.015625 0.01953125
0 0.3 0.658203125 0.015625 0.01953125
0 0.2859375 0.603515625 0.015625 0.01953125
0 0.30625 0.55078125 0.015625 0.01953125
0 0.334375 0.60546875 0.015625 0.01953125
0 0.19375 0.537109375 0.015625 0.01953125
0 0.2265625 0.732421875 0.015625 0.01953125
0 0.2046875 0.7265625 0.015625 0.01953125
0 0.3890625 0.828125 0.015625 0.01953125
0 0.4 0.861328125 0.015625 0.01953125
0 0.409375 0.890625 0.015625 0.01953125
0 0.4109375 0.921875 0.015625 0.01953125
0 0.390625 0.935546875 0.015625 0.01953125
0 0.3765625 0.94140625 0.015625 0.01953125
0 0.4453125 0.908203125 0.015625 0.01953125
0 0.465625 0.923828125 0.015625 0.01953125
0 0.509375 0.89453125 0.015625 0.01953125
0 0.509375 0.91796875 0.015625 0.01953125
0 0.521875 0.912109375 0.015625 0.01953125
0 0.4875 0.943359375 0.015625 0.01953125
0 0.496875 0.947265625 0.015625 0.01953125
0 0.5125 0.96875 0.015625 0.01953125
0 0.525 0.96875 0.015625 0.01953125
0 0.5265625 0.982421875 0.015625 0.01953125
0 0.546875 0.970703125 0.015625 0.01953125
0 0.54375 0.990234375 0.015625 0.01953125
0 0.265625 0.900390625 0.015625 0.01953125
0 0.2390625 0.916015625 0.015625 0.01953125
0 0.215625 0.92578125 0.015625 0.01953125
0 0.1875 0.978515625 0.015625 0.01953125
0 0.1703125 0.990234375 0.015625 0.01953125
0 0.0796875 0.98828125 0.015625 0.01953125
0 0.025 0.951171875 0.015625 0.01953125
0 0.078125 0.951171875 0.015625 0.01953125
0 0.171875 0.6796875 0.015625 0.01953125
0 0.18125 0.712890625 0.015625 0.01953125
0 0.1125 0.69140625 0.015625 0.01953125
0 0.08125 0.6875 0.015625 0.01953125
0 0.075 0.66015625 0.015625 0.01953125
0 0.075 0.63671875 0.015625 0.01953125
0 0.0734375 0.59765625 0.015625 0.01953125
0 0.0703125 0.576171875 0.015625 0.01953125
0 0.0640625 0.537109375 0.015625 0.01953125
0 0.0609375 0.458984375 0.015625 0.01953125
0 0.053125 0.412109375 0.015625 0.01953125
0 0.046875 0.349609375 0.015625 0.01953125
0 0.0390625 0.3671875 0.015625 0.01953125
0 0.0484375 0.388671875 0.015625 0.01953125
0 0.93125 0.52734375 0.015625 0.01953125
0 0.965625 0.49609375 0.015625 0.01953125
0 0.9515625 0.45703125 0.015625 0.01953125
0 0.940625 0.365234375 0.015625 0.01953125
0 0.975 0.369140625 0.015625 0.01953125
