0 0.625 0.240234375 0.015625 0.01953125
0 0.65625 0.08984375 0.015625 0.01953125
0 0.684375 0.080078125 0.015625 0.01953125
0 0.8734375 0.208984375 0.015625 0.01953125
0 0.8296875 0.2734375 0.015625 0.01953125
0 0.8453125 0.0390625 0.015625 0.01953125
0 0.8328125 0.076171875 0.015625 0.01953125
0 0.803125 0.1640625 0.015625 0.01953125
0 0.95 0.28125 0.015625 0.01953125
0 0.9484375 0.306640625 0.015625 0.01953125
0 0.9078125 0.41796875 0.015625 0.01953125
0 0.7640625 0.455078125 0.015625 0.01953125
0 0.7703125 0.482421875 0.015625 0.01953125
0 0.4734375 0.310546875 0.015625 0.01953125
0 0.490625 0.240234375 0.015625 0.01953125
0 0.4 0.3046875 0.015625 0.01953125
0 0.3359375 0.080078125 0.015625 0.01953125
0 0.3515625 0.078125 0.015625 0.01953125
0 0.21875 0.228515625 0.015625 0.01953125
0 0.196875 0.21875 0.015625 0.01953125
0 0.1859375 0.212890625 0.015625 0.01953125
0 0.1765625 0.220703125 0.015625 0.01953125
0 0.1515625 0.1953125 0.015625 0.01953125
0 0.0765625 0.20703125 0.015625 0.01953125
0 0.1671875 0.34765625 0.015625 0.01953125
0 0.18125 0.345703125 0.015625 0.01953125
0 0.2359375 0.4765625 0.015625 0.01953125
0 0.1984375 0.568359375 0.015625 0.01953125
0 0.259375 0.505859375 0.015625 0.01953125
0 0.2828125 0.490234375 0.015625 0.01953125
0 0.2890625 0.466796875 0.015625 0.01953125
0 0.3421875 0.451171875 0.015625 0.01953125
0 0.3125 0.5703125 0.015625 0.01953125
0 0.290625 0.6171875 0.015625 0.01953125
0 0.3484375 0.6171875 0.015625 0.01953125
0 0.30625 0.673828125 0.015625 0.01953125
0 0.3234375 0.74609375 0.015625 0.01953125
0 0.3875 0.826171875 0.015625 0.01953125
0 0.3984375 0.8515625 0.015625 0.01953125
0 0.4328125 0.765625 0.015625 0.01953125
0 0.4625 0.818359375 0.015625 0.01953125
0 0.471875 0.75390625 0.015625 0.01953125
0 0.4921875 0.783203125 0.015625 0.01953125
0 0.5625 0.83984375 0.015625 0.01953125
0 0.6375 0.798828125 0.015625 0.01953125
0 0.646875 0.638671875 0.015625 0.01953125
0 0.7640625 0.65234375 0.015625 0.01953125
0 0.85625 0.607421875 0.015625 0.01953125
0 0.8765625 0.603515625 0.015625 0.01953125
0 0.8796875 0.560546875 0.015625 0.01953125
0 0.878125 0.65625 0.015625 0.01953125
0 0.909375 0.638671875 0.015625 0.01953125
0 0.9 0.611328125 0.015625 0.01953125
0 0.9203125 0.556640625 0.015625 0.01953125
0 0.9109375 0.533203125 0.015625 0.01953125
0 0.90625 0.517578125 0.015625 0.01953125
0 0.940625 0.474609375 0.015625 0.01953125
0 0.9375 0.513671875 0.015625 0.01953125
0 0.959375 0.47265625 0.015625 0.01953125
0 0.9609375 0.501953125 0.015625 0.01953125
0 0.953125 0.4375 0.015625 0.01953125
0 0.96875 0.390625 0.015625 0.01953125
0 0.99375 0.388671875 0.015625 0.01953125
0 0.975 0.611328125 0.015625 0.01953125
0 0.975 0.666015625 0.015625 0.01953125
0 0.9546875 0.71875 0.015625 0.01953125
0 0.9 0.740234375 0.015625 0.01953125
0 0.9859375 0.71484375 0.015625 0.01953125
0 0.9859375 0.759765625 0.015625 0.01953125
0 0.959375 0.880859375 0.015625 0.01953125
0 0.978125 0.91796875 0.015625 0.01953125
0 0.990625 0.92578125 0.015625 0.01953125
0 0.959375 0.54296875 0.015625 0.01953125
0 0.88125 0.990234375 0.015625 0.01953125
0 0.828125 0.958984375 0.015625 0.01953125
0 0.7671875 0.900390625 0.015625 0.01953125
0 0.6734375 0.8359375 0.015625 0.01953125
0 0.5984375 0.88671875 0.015625 0.01953125
0 0.5875 0.91015625 0.015625 0.01953125
0 0.6140625 0.96875 0.015625 0.01953125
0 0.6375 0.9609375 0.015625 0.01953125
0 0.640625 0.93359375 0.015625 0.01953125
0 0.5625 0.96484375 0.015625 0.01953125
0 0.559375 0.98828125 0.015625 0.01953125
0 0.5484375 0.98828125 0.015625 0.01953125
0 0.546875 0.966796875 0.015625 0.01953125
0 0.5328125 0.974609375 0.015625 0.01953125
0 0.528125 0.96484375 0.015625 0.01953125
0 0.5421875 0.94921875 0.015625 0.01953125
0 0.515625 0.9609375 0.015625 0.01953125
0 0.515625 0.947265625 0.015625 0.01953125
0 0.5234375 0.92578125 0.015625 0.01953125
0 0.534375 0.91796875 0.015625 0.01953125
0 0.5328125 0.89453125 0.015625 0.01953125
0 0.4953125 0.947265625 0.015625 0.01953125
0 0.5015625 0.939453125 0.015625 0.01953125
0 0.48125 0.923828125 0.015625 0.01953125
0 0.475 0.939453125 0.015625 0.01953125
0 0.4625 0.9375 0.015625 0.01953125
0 0.4578125 0.90234375 0.015625 0.01953125
0 0.4140625 0.896484375 0.015625 0.01953125
0 0.4390625 0.90625 0.015625 0.01953125
0 0.415625 0.927734375 0.015625 0.01953125
0 0.409375 0.927734375 0.015625 0.01953125
0 0.3984375 0.931640625 0.015625 0.01953125
0 0.3875 0.94921875 0.015625 0.01953125
0 0.38125 0.951171875 0.015625 0.01953125
0 0.3703125 0.951171875 0.015625 0.01953125
0 0.278125 0.89453125 0.015625 0.01953125
0 0.246875 0.919921875 0.015625 0.01953125
0 0.2234375 0.923828125 0.015625 0.01953125
0 0.1921875 0.98828125 0.015625 0.01953125
0 0.175 0.994140625 0.015625 0.01953125
0 0.08125 0.958984375 0.015625 0.01953125
0 0.1125 0.943359375 0.015625 0.01953125
0 0.0859375 0.90625 0.015625 0.01953125
0 0.2265625 0.748046875 0.015625 0.01953125
0 0.2609375 0.728515625 0.015625 0.01953125
0 0.209375 0.73046875 0.015625 0.01953125
0 0.178125 0.701171875 0.015625 0.01953125
0 0.16875 0.6875 0.015625 0.01953125
0 0.1125 0.701171875 0.015625 0.01953125
0 0.0140625 0.96875 0.015625 0.01953125
0 0.078125 0.70703125 0.015625 0.01953125
0 0.084375 0.693359375 0.015625 0.01953125
0 0.0828125 0.669921875 0.015625 0.01953125
0 0.0703125 0.677734375 0.015625 0.01953125
0 0.06875 0.65625 0.015625 0.01953125
0 0.075 0.634765625 0.015625 0.01953125
0 0.0765625 0.623046875 0.015625 0.01953125
0 0.0671875 0.599609375 0.015625 0.01953125
0 0.0671875 0.595703125 0.015625 0.01953125
0 0.071875 0.55078125 0.015625 0.01953125
0 0.0484375 0.556640625 0.015625 0.01953125
0 0.059375 0.484375 0.015625 0.01953125
0 0.0421875 0.4296875 0.015625 0.01953125
0 0.025 0.388671875 0.015625 0.01953125
0 0.040625 0.37890625 0.015625 0.01953125
0 0.034375 0.361328125 0.015625 0.01953125
0 0.0671875 0.517578125 0.015625 0.01953125
0 0.046875 0.29296875 0.015625 0.01953125
0 0.015625 0.267578125 0.015625 0.01953125
0 0.0375 0.228515625 0.015625 0.01953125
0 0.8078125 0.01171875 0.015625 0.01953125
0 0.940625 0.671875 0.015625 0.01953125
0 0.9390625 0.34765625 0.015625 0.01953125
0 0.01875 0.140625 0.015625 0.01953125
0 0.03125 0.095703125 0.015625 0.01953125
0 0.0078125 0.06640625 0.015625 0.01953125
