0 0.3390625 0.09765625 0.015625 0.01953125
0 0.3546875 0.091796875 0.015625 0.01953125
0 0.221875 0.244140625 0.015625 0.01953125
0 0.203125 0.232421875 0.015625 0.01953125
0 0.1921875 0.228515625 0.015625 0.01953125
0 0.15625 0.212890625 0.015625 0.01953125
0 0.1765625 0.236328125 0.015625 0.01953125
0 0.1890625 0.357421875 0.015625 0.01953125
0 0.171875 0.361328125 0.015625 0.01953125
0 0.390625 0.31640625 0.015625 0.01953125
0 0.4796875 0.314453125 0.015625 0.01953125
0 0.4953125 0.244140625 0.015625 0.01953125
0 0.4578125 0.13671875 0.015625 0.01953125
0 0.625 0.234375 0.015625 0.01953125
0 0.6609375 0.095703125 0.015625 0.01953125
0 0.6890625 0.080078125 0.015625 0.01953125
0 0.875 0.220703125 0.015625 0.01953125
0 0.8328125 0.279296875 0.015625 0.01953125
0 0.7609375 0.470703125 0.015625 0.01953125
0 0.7671875 0.4921875 0.015625 0.01953125
0 0.0796875 0.220703125 0.015625 0.01953125
0 0.34375 0.46875 0.015625 0.01953125
0 0.2984375 0.4765625 0.015625 0.01953125
0 0.2421875 0.494140625 0.015625 0.01953125
0 0.2921875 0.509765625 0.015625 0.01953125
0 0.275 0.52734375 0.015625 0.01953125
0 0.2109375 0.578125 0.015625 0.01953125
0 0.3203125 0.580078125 0.015625 0.01953125
0 0.303125 0.62890625 0.015625 0.01953125
0 0.35 0.630859375 0.015625 0.01953125
0 0.3171875 0.689453125 0.015625 0.01953125
0 0.3375 0.759765625 0.015625 0.01953125
0 0.1671875 0.68359375 0.015625 0.01953125
0 0.1796875 0.71484375 0.015625 0.01953125
0 0.2078125 0.73046875 0.015625 0.01953125
0 0.2234375 0.751953125 0.015625 0.01953125
0 0.3859375 0.826171875 0.015625 0.01953125
0 0.4 0.853515625 0.015625 0.01953125
0 0.45 0.77734375 0.015625 0.01953125
0 0.4859375 0.767578125 0.015625 0.01953125
0 0.5078125 0.78125 0.015625 0.01953125
0 0.484375 0.826171875 0.015625 0.01953125
0 0.5609375 0.83984375 0.015625 0.01953125
0 0.840625 0.08203125 0.015625 0.01953125
0 0.846875 0.044921875 0.015625 0.01953125
0 0.8140625 0.013671875 0.015625 0.01953125
0 0.9640625 0.28125 0.015625 0.01953125
0 0.896875 0.423828125 0.015625 0.01953125
0 0.978125 0.38671875 0.015625 0.01953125
0 0.934375 0.46875 0.015625 0.01953125
0 0.915625 0.509765625 0.015625 0.01953125
0 0.9203125 0.533203125 0.015625 0.01953125
0 0.925 0.5546875 0.015625 0.01953125
0 0.884375 0.5625 0.015625 0.01953125
0 0.9 0.607421875 0.015625 0.01953125
0 0.9234375 0.640625 0.015625 0.01953125
0 0.88125 0.6484375 0.015625 0.01953125
0 0.975 0.615234375 0.015625 0.01953125
0 0.98125 0.65625 0.015625 0.01953125
0 0.653125 0.63671875 0.015625 0.01953125
0 0.903125 0.728515625 0.015625 0.01953125
0 0.871875 0.59765625 0.015625 0.01953125
0 0.85625 0.60546875 0.015625 0.01953125
0 0.7625 0.666015625 0.015625 0.01953125
0 0.9875 0.765625 0.015625 0.01953125
0 0.9546875 0.72265625 0.015625 0.01953125
0 0.9859375 0.72265625 0.015625 0.01953125
0 0.646875 0.80078125 0.015625 0.01953125
0 0.9625 0.47265625 0.015625 0.01953125
0 0.9546875 0.439453125 0.015625 0.01953125
0 0.959375 0.880859375 0.015625 0.01953125
0 0.275 0.900390625 0.015625 0.01953125
0 0.2484375 0.921875 0.015625 0.01953125
0 0.2234375 0.927734375 0.015625 0.01953125
0 0.1921875 0.98828125 0.015625 0.01953125
0 0.1765625 0.98828125 0.015625 0.01953125
0 0.0140625 0.966796875 0.015625 0.01953125
0 0.6078125 0.892578125 0.015625 0.01953125
0 0.6015625 0.916015625 0.015625 0.01953125
0 0.646875 0.96484375 0.015625 0.01953125
0 0.6265625 0.974609375 0.015625 0.01953125
0 0.5265625 0.892578125 0.015625 0.01953125
0 0.565625 0.9609375 0.015625 0.01953125
0 0.4578125 0.90234375 0.015625 0.01953125
0 0.5421875 0.9140625 0.015625 0.01953125
0 0.525 0.921875 0.015625 0.01953125
0 0.540625 0.962890625 0.015625 0.01953125
0 0.5546875 0.978515625 0.015625 0.01953125
0 0.115625 0.697265625 0.015625 0.01953125
0 0.38125 0.94140625 0.015625 0.01953125
0 0.3953125 0.939453125 0.015625 0.01953125
0 0.409375 0.931640625 0.015625 0.01953125
0 0.4203125 0.89453125 0.015625 0.01953125
0 0.440625 0.904296875 0.015625 0.01953125
0 0.9796875 0.91015625 0.015625 0.01953125
0 0.990625 0.923828125 0.015625 0.01953125
0 0.8859375 0.990234375 0.015625 0.01953125
0 0.7828125 0.99609375 0.015625 0.01953125
0 0.8359375 0.95703125 0.015625 0.01953125
0 0.765625 0.8984375 0.015625 0.01953125
0 0.6703125 0.833984375 0.015625 0.01953125
0 0.5546875 0.994140625 0.015625 0.01953125
0 0.5390625 0.98828125 0.015625 0.01953125
0 0.521875 0.978515625 0.015625 0.01953125
0 0.5203125 0.94921875 0.015625 0.01953125
0 0.503125 0.94140625 0.015625 0.01953125
0 0.48125 0.927734375 0.015625 0.01953125
0 0.4640625 0.92578125 0.015625 0.01953125
0 0.484375 0.9453125 0.015625 0.01953125
0 0.50625 0.927734375 0.015625 0.01953125
0 0.265625 0.732421875 0.015625 0.01953125
0 0.1984375 0.0 0.015625 0.01953125
0 0.0875 0.701171875 0.015625 0.01953125
0 0.0921875 0.67578125 0.015625 0.01953125
0 0.0796875 0.6171875 0.015625 0.01953125
0 0.0734375 0.58984375 0.015625 0.01953125
0 0.0578125 0.5546875 0.015625 0.01953125
0 0.065625 0.490234375 0.015625 0.01953125
0 0.053125 0.43359375 0.015625 0.01953125
0 0.04375 0.375 0.015625 0.01953125
0 0.06875 0.609375 0.015625 0.01953125
0 0.021875 0.275390625 0.015625 0.01953125
0 0.9421875 0.517578125 0.015625 0.01953125
0 0.996875 0.43359375 0.015625 0.01953125
0 0.9953125 0.380859375 0.015625 0.01953125
0 0.4625 0.943359375 0.015625 0.01953125
0 0.009375 0.45703125 0.015625 0.01953125
0 0.028125 0.388671875 0.015625 0.01953125
0 0.0671875 0.517578125 0.015625 0.01953125
0 0.0109375 0.064453125 0.015625 0.01953125
0 0.0296875 0.072265625 0.015625 0.01953125
0 0.0234375 0.099609375 0.015625 0.01953125
0 0.01875 0.123046875 0.015625 0.01953125
0 0.0796875 0.63671875 0.015625 0.01953125
0 0.075 0.658203125 0.015625 0.01953125
0 0.0765625 0.67578125 0.015625 0.01953125
0 0.0859375 0.908203125 0.015625 0.01953125
0 0.084375 0.9609375 0.015625 0.01953125
0 0.56875 0.982421875 0.015625 0.01953125
