0 0.0765625 0.25390625 0.015625 0.01953125
0 0.153125 0.244140625 0.015625 0.01953125
0 0.09375 0.708984375 0.015625 0.01953125
0 0.084375 0.630859375 0.015625 0.01953125
0 0.0734375 0.626953125 0.015625 0.01953125
0 0.08125 0.611328125 0.015625 0.01953125
0 0.0453125 0.4453125 0.015625 0.01953125
0 0.0375 0.3828125 0.015625 0.01953125
0 0.078125 0.677734375 0.015625 0.01953125
0 0.1015625 0.685546875 0.015625 0.01953125
0 0.0265625 0.40234375 0.015625 0.01953125
0 0.0171875 0.4765625 0.015625 0.01953125
0 0.1765625 0.384765625 0.015625 0.01953125
0 0.1890625 0.380859375 0.015625 0.01953125
0 0.221875 0.26953125 0.015625 0.01953125
0 0.1984375 0.25390625 0.015625 0.01953125
0 0.1734375 0.2578125 0.015625 0.01953125
0 0.1875 0.248046875 0.015625 0.01953125
0 0.0109375 0.119140625 0.015625 0.01953125
0 0.1921875 0.029296875 0.015625 0.01953125
0 0.328125 0.11328125 0.015625 0.01953125
0 0.3453125 0.11328125 0.015625 0.01953125
0 0.4890625 0.240234375 0.015625 0.01953125
0 0.465625 0.31640625 0.015625 0.01953125
0 0.409375 0.267578125 0.015625 0.01953125
0 0.3796875 0.31640625 0.015625 0.01953125
0 0.45 0.1328125 0.015625 0.01953125
0 0.35 0.484375 0.015625 0.01953125
0 0.3078125 0.498046875 0.015625 0.01953125
0 0.25625 0.509765625 0.015625 0.01953125
0 0.3125 0.5390625 0.015625 0.01953125
0 0.23125 0.603515625 0.015625 0.01953125
0 0.3359375 0.591796875 0.015625 0.01953125
0 0.1609375 0.673828125 0.015625 0.01953125
0 0.1875 0.72265625 0.015625 0.01953125
0 0.20625 0.724609375 0.015625 0.01953125
0 0.225 0.755859375 0.015625 0.01953125
0 0.31875 0.64453125 0.015625 0.01953125
0 0.365625 0.642578125 0.015625 0.01953125
0 0.334375 0.69921875 0.015625 0.01953125
0 0.35625 0.767578125 0.015625 0.01953125
0 0.46875 0.787109375 0.015625 0.01953125
0 0.2796875 0.74609375 0.015625 0.01953125
0 0.2953125 0.904296875 0.015625 0.01953125
0 0.2671875 0.927734375 0.015625 0.01953125
0 0.2421875 0.9375 0.015625 0.01953125
0 0.215625 0.99609375 0.015625 0.01953125
0 0.1953125 0.994140625 0.015625 0.01953125
0 0.0265625 0.98828125 0.015625 0.01953125
0 0.3828125 0.8203125 0.015625 0.01953125
0 0.396875 0.84375 0.015625 0.01953125
0 0.50625 0.771484375 0.015625 0.01953125
0 0.5109375 0.828125 0.015625 0.01953125
0 0.53125 0.787109375 0.015625 0.01953125
0 0.4296875 0.896484375 0.015625 0.01953125
0 0.471875 0.900390625 0.015625 0.01953125
0 0.5609375 0.84765625 0.015625 0.01953125
0 0.54375 0.884765625 0.015625 0.01953125
0 0.5390625 0.912109375 0.015625 0.01953125
0 0.559375 0.916015625 0.015625 0.01953125
0 0.496875 0.91796875 0.015625 0.01953125
0 0.4796875 0.9375 0.015625 0.01953125
0 0.4796875 0.916015625 0.015625 0.01953125
0 0.5140625 0.931640625 0.015625 0.01953125
0 0.5140625 0.931640625 0.015625 0.01953125
0 0.5 0.9375 0.015625 0.01953125
0 0.528125 0.939453125 0.015625 0.01953125
0 0.534375 0.966796875 0.015625 0.01953125
0 0.5453125 0.955078125 0.015625 0.01953125
0 0.5578125 0.951171875 0.015625 0.01953125
0 0.575 0.951171875 0.015625 0.01953125
0 0.5546875 0.96875 0.015625 0.01953125
0 0.56875 0.96875 0.015625 0.01953125
0 0.55 0.986328125 0.015625 0.01953125
0 0.56875 0.98828125 0.015625 0.01953125
0 0.60625 0.978515625 0.015625 0.01953125
0 0.6078125 0.994140625 0.015625 0.01953125
0 0.65625 0.9765625 0.015625 0.01953125
0 0.671875 0.958984375 0.015625 0.01953125
0 0.675 0.94140625 0.015625 0.01953125
0 0.6328125 0.9140625 0.015625 0.01953125
0 0.6359375 0.89453125 0.015625 0.01953125
0 0.6546875 0.78515625 0.015625 0.01953125
0 0.684375 0.818359375 0.015625 0.01953125
0 0.7796875 0.873046875 0.015625 0.01953125
0 0.8703125 0.935546875 0.015625 0.01953125
0 0.815625 0.984375 0.015625 0.01953125
0 0.909375 0.990234375 0.015625 0.01953125
0 0.9234375 0.96484375 0.015625 0.01953125
0 0.965625 0.861328125 0.015625 0.01953125
0 0.9921875 0.884765625 0.015625 0.01953125
0 0.6578125 0.62109375 0.015625 0.01953125
0 0.775 0.66796875 0.015625 0.01953125
0 0.896875 0.6875 0.015625 0.01953125
0 0.9640625 0.693359375 0.015625 0.01953125
0 0.9953125 0.732421875 0.015625 0.01953125
0 0.990625 0.6875 0.015625 0.01953125
0 0.9953125 0.625 0.015625 0.01953125
0 0.9390625 0.619140625 0.015625 0.01953125
0 0.971875 0.59375 0.015625 0.01953125
0 0.878125 0.625 0.015625 0.01953125
0 0.8984375 0.580078125 0.015625 0.01953125
0 0.871875 0.5703125 0.015625 0.01953125
0 0.8625 0.587890625 0.015625 0.01953125
0 0.7578125 0.482421875 0.015625 0.01953125
0 0.74375 0.462890625 0.015625 0.01953125
0 0.8859375 0.537109375 0.015625 0.01953125
0 0.9265625 0.529296875 0.015625 0.01953125
0 0.9296875 0.50390625 0.015625 0.01953125
0 0.915625 0.48046875 0.015625 0.01953125
0 0.9265625 0.4296875 0.015625 0.01953125
0 0.8828125 0.408203125 0.015625 0.01953125
0 0.965625 0.447265625 0.015625 0.01953125
0 0.95625 0.4140625 0.015625 0.01953125
0 0.9875 0.400390625 0.015625 0.01953125
0 0.975 0.357421875 0.015625 0.01953125
0 0.9921875 0.353515625 0.015625 0.01953125
0 0.9609375 0.251953125 0.015625 0.01953125
0 0.9953125 0.255859375 0.015625 0.01953125
0 0.8640625 0.19140625 0.015625 0.01953125
0 0.678125 0.06640625 0.015625 0.01953125
0 0.6484375 0.080078125 0.015625 0.01953125
0 0.8296875 0.025390625 0.015625 0.01953125
0 0.621875 0.203125 0.015625 0.01953125
0 0.821875 0.25 0.015625 0.01953125
0 0.8296875 0.0625 0.015625 0.01953125
0 0.5125 0.943359375 0.015625 0.01953125
0 0.4390625 0.923828125 0.015625 0.01953125
0 0.4171875 0.921875 0.015625 0.01953125
0 0.403125 0.93359375 0.015625 0.01953125
0 0.3859375 0.94140625 0.015625 0.01953125
0 0.0515625 0.564453125 0.015625 0.01953125
