0 0.18125 0.025390625 0.015625 0.01953125
0 0.184375 0.1015625 0.015625 0.01953125
0 0.340625 0.17578125 0.015625 0.01953125
0 0.3234375 0.185546875 0.015625 0.01953125
0 0.390625 0.30078125 0.015625 0.01953125
0 0.2234375 0.3359375 0.015625 0.01953125
0 0.2046875 0.30859375 0.015625 0.01953125
0 0.190625 0.302734375 0.015625 0.01953125
0 0.178125 0.314453125 0.015625 0.01953125
0 0.1546875 0.31640625 0.015625 0.01953125
0 0.08125 0.31640625 0.015625 0.01953125
0 0.20625 0.4296875 0.015625 0.01953125
0 0.1875 0.44140625 0.015625 0.01953125
0 0.26875 0.56640625 0.015625 0.01953125
0 0.334375 0.552734375 0.015625 0.01953125
0 0.3609375 0.529296875 0.015625 0.01953125
0 0.3640625 0.611328125 0.015625 0.01953125
0 0.3609375 0.64453125 0.015625 0.01953125
0 0.3953125 0.685546875 0.015625 0.01953125
0 0.3515625 0.6640625 0.015625 0.01953125
0 0.3515625 0.69140625 0.015625 0.01953125
0 0.2625 0.669921875 0.015625 0.01953125
0 0.45 0.302734375 0.015625 0.01953125
0 0.4359375 0.244140625 0.015625 0.01953125
0 0.628125 0.19140625 0.015625 0.01953125
0 0.66875 0.06640625 0.015625 0.01953125
0 0.6453125 0.080078125 0.015625 0.01953125
0 0.8203125 0.251953125 0.015625 0.01953125
0 0.859375 0.185546875 0.015625 0.01953125
0 0.9796875 0.20703125 0.015625 0.01953125
0 0.7390625 0.51171875 0.015625 0.01953125
0 0.6578125 0.62109375 0.015625 0.01953125
0 0.784375 0.7265625 0.015625 0.01953125
0 0.8890625 0.650390625 0.015625 0.01953125
0 0.8609375 0.6171875 0.015625 0.01953125
0 0.8984375 0.578125 0.015625 0.01953125
0 0.8828125 0.533203125 0.015625 0.01953125
0 0.8625 0.5703125 0.015625 0.01953125
0 0.9265625 0.51953125 0.015625 0.01953125
0 0.9203125 0.466796875 0.015625 0.01953125
0 0.9125 0.380859375 0.015625 0.01953125
0 0.9609375 0.490234375 0.015625 0.01953125
0 0.94375 0.611328125 0.015625 0.01953125
0 0.978125 0.61328125 0.015625 0.01953125
0 0.9640625 0.689453125 0.015625 0.01953125
0 0.978125 0.6875 0.015625 0.01953125
0 0.996875 0.732421875 0.015625 0.01953125
0 0.6578125 0.78515625 0.015625 0.01953125
0 0.6875 0.822265625 0.015625 0.01953125
0 0.78125 0.875 0.015625 0.01953125
0 0.359375 0.740234375 0.015625 0.01953125
0 0.3890625 0.796875 0.015625 0.01953125
0 0.4796875 0.833984375 0.015625 0.01953125
0 0.3671875 0.814453125 0.015625 0.01953125
0 0.3515625 0.8046875 0.015625 0.01953125
0 0.253125 0.74609375 0.015625 0.01953125
0 0.1828125 0.71875 0.015625 0.01953125
0 0.203125 0.763671875 0.015625 0.01953125
0 0.1375 0.654296875 0.015625 0.01953125
0 0.1078125 0.67578125 0.015625 0.01953125
0 0.2890625 0.90625 0.015625 0.01953125
0 0.259375 0.9375 0.015625 0.01953125
0 0.2453125 0.94140625 0.015625 0.01953125
0 0.46875 0.90625 0.015625 0.01953125
0 0.5265625 0.875 0.015625 0.01953125
0 0.54375 0.888671875 0.015625 0.01953125
0 0.565625 0.861328125 0.015625 0.01953125
0 0.56875 0.818359375 0.015625 0.01953125
0 0.5453125 0.80078125 0.015625 0.01953125
0 0.690625 0.919921875 0.015625 0.01953125
0 0.6859375 0.94140625 0.015625 0.01953125
0 0.71875 0.9609375 0.015625 0.01953125
0 0.715625 0.982421875 0.015625 0.01953125
0 0.8625 0.99609375 0.015625 0.01953125
0 0.9625 0.994140625 0.015625 0.01953125
0 0.93125 0.947265625 0.015625 0.01953125
0 0.975 0.9765625 0.015625 0.01953125
0 0.946875 0.875 0.015625 0.01953125
0 0.975 0.880859375 0.015625 0.01953125
0 0.9953125 0.880859375 0.015625 0.01953125
0 0.9578125 0.552734375 0.015625 0.01953125
0 0.971875 0.439453125 0.015625 0.01953125
0 0.9546875 0.380859375 0.015625 0.01953125
0 0.971875 0.349609375 0.015625 0.01953125
0 0.9921875 0.384765625 0.015625 0.01953125
0 0.996875 0.34375 0.015625 0.01953125
0 0.9859375 0.240234375 0.015625 0.01953125
0 0.85625 0.4375 0.015625 0.01953125
0 0.953125 0.40625 0.015625 0.01953125
0 0.9390625 0.314453125 0.015625 0.01953125
0 0.54375 0.9140625 0.015625 0.01953125
0 0.5578125 0.93359375 0.015625 0.01953125
0 0.5703125 0.94921875 0.015625 0.01953125
0 0.58125 0.96875 0.015625 0.01953125
0 0.609375 0.982421875 0.015625 0.01953125
0 0.575 0.990234375 0.015625 0.01953125
0 0.5671875 0.970703125 0.015625 0.01953125
0 0.5546875 0.984375 0.015625 0.01953125
0 0.55625 0.96484375 0.015625 0.01953125
0 0.5390625 0.97265625 0.015625 0.01953125
0 0.5390625 0.943359375 0.015625 0.01953125
0 0.5328125 0.921875 0.015625 0.01953125
0 0.521875 0.94140625 0.015625 0.01953125
0 0.5015625 0.91796875 0.015625 0.01953125
0 0.5 0.93359375 0.015625 0.01953125
0 0.4796875 0.921875 0.015625 0.01953125
0 0.4875 0.935546875 0.015625 0.01953125
0 0.434375 0.89453125 0.015625 0.01953125
0 0.4421875 0.93359375 0.015625 0.01953125
0 0.425 0.921875 0.015625 0.01953125
0 0.4203125 0.947265625 0.015625 0.01953125
0 0.403125 0.94921875 0.015625 0.01953125
0 0.98125 0.26171875 0.015625 0.01953125
0 0.046875 0.458984375 0.015625 0.01953125
0 0.040625 0.3984375 0.015625 0.01953125
0 0.0453125 0.494140625 0.015625 0.01953125
0 0.0703125 0.51171875 0.015625 0.01953125
0 0.075 0.623046875 0.015625 0.01953125
0 0.08125 0.64453125 0.015625 0.01953125
0 0.0796875 0.685546875 0.015625 0.01953125
0 0.09375 0.7265625 0.015625 0.01953125
0 0.10625 0.701171875 0.015625 0.01953125
0 0.028125 0.41796875 0.015625 0.01953125
0 0.4421875 0.140625 0.015625 0.01953125
0 0.053125 0.58203125 0.015625 0.01953125
0 0.0796875 0.935546875 0.015625 0.01953125
0 0.7203125 0.509765625 0.015625 0.01953125
