0 0.1796875 0.03515625 0.015625 0.01953125
0 0.1875 0.11328125 0.015625 0.01953125
0 0.3234375 0.193359375 0.015625 0.01953125
0 0.340625 0.1875 0.015625 0.01953125
0 0.4265625 0.24609375 0.015625 0.01953125
0 0.3953125 0.30078125 0.015625 0.01953125
0 0.45 0.302734375 0.015625 0.01953125
0 0.6265625 0.193359375 0.015625 0.01953125
0 0.640625 0.080078125 0.015625 0.01953125
0 0.6734375 0.06640625 0.015625 0.01953125
0 0.8609375 0.189453125 0.015625 0.01953125
0 0.81875 0.25390625 0.015625 0.01953125
0 0.9875 0.23828125 0.015625 0.01953125
0 0.9765625 0.203125 0.015625 0.01953125
0 0.9796875 0.259765625 0.015625 0.01953125
0 0.934375 0.3203125 0.015625 0.01953125
0 0.975 0.34765625 0.015625 0.01953125
0 0.996875 0.34375 0.015625 0.01953125
0 0.909375 0.375 0.015625 0.01953125
0 0.95 0.380859375 0.015625 0.01953125
0 0.9953125 0.37890625 0.015625 0.01953125
0 0.96875 0.439453125 0.015625 0.01953125
0 0.96875 0.48828125 0.015625 0.01953125
0 0.925 0.47265625 0.015625 0.01953125
0 0.853125 0.44140625 0.015625 0.01953125
0 0.9265625 0.51953125 0.015625 0.01953125
0 0.95625 0.55859375 0.015625 0.01953125
0 0.9828125 0.611328125 0.015625 0.01953125
0 0.9734375 0.69140625 0.015625 0.01953125
0 0.996875 0.732421875 0.015625 0.01953125
0 0.8890625 0.6484375 0.015625 0.01953125
0 0.9421875 0.62109375 0.015625 0.01953125
0 0.8953125 0.578125 0.015625 0.01953125
0 0.8609375 0.6171875 0.015625 0.01953125
0 0.8671875 0.5703125 0.015625 0.01953125
0 0.8828125 0.537109375 0.015625 0.01953125
0 0.7359375 0.5234375 0.015625 0.01953125
0 0.7203125 0.515625 0.015625 0.01953125
0 0.65625 0.625 0.015625 0.01953125
0 0.7875 0.734375 0.015625 0.01953125
0 0.9453125 0.880859375 0.015625 0.01953125
0 0.96875 0.880859375 0.015625 0.01953125
0 0.996875 0.880859375 0.015625 0.01953125
0 0.996875 0.8046875 0.015625 0.01953125
0 0.9375 0.947265625 0.015625 0.01953125
0 0.9875 0.97265625 0.015625 0.01953125
0 0.9703125 0.9921875 0.015625 0.01953125
0 0.8734375 0.998046875 0.015625 0.01953125
0 0.6984375 0.921875 0.015625 0.01953125
0 0.69375 0.943359375 0.015625 0.01953125
0 0.7859375 0.875 0.015625 0.01953125
0 0.6890625 0.82421875 0.015625 0.01953125
0 0.65625 0.787109375 0.015625 0.01953125
0 0.7234375 0.970703125 0.015625 0.01953125
0 0.71875 0.986328125 0.015625 0.01953125
0 0.5796875 0.8203125 0.015625 0.01953125
0 0.553125 0.810546875 0.015625 0.01953125
0 0.5734375 0.87109375 0.015625 0.01953125
0 0.609375 0.984375 0.015625 0.01953125
0 0.5765625 0.986328125 0.015625 0.01953125
0 0.584375 0.96875 0.015625 0.01953125
0 0.571875 0.951171875 0.015625 0.01953125
0 0.56875 0.97265625 0.015625 0.01953125
0 0.5578125 0.98828125 0.015625 0.01953125
0 0.55625 0.96875 0.015625 0.01953125
0 0.559375 0.951171875 0.015625 0.01953125
0 0.559375 0.93359375 0.015625 0.01953125
0 0.54375 0.91796875 0.015625 0.01953125
0 0.5453125 0.88671875 0.015625 0.01953125
0 0.51875 0.88671875 0.015625 0.01953125
0 0.48125 0.84375 0.015625 0.01953125
0 0.4734375 0.90625 0.015625 0.01953125
0 0.5046875 0.921875 0.015625 0.01953125
0 0.5265625 0.94140625 0.015625 0.01953125
0 0.5375 0.93359375 0.015625 0.01953125
0 0.5390625 0.962890625 0.015625 0.01953125
0 0.4359375 0.89453125 0.015625 0.01953125
0 0.4828125 0.921875 0.015625 0.01953125
0 0.48125 0.94140625 0.015625 0.01953125
0 0.43125 0.919921875 0.015625 0.01953125
0 0.4203125 0.9375 0.015625 0.01953125
0 0.446875 0.935546875 0.015625 0.01953125
0 0.4078125 0.951171875 0.015625 0.01953125
0 0.3890625 0.947265625 0.015625 0.01953125
0 0.290625 0.900390625 0.015625 0.01953125
0 0.2609375 0.935546875 0.015625 0.01953125
0 0.24375 0.94140625 0.015625 0.01953125
0 0.3609375 0.8125 0.015625 0.01953125
0 0.35 0.798828125 0.015625 0.01953125
0 0.3984375 0.796875 0.015625 0.01953125
0 0.365625 0.744140625 0.015625 0.01953125
0 0.3984375 0.689453125 0.015625 0.01953125
0 0.3546875 0.693359375 0.015625 0.01953125
0 0.3609375 0.67578125 0.015625 0.01953125
0 0.3703125 0.650390625 0.015625 0.01953125
0 0.3671875 0.619140625 0.015625 0.01953125
0 0.365625 0.533203125 0.015625 0.01953125
0 0.3375 0.5625 0.015625 0.01953125
0 0.271875 0.572265625 0.015625 0.01953125
0 0.26875 0.67578125 0.015625 0.01953125
0 0.246875 0.744140625 0.015625 0.01953125
0 0.1984375 0.765625 0.015625 0.01953125
0 0.1828125 0.71875 0.015625 0.01953125
0 0.1390625 0.65234375 0.015625 0.01953125
0 0.1890625 0.4453125 0.015625 0.01953125
0 0.209375 0.439453125 0.015625 0.01953125
0 0.221875 0.34375 0.015625 0.01953125
0 0.2046875 0.3125 0.015625 0.01953125
0 0.1921875 0.30859375 0.015625 0.01953125
0 0.1796875 0.3203125 0.015625 0.01953125
0 0.1546875 0.328125 0.015625 0.01953125
0 0.0796875 0.32421875 0.015625 0.01953125
0 0.440625 0.13671875 0.015625 0.01953125
0 0.1 0.724609375 0.015625 0.01953125
0 0.090625 0.70703125 0.015625 0.01953125
0 0.1046875 0.705078125 0.015625 0.01953125
0 0.0859375 0.64453125 0.015625 0.01953125
0 0.078125 0.623046875 0.015625 0.01953125
0 0.075 0.638671875 0.015625 0.01953125
0 0.1078125 0.669921875 0.015625 0.01953125
0 0.046875 0.462890625 0.015625 0.01953125
0 0.0375 0.40234375 0.015625 0.01953125
0 0.0578125 0.58203125 0.015625 0.01953125
0 0.025 0.416015625 0.015625 0.01953125
0 0.046875 0.494140625 0.015625 0.01953125
0 0.06875 0.51171875 0.015625 0.01953125
