0 0.1796875 0.056640625 0.015625 0.01953125
0 0.090625 0.015625 0.015625 0.01953125
0 0.1875 0.134765625 0.015625 0.01953125
0 0.3265625 0.212890625 0.015625 0.01953125
0 0.34375 0.20703125 0.015625 0.01953125
0 0.43125 0.248046875 0.015625 0.01953125
0 0.446875 0.140625 0.015625 0.01953125
0 0.628125 0.1875 0.015625 0.01953125
0 0.6421875 0.083984375 0.015625 0.01953125
0 0.671875 0.0703125 0.015625 0.01953125
0 0.8609375 0.1875 0.015625 0.01953125
0 0.8203125 0.25390625 0.015625 0.01953125
0 0.9734375 0.1953125 0.015625 0.01953125
0 0.446875 0.30078125 0.015625 0.01953125
0 0.4046875 0.294921875 0.015625 0.01953125
0 0.2265625 0.361328125 0.015625 0.01953125
0 0.209375 0.328125 0.015625 0.01953125
0 0.1953125 0.32421875 0.015625 0.01953125
0 0.1828125 0.3359375 0.015625 0.01953125
0 0.1609375 0.34765625 0.015625 0.01953125
0 0.2140625 0.44921875 0.015625 0.01953125
0 0.190625 0.4609375 0.015625 0.01953125
0 0.2796875 0.58984375 0.015625 0.01953125
0 0.3453125 0.57421875 0.015625 0.01953125
0 0.371875 0.54296875 0.015625 0.01953125
0 0.28125 0.69140625 0.015625 0.01953125
0 0.3875 0.642578125 0.015625 0.01953125
0 0.375 0.666015625 0.015625 0.01953125
0 0.38125 0.69921875 0.015625 0.01953125
0 0.4109375 0.70703125 0.015625 0.01953125
0 0.365625 0.705078125 0.015625 0.01953125
0 0.65625 0.623046875 0.015625 0.01953125
0 0.7328125 0.537109375 0.015625 0.01953125
0 0.7109375 0.52734375 0.015625 0.01953125
0 0.846875 0.4609375 0.015625 0.01953125
0 0.9265625 0.470703125 0.015625 0.01953125
0 0.9078125 0.361328125 0.015625 0.01953125
0 0.9421875 0.3828125 0.015625 0.01953125
0 0.9546875 0.408203125 0.015625 0.01953125
0 0.96875 0.4453125 0.015625 0.01953125
0 0.9796875 0.49609375 0.015625 0.01953125
0 0.928125 0.51953125 0.015625 0.01953125
0 0.8828125 0.53515625 0.015625 0.01953125
0 0.8625 0.572265625 0.015625 0.01953125
0 0.8921875 0.580078125 0.015625 0.01953125
0 0.884375 0.634765625 0.015625 0.01953125
0 0.85625 0.611328125 0.015625 0.01953125
0 0.9359375 0.6328125 0.015625 0.01953125
0 0.959375 0.576171875 0.015625 0.01953125
0 0.996875 0.611328125 0.015625 0.01953125
0 0.9640625 0.689453125 0.015625 0.01953125
0 0.975 0.69921875 0.015625 0.01953125
0 0.9953125 0.732421875 0.015625 0.01953125
0 0.9921875 0.80859375 0.015625 0.01953125
0 0.7890625 0.74609375 0.015625 0.01953125
0 0.6578125 0.787109375 0.015625 0.01953125
0 0.690625 0.833984375 0.015625 0.01953125
0 0.4796875 0.85546875 0.015625 0.01953125
0 0.3734375 0.7578125 0.015625 0.01953125
0 0.3515625 0.806640625 0.015625 0.01953125
0 0.340625 0.787109375 0.015625 0.01953125
0 0.2359375 0.744140625 0.015625 0.01953125
0 0.2609375 0.94140625 0.015625 0.01953125
0 0.2453125 0.9453125 0.015625 0.01953125
0 0.1828125 0.76171875 0.015625 0.01953125
0 0.2921875 0.904296875 0.015625 0.01953125
0 0.1359375 0.646484375 0.015625 0.01953125
0 0.178125 0.712890625 0.015625 0.01953125
0 0.40625 0.80859375 0.015625 0.01953125
0 0.4734375 0.90625 0.015625 0.01953125
0 0.5125 0.890625 0.015625 0.01953125
0 0.5453125 0.88671875 0.015625 0.01953125
0 0.5921875 0.873046875 0.015625 0.01953125
0 0.715625 0.947265625 0.015625 0.01953125
0 0.7359375 0.9765625 0.015625 0.01953125
0 0.5421875 0.916015625 0.015625 0.01953125
0 0.55625 0.939453125 0.015625 0.01953125
0 0.5015625 0.921875 0.015625 0.01953125
0 0.5203125 0.927734375 0.015625 0.01953125
0 0.521875 0.943359375 0.015625 0.01953125
0 0.5359375 0.93359375 0.015625 0.01953125
0 0.5390625 0.974609375 0.015625 0.01953125
0 0.565625 0.955078125 0.015625 0.01953125
0 0.5703125 0.974609375 0.015625 0.01953125
0 0.5859375 0.970703125 0.015625 0.01953125
0 0.5609375 0.986328125 0.015625 0.01953125
0 0.578125 0.994140625 0.015625 0.01953125
0 0.953125 0.947265625 0.015625 0.01953125
0 0.9828125 0.994140625 0.015625 0.01953125
0 0.996875 0.974609375 0.015625 0.01953125
0 0.9921875 0.939453125 0.015625 0.01953125
0 0.996875 0.88671875 0.015625 0.01953125
0 0.959375 0.89453125 0.015625 0.01953125
0 0.9375 0.880859375 0.015625 0.01953125
0 0.975 0.34765625 0.015625 0.01953125
0 0.990625 0.373046875 0.015625 0.01953125
0 0.996875 0.341796875 0.015625 0.01953125
0 0.99375 0.240234375 0.015625 0.01953125
0 0.0765625 0.94140625 0.015625 0.01953125
0 0.40625 0.951171875 0.015625 0.01953125
0 0.44375 0.8984375 0.015625 0.01953125
0 0.434375 0.931640625 0.015625 0.01953125
0 0.1015625 0.732421875 0.015625 0.01953125
0 0.0828125 0.341796875 0.015625 0.01953125
0 0.0390625 0.40625 0.015625 0.01953125
0 0.0234375 0.419921875 0.015625 0.01953125
0 0.0484375 0.462890625 0.015625 0.01953125
0 0.05 0.49609375 0.015625 0.01953125
0 0.05625 0.583984375 0.015625 0.01953125
0 0.078125 0.62109375 0.015625 0.01953125
0 0.084375 0.64453125 0.015625 0.01953125
0 0.103125 0.658203125 0.015625 0.01953125
0 0.1015625 0.703125 0.015625 0.01953125
0 0.0859375 0.728515625 0.015625 0.01953125
0 0.0875 0.708984375 0.015625 0.01953125
0 0.0796875 0.69140625 0.015625 0.01953125
0 0.08125 0.669921875 0.015625 0.01953125
0 0.0703125 0.638671875 0.015625 0.01953125
