0 0.6671875 0.072265625 0.015625 0.01953125
0 0.640625 0.0859375 0.015625 0.01953125
0 0.625 0.1953125 0.015625 0.01953125
0 0.8546875 0.1875 0.015625 0.01953125
0 0.959375 0.166015625 0.015625 0.01953125
0 0.81875 0.255859375 0.015625 0.01953125
0 0.903125 0.322265625 0.015625 0.01953125
0 0.9171875 0.390625 0.015625 0.01953125
0 0.834375 0.5 0.015625 0.01953125
0 0.93125 0.44921875 0.015625 0.01953125
0 0.9203125 0.498046875 0.015625 0.01953125
0 0.9640625 0.443359375 0.015625 0.01953125
0 0.88125 0.541015625 0.015625 0.01953125
0 0.8859375 0.587890625 0.015625 0.01953125
0 0.859375 0.578125 0.015625 0.01953125
0 0.8515625 0.6015625 0.015625 0.01953125
0 0.8765625 0.62109375 0.015625 0.01953125
0 0.921875 0.66796875 0.015625 0.01953125
0 0.9640625 0.6171875 0.015625 0.01953125
0 0.953125 0.69921875 0.015625 0.01953125
0 0.971875 0.69921875 0.015625 0.01953125
0 0.996875 0.74609375 0.015625 0.01953125
0 0.959375 0.79296875 0.015625 0.01953125
0 0.996875 0.833984375 0.015625 0.01953125
0 0.99375 0.884765625 0.015625 0.01953125
0 0.99375 0.947265625 0.015625 0.01953125
0 0.9359375 0.9140625 0.015625 0.01953125
0 0.921875 0.89453125 0.015625 0.01953125
0 0.7921875 0.794921875 0.015625 0.01953125
0 0.7796875 0.880859375 0.015625 0.01953125
0 0.7 0.84765625 0.015625 0.01953125
0 0.65625 0.7890625 0.015625 0.01953125
0 0.6515625 0.609375 0.015625 0.01953125
0 0.7140625 0.564453125 0.015625 0.01953125
0 0.3296875 0.255859375 0.015625 0.01953125
0 0.9484375 0.408203125 0.015625 0.01953125
0 0.9828125 0.349609375 0.015625 0.01953125
0 0.971875 0.3359375 0.015625 0.01953125
0 0.8125 0.013671875 0.015625 0.01953125
0 0.7875 0.005859375 0.015625 0.01953125
0 0.4296875 0.248046875 0.015625 0.01953125
0 0.4015625 0.30078125 0.015625 0.01953125
0 0.446875 0.3125 0.015625 0.01953125
0 0.4390625 0.142578125 0.015625 0.01953125
0 0.6921875 0.564453125 0.015625 0.01953125
0 0.9203125 0.99609375 0.015625 0.01953125
0 0.7484375 0.9453125 0.015625 0.01953125
0 0.7453125 0.966796875 0.015625 0.01953125
0 0.7578125 0.99609375 0.015625 0.01953125
0 0.1828125 0.03125 0.015625 0.01953125
0 0.153125 0.056640625 0.015625 0.01953125
0 0.178125 0.10546875 0.015625 0.01953125
0 0.09375 0.091796875 0.015625 0.01953125
0 0.0890625 0.005859375 0.015625 0.01953125
0 0.1765625 0.396484375 0.015625 0.01953125
0 0.228125 0.404296875 0.015625 0.01953125
0 0.2125 0.361328125 0.015625 0.01953125
0 0.1984375 0.35546875 0.015625 0.01953125
0 0.1890625 0.373046875 0.015625 0.01953125
0 0.203125 0.49609375 0.015625 0.01953125
0 0.2265625 0.48828125 0.015625 0.01953125
0 0.2890625 0.630859375 0.015625 0.01953125
0 0.359375 0.619140625 0.015625 0.01953125
0 0.3828125 0.576171875 0.015625 0.01953125
0 0.3078125 0.728515625 0.015625 0.01953125
0 0.3140625 0.765625 0.015625 0.01953125
0 0.315625 0.806640625 0.015625 0.01953125
0 0.3921875 0.775390625 0.015625 0.01953125
0 0.3921875 0.740234375 0.015625 0.01953125
0 0.3984375 0.697265625 0.015625 0.01953125
0 0.43125 0.685546875 0.015625 0.01953125
0 0.43125 0.732421875 0.015625 0.01953125
0 0.4359375 0.759765625 0.015625 0.01953125
0 0.446875 0.89453125 0.015625 0.01953125
0 0.4734375 0.888671875 0.015625 0.01953125
0 0.4734375 0.916015625 0.015625 0.01953125
0 0.540625 0.896484375 0.015625 0.01953125
0 0.5078125 0.921875 0.015625 0.01953125
0 0.4953125 0.93359375 0.015625 0.01953125
0 0.5453125 0.921875 0.015625 0.01953125
0 0.5453125 0.94921875 0.015625 0.01953125
0 0.559375 0.95703125 0.015625 0.01953125
0 0.5703125 0.9765625 0.015625 0.01953125
0 0.5875 0.974609375 0.015625 0.01953125
0 0.571875 0.998046875 0.015625 0.01953125
0 0.5515625 0.986328125 0.015625 0.01953125
0 0.5375 0.98046875 0.015625 0.01953125
0 0.528125 0.953125 0.015625 0.01953125
0 0.5109375 0.9453125 0.015625 0.01953125
0 0.625 0.912109375 0.015625 0.01953125
0 0.625 0.85546875 0.015625 0.01953125
0 0.5921875 0.83984375 0.015625 0.01953125
0 0.4375 0.939453125 0.015625 0.01953125
0 0.43125 0.92578125 0.015625 0.01953125
0 0.4203125 0.947265625 0.015625 0.01953125
0 0.40625 0.9609375 0.015625 0.01953125
0 0.3875 0.951171875 0.015625 0.01953125
0 0.2859375 0.908203125 0.015625 0.01953125
0 0.2625 0.947265625 0.015625 0.01953125
0 0.2078125 0.75390625 0.015625 0.01953125
0 0.1671875 0.751953125 0.015625 0.01953125
0 0.1640625 0.705078125 0.015625 0.01953125
0 0.1265625 0.619140625 0.015625 0.01953125
0 0.0671875 0.935546875 0.015625 0.01953125
0 0.0359375 0.998046875 0.015625 0.01953125
0 0.234375 0.94921875 0.015625 0.01953125
0 0.0859375 0.388671875 0.015625 0.01953125
0 0.0984375 0.732421875 0.015625 0.01953125
0 0.0828125 0.73828125 0.015625 0.01953125
0 0.0796875 0.689453125 0.015625 0.01953125
0 0.0796875 0.650390625 0.015625 0.01953125
0 0.0703125 0.638671875 0.015625 0.01953125
0 0.0765625 0.625 0.015625 0.01953125
0 0.04375 0.466796875 0.015625 0.01953125
0 0.0734375 0.453125 0.015625 0.01953125
0 0.065625 0.51953125 0.015625 0.01953125
0 0.046875 0.50390625 0.015625 0.01953125
0 0.0359375 0.40234375 0.015625 0.01953125
0 0.040625 0.328125 0.015625 0.01953125
0 0.3421875 0.25390625 0.015625 0.01953125
0 0.9953125 0.35546875 0.015625 0.01953125
0 0.990625 0.3359375 0.015625 0.01953125
0 0.425 0.826171875 0.015625 0.01953125
0 0.19375 0.1875 0.015625 0.01953125
0 0.05 0.587890625 0.015625 0.01953125
0 0.0796875 0.58203125 0.015625 0.01953125
0 0.01875 0.421875 0.015625 0.01953125
