0 0.975 0.341796875 0.015625 0.01953125
0 0.66875 0.072265625 0.015625 0.01953125
0 0.6390625 0.08984375 0.015625 0.01953125
0 0.6234375 0.19140625 0.015625 0.01953125
0 0.8171875 0.248046875 0.015625 0.01953125
0 0.85625 0.189453125 0.015625 0.01953125
0 0.953125 0.146484375 0.015625 0.01953125
0 0.9 0.30859375 0.015625 0.01953125
0 0.9109375 0.392578125 0.015625 0.01953125
0 0.934375 0.443359375 0.015625 0.01953125
0 0.9140625 0.48828125 0.015625 0.01953125
0 0.828125 0.517578125 0.015625 0.01953125
0 0.878125 0.54296875 0.015625 0.01953125
0 0.8578125 0.578125 0.015625 0.01953125
0 0.8453125 0.6015625 0.015625 0.01953125
0 0.8890625 0.5859375 0.015625 0.01953125
0 0.8703125 0.615234375 0.015625 0.01953125
0 0.9671875 0.623046875 0.015625 0.01953125
0 0.91875 0.67578125 0.015625 0.01953125
0 0.95625 0.703125 0.015625 0.01953125
0 0.95625 0.703125 0.015625 0.01953125
0 0.9546875 0.7890625 0.015625 0.01953125
0 0.9953125 0.74609375 0.015625 0.01953125
0 0.9734375 0.69921875 0.015625 0.01953125
0 0.9921875 0.84375 0.015625 0.01953125
0 0.9984375 0.888671875 0.015625 0.01953125
0 0.709375 0.57421875 0.015625 0.01953125
0 0.6953125 0.578125 0.015625 0.01953125
0 0.6609375 0.611328125 0.015625 0.01953125
0 0.6515625 0.791015625 0.015625 0.01953125
0 0.7984375 0.806640625 0.015625 0.01953125
0 0.7046875 0.861328125 0.015625 0.01953125
0 0.7796875 0.8828125 0.015625 0.01953125
0 0.909375 0.900390625 0.015625 0.01953125
0 0.9265625 0.91796875 0.015625 0.01953125
0 0.928125 0.99609375 0.015625 0.01953125
0 0.7640625 0.994140625 0.015625 0.01953125
0 0.7546875 0.96875 0.015625 0.01953125
0 0.759375 0.94921875 0.015625 0.01953125
0 0.640625 0.919921875 0.015625 0.01953125
0 0.6359375 0.859375 0.015625 0.01953125
0 0.6015625 0.84765625 0.015625 0.01953125
0 0.45 0.7734375 0.015625 0.01953125
0 0.4390625 0.740234375 0.015625 0.01953125
0 0.4 0.787109375 0.015625 0.01953125
0 0.403125 0.744140625 0.015625 0.01953125
0 0.403125 0.705078125 0.015625 0.01953125
0 0.4421875 0.701171875 0.015625 0.01953125
0 0.365625 0.625 0.015625 0.01953125
0 0.3859375 0.58203125 0.015625 0.01953125
0 0.446875 0.3203125 0.015625 0.01953125
0 0.4171875 0.306640625 0.015625 0.01953125
0 0.4234375 0.251953125 0.015625 0.01953125
0 0.3484375 0.265625 0.015625 0.01953125
0 0.33125 0.2734375 0.015625 0.01953125
0 0.234375 0.416015625 0.015625 0.01953125
0 0.234375 0.5 0.015625 0.01953125
0 0.2125 0.505859375 0.015625 0.01953125
0 0.178125 0.41015625 0.015625 0.01953125
0 0.19375 0.380859375 0.015625 0.01953125
0 0.21875 0.369140625 0.015625 0.01953125
0 0.203125 0.3671875 0.015625 0.01953125
0 0.1921875 0.205078125 0.015625 0.01953125
0 0.1765625 0.119140625 0.015625 0.01953125
0 0.0953125 0.11328125 0.015625 0.01953125
0 0.1859375 0.05078125 0.015625 0.01953125
0 0.090625 0.02734375 0.015625 0.01953125
0 0.0890625 0.3984375 0.015625 0.01953125
0 0.125 0.603515625 0.015625 0.01953125
0 0.1609375 0.697265625 0.015625 0.01953125
0 0.290625 0.64453125 0.015625 0.01953125
0 0.1578125 0.751953125 0.015625 0.01953125
0 0.265625 0.9453125 0.015625 0.01953125
0 0.2875 0.921875 0.015625 0.01953125
0 0.1984375 0.751953125 0.015625 0.01953125
0 0.3171875 0.73828125 0.015625 0.01953125
0 0.3078125 0.76953125 0.015625 0.01953125
0 0.3046875 0.806640625 0.015625 0.01953125
0 0.428125 0.833984375 0.015625 0.01953125
0 0.5390625 0.892578125 0.015625 0.01953125
0 0.60625 0.984375 0.015625 0.01953125
0 0.5734375 0.994140625 0.015625 0.01953125
0 0.55625 0.98828125 0.015625 0.01953125
0 0.56875 0.974609375 0.015625 0.01953125
0 0.58125 0.97265625 0.015625 0.01953125
0 0.534375 0.974609375 0.015625 0.01953125
0 0.55 0.970703125 0.015625 0.01953125
0 0.559375 0.955078125 0.015625 0.01953125
0 0.5453125 0.947265625 0.015625 0.01953125
0 0.540625 0.921875 0.015625 0.01953125
0 0.521875 0.947265625 0.015625 0.01953125
0 0.509375 0.94140625 0.015625 0.01953125
0 0.50625 0.916015625 0.015625 0.01953125
0 0.4953125 0.9296875 0.015625 0.01953125
0 0.4765625 0.947265625 0.015625 0.01953125
0 0.4734375 0.908203125 0.015625 0.01953125
0 0.4625 0.89453125 0.015625 0.01953125
0 0.4484375 0.892578125 0.015625 0.01953125
0 0.440625 0.939453125 0.015625 0.01953125
0 0.4234375 0.931640625 0.015625 0.01953125
0 0.415625 0.947265625 0.015625 0.01953125
0 0.3921875 0.958984375 0.015625 0.01953125
0 0.065625 0.9296875 0.015625 0.01953125
0 0.0953125 0.732421875 0.015625 0.01953125
0 0.0859375 0.71484375 0.015625 0.01953125
0 0.078125 0.693359375 0.015625 0.01953125
0 0.078125 0.65234375 0.015625 0.01953125
0 0.0703125 0.626953125 0.015625 0.01953125
0 0.05 0.587890625 0.015625 0.01953125
0 0.04375 0.466796875 0.015625 0.01953125
0 0.0296875 0.40625 0.015625 0.01953125
0 0.065625 0.517578125 0.015625 0.01953125
0 0.096875 0.62890625 0.015625 0.01953125
0 0.9890625 0.3515625 0.015625 0.01953125
0 0.99375 0.3359375 0.015625 0.01953125
0 0.81875 0.025390625 0.015625 0.01953125
0 0.8125 0.0703125 0.015625 0.01953125
0 0.7546875 0.0 0.015625 0.01953125
0 0.7859375 0.005859375 0.015625 0.01953125
0 0.15 0.064453125 0.015625 0.01953125
0 0.003125 0.1015625 0.015625 0.01953125
0 0.0046875 0.04296875 0.015625 0.01953125
0 0.0078125 0.134765625 0.015625 0.01953125
0 0.04375 0.498046875 0.015625 0.01953125
0 0.015625 0.421875 0.015625 0.01953125
0 0.2296875 0.951171875 0.015625 0.01953125
0 0.9625 0.294921875 0.015625 0.01953125
