0 0.9765625 0.01171875 0.015625 0.01953125
0 0.825 0.04296875 0.015625 0.01953125
0 0.95 0.140625 0.015625 0.01953125
0 0.75625 0.005859375 0.015625 0.01953125
0 0.85625 0.193359375 0.015625 0.01953125
0 0.6671875 0.06640625 0.015625 0.01953125
0 0.784375 0.005859375 0.015625 0.01953125
0 0.640625 0.083984375 0.015625 0.01953125
0 0.6265625 0.193359375 0.015625 0.01953125
0 0.815625 0.25390625 0.015625 0.01953125
0 0.9046875 0.294921875 0.015625 0.01953125
0 0.9734375 0.33984375 0.015625 0.01953125
0 0.9875 0.353515625 0.015625 0.01953125
0 0.9953125 0.330078125 0.015625 0.01953125
0 0.9 0.396484375 0.015625 0.01953125
0 0.93125 0.435546875 0.015625 0.01953125
0 0.9484375 0.408203125 0.015625 0.01953125
0 0.965625 0.447265625 0.015625 0.01953125
0 0.9109375 0.48046875 0.015625 0.01953125
0 0.8796875 0.537109375 0.015625 0.01953125
0 0.81875 0.52734375 0.015625 0.01953125
0 0.8578125 0.578125 0.015625 0.01953125
0 0.8453125 0.60546875 0.015625 0.01953125
0 0.8875 0.5859375 0.015625 0.01953125
0 0.971875 0.634765625 0.015625 0.01953125
0 0.9171875 0.685546875 0.015625 0.01953125
0 0.971875 0.69921875 0.015625 0.01953125
0 0.953125 0.703125 0.015625 0.01953125
0 0.9453125 0.787109375 0.015625 0.01953125
0 0.9953125 0.7421875 0.015625 0.01953125
0 0.9828125 0.849609375 0.015625 0.01953125
0 0.9921875 0.890625 0.015625 0.01953125
0 0.921875 0.923828125 0.015625 0.01953125
0 0.90625 0.89453125 0.015625 0.01953125
0 0.796875 0.802734375 0.015625 0.01953125
0 0.775 0.87890625 0.015625 0.01953125
0 0.715625 0.85546875 0.015625 0.01953125
0 0.653125 0.787109375 0.015625 0.01953125
0 0.6578125 0.603515625 0.015625 0.01953125
0 0.703125 0.5859375 0.015625 0.01953125
0 0.6875 0.58984375 0.015625 0.01953125
0 0.646875 0.919921875 0.015625 0.01953125
0 0.76875 0.955078125 0.015625 0.01953125
0 0.76875 0.974609375 0.015625 0.01953125
0 0.775 0.994140625 0.015625 0.01953125
0 0.6078125 0.853515625 0.015625 0.01953125
0 0.6421875 0.859375 0.015625 0.01953125
0 0.4515625 0.322265625 0.015625 0.01953125
0 0.415625 0.302734375 0.015625 0.01953125
0 0.35 0.27734375 0.015625 0.01953125
0 0.334375 0.291015625 0.015625 0.01953125
0 0.425 0.25 0.015625 0.01953125
0 0.440625 0.140625 0.015625 0.01953125
0 0.1890625 0.07421875 0.015625 0.01953125
0 0.18125 0.130859375 0.015625 0.01953125
0 0.2015625 0.21484375 0.015625 0.01953125
0 0.09375 0.1328125 0.015625 0.01953125
0 0.090625 0.044921875 0.015625 0.01953125
0 0.2171875 0.380859375 0.015625 0.01953125
0 0.203125 0.37109375 0.015625 0.01953125
0 0.19375 0.388671875 0.015625 0.01953125
0 0.1859375 0.41796875 0.015625 0.01953125
0 0.2375 0.427734375 0.015625 0.01953125
0 0.2125 0.515625 0.015625 0.01953125
0 0.2390625 0.50390625 0.015625 0.01953125
0 0.2953125 0.6484375 0.015625 0.01953125
0 0.3765625 0.63671875 0.015625 0.01953125
0 0.3890625 0.595703125 0.015625 0.01953125
0 0.3203125 0.748046875 0.015625 0.01953125
0 0.3 0.7578125 0.015625 0.01953125
0 0.40625 0.712890625 0.015625 0.01953125
0 0.40625 0.74609375 0.015625 0.01953125
0 0.446875 0.74609375 0.015625 0.01953125
0 0.465625 0.78125 0.015625 0.01953125
0 0.4015625 0.80078125 0.015625 0.01953125
0 0.4359375 0.83984375 0.015625 0.01953125
0 0.4546875 0.712890625 0.015625 0.01953125
0 0.2953125 0.802734375 0.015625 0.01953125
0 0.190625 0.75390625 0.015625 0.01953125
0 0.15 0.74609375 0.015625 0.01953125
0 0.15625 0.689453125 0.015625 0.01953125
0 0.11875 0.591796875 0.015625 0.01953125
0 0.090625 0.412109375 0.015625 0.01953125
0 0.2359375 0.94140625 0.015625 0.01953125
0 0.2609375 0.947265625 0.015625 0.01953125
0 0.2921875 0.923828125 0.015625 0.01953125
0 0.45 0.892578125 0.015625 0.01953125
0 0.4734375 0.90625 0.015625 0.01953125
0 0.5421875 0.8984375 0.015625 0.01953125
0 0.4953125 0.9296875 0.015625 0.01953125
0 0.5125 0.919921875 0.015625 0.01953125
0 0.5390625 0.923828125 0.015625 0.01953125
0 0.565625 0.95703125 0.015625 0.01953125
0 0.5765625 0.9765625 0.015625 0.01953125
0 0.603125 0.986328125 0.015625 0.01953125
0 0.56875 0.994140625 0.015625 0.01953125
0 0.5515625 0.98828125 0.015625 0.01953125
0 0.5328125 0.9765625 0.015625 0.01953125
0 0.5546875 0.96875 0.015625 0.01953125
0 0.5421875 0.94140625 0.015625 0.01953125
0 0.5234375 0.947265625 0.015625 0.01953125
0 0.50625 0.94140625 0.015625 0.01953125
0 0.4765625 0.9453125 0.015625 0.01953125
0 0.48125 0.921875 0.015625 0.01953125
0 0.44375 0.935546875 0.015625 0.01953125
0 0.4265625 0.927734375 0.015625 0.01953125
0 0.4171875 0.947265625 0.015625 0.01953125
0 0.4 0.95703125 0.015625 0.01953125
0 0.5375 0.953125 0.015625 0.01953125
0 0.86875 0.61328125 0.015625 0.01953125
0 0.9359375 0.998046875 0.015625 0.01953125
0 0.0953125 0.732421875 0.015625 0.01953125
0 0.075 0.693359375 0.015625 0.01953125
0 0.0859375 0.7109375 0.015625 0.01953125
0 0.0796875 0.65234375 0.015625 0.01953125
0 0.0671875 0.93359375 0.015625 0.01953125
0 0.0671875 0.638671875 0.015625 0.01953125
0 0.075 0.630859375 0.015625 0.01953125
0 0.0390625 0.462890625 0.015625 0.01953125
0 0.009375 0.51171875 0.015625 0.01953125
0 0.0328125 0.40625 0.015625 0.01953125
0 0.021875 0.42578125 0.015625 0.01953125
0 0.1609375 0.083984375 0.015625 0.01953125
0 0.0484375 0.58984375 0.015625 0.01953125
0 0.0640625 0.517578125 0.015625 0.01953125
0 0.0453125 0.49609375 0.015625 0.01953125
0 0.0109375 0.10546875 0.015625 0.01953125
0 0.0109375 0.0390625 0.015625 0.01953125
0 0.4515625 0.919921875 0.015625 0.01953125
