0 0.45 0.376953125 0.015625 0.01953125
0 0.4046875 0.34375 0.015625 0.01953125
0 0.415625 0.275390625 0.015625 0.01953125
0 0.075 0.033203125 0.015625 0.01953125
0 0.096875 0.03515625 0.015625 0.01953125
0 0.1125 0.099609375 0.015625 0.01953125
0 0.13125 0.109375 0.015625 0.01953125
0 0.1203125 0.05859375 0.015625 0.01953125
0 0.1015625 0.34765625 0.015625 0.01953125
0 0.15625 0.30078125 0.015625 0.01953125
0 0.1859375 0.3359375 0.015625 0.01953125
0 0.2078125 0.35546875 0.015625 0.01953125
0 0.2265625 0.423828125 0.015625 0.01953125
0 0.3640625 0.470703125 0.015625 0.01953125
0 0.3765625 0.453125 0.015625 0.01953125
0 0.1171875 0.435546875 0.015625 0.01953125
0 0.2484375 0.537109375 0.015625 0.01953125
0 0.2296875 0.556640625 0.015625 0.01953125
0 0.2375 0.541015625 0.015625 0.01953125
0 0.2484375 0.599609375 0.015625 0.01953125
0 0.2828125 0.6015625 0.015625 0.01953125
0 0.2796875 0.673828125 0.015625 0.01953125
0 0.2953125 0.6640625 0.015625 0.01953125
0 0.3609375 0.806640625 0.015625 0.01953125
0 0.246875 0.841796875 0.015625 0.01953125
0 0.1484375 0.853515625 0.015625 0.01953125
0 0.425 0.74609375 0.015625 0.01953125
0 0.6875 0.6171875 0.015625 0.01953125
0 0.821875 0.435546875 0.015625 0.01953125
0 0.8828125 0.421875 0.015625 0.01953125
0 0.9109375 0.4296875 0.015625 0.01953125
0 0.6203125 0.125 0.015625 0.01953125
0 0.640625 0.107421875 0.015625 0.01953125
0 0.8734375 0.193359375 0.015625 0.01953125
0 0.803125 0.275390625 0.015625 0.01953125
0 0.8375 0.20703125 0.015625 0.01953125
0 0.8328125 0.158203125 0.015625 0.01953125
0 0.8984375 0.06640625 0.015625 0.01953125
0 0.9875 0.18359375 0.015625 0.01953125
0 0.9921875 0.14453125 0.015625 0.01953125
0 0.715625 0.0390625 0.015625 0.01953125
0 0.728125 0.03125 0.015625 0.01953125
0 0.7546875 0.013671875 0.015625 0.01953125
0 0.60625 0.232421875 0.015625 0.01953125
0 0.684375 0.70703125 0.015625 0.01953125
0 0.7859375 0.65625 0.015625 0.01953125
0 0.8453125 0.623046875 0.015625 0.01953125
0 0.8546875 0.59765625 0.015625 0.01953125
0 0.8671875 0.609375 0.015625 0.01953125
0 0.86875 0.625 0.015625 0.01953125
0 0.8734375 0.5859375 0.015625 0.01953125
0 0.8984375 0.599609375 0.015625 0.01953125
0 0.884375 0.611328125 0.015625 0.01953125
0 0.975 0.712890625 0.015625 0.01953125
0 0.959375 0.751953125 0.015625 0.01953125
0 0.996875 0.73828125 0.015625 0.01953125
0 0.9203125 0.779296875 0.015625 0.01953125
0 0.8875 0.783203125 0.015625 0.01953125
0 0.4640625 0.779296875 0.015625 0.01953125
0 0.4015625 0.876953125 0.015625 0.01953125
0 0.503125 0.822265625 0.015625 0.01953125
0 0.5078125 0.87109375 0.015625 0.01953125
0 0.534375 0.86328125 0.015625 0.01953125
0 0.6734375 0.826171875 0.015625 0.01953125
0 0.59375 0.876953125 0.015625 0.01953125
0 0.6609375 0.93359375 0.015625 0.01953125
0 0.7328125 0.94140625 0.015625 0.01953125
0 0.765625 0.94140625 0.015625 0.01953125
0 0.809375 0.908203125 0.015625 0.01953125
0 0.8078125 0.9453125 0.015625 0.01953125
0 0.76875 0.98828125 0.015625 0.01953125
0 0.784375 0.984375 0.015625 0.01953125
0 0.4734375 0.91796875 0.015625 0.01953125
0 0.496875 0.93359375 0.015625 0.01953125
0 0.53125 0.939453125 0.015625 0.01953125
0 0.5640625 0.9453125 0.015625 0.01953125
0 0.484375 0.962890625 0.015625 0.01953125
0 0.5015625 0.974609375 0.015625 0.01953125
0 0.4578125 0.9921875 0.015625 0.01953125
0 0.475 0.9921875 0.015625 0.01953125
0 0.56875 0.96875 0.015625 0.01953125
0 0.58125 0.9921875 0.015625 0.01953125
0 0.596875 0.998046875 0.015625 0.01953125
0 0.540625 0.974609375 0.015625 0.01953125
0 0.5578125 0.9921875 0.015625 0.01953125
0 0.525 0.982421875 0.015625 0.01953125
0 0.5390625 0.994140625 0.015625 0.01953125
0 0.5109375 0.994140625 0.015625 0.01953125
0 0.9046875 0.994140625 0.015625 0.01953125
0 0.8625 0.947265625 0.015625 0.01953125
0 0.1515625 0.751953125 0.015625 0.01953125
0 0.1390625 0.7734375 0.015625 0.01953125
0 0.1390625 0.734375 0.015625 0.01953125
0 0.1296875 0.615234375 0.015625 0.01953125
0 0.1 0.6171875 0.015625 0.01953125
0 0.0421875 0.56640625 0.015625 0.01953125
0 0.1140625 0.826171875 0.015625 0.01953125
0 0.0921875 0.79296875 0.015625 0.01953125
0 0.096875 0.74609375 0.015625 0.01953125
0 0.08125 0.732421875 0.015625 0.01953125
0 0.0328125 0.51171875 0.015625 0.01953125
0 0.01875 0.5234375 0.015625 0.01953125
0 0.040625 0.533203125 0.015625 0.01953125
0 0.41875 0.208984375 0.015625 0.01953125
0 0.425 0.03125 0.015625 0.01953125
0 0.1375 0.0546875 0.015625 0.01953125
0 0.128125 0.0 0.015625 0.01953125
0 0.0546875 0.607421875 0.015625 0.01953125
0 0.0640625 0.6328125 0.015625 0.01953125
0 0.0984375 0.646484375 0.015625 0.01953125
0 0.0578125 0.689453125 0.015625 0.01953125
0 0.2546875 0.787109375 0.015625 0.01953125
0 0.8609375 0.9296875 0.015625 0.01953125
0 0.909375 0.93359375 0.015625 0.01953125
0 0.91875 0.951171875 0.015625 0.01953125
0 0.9328125 0.931640625 0.015625 0.01953125
0 0.9890625 0.94921875 0.015625 0.01953125
0 0.96875 0.33984375 0.015625 0.01953125
0 0.9828125 0.3515625 0.015625 0.01953125
0 0.9921875 0.31640625 0.015625 0.01953125
0 0.9828125 0.298828125 0.015625 0.01953125
0 0.9984375 0.267578125 0.015625 0.01953125
0 0.9734375 0.24609375 0.015625 0.01953125
0 0.103125 0.81640625 0.015625 0.01953125
0 0.4859375 0.978515625 0.015625 0.01953125
0 0.509375 0.98046875 0.015625 0.01953125
