0 0.503125 0.943359375 0.015625 0.01953125
0 0.4734375 0.94921875 0.015625 0.01953125
0 0.4515625 0.947265625 0.015625 0.01953125
0 0.43125 0.951171875 0.015625 0.01953125
0 0.421875 0.9375 0.015625 0.01953125
0 0.403125 0.92578125 0.015625 0.01953125
0 0.440625 0.966796875 0.015625 0.01953125
0 0.4421875 0.98046875 0.015625 0.01953125
0 0.4671875 0.982421875 0.015625 0.01953125
0 0.4671875 0.982421875 0.015625 0.01953125
0 0.5 0.970703125 0.015625 0.01953125
0 0.5078125 0.99609375 0.015625 0.01953125
0 0.5265625 0.97265625 0.015625 0.01953125
0 0.4828125 0.9921875 0.015625 0.01953125
0 0.475 0.970703125 0.015625 0.01953125
0 0.434375 0.892578125 0.015625 0.01953125
0 0.353125 0.84375 0.015625 0.01953125
0 0.4140625 0.79296875 0.015625 0.01953125
0 0.30625 0.685546875 0.015625 0.01953125
0 0.3234375 0.67578125 0.015625 0.01953125
0 0.3171875 0.62890625 0.015625 0.01953125
0 0.290625 0.630859375 0.015625 0.01953125
0 0.4421875 0.529296875 0.015625 0.01953125
0 0.425 0.5390625 0.015625 0.01953125
0 0.2796875 0.54296875 0.015625 0.01953125
0 0.2703125 0.55078125 0.015625 0.01953125
0 0.2578125 0.564453125 0.015625 0.01953125
0 0.2953125 0.44921875 0.015625 0.01953125
0 0.2765625 0.462890625 0.015625 0.01953125
0 0.1828125 0.517578125 0.015625 0.01953125
0 0.1703125 0.4453125 0.015625 0.01953125
0 0.2453125 0.35546875 0.015625 0.01953125
0 0.215625 0.341796875 0.015625 0.01953125
0 0.50625 0.318359375 0.015625 0.01953125
0 0.440625 0.302734375 0.015625 0.01953125
0 0.471875 0.259765625 0.015625 0.01953125
0 0.6515625 0.26171875 0.015625 0.01953125
0 0.7046875 0.14453125 0.015625 0.01953125
0 0.7625 0.5 0.015625 0.01953125
0 0.840625 0.3515625 0.015625 0.01953125
0 0.8875 0.294921875 0.015625 0.01953125
0 0.903125 0.412109375 0.015625 0.01953125
0 0.9875 0.373046875 0.015625 0.01953125
0 0.990625 0.30078125 0.015625 0.01953125
0 0.9234375 0.173828125 0.015625 0.01953125
0 0.9875 0.0859375 0.015625 0.01953125
0 0.940625 0.0859375 0.015625 0.01953125
0 0.853125 0.0234375 0.015625 0.01953125
0 0.709375 0.658203125 0.015625 0.01953125
0 0.178125 0.146484375 0.015625 0.01953125
0 0.2 0.1328125 0.015625 0.01953125
0 0.215625 0.1328125 0.015625 0.01953125
0 0.2109375 0.080078125 0.015625 0.01953125
0 0.1953125 0.05078125 0.015625 0.01953125
0 0.1734375 0.02734375 0.015625 0.01953125
0 0.1453125 0.05859375 0.015625 0.01953125
0 0.26875 0.033203125 0.015625 0.01953125
0 0.6796875 0.15234375 0.015625 0.01953125
0 0.765625 0.12890625 0.015625 0.01953125
0 0.7953125 0.09375 0.015625 0.01953125
0 0.2109375 0.017578125 0.015625 0.01953125
0 0.253125 0.029296875 0.015625 0.01953125
0 0.61875 0.78125 0.015625 0.01953125
0 0.6171875 0.798828125 0.015625 0.01953125
0 0.625 0.859375 0.015625 0.01953125
0 0.7375 0.802734375 0.015625 0.01953125
0 0.78125 0.810546875 0.015625 0.01953125
0 0.8296875 0.908203125 0.015625 0.01953125
0 0.8515625 0.744140625 0.015625 0.01953125
0 0.8515625 0.7265625 0.015625 0.01953125
0 0.8203125 0.69921875 0.015625 0.01953125
0 0.871875 0.693359375 0.015625 0.01953125
0 0.8515625 0.66015625 0.015625 0.01953125
0 0.846875 0.6796875 0.015625 0.01953125
0 0.8359375 0.6796875 0.015625 0.01953125
0 0.9078125 0.515625 0.015625 0.01953125
0 0.9171875 0.49609375 0.015625 0.01953125
0 0.990625 0.443359375 0.015625 0.01953125
0 0.9109375 0.900390625 0.015625 0.01953125
0 0.93125 0.861328125 0.015625 0.01953125
0 0.9359375 0.91796875 0.015625 0.01953125
0 0.9484375 0.943359375 0.015625 0.01953125
0 0.96875 0.98828125 0.015625 0.01953125
0 0.9484375 0.994140625 0.015625 0.01953125
0 0.871875 0.94921875 0.015625 0.01953125
0 0.74375 0.96875 0.015625 0.01953125
0 0.646875 0.990234375 0.015625 0.01953125
0 0.5484375 0.9140625 0.015625 0.01953125
0 0.521875 0.904296875 0.015625 0.01953125
0 0.51875 0.859375 0.015625 0.01953125
0 0.5 0.82421875 0.015625 0.01953125
0 0.403125 0.951171875 0.015625 0.01953125
0 0.390625 0.97265625 0.015625 0.01953125
0 0.378125 0.962890625 0.015625 0.01953125
0 0.36875 0.98046875 0.015625 0.01953125
0 0.35 0.982421875 0.015625 0.01953125
0 0.3578125 0.994140625 0.015625 0.01953125
0 0.246875 0.955078125 0.015625 0.01953125
0 0.1984375 0.953125 0.015625 0.01953125
0 0.19375 0.626953125 0.015625 0.01953125
0 0.121875 0.580078125 0.015625 0.01953125
0 0.1046875 0.59765625 0.015625 0.01953125
0 0.103125 0.576171875 0.015625 0.01953125
0 0.1984375 0.6640625 0.015625 0.01953125
0 0.1078125 0.80859375 0.015625 0.01953125
0 0.0765625 0.71484375 0.015625 0.01953125
0 0.0703125 0.689453125 0.015625 0.01953125
0 0.0703125 0.634765625 0.015625 0.01953125
0 0.059375 0.62109375 0.015625 0.01953125
0 0.0640625 0.603515625 0.015625 0.01953125
0 0.0671875 0.505859375 0.015625 0.01953125
0 0.0921875 0.4375 0.015625 0.01953125
0 0.05 0.443359375 0.015625 0.01953125
0 0.03125 0.40234375 0.015625 0.01953125
0 0.0421875 0.3828125 0.015625 0.01953125
0 0.0859375 0.498046875 0.015625 0.01953125
0 0.04375 0.564453125 0.015625 0.01953125
0 0.0421875 0.490234375 0.015625 0.01953125
0 0.50625 0.017578125 0.015625 0.01953125
