0 0.46875 0.326171875 0.015625 0.01953125
0 0.525 0.3359375 0.015625 0.01953125
0 0.5078125 0.26171875 0.015625 0.01953125
0 0.6765625 0.298828125 0.015625 0.01953125
0 0.71875 0.193359375 0.015625 0.01953125
0 0.7453125 0.1953125 0.015625 0.01953125
0 0.796875 0.19921875 0.015625 0.01953125
0 0.5640625 0.025390625 0.015625 0.01953125
0 0.703125 0.556640625 0.015625 0.01953125
0 0.46875 0.591796875 0.015625 0.01953125
0 0.4578125 0.609375 0.015625 0.01953125
0 0.6984375 0.71875 0.015625 0.01953125
0 0.69375 0.833984375 0.015625 0.01953125
0 0.759375 0.876953125 0.015625 0.01953125
0 0.8125 0.87890625 0.015625 0.01953125
0 0.8828125 0.974609375 0.015625 0.01953125
0 0.6640625 0.9140625 0.015625 0.01953125
0 0.5796875 0.888671875 0.015625 0.01953125
0 0.553125 0.87109375 0.015625 0.01953125
0 0.9625 0.802734375 0.015625 0.01953125
0 0.8453125 0.7734375 0.015625 0.01953125
0 0.8265625 0.73828125 0.015625 0.01953125
0 0.8125 0.76171875 0.015625 0.01953125
0 0.790625 0.7734375 0.015625 0.01953125
0 0.3296875 0.703125 0.015625 0.01953125
0 0.3171875 0.7109375 0.015625 0.01953125
0 0.3265625 0.658203125 0.015625 0.01953125
0 0.303125 0.662109375 0.015625 0.01953125
0 0.3125 0.5546875 0.015625 0.01953125
0 0.2984375 0.56640625 0.015625 0.01953125
0 0.2796875 0.5703125 0.015625 0.01953125
0 0.3015625 0.51953125 0.015625 0.01953125
0 0.2796875 0.41015625 0.015625 0.01953125
0 0.246875 0.384765625 0.015625 0.01953125
0 0.215625 0.201171875 0.015625 0.01953125
0 0.1859375 0.09765625 0.015625 0.01953125
0 0.2203125 0.048828125 0.015625 0.01953125
0 0.1828125 0.0078125 0.015625 0.01953125
0 0.3125 0.09765625 0.015625 0.01953125
0 0.2421875 0.072265625 0.015625 0.01953125
0 0.2625 0.05859375 0.015625 0.01953125
0 0.253125 0.173828125 0.015625 0.01953125
0 0.2359375 0.166015625 0.015625 0.01953125
0 0.25625 0.1171875 0.015625 0.01953125
0 0.215625 0.521484375 0.015625 0.01953125
0 0.1828125 0.54296875 0.015625 0.01953125
0 0.1703125 0.517578125 0.015625 0.01953125
0 0.221875 0.60546875 0.015625 0.01953125
0 0.2671875 0.583984375 0.015625 0.01953125
0 0.321875 0.869140625 0.015625 0.01953125
0 0.375 0.841796875 0.015625 0.01953125
0 0.4 0.90625 0.015625 0.01953125
0 0.8515625 0.427734375 0.015625 0.01953125
0 0.9015625 0.3828125 0.015625 0.01953125
0 0.9171875 0.4296875 0.015625 0.01953125
0 0.9921875 0.4296875 0.015625 0.01953125
0 0.90625 0.2578125 0.015625 0.01953125
0 0.834375 0.171875 0.015625 0.01953125
0 0.953125 0.201171875 0.015625 0.01953125
0 0.975 0.11328125 0.015625 0.01953125
0 0.909375 0.11328125 0.015625 0.01953125
0 0.890625 0.134765625 0.015625 0.01953125
0 0.89375 0.5859375 0.015625 0.01953125
0 0.903125 0.56640625 0.015625 0.01953125
0 0.9609375 0.583984375 0.015625 0.01953125
0 0.975 0.546875 0.015625 0.01953125
0 0.9890625 0.556640625 0.015625 0.01953125
0 0.8890625 0.833984375 0.015625 0.01953125
0 0.93125 0.720703125 0.015625 0.01953125
0 0.9671875 0.833984375 0.015625 0.01953125
0 0.50625 0.974609375 0.015625 0.01953125
0 0.5296875 0.974609375 0.015625 0.01953125
0 0.5109375 0.923828125 0.015625 0.01953125
0 0.4875 0.896484375 0.015625 0.01953125
0 0.4359375 0.912109375 0.015625 0.01953125
0 0.4375 0.96875 0.015625 0.01953125
0 0.440625 0.994140625 0.015625 0.01953125
0 0.290625 0.955078125 0.015625 0.01953125
0 0.321875 0.947265625 0.015625 0.01953125
0 0.334375 0.95703125 0.015625 0.01953125
0 0.35 0.98828125 0.015625 0.01953125
0 0.359375 0.927734375 0.015625 0.01953125
0 0.3703125 0.939453125 0.015625 0.01953125
0 0.3953125 0.943359375 0.015625 0.01953125
0 0.3765625 0.96875 0.015625 0.01953125
0 0.3953125 0.96875 0.015625 0.01953125
0 0.396875 0.98828125 0.015625 0.01953125
0 0.4125 0.98046875 0.015625 0.01953125
0 0.446875 0.943359375 0.015625 0.01953125
0 0.1203125 0.51953125 0.015625 0.01953125
0 0.190625 0.921875 0.015625 0.01953125
0 0.146875 0.890625 0.015625 0.01953125
0 0.1015625 0.953125 0.015625 0.01953125
0 0.0765625 0.953125 0.015625 0.01953125
0 0.0890625 0.93359375 0.015625 0.01953125
0 0.0671875 0.900390625 0.015625 0.01953125
0 0.075 0.7421875 0.015625 0.01953125
0 0.0484375 0.638671875 0.015625 0.01953125
0 0.0421875 0.615234375 0.015625 0.01953125
0 0.0421875 0.591796875 0.015625 0.01953125
0 0.053125 0.556640625 0.015625 0.01953125
0 0.0421875 0.541015625 0.015625 0.01953125
0 0.05625 0.53125 0.015625 0.01953125
0 0.0953125 0.490234375 0.015625 0.01953125
0 0.059375 0.3671875 0.015625 0.01953125
0 0.046875 0.314453125 0.015625 0.01953125
0 0.059375 0.298828125 0.015625 0.01953125
0 0.0203125 0.234375 0.015625 0.01953125
0 0.09375 0.46875 0.015625 0.01953125
0 0.0890625 0.408203125 0.015625 0.01953125
0 0.1 0.328125 0.015625 0.01953125
0 0.090625 0.03125 0.015625 0.01953125
0 0.09375 0.09765625 0.015625 0.01953125
0 0.146875 0.90625 0.015625 0.01953125
