0 0.1765625 0.013671875 0.015625 0.01953125
0 0.1875 0.115234375 0.015625 0.01953125
0 0.21875 0.060546875 0.015625 0.01953125
0 0.209375 0.220703125 0.015625 0.01953125
0 0.2390625 0.19140625 0.015625 0.01953125
0 0.2546875 0.1875 0.015625 0.01953125
0 0.25625 0.12109375 0.015625 0.01953125
0 0.3078125 0.109375 0.015625 0.01953125
0 0.290625 0.111328125 0.015625 0.01953125
0 0.2375 0.08203125 0.015625 0.01953125
0 0.2578125 0.06640625 0.015625 0.01953125
0 0.2421875 0.396484375 0.015625 0.01953125
0 0.275 0.421875 0.015625 0.01953125
0 0.5640625 0.017578125 0.015625 0.01953125
0 0.709375 0.201171875 0.015625 0.01953125
0 0.74375 0.201171875 0.015625 0.01953125
0 0.68125 0.29296875 0.015625 0.01953125
0 0.521875 0.32421875 0.015625 0.01953125
0 0.5125 0.271484375 0.015625 0.01953125
0 0.5 0.25390625 0.015625 0.01953125
0 0.46875 0.31640625 0.015625 0.01953125
0 0.690625 0.546875 0.015625 0.01953125
0 0.85 0.419921875 0.015625 0.01953125
0 0.9203125 0.412109375 0.015625 0.01953125
0 0.9046875 0.375 0.015625 0.01953125
0 0.984375 0.41796875 0.015625 0.01953125
0 0.9046875 0.240234375 0.015625 0.01953125
0 0.7953125 0.201171875 0.015625 0.01953125
0 0.8359375 0.166015625 0.015625 0.01953125
0 0.953125 0.18359375 0.015625 0.01953125
0 0.971875 0.11328125 0.015625 0.01953125
0 0.9109375 0.10546875 0.015625 0.01953125
0 0.8984375 0.123046875 0.015625 0.01953125
0 0.871875 0.10546875 0.015625 0.01953125
0 0.8953125 0.560546875 0.015625 0.01953125
0 0.8875 0.578125 0.015625 0.01953125
0 0.95625 0.578125 0.015625 0.01953125
0 0.9828125 0.552734375 0.015625 0.01953125
0 0.6984375 0.7109375 0.015625 0.01953125
0 0.684375 0.818359375 0.015625 0.01953125
0 0.759375 0.849609375 0.015625 0.01953125
0 0.8078125 0.8828125 0.015625 0.01953125
0 0.878125 0.974609375 0.015625 0.01953125
0 0.9640625 0.83984375 0.015625 0.01953125
0 0.953125 0.802734375 0.015625 0.01953125
0 0.8203125 0.736328125 0.015625 0.01953125
0 0.8453125 0.765625 0.015625 0.01953125
0 0.7921875 0.767578125 0.015625 0.01953125
0 0.8125 0.76171875 0.015625 0.01953125
0 0.6578125 0.921875 0.015625 0.01953125
0 0.1671875 0.50390625 0.015625 0.01953125
0 0.1828125 0.53125 0.015625 0.01953125
0 0.2203125 0.5390625 0.015625 0.01953125
0 0.3109375 0.5234375 0.015625 0.01953125
0 0.471875 0.59765625 0.015625 0.01953125
0 0.4640625 0.6171875 0.015625 0.01953125
0 0.315625 0.56640625 0.015625 0.01953125
0 0.3 0.56640625 0.015625 0.01953125
0 0.284375 0.576171875 0.015625 0.01953125
0 0.271875 0.583984375 0.015625 0.01953125
0 0.2359375 0.630859375 0.015625 0.01953125
0 0.30625 0.673828125 0.015625 0.01953125
0 0.33125 0.673828125 0.015625 0.01953125
0 0.3203125 0.7109375 0.015625 0.01953125
0 0.334375 0.708984375 0.015625 0.01953125
0 0.325 0.873046875 0.015625 0.01953125
0 0.3796875 0.841796875 0.015625 0.01953125
0 0.3953125 0.888671875 0.015625 0.01953125
0 0.53125 0.875 0.015625 0.01953125
0 0.5578125 0.884765625 0.015625 0.01953125
0 0.5 0.908203125 0.015625 0.01953125
0 0.51875 0.931640625 0.015625 0.01953125
0 0.5125 0.982421875 0.015625 0.01953125
0 0.5390625 0.98046875 0.015625 0.01953125
0 0.45 0.921875 0.015625 0.01953125
0 0.1875 0.9140625 0.015625 0.01953125
0 0.1578125 0.890625 0.015625 0.01953125
0 0.1171875 0.51953125 0.015625 0.01953125
0 0.0828125 0.744140625 0.015625 0.01953125
0 0.0984375 0.94921875 0.015625 0.01953125
0 0.571875 0.87890625 0.015625 0.01953125
0 0.434375 0.974609375 0.015625 0.01953125
0 0.4390625 0.994140625 0.015625 0.01953125
0 0.3625 0.927734375 0.015625 0.01953125
0 0.390625 0.947265625 0.015625 0.01953125
0 0.3734375 0.9453125 0.015625 0.01953125
0 0.3953125 0.96484375 0.015625 0.01953125
0 0.3921875 0.984375 0.015625 0.01953125
0 0.4125 0.982421875 0.015625 0.01953125
0 0.290625 0.955078125 0.015625 0.01953125
0 0.3234375 0.947265625 0.015625 0.01953125
0 0.3078125 0.9609375 0.015625 0.01953125
0 0.140625 0.904296875 0.015625 0.01953125
0 0.075 0.876953125 0.015625 0.01953125
0 0.0515625 0.64453125 0.015625 0.01953125
0 0.0375 0.595703125 0.015625 0.01953125
0 0.053125 0.556640625 0.015625 0.01953125
0 0.0484375 0.54296875 0.015625 0.01953125
0 0.053125 0.53125 0.015625 0.01953125
0 0.0703125 0.4296875 0.015625 0.01953125
0 0.1015625 0.4765625 0.015625 0.01953125
0 0.1078125 0.462890625 0.015625 0.01953125
0 0.090625 0.41796875 0.015625 0.01953125
0 0.1015625 0.322265625 0.015625 0.01953125
0 0.0578125 0.369140625 0.015625 0.01953125
0 0.0484375 0.314453125 0.015625 0.01953125
0 0.0625 0.302734375 0.015625 0.01953125
0 0.0171875 0.240234375 0.015625 0.01953125
0 0.08125 0.16015625 0.015625 0.01953125
0 0.0765625 0.228515625 0.015625 0.01953125
