0 0.165625 0.03515625 0.015625 0.01953125
0 0.1875 0.146484375 0.015625 0.01953125
0 0.209375 0.072265625 0.015625 0.01953125
0 0.23125 0.10546875 0.015625 0.01953125
0 0.2109375 0.25390625 0.015625 0.01953125
0 0.23125 0.21484375 0.015625 0.01953125
0 0.253125 0.21484375 0.015625 0.01953125
0 0.303125 0.140625 0.015625 0.01953125
0 0.2546875 0.15234375 0.015625 0.01953125
0 0.284375 0.142578125 0.015625 0.01953125
0 0.25625 0.095703125 0.015625 0.01953125
0 0.184375 0.001953125 0.015625 0.01953125
0 0.4796875 0.3125 0.015625 0.01953125
0 0.521875 0.33203125 0.015625 0.01953125
0 0.68125 0.30078125 0.015625 0.01953125
0 0.709375 0.20703125 0.015625 0.01953125
0 0.7421875 0.1953125 0.015625 0.01953125
0 0.6734375 0.552734375 0.015625 0.01953125
0 0.6953125 0.712890625 0.015625 0.01953125
0 0.6734375 0.80859375 0.015625 0.01953125
0 0.8046875 0.9140625 0.015625 0.01953125
0 0.753125 0.7890625 0.015625 0.01953125
0 0.8875 0.986328125 0.015625 0.01953125
0 0.484375 0.623046875 0.015625 0.01953125
0 0.475 0.64453125 0.015625 0.01953125
0 0.34375 0.724609375 0.015625 0.01953125
0 0.3296875 0.732421875 0.015625 0.01953125
0 0.3375 0.685546875 0.015625 0.01953125
0 0.31875 0.6953125 0.015625 0.01953125
0 0.246875 0.67578125 0.015625 0.01953125
0 0.3140625 0.62109375 0.015625 0.01953125
0 0.2296875 0.578125 0.015625 0.01953125
0 0.2765625 0.44921875 0.015625 0.01953125
0 0.246875 0.42578125 0.015625 0.01953125
0 0.178125 0.49609375 0.015625 0.01953125
0 0.3109375 0.55078125 0.015625 0.01953125
0 0.3015625 0.587890625 0.015625 0.01953125
0 0.2890625 0.595703125 0.015625 0.01953125
0 0.2796875 0.607421875 0.015625 0.01953125
0 0.9375 0.8046875 0.015625 0.01953125
0 0.9375 0.5859375 0.015625 0.01953125
0 0.8828125 0.5703125 0.015625 0.01953125
0 0.846875 0.41796875 0.015625 0.01953125
0 0.91875 0.3828125 0.015625 0.01953125
0 0.9 0.375 0.015625 0.01953125
0 0.9453125 0.158203125 0.015625 0.01953125
0 0.9046875 0.21484375 0.015625 0.01953125
0 0.8359375 0.154296875 0.015625 0.01953125
0 0.7921875 0.205078125 0.015625 0.01953125
0 0.96875 0.080078125 0.015625 0.01953125
0 0.9859375 0.392578125 0.015625 0.01953125
0 0.978125 0.4921875 0.015625 0.01953125
0 0.840625 0.765625 0.015625 0.01953125
0 0.9078125 0.10546875 0.015625 0.01953125
0 0.8859375 0.11328125 0.015625 0.01953125
0 0.8703125 0.09765625 0.015625 0.01953125
0 0.8890625 0.076171875 0.015625 0.01953125
0 0.9546875 0.84765625 0.015625 0.01953125
0 0.371875 0.86328125 0.015625 0.01953125
0 0.1109375 0.51953125 0.015625 0.01953125
0 0.3234375 0.890625 0.015625 0.01953125
0 0.40625 0.869140625 0.015625 0.01953125
0 0.7921875 0.767578125 0.015625 0.01953125
0 0.825 0.736328125 0.015625 0.01953125
0 0.8140625 0.759765625 0.015625 0.01953125
0 0.8078125 0.77734375 0.015625 0.01953125
0 0.6453125 0.94140625 0.015625 0.01953125
0 0.56875 0.865234375 0.015625 0.01953125
0 0.5671875 0.88671875 0.015625 0.01953125
0 0.5390625 0.89453125 0.015625 0.01953125
0 0.5328125 0.94921875 0.015625 0.01953125
0 0.5140625 0.923828125 0.015625 0.01953125
0 0.515625 0.90234375 0.015625 0.01953125
0 0.44375 0.943359375 0.015625 0.01953125
0 0.459375 0.943359375 0.015625 0.01953125
0 0.4609375 0.927734375 0.015625 0.01953125
0 0.440625 0.994140625 0.015625 0.01953125
0 0.4328125 0.970703125 0.015625 0.01953125
0 0.3921875 0.9453125 0.015625 0.01953125
0 0.39375 0.96875 0.015625 0.01953125
0 0.3890625 0.98828125 0.015625 0.01953125
0 0.409375 0.982421875 0.015625 0.01953125
0 0.409375 0.994140625 0.015625 0.01953125
0 0.4203125 0.986328125 0.015625 0.01953125
0 0.371875 0.982421875 0.015625 0.01953125
0 0.371875 0.9609375 0.015625 0.01953125
0 0.3703125 0.9453125 0.015625 0.01953125
0 0.359375 0.927734375 0.015625 0.01953125
0 0.340625 0.927734375 0.015625 0.01953125
0 0.3203125 0.947265625 0.015625 0.01953125
0 0.334375 0.953125 0.015625 0.01953125
0 0.1875 0.91796875 0.015625 0.01953125
0 0.1578125 0.884765625 0.015625 0.01953125
0 0.1328125 0.89453125 0.015625 0.01953125
0 0.0953125 0.94921875 0.015625 0.01953125
0 0.075 0.951171875 0.015625 0.01953125
0 0.0859375 0.935546875 0.015625 0.01953125
0 0.075 0.73828125 0.015625 0.01953125
0 0.078125 0.845703125 0.015625 0.01953125
0 0.1609375 0.48046875 0.015625 0.01953125
0 0.096875 0.46875 0.015625 0.01953125
0 0.109375 0.4453125 0.015625 0.01953125
0 0.065625 0.421875 0.015625 0.01953125
0 0.0859375 0.41015625 0.015625 0.01953125
0 0.9859375 0.548828125 0.015625 0.01953125
0 0.5484375 0.0 0.015625 0.01953125
0 0.0546875 0.365234375 0.015625 0.01953125
0 0.04375 0.314453125 0.015625 0.01953125
0 0.0578125 0.30078125 0.015625 0.01953125
0 0.021875 0.236328125 0.015625 0.01953125
0 0.053125 0.556640625 0.015625 0.01953125
0 0.0421875 0.54296875 0.015625 0.01953125
0 0.0515625 0.537109375 0.015625 0.01953125
0 0.50625 0.267578125 0.015625 0.01953125
0 0.0375 0.59375 0.015625 0.01953125
0 0.0484375 0.640625 0.015625 0.01953125
