0 0.075 0.01953125 0.015625 0.01953125
0 0.053125 0.140625 0.015625 0.01953125
0 0.0859375 0.119140625 0.015625 0.01953125
0 0.11875 0.103515625 0.015625 0.01953125
0 0.146875 0.1015625 0.015625 0.01953125
0 0.1109375 0.193359375 0.015625 0.01953125
0 0.0140625 0.193359375 0.015625 0.01953125
0 0.04375 0.279296875 0.015625 0.01953125
0 0.0734375 0.28125 0.015625 0.01953125
0 0.06875 0.353515625 0.015625 0.01953125
0 0.096875 0.388671875 0.015625 0.01953125
0 0.015625 0.4765625 0.015625 0.01953125
0 0.1125 0.44921875 0.015625 0.01953125
0 0.03125 0.52734375 0.015625 0.01953125
0 0.0703125 0.509765625 0.015625 0.01953125
0 0.1078125 0.51171875 0.015625 0.01953125
0 0.053125 0.54296875 0.015625 0.01953125
0 0.0921875 0.560546875 0.015625 0.01953125
0 0.128125 0.59375 0.015625 0.01953125
0 0.075 0.677734375 0.015625 0.01953125
0 0.1234375 0.65234375 0.015625 0.01953125
0 0.1234375 0.712890625 0.015625 0.01953125
0 0.140625 0.70703125 0.015625 0.01953125
0 0.1328125 0.783203125 0.015625 0.01953125
0 0.1671875 0.712890625 0.015625 0.01953125
0 0.1875 0.6953125 0.015625 0.01953125
0 0.1640625 0.9296875 0.015625 0.01953125
0 0.1875 0.9140625 0.015625 0.01953125
0 0.35 0.80859375 0.015625 0.01953125
0 0.271875 0.91796875 0.015625 0.01953125
0 0.240625 0.966796875 0.015625 0.01953125
0 0.2234375 0.98046875 0.015625 0.01953125
0 0.490625 0.931640625 0.015625 0.01953125
0 0.5546875 0.94140625 0.015625 0.01953125
0 0.4953125 0.994140625 0.015625 0.01953125
0 0.384375 0.55859375 0.015625 0.01953125
0 0.3390625 0.51171875 0.015625 0.01953125
0 0.3859375 0.46875 0.015625 0.01953125
0 0.534375 0.498046875 0.015625 0.01953125
0 0.3984375 0.19921875 0.015625 0.01953125
0 0.2546875 0.0234375 0.015625 0.01953125
0 0.2265625 0.017578125 0.015625 0.01953125
0 0.109375 0.005859375 0.015625 0.01953125
0 0.5109375 0.01171875 0.015625 0.01953125
0 0.65625 0.123046875 0.015625 0.01953125
0 0.559375 0.40234375 0.015625 0.01953125
0 0.5890625 0.388671875 0.015625 0.01953125
0 0.6140625 0.392578125 0.015625 0.01953125
0 0.646875 0.40234375 0.015625 0.01953125
0 0.64375 0.912109375 0.015625 0.01953125
0 0.6921875 0.92578125 0.015625 0.01953125
0 0.6734375 0.9375 0.015625 0.01953125
0 0.7390625 0.767578125 0.015625 0.01953125
0 0.7765625 0.078125 0.015625 0.01953125
0 0.7953125 0.0625 0.015625 0.01953125
0 0.8859375 0.11328125 0.015625 0.01953125
0 0.7109375 0.6171875 0.015625 0.01953125
0 0.7609375 0.580078125 0.015625 0.01953125
0 0.9765625 0.576171875 0.015625 0.01953125
0 0.915625 0.529296875 0.015625 0.01953125
0 0.890625 0.548828125 0.015625 0.01953125
0 0.878125 0.5625 0.015625 0.01953125
0 0.8171875 0.416015625 0.015625 0.01953125
0 0.8640625 0.40234375 0.015625 0.01953125
0 0.903125 0.390625 0.015625 0.01953125
0 0.9296875 0.43359375 0.015625 0.01953125
0 0.9625 0.470703125 0.015625 0.01953125
0 0.9859375 0.4375 0.015625 0.01953125
0 0.9671875 0.416015625 0.015625 0.01953125
0 0.9640625 0.34375 0.015625 0.01953125
0 0.8578125 0.296875 0.015625 0.01953125
0 0.8203125 0.28125 0.015625 0.01953125
0 0.784375 0.302734375 0.015625 0.01953125
0 0.7671875 0.35546875 0.015625 0.01953125
0 0.690625 0.966796875 0.015625 0.01953125
0 0.91875 0.912109375 0.015625 0.01953125
0 0.66875 0.953125 0.015625 0.01953125
0 0.6546875 0.96484375 0.015625 0.01953125
0 0.64375 0.96484375 0.015625 0.01953125
0 0.8625 0.71875 0.015625 0.01953125
0 0.840625 0.744140625 0.015625 0.01953125
0 0.825 0.7578125 0.015625 0.01953125
0 0.9 0.61328125 0.015625 0.01953125
0 0.9359375 0.583984375 0.015625 0.01953125
0 0.74375 0.31640625 0.015625 0.01953125
0 0.759375 0.298828125 0.015625 0.01953125
0 0.73125 0.29296875 0.015625 0.01953125
0 0.6953125 0.337890625 0.015625 0.01953125
0 0.6875 0.349609375 0.015625 0.01953125
0 0.3640625 0.38671875 0.015625 0.01953125
0 0.6875 0.513671875 0.015625 0.01953125
