0 0.0734375 0.03125 0.015625 0.01953125
0 0.0890625 0.001953125 0.015625 0.01953125
0 0.1 0.00390625 0.015625 0.01953125
0 0.2046875 0.009765625 0.015625 0.01953125
0 0.2203125 0.025390625 0.015625 0.01953125
0 0.25 0.033203125 0.015625 0.01953125
0 0.1375 0.109375 0.015625 0.01953125
0 0.109375 0.138671875 0.015625 0.01953125
0 0.078125 0.126953125 0.015625 0.01953125
0 0.0453125 0.15234375 0.015625 0.01953125
0 0.1 0.234375 0.015625 0.01953125
0 0.0140625 0.19921875 0.015625 0.01953125
0 0.0484375 0.294921875 0.015625 0.01953125
0 0.06875 0.294921875 0.015625 0.01953125
0 0.0640625 0.3671875 0.015625 0.01953125
0 0.0921875 0.41015625 0.015625 0.01953125
0 0.0125 0.46484375 0.015625 0.01953125
0 0.1140625 0.466796875 0.015625 0.01953125
0 0.06875 0.525390625 0.015625 0.01953125
0 0.1109375 0.529296875 0.015625 0.01953125
0 0.03125 0.54296875 0.015625 0.01953125
0 0.046875 0.560546875 0.015625 0.01953125
0 0.1 0.5703125 0.015625 0.01953125
0 0.125 0.607421875 0.015625 0.01953125
0 0.0765625 0.689453125 0.015625 0.01953125
0 0.1265625 0.658203125 0.015625 0.01953125
0 0.125 0.7265625 0.015625 0.01953125
0 0.1375 0.71875 0.015625 0.01953125
0 0.16875 0.728515625 0.015625 0.01953125
0 0.19375 0.708984375 0.015625 0.01953125
0 0.134375 0.794921875 0.015625 0.01953125
0 0.3375 0.806640625 0.015625 0.01953125
0 0.1859375 0.92578125 0.015625 0.01953125
0 0.1671875 0.943359375 0.015625 0.01953125
0 0.271875 0.9140625 0.015625 0.01953125
0 0.2390625 0.9765625 0.015625 0.01953125
0 0.2234375 0.990234375 0.015625 0.01953125
0 0.3859375 0.560546875 0.015625 0.01953125
0 0.38125 0.466796875 0.015625 0.01953125
0 0.334375 0.50390625 0.015625 0.01953125
0 0.534375 0.498046875 0.015625 0.01953125
0 0.55625 0.400390625 0.015625 0.01953125
0 0.590625 0.37890625 0.015625 0.01953125
0 0.6109375 0.35546875 0.015625 0.01953125
0 0.646875 0.40234375 0.015625 0.01953125
0 0.3953125 0.1953125 0.015625 0.01953125
0 0.5078125 0.005859375 0.015625 0.01953125
0 0.6515625 0.12890625 0.015625 0.01953125
0 0.7703125 0.064453125 0.015625 0.01953125
0 0.79375 0.048828125 0.015625 0.01953125
0 0.8875 0.11328125 0.015625 0.01953125
0 0.85625 0.287109375 0.015625 0.01953125
0 0.8140625 0.26953125 0.015625 0.01953125
0 0.778125 0.287109375 0.015625 0.01953125
0 0.8125 0.40625 0.015625 0.01953125
0 0.8578125 0.40234375 0.015625 0.01953125
0 0.8953125 0.38671875 0.015625 0.01953125
0 0.959375 0.341796875 0.015625 0.01953125
0 0.9203125 0.423828125 0.015625 0.01953125
0 0.9609375 0.466796875 0.015625 0.01953125
0 0.978125 0.4296875 0.015625 0.01953125
0 0.7609375 0.357421875 0.015625 0.01953125
0 0.740625 0.388671875 0.015625 0.01953125
0 0.6984375 0.33984375 0.015625 0.01953125
0 0.6859375 0.3515625 0.015625 0.01953125
0 0.728125 0.29296875 0.015625 0.01953125
0 0.7421875 0.314453125 0.015625 0.01953125
0 0.753125 0.302734375 0.015625 0.01953125
0 0.75625 0.578125 0.015625 0.01953125
0 0.70625 0.61328125 0.015625 0.01953125
0 0.8921875 0.513671875 0.015625 0.01953125
0 0.875 0.55078125 0.015625 0.01953125
0 0.8890625 0.541015625 0.015625 0.01953125
0 0.928125 0.560546875 0.015625 0.01953125
0 0.975 0.572265625 0.015625 0.01953125
0 0.8953125 0.61328125 0.015625 0.01953125
0 0.9453125 0.732421875 0.015625 0.01953125
0 0.853125 0.71875 0.015625 0.01953125
0 0.921875 0.912109375 0.015625 0.01953125
0 0.7328125 0.765625 0.015625 0.01953125
0 0.6328125 0.91796875 0.015625 0.01953125
0 0.5453125 0.9453125 0.015625 0.01953125
0 0.4875 0.919921875 0.015625 0.01953125
0 0.5015625 0.994140625 0.015625 0.01953125
0 0.834375 0.75390625 0.015625 0.01953125
0 0.6875 0.966796875 0.015625 0.01953125
0 0.6390625 0.966796875 0.015625 0.01953125
0 0.653125 0.96484375 0.015625 0.01953125
0 0.665625 0.953125 0.015625 0.01953125
0 0.6703125 0.935546875 0.015625 0.01953125
0 0.6828125 0.923828125 0.015625 0.01953125
0 0.996875 0.994140625 0.015625 0.01953125
