0 0.0328125 0.56640625 0.015625 0.01953125
0 0.0125 0.4609375 0.015625 0.01953125
0 0.090625 0.4453125 0.015625 0.01953125
0 0.071875 0.5390625 0.015625 0.01953125
0 0.0546875 0.580078125 0.015625 0.01953125
0 0.1 0.5859375 0.015625 0.01953125
0 0.1109375 0.5546875 0.015625 0.01953125
0 0.1078125 0.4921875 0.015625 0.01953125
0 0.0671875 0.384765625 0.015625 0.01953125
0 0.06875 0.31640625 0.015625 0.01953125
0 0.05 0.3125 0.015625 0.01953125
0 0.0953125 0.283203125 0.015625 0.01953125
0 0.0453125 0.173828125 0.015625 0.01953125
0 0.1046875 0.18359375 0.015625 0.01953125
0 0.0796875 0.14453125 0.015625 0.01953125
0 0.1359375 0.1328125 0.015625 0.01953125
0 0.2515625 0.052734375 0.015625 0.01953125
0 0.2265625 0.044921875 0.015625 0.01953125
0 0.071875 0.046875 0.015625 0.01953125
0 0.090625 0.01171875 0.015625 0.01953125
0 0.1921875 0.005859375 0.015625 0.01953125
0 0.3984375 0.203125 0.015625 0.01953125
0 0.509375 0.013671875 0.015625 0.01953125
0 0.6515625 0.14453125 0.015625 0.01953125
0 0.609375 0.33203125 0.015625 0.01953125
0 0.5859375 0.38671875 0.015625 0.01953125
0 0.5578125 0.404296875 0.015625 0.01953125
0 0.53125 0.5 0.015625 0.01953125
0 0.3359375 0.505859375 0.015625 0.01953125
0 0.3828125 0.572265625 0.015625 0.01953125
0 0.0109375 0.216796875 0.015625 0.01953125
0 0.3828125 0.47265625 0.015625 0.01953125
0 0.1296875 0.625 0.015625 0.01953125
0 0.078125 0.712890625 0.015625 0.01953125
0 0.1328125 0.677734375 0.015625 0.01953125
0 0.13125 0.7421875 0.015625 0.01953125
0 0.1453125 0.736328125 0.015625 0.01953125
0 0.1421875 0.818359375 0.015625 0.01953125
0 0.1703125 0.748046875 0.015625 0.01953125
0 0.19375 0.73046875 0.015625 0.01953125
0 0.33125 0.818359375 0.015625 0.01953125
0 0.1921875 0.9375 0.015625 0.01953125
0 0.175 0.9609375 0.015625 0.01953125
0 0.2484375 0.986328125 0.015625 0.01953125
0 0.2375 0.99609375 0.015625 0.01953125
0 0.2734375 0.91796875 0.015625 0.01953125
0 0.4875 0.91796875 0.015625 0.01953125
0 0.70625 0.611328125 0.015625 0.01953125
0 0.759375 0.578125 0.015625 0.01953125
0 0.6453125 0.408203125 0.015625 0.01953125
0 0.684375 0.515625 0.015625 0.01953125
0 0.815625 0.400390625 0.015625 0.01953125
0 0.859375 0.404296875 0.015625 0.01953125
0 0.8953125 0.388671875 0.015625 0.01953125
0 0.9125 0.421875 0.015625 0.01953125
0 0.959375 0.341796875 0.015625 0.01953125
0 0.8703125 0.517578125 0.015625 0.01953125
0 0.9640625 0.47265625 0.015625 0.01953125
0 0.978125 0.4375 0.015625 0.01953125
0 0.971875 0.419921875 0.015625 0.01953125
0 0.853125 0.279296875 0.015625 0.01953125
0 0.8140625 0.267578125 0.015625 0.01953125
0 0.7734375 0.27734375 0.015625 0.01953125
0 0.5453125 0.951171875 0.015625 0.01953125
0 0.628125 0.9296875 0.015625 0.01953125
0 0.6375 0.970703125 0.015625 0.01953125
0 0.6546875 0.970703125 0.015625 0.01953125
0 0.6671875 0.953125 0.015625 0.01953125
0 0.671875 0.939453125 0.015625 0.01953125
0 0.6796875 0.92578125 0.015625 0.01953125
0 0.6875 0.970703125 0.015625 0.01953125
0 0.925 0.912109375 0.015625 0.01953125
0 0.975 0.921875 0.015625 0.01953125
0 0.99375 0.99609375 0.015625 0.01953125
0 0.73125 0.76953125 0.015625 0.01953125
0 0.8234375 0.7578125 0.015625 0.01953125
0 0.834375 0.75390625 0.015625 0.01953125
0 0.94375 0.732421875 0.015625 0.01953125
0 0.9859375 0.572265625 0.015625 0.01953125
0 0.921875 0.544921875 0.015625 0.01953125
0 0.8890625 0.544921875 0.015625 0.01953125
0 0.875 0.55078125 0.015625 0.01953125
0 0.896875 0.6171875 0.015625 0.01953125
0 0.7703125 0.05078125 0.015625 0.01953125
0 0.7921875 0.044921875 0.015625 0.01953125
0 0.8890625 0.115234375 0.015625 0.01953125
0 0.8734375 0.111328125 0.015625 0.01953125
0 0.7578125 0.365234375 0.015625 0.01953125
0 0.74375 0.322265625 0.015625 0.01953125
0 0.75625 0.302734375 0.015625 0.01953125
0 0.7328125 0.298828125 0.015625 0.01953125
0 0.69375 0.345703125 0.015625 0.01953125
0 0.6890625 0.361328125 0.015625 0.01953125
0 0.3609375 0.388671875 0.015625 0.01953125
