0 0.0828125 0.037109375 0.015625 0.01953125
0 0.0953125 0.037109375 0.015625 0.01953125
0 0.06875 0.0703125 0.015625 0.01953125
0 0.13125 0.162109375 0.015625 0.01953125
0 0.0734375 0.16796875 0.015625 0.01953125
0 0.0421875 0.19921875 0.015625 0.01953125
0 0.1046875 0.255859375 0.015625 0.01953125
0 0.0125 0.236328125 0.015625 0.01953125
0 0.0484375 0.345703125 0.015625 0.01953125
0 0.06875 0.34375 0.015625 0.01953125
0 0.09375 0.3515625 0.015625 0.01953125
0 0.065625 0.416015625 0.015625 0.01953125
0 0.0109375 0.447265625 0.015625 0.01953125
0 0.1859375 0.037109375 0.015625 0.01953125
0 0.2234375 0.06640625 0.015625 0.01953125
0 0.253125 0.076171875 0.015625 0.01953125
0 0.5203125 0.03125 0.015625 0.01953125
0 0.0984375 0.49609375 0.015625 0.01953125
0 0.1171875 0.521484375 0.015625 0.01953125
0 0.0328125 0.595703125 0.015625 0.01953125
0 0.0546875 0.619140625 0.015625 0.01953125
0 0.1046875 0.61328125 0.015625 0.01953125
0 0.1203125 0.599609375 0.015625 0.01953125
0 0.0765625 0.5703125 0.015625 0.01953125
0 0.134375 0.66015625 0.015625 0.01953125
0 0.0875 0.74609375 0.015625 0.01953125
0 0.1375 0.7109375 0.015625 0.01953125
0 0.2078125 0.765625 0.015625 0.01953125
0 0.184375 0.787109375 0.015625 0.01953125
0 0.15 0.76953125 0.015625 0.01953125
0 0.1390625 0.7734375 0.015625 0.01953125
0 0.153125 0.845703125 0.015625 0.01953125
0 0.1984375 0.9609375 0.015625 0.01953125
0 0.190625 0.986328125 0.015625 0.01953125
0 0.2765625 0.919921875 0.015625 0.01953125
0 0.321875 0.828125 0.015625 0.01953125
0 0.3890625 0.572265625 0.015625 0.01953125
0 0.3421875 0.525390625 0.015625 0.01953125
0 0.3859375 0.4765625 0.015625 0.01953125
0 0.5328125 0.509765625 0.015625 0.01953125
0 0.4875 0.912109375 0.015625 0.01953125
0 0.5359375 0.9609375 0.015625 0.01953125
0 0.61875 0.9453125 0.015625 0.01953125
0 0.7359375 0.7734375 0.015625 0.01953125
0 0.559375 0.4140625 0.015625 0.01953125
0 0.584375 0.390625 0.015625 0.01953125
0 0.6484375 0.41015625 0.015625 0.01953125
0 0.609375 0.2890625 0.015625 0.01953125
0 0.70625 0.609375 0.015625 0.01953125
0 0.7609375 0.587890625 0.015625 0.01953125
0 0.95625 0.73046875 0.015625 0.01953125
0 0.9015625 0.623046875 0.015625 0.01953125
0 0.85 0.544921875 0.015625 0.01953125
0 0.8765625 0.544921875 0.015625 0.01953125
0 0.890625 0.544921875 0.015625 0.01953125
0 0.9046875 0.55078125 0.015625 0.01953125
0 0.99375 0.576171875 0.015625 0.01953125
0 0.965625 0.48046875 0.015625 0.01953125
0 0.8984375 0.42578125 0.015625 0.01953125
0 0.903125 0.3984375 0.015625 0.01953125
0 0.8625 0.408203125 0.015625 0.01953125
0 0.8171875 0.390625 0.015625 0.01953125
0 0.9625 0.349609375 0.015625 0.01953125
0 0.975 0.427734375 0.015625 0.01953125
0 0.984375 0.4453125 0.015625 0.01953125
0 0.9328125 0.912109375 0.015625 0.01953125
0 0.6484375 0.17578125 0.015625 0.01953125
0 0.7734375 0.259765625 0.015625 0.01953125
0 0.8125 0.259765625 0.015625 0.01953125
0 0.85625 0.263671875 0.015625 0.01953125
0 0.76875 0.033203125 0.015625 0.01953125
0 0.79375 0.025390625 0.015625 0.01953125
0 0.8921875 0.12109375 0.015625 0.01953125
0 0.8359375 0.765625 0.015625 0.01953125
0 0.8546875 0.734375 0.015625 0.01953125
0 0.690625 0.978515625 0.015625 0.01953125
0 0.678125 0.9375 0.015625 0.01953125
0 0.6734375 0.95703125 0.015625 0.01953125
0 0.659375 0.97265625 0.015625 0.01953125
0 0.6421875 0.978515625 0.015625 0.01953125
0 0.6890625 0.5234375 0.015625 0.01953125
0 0.74375 0.396484375 0.015625 0.01953125
0 0.7578125 0.369140625 0.015625 0.01953125
0 0.7578125 0.310546875 0.015625 0.01953125
0 0.7 0.349609375 0.015625 0.01953125
0 0.690625 0.365234375 0.015625 0.01953125
0 0.7328125 0.3046875 0.015625 0.01953125
0 0.7453125 0.328125 0.015625 0.01953125
0 0.4015625 0.212890625 0.015625 0.01953125
0 0.9421875 0.951171875 0.015625 0.01953125
0 0.3625 0.39453125 0.015625 0.01953125
