0 0.0796875 0.044921875 0.015625 0.01953125
0 0.040625 0.220703125 0.015625 0.01953125
0 0.0671875 0.087890625 0.015625 0.01953125
0 0.13125 0.18359375 0.015625 0.01953125
0 0.0703125 0.431640625 0.015625 0.01953125
0 0.06875 0.361328125 0.015625 0.01953125
0 0.0921875 0.396484375 0.015625 0.01953125
0 0.0125 0.439453125 0.015625 0.01953125
0 0.05 0.361328125 0.015625 0.01953125
0 0.0984375 0.525390625 0.015625 0.01953125
0 0.1203125 0.544921875 0.015625 0.01953125
0 0.125 0.626953125 0.015625 0.01953125
0 0.109375 0.630859375 0.015625 0.01953125
0 0.078125 0.583984375 0.015625 0.01953125
0 0.0328125 0.611328125 0.015625 0.01953125
0 0.0609375 0.638671875 0.015625 0.01953125
0 0.09375 0.765625 0.015625 0.01953125
0 0.18125 0.05078125 0.015625 0.01953125
0 0.0109375 0.25 0.015625 0.01953125
0 0.15625 0.86328125 0.015625 0.01953125
0 0.1453125 0.7890625 0.015625 0.01953125
0 0.1453125 0.728515625 0.015625 0.01953125
0 0.1390625 0.67578125 0.015625 0.01953125
0 0.209375 0.787109375 0.015625 0.01953125
0 0.5578125 0.419921875 0.015625 0.01953125
0 0.253125 0.095703125 0.015625 0.01953125
0 0.7703125 0.248046875 0.015625 0.01953125
0 0.809375 0.2578125 0.015625 0.01953125
0 0.8515625 0.2578125 0.015625 0.01953125
0 0.8921875 0.125 0.015625 0.01953125
0 0.765625 0.025390625 0.015625 0.01953125
0 0.815625 0.384765625 0.015625 0.01953125
0 0.221875 0.087890625 0.015625 0.01953125
0 0.103125 0.29296875 0.015625 0.01953125
0 0.3421875 0.52734375 0.015625 0.01953125
0 0.2015625 0.9765625 0.015625 0.01953125
0 0.3125 0.83984375 0.015625 0.01953125
0 0.534375 0.517578125 0.015625 0.01953125
0 0.5234375 0.046875 0.015625 0.01953125
0 0.6078125 0.265625 0.015625 0.01953125
0 0.646875 0.1875 0.015625 0.01953125
0 0.65 0.416015625 0.015625 0.01953125
0 0.7640625 0.587890625 0.015625 0.01953125
0 0.8515625 0.556640625 0.015625 0.01953125
0 0.890625 0.427734375 0.015625 0.01953125
0 0.984375 0.447265625 0.015625 0.01953125
0 0.7359375 0.783203125 0.015625 0.01953125
0 0.659375 0.98046875 0.015625 0.01953125
0 0.53125 0.96875 0.015625 0.01953125
0 0.6140625 0.955078125 0.015625 0.01953125
0 0.6953125 0.982421875 0.015625 0.01953125
0 0.878125 0.546875 0.015625 0.01953125
0 0.8953125 0.544921875 0.015625 0.01953125
0 0.8953125 0.568359375 0.015625 0.01953125
0 0.9015625 0.626953125 0.015625 0.01953125
0 0.9984375 0.57421875 0.015625 0.01953125
0 0.9703125 0.48046875 0.015625 0.01953125
0 0.7578125 0.37109375 0.015625 0.01953125
0 0.8640625 0.416015625 0.015625 0.01953125
0 0.9015625 0.3984375 0.015625 0.01953125
0 0.8375 0.765625 0.015625 0.01953125
0 0.9328125 0.908203125 0.015625 0.01953125
0 0.4 0.224609375 0.015625 0.01953125
0 0.3859375 0.48046875 0.015625 0.01953125
0 0.3921875 0.5859375 0.015625 0.01953125
0 0.6421875 0.986328125 0.015625 0.01953125
0 0.8546875 0.732421875 0.015625 0.01953125
0 0.953125 0.7265625 0.015625 0.01953125
0 0.9984375 0.845703125 0.015625 0.01953125
0 0.2796875 0.927734375 0.015625 0.01953125
0 0.4796875 0.90234375 0.015625 0.01953125
0 0.9765625 0.4296875 0.015625 0.01953125
0 0.7921875 0.01953125 0.015625 0.01953125
0 0.1890625 0.810546875 0.015625 0.01953125
0 0.7125 0.609375 0.015625 0.01953125
0 0.73125 0.3046875 0.015625 0.01953125
0 0.759375 0.314453125 0.015625 0.01953125
0 0.696875 0.3515625 0.015625 0.01953125
0 0.078125 0.185546875 0.015625 0.01953125
