0 0.36875 0.005859375 0.015625 0.01953125
0 0.209375 0.064453125 0.015625 0.01953125
0 0.2890625 0.09765625 0.015625 0.01953125
0 0.315625 0.103515625 0.015625 0.01953125
0 0.2109375 0.171875 0.015625 0.01953125
0 0.309375 0.203125 0.015625 0.01953125
0 0.2171875 0.2265625 0.015625 0.01953125
0 0.246875 0.234375 0.015625 0.01953125
0 0.3796875 0.240234375 0.015625 0.01953125
0 0.215625 0.3203125 0.015625 0.01953125
0 0.26875 0.353515625 0.015625 0.01953125
0 0.1734375 0.359375 0.015625 0.01953125
0 0.1921875 0.37890625 0.015625 0.01953125
0 0.215625 0.525390625 0.015625 0.01953125
0 0.2296875 0.517578125 0.015625 0.01953125
0 0.240625 0.5859375 0.015625 0.01953125
0 0.265625 0.662109375 0.015625 0.01953125
0 0.21875 0.7734375 0.015625 0.01953125
0 0.25625 0.71484375 0.015625 0.01953125
0 0.05625 0.802734375 0.015625 0.01953125
0 0.0765625 0.876953125 0.015625 0.01953125
0 0.4015625 0.240234375 0.015625 0.01953125
0 0.521875 0.537109375 0.015625 0.01953125
0 0.3109375 0.72265625 0.015625 0.01953125
0 0.2921875 0.76953125 0.015625 0.01953125
0 0.2796875 0.783203125 0.015625 0.01953125
0 0.2671875 0.794921875 0.015625 0.01953125
0 0.25625 0.810546875 0.015625 0.01953125
0 0.3109375 0.9296875 0.015625 0.01953125
0 0.3390625 0.830078125 0.015625 0.01953125
0 0.3484375 0.876953125 0.015625 0.01953125
0 0.3171875 0.853515625 0.015625 0.01953125
0 0.55 0.50390625 0.015625 0.01953125
0 0.5625 0.58984375 0.015625 0.01953125
0 0.4078125 0.9765625 0.015625 0.01953125
0 0.4625 0.044921875 0.015625 0.01953125
0 0.6828125 0.080078125 0.015625 0.01953125
0 0.740625 0.01953125 0.015625 0.01953125
0 0.921875 0.603515625 0.015625 0.01953125
0 0.9046875 0.791015625 0.015625 0.01953125
0 0.8953125 0.1328125 0.015625 0.01953125
0 0.059375 0.244140625 0.015625 0.01953125
0 0.721875 0.43359375 0.015625 0.01953125
0 0.75 0.427734375 0.015625 0.01953125
0 0.7015625 0.501953125 0.015625 0.01953125
0 0.60625 0.869140625 0.015625 0.01953125
0 0.453125 0.951171875 0.015625 0.01953125
0 0.4140625 0.873046875 0.015625 0.01953125
0 0.4296875 0.94921875 0.015625 0.01953125
0 0.3734375 0.92578125 0.015625 0.01953125
0 0.3625 0.93359375 0.015625 0.01953125
0 0.125 0.576171875 0.015625 0.01953125
0 0.125 0.431640625 0.015625 0.01953125
0 0.1359375 0.412109375 0.015625 0.01953125
0 0.8125 0.4296875 0.015625 0.01953125
0 0.8578125 0.3671875 0.015625 0.01953125
0 0.9375 0.19921875 0.015625 0.01953125
0 0.9921875 0.173828125 0.015625 0.01953125
0 0.965625 0.3046875 0.015625 0.01953125
0 0.925 0.396484375 0.015625 0.01953125
0 0.890625 0.322265625 0.015625 0.01953125
0 0.834375 0.28515625 0.015625 0.01953125
0 0.996875 0.76953125 0.015625 0.01953125
0 0.809375 0.99609375 0.015625 0.01953125
0 0.8234375 0.98828125 0.015625 0.01953125
0 0.8359375 0.951171875 0.015625 0.01953125
0 0.9 0.59375 0.015625 0.01953125
0 0.8453125 0.966796875 0.015625 0.01953125
0 0.91875 0.326171875 0.015625 0.01953125
0 0.8609375 0.990234375 0.015625 0.01953125
0 0.0984375 0.984375 0.015625 0.01953125
0 0.5265625 0.41796875 0.015625 0.01953125
0 0.559375 0.25 0.015625 0.01953125
0 0.1640625 0.931640625 0.015625 0.01953125
0 0.184375 0.974609375 0.015625 0.01953125
0 0.0984375 0.216796875 0.015625 0.01953125
0 0.096875 0.16796875 0.015625 0.01953125
