0 0.05625 0.26171875 0.015625 0.01953125
0 0.065625 0.298828125 0.015625 0.01953125
0 0.3046875 0.2265625 0.015625 0.01953125
0 0.2046875 0.083984375 0.015625 0.01953125
0 0.28125 0.115234375 0.015625 0.01953125
0 0.315625 0.125 0.015625 0.01953125
0 0.1734375 0.345703125 0.015625 0.01953125
0 0.1921875 0.3984375 0.015625 0.01953125
0 0.2125 0.33984375 0.015625 0.01953125
0 0.2703125 0.376953125 0.015625 0.01953125
0 0.378125 0.26171875 0.015625 0.01953125
0 0.4 0.26171875 0.015625 0.01953125
0 0.24375 0.60546875 0.015625 0.01953125
0 0.275 0.71484375 0.015625 0.01953125
0 0.2609375 0.734375 0.015625 0.01953125
0 0.221875 0.794921875 0.015625 0.01953125
0 0.2984375 0.787109375 0.015625 0.01953125
0 0.2859375 0.80859375 0.015625 0.01953125
0 0.2828125 0.853515625 0.015625 0.01953125
0 0.2609375 0.8359375 0.015625 0.01953125
0 0.340625 0.8515625 0.015625 0.01953125
0 0.3234375 0.880859375 0.015625 0.01953125
0 0.321875 0.947265625 0.015625 0.01953125
0 0.5234375 0.544921875 0.015625 0.01953125
0 0.553125 0.59375 0.015625 0.01953125
0 0.5609375 0.255859375 0.015625 0.01953125
0 0.6796875 0.0859375 0.015625 0.01953125
0 0.4453125 0.056640625 0.015625 0.01953125
0 0.3609375 0.017578125 0.015625 0.01953125
0 0.7515625 0.42578125 0.015625 0.01953125
0 0.89375 0.1171875 0.015625 0.01953125
0 0.934375 0.189453125 0.015625 0.01953125
0 0.9640625 0.29296875 0.015625 0.01953125
0 0.90625 0.791015625 0.015625 0.01953125
0 0.315625 0.74609375 0.015625 0.01953125
0 0.2171875 0.546875 0.015625 0.01953125
0 0.234375 0.541015625 0.015625 0.01953125
0 0.125 0.595703125 0.015625 0.01953125
0 0.15625 0.42578125 0.015625 0.01953125
0 0.55 0.5078125 0.015625 0.01953125
0 0.7015625 0.498046875 0.015625 0.01953125
0 0.9171875 0.6015625 0.015625 0.01953125
0 0.903125 0.591796875 0.015625 0.01953125
0 0.990625 0.16015625 0.015625 0.01953125
0 0.21875 0.24609375 0.015625 0.01953125
0 0.24375 0.27734375 0.015625 0.01953125
0 0.209375 0.193359375 0.015625 0.01953125
0 0.0515625 0.80859375 0.015625 0.01953125
0 0.1703125 0.939453125 0.015625 0.01953125
0 0.184375 0.98046875 0.015625 0.01953125
0 0.1109375 0.97265625 0.015625 0.01953125
0 0.1015625 0.98828125 0.015625 0.01953125
0 0.40625 0.87890625 0.015625 0.01953125
0 0.3734375 0.953125 0.015625 0.01953125
0 0.38125 0.935546875 0.015625 0.01953125
0 0.4515625 0.958984375 0.015625 0.01953125
0 0.6 0.86328125 0.015625 0.01953125
0 0.415625 0.99609375 0.015625 0.01953125
0 0.934375 0.408203125 0.015625 0.01953125
0 0.3546875 0.892578125 0.015625 0.01953125
0 0.7203125 0.435546875 0.015625 0.01953125
0 0.8140625 0.43359375 0.015625 0.01953125
0 0.8484375 0.291015625 0.015625 0.01953125
0 0.9171875 0.328125 0.015625 0.01953125
0 0.8921875 0.322265625 0.015625 0.01953125
0 0.434375 0.97265625 0.015625 0.01953125
0 0.85625 0.369140625 0.015625 0.01953125
0 0.85625 0.544921875 0.015625 0.01953125
0 0.8375 0.951171875 0.015625 0.01953125
0 0.8484375 0.962890625 0.015625 0.01953125
0 0.8625 0.98828125 0.015625 0.01953125
0 0.8265625 0.99609375 0.015625 0.01953125
0 0.809375 0.99609375 0.015625 0.01953125
0 0.525 0.421875 0.015625 0.01953125
0 0.078125 0.87890625 0.015625 0.01953125
0 0.078125 0.53125 0.015625 0.01953125
0 0.078125 0.548828125 0.015625 0.01953125
0 0.078125 0.669921875 0.015625 0.01953125
0 0.1140625 0.1640625 0.015625 0.01953125
0 0.0890625 0.220703125 0.015625 0.01953125
