0 0.421875 0.078125 0.015625 0.01953125
0 0.4375 0.09375 0.015625 0.01953125
0 0.66875 0.078125 0.015625 0.01953125
0 0.5515625 0.25390625 0.015625 0.01953125
0 0.3921875 0.287109375 0.015625 0.01953125
0 0.365625 0.287109375 0.015625 0.01953125
0 0.1671875 0.333984375 0.015625 0.01953125
0 0.1953125 0.2265625 0.015625 0.01953125
0 0.1859375 0.115234375 0.015625 0.01953125
0 0.265625 0.14453125 0.015625 0.01953125
0 0.290625 0.259765625 0.015625 0.01953125
0 0.2640625 0.416015625 0.015625 0.01953125
0 0.2046875 0.375 0.015625 0.01953125
0 0.18125 0.435546875 0.015625 0.01953125
0 0.21875 0.58203125 0.015625 0.01953125
0 0.234375 0.576171875 0.015625 0.01953125
0 0.2453125 0.642578125 0.015625 0.01953125
0 0.2640625 0.765625 0.015625 0.01953125
0 0.2828125 0.794921875 0.015625 0.01953125
0 0.5890625 0.8515625 0.015625 0.01953125
0 0.903125 0.783203125 0.015625 0.01953125
0 0.9578125 0.26171875 0.015625 0.01953125
0 0.915625 0.162109375 0.015625 0.01953125
0 0.8796875 0.080078125 0.015625 0.01953125
0 0.975 0.126953125 0.015625 0.01953125
0 0.7484375 0.41796875 0.015625 0.01953125
0 0.7140625 0.427734375 0.015625 0.01953125
0 0.8421875 0.9453125 0.015625 0.01953125
0 0.3546875 0.88671875 0.015625 0.01953125
0 0.3171875 0.92578125 0.015625 0.01953125
0 0.30625 0.822265625 0.015625 0.01953125
0 0.325 0.77734375 0.015625 0.01953125
0 0.2765625 0.87109375 0.015625 0.01953125
0 0.2953125 0.15234375 0.015625 0.01953125
0 0.371875 0.91796875 0.015625 0.01953125
0 0.3359375 0.982421875 0.015625 0.01953125
0 0.4546875 0.9609375 0.015625 0.01953125
0 0.3890625 0.9765625 0.015625 0.01953125
0 0.4015625 0.88671875 0.015625 0.01953125
0 0.346875 0.927734375 0.015625 0.01953125
0 0.2078125 0.28515625 0.015625 0.01953125
0 0.2296875 0.34375 0.015625 0.01953125
0 0.54375 0.591796875 0.015625 0.01953125
0 0.546875 0.505859375 0.015625 0.01953125
0 0.8671875 0.98046875 0.015625 0.01953125
0 0.8140625 0.990234375 0.015625 0.01953125
0 0.83125 0.986328125 0.015625 0.01953125
0 0.8078125 0.423828125 0.015625 0.01953125
0 0.7 0.474609375 0.015625 0.01953125
0 0.8515625 0.359375 0.015625 0.01953125
0 0.9015625 0.58203125 0.015625 0.01953125
0 0.915625 0.587890625 0.015625 0.01953125
0 0.1203125 0.630859375 0.015625 0.01953125
0 0.1796875 0.95703125 0.015625 0.01953125
0 0.19375 0.986328125 0.015625 0.01953125
0 0.115625 0.984375 0.015625 0.01953125
0 0.1 0.99609375 0.015625 0.01953125
0 0.209375 0.236328125 0.015625 0.01953125
0 0.0578125 0.28125 0.015625 0.01953125
0 0.0734375 0.30859375 0.015625 0.01953125
0 0.046875 0.298828125 0.015625 0.01953125
0 0.0546875 0.830078125 0.015625 0.01953125
0 0.078125 0.888671875 0.015625 0.01953125
0 0.1328125 0.392578125 0.015625 0.01953125
0 0.8625 0.28515625 0.015625 0.01953125
0 0.8859375 0.3125 0.015625 0.01953125
0 0.909375 0.3203125 0.015625 0.01953125
0 0.95 0.40234375 0.015625 0.01953125
0 0.1609375 0.41015625 0.015625 0.01953125
0 0.5171875 0.537109375 0.015625 0.01953125
0 0.0765625 0.046875 0.015625 0.01953125
