0 0.3234375 0.080078125 0.015625 0.01953125
0 0.29375 0.0546875 0.015625 0.01953125
0 0.19375 0.265625 0.015625 0.01953125
0 0.253125 0.17578125 0.015625 0.01953125
0 0.3875 0.326171875 0.015625 0.01953125
0 0.3609375 0.330078125 0.015625 0.01953125
0 0.6671875 0.0625 0.015625 0.01953125
0 0.9046875 0.140625 0.015625 0.01953125
0 0.7375 0.408203125 0.015625 0.01953125
0 0.54375 0.498046875 0.015625 0.01953125
0 0.2203125 0.626953125 0.015625 0.01953125
0 0.2421875 0.619140625 0.015625 0.01953125
0 0.178125 0.478515625 0.015625 0.01953125
0 0.26875 0.462890625 0.015625 0.01953125
0 0.290625 0.91796875 0.015625 0.01953125
0 0.3015625 0.900390625 0.015625 0.01953125
0 0.3171875 0.876953125 0.015625 0.01953125
0 0.3234375 0.85546875 0.015625 0.01953125
0 0.334375 0.822265625 0.015625 0.01953125
0 0.378125 0.87109375 0.015625 0.01953125
0 0.36875 0.919921875 0.015625 0.01953125
0 0.8984375 0.78125 0.015625 0.01953125
0 0.8671875 0.03515625 0.015625 0.01953125
0 0.178125 0.150390625 0.015625 0.01953125
0 0.1609375 0.296875 0.015625 0.01953125
0 0.2859375 0.306640625 0.015625 0.01953125
0 0.1375 0.412109375 0.015625 0.01953125
0 0.253125 0.6796875 0.015625 0.01953125
0 0.2703125 0.796875 0.015625 0.01953125
0 0.2453125 0.8671875 0.015625 0.01953125
0 0.1921875 0.966796875 0.015625 0.01953125
0 0.05 0.841796875 0.015625 0.01953125
0 0.1140625 0.6640625 0.015625 0.01953125
0 0.0484375 0.24609375 0.015625 0.01953125
0 0.5046875 0.521484375 0.015625 0.01953125
0 0.5203125 0.421875 0.015625 0.01953125
0 0.5671875 0.82421875 0.015625 0.01953125
0 0.4515625 0.953125 0.015625 0.01953125
0 0.3859375 0.955078125 0.015625 0.01953125
0 0.1984375 0.408203125 0.015625 0.01953125
0 0.2234375 0.43359375 0.015625 0.01953125
0 0.1640625 0.439453125 0.015625 0.01953125
0 0.54375 0.59765625 0.015625 0.01953125
0 0.2078125 0.314453125 0.015625 0.01953125
0 0.953125 0.232421875 0.015625 0.01953125
0 0.96875 0.095703125 0.015625 0.01953125
0 0.96875 0.41015625 0.015625 0.01953125
0 0.9 0.58203125 0.015625 0.01953125
0 0.7125 0.431640625 0.015625 0.01953125
0 0.69375 0.453125 0.015625 0.01953125
0 0.8453125 0.955078125 0.015625 0.01953125
0 0.865625 0.982421875 0.015625 0.01953125
0 0.828125 0.982421875 0.015625 0.01953125
0 0.8125 0.990234375 0.015625 0.01953125
0 0.80625 0.421875 0.015625 0.01953125
0 0.909375 0.3203125 0.015625 0.01953125
0 0.884375 0.294921875 0.015625 0.01953125
0 0.8828125 0.31640625 0.015625 0.01953125
0 0.403125 0.109375 0.015625 0.01953125
0 0.4203125 0.119140625 0.015625 0.01953125
0 0.059375 0.267578125 0.015625 0.01953125
0 0.296875 0.00390625 0.015625 0.01953125
0 0.3640625 0.982421875 0.015625 0.01953125
0 0.55 0.25390625 0.015625 0.01953125
0 0.9140625 0.580078125 0.015625 0.01953125
0 0.084375 0.228515625 0.015625 0.01953125
0 0.071875 0.6171875 0.015625 0.01953125
0 0.06875 0.552734375 0.015625 0.01953125
