0 0.2890625 0.025390625 0.015625 0.01953125
0 0.2859375 0.072265625 0.015625 0.01953125
0 0.315625 0.103515625 0.015625 0.01953125
0 0.66875 0.064453125 0.015625 0.01953125
0 0.8671875 0.01171875 0.015625 0.01953125
0 0.971875 0.080078125 0.015625 0.01953125
0 0.8984375 0.125 0.015625 0.01953125
0 0.8515625 0.35546875 0.015625 0.01953125
0 0.225 0.65234375 0.015625 0.01953125
0 0.2453125 0.638671875 0.015625 0.01953125
0 0.26875 0.490234375 0.015625 0.01953125
0 0.3609375 0.34765625 0.015625 0.01953125
0 0.3875 0.34765625 0.015625 0.01953125
0 0.2078125 0.333984375 0.015625 0.01953125
0 0.2796875 0.330078125 0.015625 0.01953125
0 0.2015625 0.4296875 0.015625 0.01953125
0 0.1796875 0.50390625 0.015625 0.01953125
0 0.2578125 0.69921875 0.015625 0.01953125
0 0.2796875 0.80859375 0.015625 0.01953125
0 0.253125 0.88671875 0.015625 0.01953125
0 0.35 0.84765625 0.015625 0.01953125
0 0.375 0.857421875 0.015625 0.01953125
0 0.328125 0.95703125 0.015625 0.01953125
0 0.3765625 0.939453125 0.015625 0.01953125
0 0.3984375 0.9765625 0.015625 0.01953125
0 0.453125 0.953125 0.015625 0.01953125
0 0.9015625 0.779296875 0.015625 0.01953125
0 0.9 0.576171875 0.015625 0.01953125
0 0.7375 0.40234375 0.015625 0.01953125
0 0.1140625 0.677734375 0.015625 0.01953125
0 0.2015625 0.974609375 0.015625 0.01953125
0 0.0484375 0.22265625 0.015625 0.01953125
0 0.1921875 0.287109375 0.015625 0.01953125
0 0.159375 0.275390625 0.015625 0.01953125
0 0.1765625 0.173828125 0.015625 0.01953125
0 0.2515625 0.19140625 0.015625 0.01953125
0 0.3984375 0.119140625 0.015625 0.01953125
0 0.715625 0.43359375 0.015625 0.01953125
0 0.490625 0.509765625 0.015625 0.01953125
0 0.5546875 0.5859375 0.015625 0.01953125
0 0.9765625 0.40234375 0.015625 0.01953125
0 0.953125 0.21484375 0.015625 0.01953125
0 0.85 0.939453125 0.015625 0.01953125
0 0.546875 0.50390625 0.015625 0.01953125
0 0.1484375 0.375 0.015625 0.01953125
0 0.1671875 0.455078125 0.015625 0.01953125
0 0.1359375 0.400390625 0.015625 0.01953125
0 0.15 0.25390625 0.015625 0.01953125
0 0.125 0.25 0.015625 0.01953125
0 0.3015625 0.93359375 0.015625 0.01953125
0 0.3296875 0.8671875 0.015625 0.01953125
0 0.1125 0.978515625 0.015625 0.01953125
0 0.1 0.994140625 0.015625 0.01953125
0 0.046875 0.3671875 0.015625 0.01953125
0 0.225 0.482421875 0.015625 0.01953125
0 0.55 0.25390625 0.015625 0.01953125
0 0.5203125 0.419921875 0.015625 0.01953125
0 0.5578125 0.8203125 0.015625 0.01953125
0 0.8359375 0.96875 0.015625 0.01953125
0 0.8625 0.98046875 0.015625 0.01953125
0 0.875 0.98046875 0.015625 0.01953125
0 0.828125 0.986328125 0.015625 0.01953125
0 0.8109375 0.98828125 0.015625 0.01953125
0 0.846875 0.955078125 0.015625 0.01953125
0 0.9546875 0.99609375 0.015625 0.01953125
0 0.4640625 0.474609375 0.015625 0.01953125
0 0.9140625 0.58203125 0.015625 0.01953125
0 0.6953125 0.435546875 0.015625 0.01953125
0 0.9109375 0.3203125 0.015625 0.01953125
0 0.9125 0.298828125 0.015625 0.01953125
0 0.8828125 0.31640625 0.015625 0.01953125
0 0.9171875 0.771484375 0.015625 0.01953125
0 0.075 0.560546875 0.015625 0.01953125
0 0.065625 0.2421875 0.015625 0.01953125
0 0.0828125 0.2265625 0.015625 0.01953125
0 0.0765625 0.048828125 0.015625 0.01953125
0 0.1078125 0.169921875 0.015625 0.01953125
0 0.1015625 0.126953125 0.015625 0.01953125
0 0.8078125 0.419921875 0.015625 0.01953125
