0 0.2828125 0.0390625 0.015625 0.01953125
0 0.2859375 0.08203125 0.015625 0.01953125
0 0.3125 0.115234375 0.015625 0.01953125
0 0.39375 0.134765625 0.015625 0.01953125
0 0.671875 0.064453125 0.015625 0.01953125
0 0.96875 0.06640625 0.015625 0.01953125
0 0.89375 0.119140625 0.015625 0.01953125
0 0.9515625 0.203125 0.015625 0.01953125
0 0.7375 0.392578125 0.015625 0.01953125
0 0.71875 0.4296875 0.015625 0.01953125
0 0.8078125 0.42578125 0.015625 0.01953125
0 0.8515625 0.359375 0.015625 0.01953125
0 0.978125 0.3984375 0.015625 0.01953125
0 0.9015625 0.580078125 0.015625 0.01953125
0 0.9140625 0.5859375 0.015625 0.01953125
0 0.4578125 0.955078125 0.015625 0.01953125
0 0.409375 0.98046875 0.015625 0.01953125
0 0.3859375 0.94921875 0.015625 0.01953125
0 0.334375 0.8828125 0.015625 0.01953125
0 0.25 0.65234375 0.015625 0.01953125
0 0.203125 0.4453125 0.015625 0.01953125
0 0.209375 0.349609375 0.015625 0.01953125
0 0.28125 0.345703125 0.015625 0.01953125
0 0.3640625 0.365234375 0.015625 0.01953125
0 0.3859375 0.359375 0.015625 0.01953125
0 0.4828125 0.509765625 0.015625 0.01953125
0 0.546875 0.5 0.015625 0.01953125
0 0.178125 0.18359375 0.015625 0.01953125
0 0.0453125 0.380859375 0.015625 0.01953125
0 0.1625 0.263671875 0.015625 0.01953125
0 0.2484375 0.205078125 0.015625 0.01953125
0 0.2765625 0.232421875 0.015625 0.01953125
0 0.184375 0.517578125 0.015625 0.01953125
0 0.2640625 0.716796875 0.015625 0.01953125
0 0.1171875 0.982421875 0.015625 0.01953125
0 0.20625 0.9765625 0.015625 0.01953125
0 0.2265625 0.6640625 0.015625 0.01953125
0 0.225 0.51171875 0.015625 0.01953125
0 0.271875 0.50390625 0.015625 0.01953125
0 0.3921875 0.583984375 0.015625 0.01953125
0 0.1515625 0.369140625 0.015625 0.01953125
0 0.16875 0.466796875 0.015625 0.01953125
0 0.11875 0.693359375 0.015625 0.01953125
0 0.0515625 0.208984375 0.015625 0.01953125
0 0.284375 0.826171875 0.015625 0.01953125
0 0.259375 0.900390625 0.015625 0.01953125
0 0.55625 0.822265625 0.015625 0.01953125
0 0.190625 0.298828125 0.015625 0.01953125
0 0.915625 0.771484375 0.015625 0.01953125
0 0.9 0.783203125 0.015625 0.01953125
0 0.8515625 0.939453125 0.015625 0.01953125
0 0.95 0.994140625 0.015625 0.01953125
0 0.85 0.955078125 0.015625 0.01953125
0 0.828125 0.990234375 0.015625 0.01953125
0 0.8640625 0.98046875 0.015625 0.01953125
0 0.0984375 0.99609375 0.015625 0.01953125
0 0.55625 0.5859375 0.015625 0.01953125
0 0.8125 0.986328125 0.015625 0.01953125
0 0.5203125 0.419921875 0.015625 0.01953125
0 0.5515625 0.251953125 0.015625 0.01953125
0 0.8359375 0.96875 0.015625 0.01953125
0 0.3078125 0.951171875 0.015625 0.01953125
0 0.1484375 0.24609375 0.015625 0.01953125
0 0.1265625 0.2421875 0.015625 0.01953125
0 0.6953125 0.419921875 0.015625 0.01953125
0 0.090625 0.2265625 0.015625 0.01953125
0 0.075 0.6171875 0.015625 0.01953125
0 0.0765625 0.55859375 0.015625 0.01953125
0 0.05 0.841796875 0.015625 0.01953125
0 0.0609375 0.234375 0.015625 0.01953125
0 0.1078125 0.1640625 0.015625 0.01953125
0 0.103125 0.123046875 0.015625 0.01953125
0 0.08125 0.1796875 0.015625 0.01953125
0 0.084375 0.09765625 0.015625 0.01953125
0 0.0890625 0.064453125 0.015625 0.01953125
0 0.0703125 0.78515625 0.015625 0.01953125
