0 0.2953125 0.00390625 0.015625 0.01953125
0 0.1890625 0.240234375 0.015625 0.01953125
0 0.2640625 0.291015625 0.015625 0.01953125
0 0.3015625 0.26953125 0.015625 0.01953125
0 0.234375 0.2421875 0.015625 0.01953125
0 0.2234375 0.431640625 0.015625 0.01953125
0 0.30625 0.373046875 0.015625 0.01953125
0 0.3046875 0.455078125 0.015625 0.01953125
0 0.234375 0.646484375 0.015625 0.01953125
0 0.265625 0.69140625 0.015625 0.01953125
0 0.3359375 0.671875 0.015625 0.01953125
0 0.3796875 0.93359375 0.015625 0.01953125
0 0.4546875 0.90234375 0.015625 0.01953125
0 0.534375 0.90234375 0.015625 0.01953125
0 0.5453125 0.98828125 0.015625 0.01953125
0 0.625 0.59375 0.015625 0.01953125
0 0.81875 0.427734375 0.015625 0.01953125
0 0.9265625 0.47265625 0.015625 0.01953125
0 0.8359375 0.341796875 0.015625 0.01953125
0 0.9453125 0.3203125 0.015625 0.01953125
0 0.690625 0.232421875 0.015625 0.01953125
0 0.6796875 0.158203125 0.015625 0.01953125
0 0.7578125 0.20703125 0.015625 0.01953125
0 0.8078125 0.232421875 0.015625 0.01953125
0 0.8375 0.20703125 0.015625 0.01953125
0 0.8375 0.01953125 0.015625 0.01953125
0 0.403125 0.181640625 0.015625 0.01953125
0 0.4546875 0.087890625 0.015625 0.01953125
0 0.475 0.1015625 0.015625 0.01953125
0 0.41875 0.181640625 0.015625 0.01953125
0 0.35625 0.126953125 0.015625 0.01953125
0 0.5859375 0.029296875 0.015625 0.01953125
0 0.175 0.54296875 0.015625 0.01953125
0 0.184375 0.46875 0.015625 0.01953125
0 0.1421875 0.685546875 0.015625 0.01953125
0 0.2140625 0.76953125 0.015625 0.01953125
0 0.2546875 0.8203125 0.015625 0.01953125
0 0.278125 0.9453125 0.015625 0.01953125
0 0.2125 0.9296875 0.015625 0.01953125
0 0.1703125 0.994140625 0.015625 0.01953125
0 0.040625 0.96875 0.015625 0.01953125
0 0.15625 0.56640625 0.015625 0.01953125
0 0.35 0.375 0.015625 0.01953125
0 0.7640625 0.759765625 0.015625 0.01953125
0 0.9609375 0.791015625 0.015625 0.01953125
0 0.909375 0.79296875 0.015625 0.01953125
0 0.8859375 0.970703125 0.015625 0.01953125
0 0.79375 0.822265625 0.015625 0.01953125
0 0.753125 0.712890625 0.015625 0.01953125
0 0.728125 0.62890625 0.015625 0.01953125
0 0.840625 0.755859375 0.015625 0.01953125
0 0.8328125 0.7734375 0.015625 0.01953125
0 0.86875 0.818359375 0.015625 0.01953125
0 0.9015625 0.982421875 0.015625 0.01953125
0 0.896875 0.7109375 0.015625 0.01953125
0 0.8890625 0.724609375 0.015625 0.01953125
0 0.871875 0.712890625 0.015625 0.01953125
0 0.140625 0.759765625 0.015625 0.01953125
0 0.178125 0.87109375 0.015625 0.01953125
0 0.2125 0.626953125 0.015625 0.01953125
0 0.196875 0.638671875 0.015625 0.01953125
0 0.2828125 0.326171875 0.015625 0.01953125
0 0.021875 0.19140625 0.015625 0.01953125
0 0.0078125 0.099609375 0.015625 0.01953125
0 0.86875 0.1484375 0.015625 0.01953125
0 0.0265625 0.4609375 0.015625 0.01953125
0 0.040625 0.474609375 0.015625 0.01953125
0 0.875 0.171875 0.015625 0.01953125
0 0.05625 0.25390625 0.015625 0.01953125
0 0.0734375 0.63671875 0.015625 0.01953125
0 0.09375 0.390625 0.015625 0.01953125
0 0.0703125 0.462890625 0.015625 0.01953125
0 0.0703125 0.486328125 0.015625 0.01953125
0 0.0828125 0.53125 0.015625 0.01953125
0 0.0859375 0.576171875 0.015625 0.01953125
0 0.0953125 0.650390625 0.015625 0.01953125
0 0.1203125 0.642578125 0.015625 0.01953125
0 0.0859375 0.740234375 0.015625 0.01953125
0 0.065625 0.951171875 0.015625 0.01953125
0 0.0765625 0.21484375 0.015625 0.01953125
0 0.078125 0.193359375 0.015625 0.01953125
0 0.559375 0.6484375 0.015625 0.01953125
