0 0.0453125 0.4609375 0.015625 0.01953125
0 0.0234375 0.4453125 0.015625 0.01953125
0 0.2953125 0.0078125 0.015625 0.01953125
0 0.475 0.01171875 0.015625 0.01953125
0 0.4484375 0.103515625 0.015625 0.01953125
0 0.475 0.140625 0.015625 0.01953125
0 0.4125 0.197265625 0.015625 0.01953125
0 0.3953125 0.197265625 0.015625 0.01953125
0 0.2953125 0.5 0.015625 0.01953125
0 0.2984375 0.400390625 0.015625 0.01953125
0 0.2875 0.28515625 0.015625 0.01953125
0 0.253125 0.314453125 0.015625 0.01953125
0 0.2140625 0.458984375 0.015625 0.01953125
0 0.1890625 0.2734375 0.015625 0.01953125
0 0.18125 0.53125 0.015625 0.01953125
0 0.2125 0.65625 0.015625 0.01953125
0 0.234375 0.673828125 0.015625 0.01953125
0 0.2640625 0.71875 0.015625 0.01953125
0 0.1453125 0.681640625 0.015625 0.01953125
0 0.1390625 0.787109375 0.015625 0.01953125
0 0.1796875 0.89453125 0.015625 0.01953125
0 0.259375 0.8515625 0.015625 0.01953125
0 0.215625 0.958984375 0.015625 0.01953125
0 0.3390625 0.693359375 0.015625 0.01953125
0 0.2765625 0.9765625 0.015625 0.01953125
0 0.378125 0.96484375 0.015625 0.01953125
0 0.465625 0.916015625 0.015625 0.01953125
0 0.5359375 0.90625 0.015625 0.01953125
0 0.8078125 0.421875 0.015625 0.01953125
0 0.853125 0.359375 0.015625 0.01953125
0 0.75625 0.208984375 0.015625 0.01953125
0 0.678125 0.25 0.015625 0.01953125
0 0.6890625 0.15625 0.015625 0.01953125
0 0.946875 0.310546875 0.015625 0.01953125
0 0.928125 0.455078125 0.015625 0.01953125
0 0.759375 0.712890625 0.015625 0.01953125
0 0.7328125 0.62890625 0.015625 0.01953125
0 0.625 0.59375 0.015625 0.01953125
0 0.7765625 0.75390625 0.015625 0.01953125
0 0.871875 0.71875 0.015625 0.01953125
0 0.909375 0.80078125 0.015625 0.01953125
0 0.884375 0.978515625 0.015625 0.01953125
0 0.9 0.990234375 0.015625 0.01953125
0 0.10625 0.26953125 0.015625 0.01953125
0 0.8375 0.763671875 0.015625 0.01953125
0 0.8515625 0.763671875 0.015625 0.01953125
0 0.56875 0.052734375 0.015625 0.01953125
0 0.809375 0.240234375 0.015625 0.01953125
0 0.8359375 0.19140625 0.015625 0.01953125
0 0.8515625 0.0625 0.015625 0.01953125
0 0.90625 0.03125 0.015625 0.01953125
0 0.91875 0.0078125 0.015625 0.01953125
0 0.834375 0.00390625 0.015625 0.01953125
0 0.896875 0.720703125 0.015625 0.01953125
0 0.2140625 0.796875 0.015625 0.01953125
0 0.1546875 0.59375 0.015625 0.01953125
0 0.1421875 0.529296875 0.015625 0.01953125
0 0.1578125 0.5 0.015625 0.01953125
0 0.3390625 0.14453125 0.015625 0.01953125
0 0.346875 0.1640625 0.015625 0.01953125
0 0.2734375 0.365234375 0.015625 0.01953125
0 0.875 0.1796875 0.015625 0.01953125
0 0.86875 0.154296875 0.015625 0.01953125
0 0.3421875 0.3984375 0.015625 0.01953125
0 0.96875 0.79296875 0.015625 0.01953125
0 0.025 0.21875 0.015625 0.01953125
0 0.059375 0.2578125 0.015625 0.01953125
0 0.8578125 0.005859375 0.015625 0.01953125
0 0.8578125 0.025390625 0.015625 0.01953125
0 0.190625 0.701171875 0.015625 0.01953125
0 0.5578125 0.98828125 0.015625 0.01953125
0 0.1265625 0.6328125 0.015625 0.01953125
0 0.096875 0.650390625 0.015625 0.01953125
0 0.0734375 0.642578125 0.015625 0.01953125
0 0.0921875 0.39453125 0.015625 0.01953125
0 0.0734375 0.466796875 0.015625 0.01953125
0 0.06875 0.48828125 0.015625 0.01953125
0 0.0875 0.541015625 0.015625 0.01953125
0 0.0875 0.587890625 0.015625 0.01953125
0 0.0640625 0.96484375 0.015625 0.01953125
0 0.065625 0.98046875 0.015625 0.01953125
0 0.0796875 0.21875 0.015625 0.01953125
0 0.08125 0.19140625 0.015625 0.01953125
