0 0.278125 0.3125 0.015625 0.01953125
0 0.290625 0.427734375 0.015625 0.01953125
0 0.2890625 0.54296875 0.015625 0.01953125
0 0.2109375 0.685546875 0.015625 0.01953125
0 0.2328125 0.697265625 0.015625 0.01953125
0 0.2625 0.748046875 0.015625 0.01953125
0 0.3328125 0.720703125 0.015625 0.01953125
0 0.5625 0.65234375 0.015625 0.01953125
0 0.671875 0.271484375 0.015625 0.01953125
0 0.7953125 0.419921875 0.015625 0.01953125
0 0.85625 0.365234375 0.015625 0.01953125
0 0.928125 0.447265625 0.015625 0.01953125
0 0.7625 0.703125 0.015625 0.01953125
0 0.7921875 0.748046875 0.015625 0.01953125
0 0.7921875 0.830078125 0.015625 0.01953125
0 0.9109375 0.8046875 0.015625 0.01953125
0 0.8734375 0.720703125 0.015625 0.01953125
0 0.478125 0.9296875 0.015625 0.01953125
0 0.3828125 0.99609375 0.015625 0.01953125
0 0.2546875 0.87890625 0.015625 0.01953125
0 0.1828125 0.919921875 0.015625 0.01953125
0 0.2234375 0.9921875 0.015625 0.01953125
0 0.2171875 0.822265625 0.015625 0.01953125
0 0.1890625 0.75 0.015625 0.01953125
0 0.140625 0.806640625 0.015625 0.01953125
0 0.6921875 0.158203125 0.015625 0.01953125
0 0.7578125 0.2109375 0.015625 0.01953125
0 0.8109375 0.244140625 0.015625 0.01953125
0 0.940625 0.29296875 0.015625 0.01953125
0 0.86875 0.154296875 0.015625 0.01953125
0 0.434375 0.12109375 0.015625 0.01953125
0 0.4625 0.03125 0.015625 0.01953125
0 0.3359375 0.18359375 0.015625 0.01953125
0 0.2171875 0.2890625 0.015625 0.01953125
0 0.3890625 0.220703125 0.015625 0.01953125
0 0.4484375 0.166015625 0.015625 0.01953125
0 0.55 0.0703125 0.015625 0.01953125
0 0.1921875 0.30078125 0.015625 0.01953125
0 0.109375 0.275390625 0.015625 0.01953125
0 0.0703125 0.6484375 0.015625 0.01953125
0 0.0703125 0.63671875 0.015625 0.01953125
0 0.859375 0.171875 0.015625 0.01953125
0 0.8328125 0.169921875 0.015625 0.01953125
0 0.8453125 0.052734375 0.015625 0.01953125
0 0.84375 0.01953125 0.015625 0.01953125
0 0.84375 0.001953125 0.015625 0.01953125
0 0.2078125 0.48828125 0.015625 0.01953125
0 0.1875 0.517578125 0.015625 0.01953125
0 0.1734375 0.533203125 0.015625 0.01953125
0 0.1421875 0.671875 0.015625 0.01953125
0 0.2671875 0.384765625 0.015625 0.01953125
0 0.246875 0.33203125 0.015625 0.01953125
0 0.2578125 0.337890625 0.015625 0.01953125
0 0.8453125 0.94140625 0.015625 0.01953125
0 0.9734375 0.8046875 0.015625 0.01953125
0 0.8890625 0.98046875 0.015625 0.01953125
0 0.0328125 0.2421875 0.015625 0.01953125
0 0.059375 0.26171875 0.015625 0.01953125
0 0.046875 0.443359375 0.015625 0.01953125
0 0.025 0.42578125 0.015625 0.01953125
0 0.0546875 0.982421875 0.015625 0.01953125
0 0.8890625 0.732421875 0.015625 0.01953125
0 0.903125 0.720703125 0.015625 0.01953125
0 0.165625 0.48828125 0.015625 0.01953125
0 0.7390625 0.625 0.015625 0.01953125
0 0.6234375 0.595703125 0.015625 0.01953125
0 0.9109375 0.03125 0.015625 0.01953125
0 0.9234375 0.017578125 0.015625 0.01953125
0 0.290625 0.005859375 0.015625 0.01953125
0 0.0609375 0.955078125 0.015625 0.01953125
0 0.1046875 0.640625 0.015625 0.01953125
0 0.0921875 0.583984375 0.015625 0.01953125
0 0.0703125 0.595703125 0.015625 0.01953125
0 0.090625 0.541015625 0.015625 0.01953125
0 0.0703125 0.498046875 0.015625 0.01953125
0 0.075 0.4765625 0.015625 0.01953125
0 0.0890625 0.42578125 0.015625 0.01953125
0 0.084375 0.2890625 0.015625 0.01953125
0 0.0828125 0.228515625 0.015625 0.01953125
0 0.346875 0.716796875 0.015625 0.01953125
0 0.8375 0.767578125 0.015625 0.01953125
0 0.8515625 0.767578125 0.015625 0.01953125
