0 0.8375 0.146484375 0.015625 0.01953125
0 0.6875 0.1640625 0.015625 0.01953125
0 0.6609375 0.287109375 0.015625 0.01953125
0 0.7625 0.21875 0.015625 0.01953125
0 0.784375 0.4140625 0.015625 0.01953125
0 0.859375 0.375 0.015625 0.01953125
0 0.8125 0.248046875 0.015625 0.01953125
0 0.94375 0.27734375 0.015625 0.01953125
0 0.934375 0.4453125 0.015625 0.01953125
0 0.9078125 0.80859375 0.015625 0.01953125
0 0.9765625 0.814453125 0.015625 0.01953125
0 0.8875 0.98046875 0.015625 0.01953125
0 0.79375 0.830078125 0.015625 0.01953125
0 0.834375 0.76953125 0.015625 0.01953125
0 0.80625 0.736328125 0.015625 0.01953125
0 0.7703125 0.693359375 0.015625 0.01953125
0 0.7515625 0.625 0.015625 0.01953125
0 0.6234375 0.591796875 0.015625 0.01953125
0 0.5546875 0.671875 0.015625 0.01953125
0 0.334375 0.74609375 0.015625 0.01953125
0 0.2625 0.775390625 0.015625 0.01953125
0 0.2296875 0.7265625 0.015625 0.01953125
0 0.2109375 0.72265625 0.015625 0.01953125
0 0.2796875 0.5859375 0.015625 0.01953125
0 0.28125 0.462890625 0.015625 0.01953125
0 0.2640625 0.41796875 0.015625 0.01953125
0 0.38125 0.234375 0.015625 0.01953125
0 0.3953125 0.232421875 0.015625 0.01953125
0 0.434375 0.19921875 0.015625 0.01953125
0 0.53125 0.091796875 0.015625 0.01953125
0 0.446875 0.0546875 0.015625 0.01953125
0 0.1390625 0.84375 0.015625 0.01953125
0 0.184375 0.951171875 0.015625 0.01953125
0 0.2234375 0.857421875 0.015625 0.01953125
0 0.16875 0.568359375 0.015625 0.01953125
0 0.2015625 0.517578125 0.015625 0.01953125
0 0.1890625 0.5 0.015625 0.01953125
0 0.309375 0.576171875 0.015625 0.01953125
0 0.265625 0.3359375 0.015625 0.01953125
0 0.2109375 0.3125 0.015625 0.01953125
0 0.3234375 0.212890625 0.015625 0.01953125
0 0.3109375 0.193359375 0.015625 0.01953125
0 0.421875 0.1484375 0.015625 0.01953125
0 0.478125 0.9375 0.015625 0.01953125
0 0.878125 0.7265625 0.015625 0.01953125
0 0.8921875 0.73828125 0.015625 0.01953125
0 0.9 0.724609375 0.015625 0.01953125
0 0.9 0.99609375 0.015625 0.01953125
0 0.8640625 0.177734375 0.015625 0.01953125
0 0.8765625 0.16015625 0.015625 0.01953125
0 0.5421875 0.916015625 0.015625 0.01953125
0 0.2375 0.365234375 0.015625 0.01953125
0 0.2484375 0.35546875 0.015625 0.01953125
0 0.0171875 0.408203125 0.015625 0.01953125
0 0.04375 0.41796875 0.015625 0.01953125
0 0.0640625 0.26953125 0.015625 0.01953125
0 0.028125 0.271484375 0.015625 0.01953125
0 0.075 0.6484375 0.015625 0.01953125
0 0.9296875 0.021484375 0.015625 0.01953125
0 0.9140625 0.041015625 0.015625 0.01953125
0 0.840625 0.03515625 0.015625 0.01953125
0 0.8984375 0.001953125 0.015625 0.01953125
0 0.8328125 0.00390625 0.015625 0.01953125
0 0.2921875 0.01171875 0.015625 0.01953125
0 0.303125 0.001953125 0.015625 0.01953125
0 0.065625 0.97265625 0.015625 0.01953125
0 0.8421875 0.947265625 0.015625 0.01953125
0 0.3453125 0.74609375 0.015625 0.01953125
0 0.0703125 0.48046875 0.015625 0.01953125
0 0.06875 0.501953125 0.015625 0.01953125
0 0.0921875 0.5859375 0.015625 0.01953125
0 0.0921875 0.546875 0.015625 0.01953125
0 0.0734375 0.60546875 0.015625 0.01953125
0 0.0984375 0.62890625 0.015625 0.01953125
0 0.0875 0.76953125 0.015625 0.01953125
0 0.09375 0.421875 0.015625 0.01953125
0 0.1140625 0.27734375 0.015625 0.01953125
0 0.1234375 0.609375 0.015625 0.01953125
0 0.1546875 0.658203125 0.015625 0.01953125
