0 0.2875 0.279296875 0.015625 0.01953125
0 0.2890625 0.259765625 0.015625 0.01953125
0 0.3625 0.41796875 0.015625 0.01953125
0 0.3546875 0.5078125 0.015625 0.01953125
0 0.41875 0.41015625 0.015625 0.01953125
0 0.4375 0.45703125 0.015625 0.01953125
0 0.3359375 0.578125 0.015625 0.01953125
0 0.3515625 0.580078125 0.015625 0.01953125
0 0.3546875 0.6171875 0.015625 0.01953125
0 0.59375 0.625 0.015625 0.01953125
0 0.70625 0.63671875 0.015625 0.01953125
0 0.7515625 0.462890625 0.015625 0.01953125
0 0.6734375 0.43359375 0.015625 0.01953125
0 0.61875 0.783203125 0.015625 0.01953125
0 0.6375 0.224609375 0.015625 0.01953125
0 0.675 0.208984375 0.015625 0.01953125
0 0.7578125 0.234375 0.015625 0.01953125
0 0.8125 0.240234375 0.015625 0.01953125
0 0.8203125 0.26171875 0.015625 0.01953125
0 0.5515625 0.267578125 0.015625 0.01953125
0 0.4875 0.30859375 0.015625 0.01953125
0 0.4171875 0.26953125 0.015625 0.01953125
0 0.621875 0.181640625 0.015625 0.01953125
0 0.6890625 0.111328125 0.015625 0.01953125
0 0.821875 0.025390625 0.015625 0.01953125
0 0.8265625 0.544921875 0.015625 0.01953125
0 0.859375 0.474609375 0.015625 0.01953125
0 0.9125 0.423828125 0.015625 0.01953125
0 0.89375 0.365234375 0.015625 0.01953125
0 0.546875 0.947265625 0.015625 0.01953125
0 0.9046875 0.693359375 0.015625 0.01953125
0 0.9421875 0.61328125 0.015625 0.01953125
0 0.778125 0.90234375 0.015625 0.01953125
0 0.7421875 0.876953125 0.015625 0.01953125
0 0.1734375 0.7421875 0.015625 0.01953125
0 0.2296875 0.736328125 0.015625 0.01953125
0 0.2609375 0.623046875 0.015625 0.01953125
0 0.25 0.59765625 0.015625 0.01953125
0 0.15625 0.861328125 0.015625 0.01953125
0 0.18125 0.931640625 0.015625 0.01953125
0 0.246875 0.875 0.015625 0.01953125
0 0.2859375 0.845703125 0.015625 0.01953125
0 0.603125 0.048828125 0.015625 0.01953125
0 0.034375 0.6796875 0.015625 0.01953125
0 0.0484375 0.71875 0.015625 0.01953125
0 0.0171875 0.544921875 0.015625 0.01953125
0 0.0328125 0.572265625 0.015625 0.01953125
0 0.3875 0.18359375 0.015625 0.01953125
0 0.8375 0.171875 0.015625 0.01953125
0 0.8375 0.154296875 0.015625 0.01953125
0 0.9140625 0.201171875 0.015625 0.01953125
0 0.875 0.1796875 0.015625 0.01953125
0 0.809375 0.171875 0.015625 0.01953125
0 0.4125 0.119140625 0.015625 0.01953125
0 0.503125 0.0546875 0.015625 0.01953125
0 0.23125 0.8203125 0.015625 0.01953125
0 0.203125 0.763671875 0.015625 0.01953125
0 0.20625 0.66796875 0.015625 0.01953125
0 0.884375 0.9453125 0.015625 0.01953125
0 0.9703125 0.912109375 0.015625 0.01953125
0 0.8734375 0.98046875 0.015625 0.01953125
0 0.1234375 0.796875 0.015625 0.01953125
0 0.89375 0.98828125 0.015625 0.01953125
0 0.88125 0.998046875 0.015625 0.01953125
0 0.5375 0.130859375 0.015625 0.01953125
0 0.39375 0.041015625 0.015625 0.01953125
0 0.44375 0.017578125 0.015625 0.01953125
0 0.0703125 0.75390625 0.015625 0.01953125
0 0.0671875 0.77734375 0.015625 0.01953125
0 0.0796875 0.47265625 0.015625 0.01953125
0 0.08125 0.5 0.015625 0.01953125
0 0.48125 0.048828125 0.015625 0.01953125
0 0.4875 0.025390625 0.015625 0.01953125
0 0.4796875 0.0859375 0.015625 0.01953125
0 0.4875 0.111328125 0.015625 0.01953125
0 0.7921875 0.10546875 0.015625 0.01953125
0 0.8234375 0.083984375 0.015625 0.01953125
0 0.9109375 0.0703125 0.015625 0.01953125
0 0.9265625 0.07421875 0.015625 0.01953125
0 0.8765625 0.080078125 0.015625 0.01953125
0 0.9140625 0.01953125 0.015625 0.01953125
0 0.928125 0.041015625 0.015625 0.01953125
0 0.8453125 0.119140625 0.015625 0.01953125
0 0.8671875 0.42578125 0.015625 0.01953125
0 0.728125 0.169921875 0.015625 0.01953125
0 0.065625 0.931640625 0.015625 0.01953125
0 0.065625 0.880859375 0.015625 0.01953125
0 0.0890625 0.86328125 0.015625 0.01953125
0 0.1 0.828125 0.015625 0.01953125
0 0.090625 0.681640625 0.015625 0.01953125
0 0.075 0.59375 0.015625 0.01953125
0 0.0765625 0.564453125 0.015625 0.01953125
0 0.0203125 0.265625 0.015625 0.01953125
0 0.4296875 0.1328125 0.015625 0.01953125
