0 0.4125 0.138671875 0.015625 0.01953125
0 0.425 0.166015625 0.015625 0.01953125
0 0.4 0.0625 0.015625 0.01953125
0 0.5375 0.162109375 0.015625 0.01953125
0 0.521875 0.3125 0.015625 0.01953125
0 0.3921875 0.4609375 0.015625 0.01953125
0 0.421875 0.498046875 0.015625 0.01953125
0 0.6734375 0.443359375 0.015625 0.01953125
0 0.75 0.490234375 0.015625 0.01953125
0 0.6921875 0.646484375 0.015625 0.01953125
0 0.5734375 0.6640625 0.015625 0.01953125
0 0.6234375 0.798828125 0.015625 0.01953125
0 0.83125 0.57421875 0.015625 0.01953125
0 0.9359375 0.609375 0.015625 0.01953125
0 0.9265625 0.728515625 0.015625 0.01953125
0 0.9015625 0.951171875 0.015625 0.01953125
0 0.3453125 0.453125 0.015625 0.01953125
0 0.340625 0.541015625 0.015625 0.01953125
0 0.4703125 0.34765625 0.015625 0.01953125
0 0.4046875 0.306640625 0.015625 0.01953125
0 0.2515625 0.669921875 0.015625 0.01953125
0 0.7453125 0.255859375 0.015625 0.01953125
0 0.8234375 0.251953125 0.015625 0.01953125
0 0.9265625 0.228515625 0.015625 0.01953125
0 0.803125 0.18359375 0.015625 0.01953125
0 0.83125 0.15625 0.015625 0.01953125
0 0.8359375 0.13671875 0.015625 0.01953125
0 0.7609375 0.1328125 0.015625 0.01953125
0 0.75 0.173828125 0.015625 0.01953125
0 0.725 0.203125 0.015625 0.01953125
0 0.659375 0.240234375 0.015625 0.01953125
0 0.621875 0.255859375 0.015625 0.01953125
0 0.59375 0.037109375 0.015625 0.01953125
0 0.4890625 0.130859375 0.015625 0.01953125
0 0.5484375 0.958984375 0.015625 0.01953125
0 0.771875 0.91015625 0.015625 0.01953125
0 0.88125 0.990234375 0.015625 0.01953125
0 0.965625 0.908203125 0.015625 0.01953125
0 0.890625 0.40625 0.015625 0.01953125
0 0.9078125 0.423828125 0.015625 0.01953125
0 0.853125 0.455078125 0.015625 0.01953125
0 0.8625 0.43359375 0.015625 0.01953125
0 0.2234375 0.78515625 0.015625 0.01953125
0 0.2109375 0.775390625 0.015625 0.01953125
0 0.178125 0.73046875 0.015625 0.01953125
0 0.175 0.7890625 0.015625 0.01953125
0 0.2265625 0.861328125 0.015625 0.01953125
0 0.1609375 0.86328125 0.015625 0.01953125
0 0.240625 0.919921875 0.015625 0.01953125
0 0.2828125 0.888671875 0.015625 0.01953125
0 0.178125 0.978515625 0.015625 0.01953125
0 0.1953125 0.80859375 0.015625 0.01953125
0 0.3265625 0.6171875 0.015625 0.01953125
0 0.34375 0.615234375 0.015625 0.01953125
0 0.34375 0.66796875 0.015625 0.01953125
0 0.24375 0.640625 0.015625 0.01953125
0 0.209375 0.6640625 0.015625 0.01953125
0 0.209375 0.6328125 0.015625 0.01953125
0 0.1015625 0.830078125 0.015625 0.01953125
0 0.11875 0.798828125 0.015625 0.01953125
0 0.81875 0.072265625 0.015625 0.01953125
0 0.796875 0.04296875 0.015625 0.01953125
0 0.6 0.212890625 0.015625 0.01953125
0 0.28125 0.294921875 0.015625 0.01953125
0 0.290625 0.275390625 0.015625 0.01953125
0 0.3796875 0.1953125 0.015625 0.01953125
0 0.159375 0.248046875 0.015625 0.01953125
0 0.134375 0.25390625 0.015625 0.01953125
0 0.1421875 0.240234375 0.015625 0.01953125
0 0.015625 0.71875 0.015625 0.01953125
0 0.0109375 0.30078125 0.015625 0.01953125
0 0.225 0.126953125 0.015625 0.01953125
0 0.440625 0.029296875 0.015625 0.01953125
0 0.0046875 0.458984375 0.015625 0.01953125
0 0.6671875 0.146484375 0.015625 0.01953125
0 0.0640625 0.94140625 0.015625 0.01953125
0 0.084375 0.876953125 0.015625 0.01953125
0 0.0640625 0.79296875 0.015625 0.01953125
0 0.065625 0.7578125 0.015625 0.01953125
0 0.0390625 0.552734375 0.015625 0.01953125
0 0.0234375 0.533203125 0.015625 0.01953125
0 0.0546875 0.556640625 0.015625 0.01953125
0 0.075 0.697265625 0.015625 0.01953125
0 0.090625 0.6953125 0.015625 0.01953125
0 0.075 0.494140625 0.015625 0.01953125
0 0.0734375 0.521484375 0.015625 0.01953125
0 0.4765625 0.091796875 0.015625 0.01953125
0 0.4984375 0.0703125 0.015625 0.01953125
0 0.484375 0.060546875 0.015625 0.01953125
0 0.4890625 0.044921875 0.015625 0.01953125
0 0.490625 0.01953125 0.015625 0.01953125
