0 0.678125 0.447265625 0.015625 0.01953125
0 0.753125 0.4921875 0.015625 0.01953125
0 0.684375 0.638671875 0.015625 0.01953125
0 0.56875 0.681640625 0.015625 0.01953125
0 0.6453125 0.791015625 0.015625 0.01953125
0 0.85 0.591796875 0.015625 0.01953125
0 0.9484375 0.580078125 0.015625 0.01953125
0 0.9171875 0.392578125 0.015625 0.01953125
0 0.5859375 0.224609375 0.015625 0.01953125
0 0.521875 0.17578125 0.015625 0.01953125
0 0.371875 0.49609375 0.015625 0.01953125
0 0.3359375 0.47265625 0.015625 0.01953125
0 0.321875 0.63671875 0.015625 0.01953125
0 0.1828125 0.822265625 0.015625 0.01953125
0 0.178125 0.7578125 0.015625 0.01953125
0 0.221875 0.8125 0.015625 0.01953125
0 0.2 0.837890625 0.015625 0.01953125
0 0.1703125 0.84375 0.015625 0.01953125
0 0.2453125 0.958984375 0.015625 0.01953125
0 0.2859375 0.919921875 0.015625 0.01953125
0 0.5796875 0.943359375 0.015625 0.01953125
0 0.5984375 0.921875 0.015625 0.01953125
0 0.9296875 0.951171875 0.015625 0.01953125
0 0.95625 0.744140625 0.015625 0.01953125
0 0.903125 0.4296875 0.015625 0.01953125
0 0.7421875 0.259765625 0.015625 0.01953125
0 0.8328125 0.216796875 0.015625 0.01953125
0 0.6515625 0.251953125 0.015625 0.01953125
0 0.6140625 0.271484375 0.015625 0.01953125
0 0.503125 0.125 0.015625 0.01953125
0 0.4578125 0.373046875 0.015625 0.01953125
0 0.340625 0.63671875 0.015625 0.01953125
0 0.33125 0.703125 0.015625 0.01953125
0 0.25 0.701171875 0.015625 0.01953125
0 0.2390625 0.673828125 0.015625 0.01953125
0 0.2328125 0.638671875 0.015625 0.01953125
0 0.3375 0.5625 0.015625 0.01953125
0 0.4109375 0.521484375 0.015625 0.01953125
0 0.865625 0.44921875 0.015625 0.01953125
0 0.8671875 0.427734375 0.015625 0.01953125
0 0.7859375 0.046875 0.015625 0.01953125
0 0.821875 0.03515625 0.015625 0.01953125
0 0.88125 0.197265625 0.015625 0.01953125
0 0.9421875 0.234375 0.015625 0.01953125
0 0.828125 0.14453125 0.015625 0.01953125
0 0.796875 0.125 0.015625 0.01953125
0 0.74375 0.142578125 0.015625 0.01953125
0 0.5 0.3515625 0.015625 0.01953125
0 0.4609375 0.166015625 0.015625 0.01953125
0 0.6421875 0.169921875 0.015625 0.01953125
0 0.48125 0.09765625 0.015625 0.01953125
0 0.403125 0.052734375 0.015625 0.01953125
0 0.3953125 0.197265625 0.015625 0.01953125
0 0.2984375 0.27734375 0.015625 0.01953125
0 0.290625 0.296875 0.015625 0.01953125
0 0.509375 0.072265625 0.015625 0.01953125
0 0.5046875 0.017578125 0.015625 0.01953125
0 0.9 0.978515625 0.015625 0.01953125
0 0.971875 0.888671875 0.015625 0.01953125
0 0.9375 0.771484375 0.015625 0.01953125
0 0.0390625 0.755859375 0.015625 0.01953125
0 0.0640625 0.7578125 0.015625 0.01953125
0 0.0375 0.505859375 0.015625 0.01953125
0 0.0546875 0.517578125 0.015625 0.01953125
0 0.0640625 0.55859375 0.015625 0.01953125
0 0.0484375 0.71875 0.015625 0.01953125
0 0.7546875 0.89453125 0.015625 0.01953125
0 0.771875 0.904296875 0.015625 0.01953125
0 0.009375 0.326171875 0.015625 0.01953125
0 0.0765625 0.947265625 0.015625 0.01953125
0 0.8890625 0.013671875 0.015625 0.01953125
0 0.8765625 0.052734375 0.015625 0.01953125
0 0.9546875 0.103515625 0.015625 0.01953125
0 0.990625 0.146484375 0.015625 0.01953125
0 0.7734375 0.201171875 0.015625 0.01953125
0 0.7875 0.216796875 0.015625 0.01953125
0 0.2375 0.119140625 0.015625 0.01953125
0 0.090625 0.87109375 0.015625 0.01953125
0 0.1078125 0.8125 0.015625 0.01953125
0 0.11875 0.77734375 0.015625 0.01953125
0 0.0984375 0.697265625 0.015625 0.01953125
0 0.0765625 0.705078125 0.015625 0.01953125
0 0.0765625 0.677734375 0.015625 0.01953125
0 0.078125 0.609375 0.015625 0.01953125
