0 0.5359375 0.181640625 0.015625 0.01953125
0 0.58125 0.236328125 0.015625 0.01953125
0 0.603125 0.271484375 0.015625 0.01953125
0 0.65 0.255859375 0.015625 0.01953125
0 0.6796875 0.44921875 0.015625 0.01953125
0 0.68125 0.634765625 0.015625 0.01953125
0 0.4546875 0.388671875 0.015625 0.01953125
0 0.490625 0.365234375 0.015625 0.01953125
0 0.334375 0.484375 0.015625 0.01953125
0 0.3609375 0.513671875 0.015625 0.01953125
0 0.4109375 0.5390625 0.015625 0.01953125
0 0.5609375 0.681640625 0.015625 0.01953125
0 0.65 0.783203125 0.015625 0.01953125
0 0.85625 0.591796875 0.015625 0.01953125
0 0.9203125 0.376953125 0.015625 0.01953125
0 0.95 0.5703125 0.015625 0.01953125
0 0.9546875 0.748046875 0.015625 0.01953125
0 0.9453125 0.951171875 0.015625 0.01953125
0 0.9734375 0.875 0.015625 0.01953125
0 0.9140625 0.9765625 0.015625 0.01953125
0 0.825 0.265625 0.015625 0.01953125
0 0.7375 0.255859375 0.015625 0.01953125
0 0.8421875 0.203125 0.015625 0.01953125
0 0.8859375 0.19140625 0.015625 0.01953125
0 0.9546875 0.234375 0.015625 0.01953125
0 0.8234375 0.14453125 0.015625 0.01953125
0 0.5140625 0.12109375 0.015625 0.01953125
0 0.21875 0.822265625 0.015625 0.01953125
0 0.321875 0.64453125 0.015625 0.01953125
0 0.334375 0.572265625 0.015625 0.01953125
0 0.3296875 0.71484375 0.015625 0.01953125
0 0.2515625 0.712890625 0.015625 0.01953125
0 0.2453125 0.68359375 0.015625 0.01953125
0 0.2375 0.623046875 0.015625 0.01953125
0 0.1828125 0.830078125 0.015625 0.01953125
0 0.1859375 0.76953125 0.015625 0.01953125
0 0.2484375 0.97265625 0.015625 0.01953125
0 0.2859375 0.931640625 0.015625 0.01953125
0 0.0625 0.716796875 0.015625 0.01953125
0 0.0359375 0.763671875 0.015625 0.01953125
0 0.0453125 0.490234375 0.015625 0.01953125
0 0.0640625 0.5 0.015625 0.01953125
0 0.0109375 0.34375 0.015625 0.01953125
0 0.0703125 0.7578125 0.015625 0.01953125
0 0.084375 0.943359375 0.015625 0.01953125
0 0.340625 0.64453125 0.015625 0.01953125
0 0.7390625 0.14453125 0.015625 0.01953125
0 0.7796875 0.0546875 0.015625 0.01953125
0 0.828125 0.025390625 0.015625 0.01953125
0 0.871875 0.048828125 0.015625 0.01953125
0 0.8828125 0.017578125 0.015625 0.01953125
0 0.8421875 0.09765625 0.015625 0.01953125
0 0.7984375 0.11328125 0.015625 0.01953125
0 0.8265625 0.1640625 0.015625 0.01953125
0 0.5171875 0.068359375 0.015625 0.01953125
0 0.50625 0.013671875 0.015625 0.01953125
0 0.4765625 0.169921875 0.015625 0.01953125
0 0.396875 0.19140625 0.015625 0.01953125
0 0.4125 0.060546875 0.015625 0.01953125
0 0.903125 0.439453125 0.015625 0.01953125
0 0.8734375 0.427734375 0.015625 0.01953125
0 0.8671875 0.44921875 0.015625 0.01953125
0 0.628125 0.173828125 0.015625 0.01953125
0 0.5953125 0.9296875 0.015625 0.01953125
0 0.75625 0.890625 0.015625 0.01953125
0 0.7765625 0.900390625 0.015625 0.01953125
0 0.296875 0.294921875 0.015625 0.01953125
0 0.30625 0.271484375 0.015625 0.01953125
0 0.79375 0.26953125 0.015625 0.01953125
0 0.8234375 0.291015625 0.015625 0.01953125
0 0.7515625 0.5 0.015625 0.01953125
0 0.7625 0.1953125 0.015625 0.01953125
0 0.775 0.21484375 0.015625 0.01953125
0 0.0984375 0.875 0.015625 0.01953125
0 0.1171875 0.80078125 0.015625 0.01953125
0 0.125 0.771484375 0.015625 0.01953125
0 0.0796875 0.783203125 0.015625 0.01953125
0 0.084375 0.611328125 0.015625 0.01953125
