0 0.2578125 0.595703125 0.015625 0.01953125
0 0.30625 0.6953125 0.015625 0.01953125
0 0.31875 0.767578125 0.015625 0.01953125
0 0.3234375 0.669921875 0.015625 0.01953125
0 0.325 0.60546875 0.015625 0.01953125
0 0.3328125 0.5703125 0.015625 0.01953125
0 0.3203125 0.51953125 0.015625 0.01953125
0 0.3953125 0.578125 0.015625 0.01953125
0 0.5484375 0.712890625 0.015625 0.01953125
0 0.6625 0.765625 0.015625 0.01953125
0 0.6140625 0.91015625 0.015625 0.01953125
0 0.6609375 0.625 0.015625 0.01953125
0 0.678125 0.451171875 0.015625 0.01953125
0 0.765625 0.4921875 0.015625 0.01953125
0 0.8765625 0.609375 0.015625 0.01953125
0 0.9484375 0.537109375 0.015625 0.01953125
0 0.921875 0.345703125 0.015625 0.01953125
0 0.9609375 0.23828125 0.015625 0.01953125
0 0.7234375 0.263671875 0.015625 0.01953125
0 0.2484375 0.76171875 0.015625 0.01953125
0 0.240625 0.73828125 0.015625 0.01953125
0 0.1890625 0.80859375 0.015625 0.01953125
0 0.0765625 0.759765625 0.015625 0.01953125
0 0.0875 0.943359375 0.015625 0.01953125
0 0.18125 0.87890625 0.015625 0.01953125
0 0.2359375 0.951171875 0.015625 0.01953125
0 0.428125 0.4296875 0.015625 0.01953125
0 0.446875 0.40234375 0.015625 0.01953125
0 0.553125 0.26171875 0.015625 0.01953125
0 0.584375 0.298828125 0.015625 0.01953125
0 0.628125 0.26953125 0.015625 0.01953125
0 0.703125 0.16796875 0.015625 0.01953125
0 0.721875 0.212890625 0.015625 0.01953125
0 0.9609375 0.73828125 0.015625 0.01953125
0 0.9828125 0.849609375 0.015625 0.01953125
0 0.96875 0.9453125 0.015625 0.01953125
0 0.9484375 0.9765625 0.015625 0.01953125
0 0.7890625 0.8984375 0.015625 0.01953125
0 0.7640625 0.89453125 0.015625 0.01953125
0 0.9703125 0.021484375 0.015625 0.01953125
0 0.990625 0.107421875 0.015625 0.01953125
0 0.7546875 0.068359375 0.015625 0.01953125
0 0.8 0.078125 0.015625 0.01953125
0 0.8546875 0.01171875 0.015625 0.01953125
0 0.896875 0.0078125 0.015625 0.01953125
0 0.825 0.10546875 0.015625 0.01953125
0 0.8046875 0.15625 0.015625 0.01953125
0 0.8453125 0.15625 0.015625 0.01953125
0 0.7890625 0.287109375 0.015625 0.01953125
0 0.8109375 0.275390625 0.015625 0.01953125
0 0.7453125 0.1328125 0.015625 0.01953125
0 0.525 0.203125 0.015625 0.01953125
0 0.6046875 0.208984375 0.015625 0.01953125
0 0.509375 0.197265625 0.015625 0.01953125
0 0.4265625 0.140625 0.015625 0.01953125
0 0.41875 0.064453125 0.015625 0.01953125
0 0.0203125 0.38671875 0.015625 0.01953125
0 0.2984375 0.296875 0.015625 0.01953125
0 0.3046875 0.283203125 0.015625 0.01953125
0 0.24375 0.125 0.015625 0.01953125
0 0.1765625 0.251953125 0.015625 0.01953125
0 0.15625 0.25390625 0.015625 0.01953125
0 0.4046875 0.1875 0.015625 0.01953125
0 0.4578125 0.03125 0.015625 0.01953125
0 0.446875 0.005859375 0.015625 0.01953125
0 0.521875 0.125 0.015625 0.01953125
0 0.5015625 0.095703125 0.015625 0.01953125
0 0.521875 0.0703125 0.015625 0.01953125
0 0.5015625 0.0625 0.015625 0.01953125
0 0.5234375 0.044921875 0.015625 0.01953125
0 0.896875 0.103515625 0.015625 0.01953125
0 0.8453125 0.05859375 0.015625 0.01953125
0 0.4359375 0.1171875 0.015625 0.01953125
0 0.5140625 0.015625 0.015625 0.01953125
0 0.8796875 0.4375 0.015625 0.01953125
0 0.9 0.48046875 0.015625 0.01953125
0 0.8921875 0.19921875 0.015625 0.01953125
0 0.0921875 0.716796875 0.015625 0.01953125
0 0.11875 0.775390625 0.015625 0.01953125
0 0.1328125 0.74609375 0.015625 0.01953125
0 0.103125 0.876953125 0.015625 0.01953125
0 0.0875 0.61328125 0.015625 0.01953125
0 0.0765625 0.466796875 0.015625 0.01953125
0 0.0609375 0.45703125 0.015625 0.01953125
0 0.075 0.5625 0.015625 0.01953125
0 0.2828125 0.970703125 0.015625 0.01953125
0 0.209375 0.857421875 0.015625 0.01953125
0 0.209375 0.88671875 0.015625 0.01953125
0 0.20625 0.646484375 0.015625 0.01953125
0 0.75625 0.240234375 0.015625 0.01953125
