0 0.5234375 0.072265625 0.015625 0.01953125
0 0.5015625 0.064453125 0.015625 0.01953125
0 0.4203125 0.064453125 0.015625 0.01953125
0 0.4296875 0.140625 0.015625 0.01953125
0 0.3046875 0.28515625 0.015625 0.01953125
0 0.3 0.298828125 0.015625 0.01953125
0 0.3828125 0.3828125 0.015625 0.01953125
0 0.315625 0.533203125 0.015625 0.01953125
0 0.4265625 0.44921875 0.015625 0.01953125
0 0.5078125 0.20703125 0.015625 0.01953125
0 0.521875 0.216796875 0.015625 0.01953125
0 0.5484375 0.275390625 0.015625 0.01953125
0 0.5796875 0.3125 0.015625 0.01953125
0 0.6203125 0.279296875 0.015625 0.01953125
0 0.7171875 0.2734375 0.015625 0.01953125
0 0.6828125 0.45703125 0.015625 0.01953125
0 0.7671875 0.4921875 0.015625 0.01953125
0 0.6546875 0.6328125 0.015625 0.01953125
0 0.878125 0.615234375 0.015625 0.01953125
0 0.9 0.490234375 0.015625 0.01953125
0 0.9421875 0.529296875 0.015625 0.01953125
0 0.6625 0.765625 0.015625 0.01953125
0 0.54375 0.72265625 0.015625 0.01953125
0 0.3875 0.591796875 0.015625 0.01953125
0 0.3234375 0.6171875 0.015625 0.01953125
0 0.31875 0.58984375 0.015625 0.01953125
0 0.2671875 0.583984375 0.015625 0.01953125
0 0.246875 0.775390625 0.015625 0.01953125
0 0.2984375 0.712890625 0.015625 0.01953125
0 0.3109375 0.78125 0.015625 0.01953125
0 0.321875 0.68359375 0.015625 0.01953125
0 0.2234375 0.884765625 0.015625 0.01953125
0 0.1875 0.826171875 0.015625 0.01953125
0 0.1796875 0.80078125 0.015625 0.01953125
0 0.1796875 0.892578125 0.015625 0.01953125
0 0.2109375 0.900390625 0.015625 0.01953125
0 0.2375 0.96875 0.015625 0.01953125
0 0.2875 0.986328125 0.015625 0.01953125
0 0.175 0.251953125 0.015625 0.01953125
0 0.153125 0.25390625 0.015625 0.01953125
0 0.1625 0.240234375 0.015625 0.01953125
0 0.0859375 0.9453125 0.015625 0.01953125
0 0.0203125 0.40234375 0.015625 0.01953125
0 0.240625 0.12109375 0.015625 0.01953125
0 0.69375 0.18359375 0.015625 0.01953125
0 0.7453125 0.080078125 0.015625 0.01953125
0 0.7953125 0.056640625 0.015625 0.01953125
0 0.846875 0.150390625 0.015625 0.01953125
0 0.9703125 0.1171875 0.015625 0.01953125
0 0.9640625 0.021484375 0.015625 0.01953125
0 0.8984375 0.0 0.015625 0.01953125
0 0.8515625 0.021484375 0.015625 0.01953125
0 0.9625 0.236328125 0.015625 0.01953125
0 0.89375 0.1953125 0.015625 0.01953125
0 0.8046875 0.28515625 0.015625 0.01953125
0 0.778125 0.2890625 0.015625 0.01953125
0 0.70625 0.220703125 0.015625 0.01953125
0 0.71875 0.234375 0.015625 0.01953125
0 0.5875 0.220703125 0.015625 0.01953125
0 0.921875 0.33984375 0.015625 0.01953125
0 0.9640625 0.748046875 0.015625 0.01953125
0 0.9484375 0.765625 0.015625 0.01953125
0 0.9796875 0.841796875 0.015625 0.01953125
0 0.9703125 0.943359375 0.015625 0.01953125
0 0.95625 0.982421875 0.015625 0.01953125
0 0.784375 0.908203125 0.015625 0.01953125
0 0.7671875 0.90234375 0.015625 0.01953125
0 0.615625 0.916015625 0.015625 0.01953125
0 0.8734375 0.453125 0.015625 0.01953125
0 0.878125 0.4296875 0.015625 0.01953125
0 0.7984375 0.1796875 0.015625 0.01953125
0 0.8015625 0.15234375 0.015625 0.01953125
0 0.809375 0.111328125 0.015625 0.01953125
0 0.7375 0.130859375 0.015625 0.01953125
0 0.8765625 0.10546875 0.015625 0.01953125
0 0.834375 0.0703125 0.015625 0.01953125
0 0.5125 0.01953125 0.015625 0.01953125
0 0.4515625 0.029296875 0.015625 0.01953125
0 0.4515625 0.00390625 0.015625 0.01953125
0 0.084375 0.720703125 0.015625 0.01953125
0 0.075 0.76171875 0.015625 0.01953125
0 0.009375 0.7890625 0.015625 0.01953125
0 0.0421875 0.82421875 0.015625 0.01953125
0 0.0046875 0.44921875 0.015625 0.01953125
0 0.4078125 0.189453125 0.015625 0.01953125
0 0.753125 0.248046875 0.015625 0.01953125
0 0.240625 0.75 0.015625 0.01953125
0 0.11875 0.76953125 0.015625 0.01953125
0 0.1328125 0.75 0.015625 0.01953125
0 0.078125 0.90234375 0.015625 0.01953125
0 0.10625 0.876953125 0.015625 0.01953125
