0 0.303125 0.453125 0.015625 0.01953125
0 0.3046875 0.4296875 0.015625 0.01953125
0 0.4640625 0.421875 0.015625 0.01953125
0 0.4734375 0.462890625 0.015625 0.01953125
0 0.4625 0.5234375 0.015625 0.01953125
0 0.5375 0.4765625 0.015625 0.01953125
0 0.5421875 0.517578125 0.015625 0.01953125
0 0.5609375 0.529296875 0.015625 0.01953125
0 0.5890625 0.416015625 0.015625 0.01953125
0 0.6578125 0.462890625 0.015625 0.01953125
0 0.68125 0.59375 0.015625 0.01953125
0 0.7578125 0.6484375 0.015625 0.01953125
0 0.934375 0.5703125 0.015625 0.01953125
0 0.8703125 0.74609375 0.015625 0.01953125
0 0.8734375 0.599609375 0.015625 0.01953125
0 0.88125 0.583984375 0.015625 0.01953125
0 0.9078125 0.822265625 0.015625 0.01953125
0 0.9796875 0.888671875 0.015625 0.01953125
0 0.9515625 0.90234375 0.015625 0.01953125
0 0.65625 0.91015625 0.015625 0.01953125
0 0.5703125 0.77734375 0.015625 0.01953125
0 0.503125 0.962890625 0.015625 0.01953125
0 0.3640625 0.732421875 0.015625 0.01953125
0 0.328125 0.759765625 0.015625 0.01953125
0 0.3375 0.875 0.015625 0.01953125
0 0.2875 0.876953125 0.015625 0.01953125
0 0.284375 0.94140625 0.015625 0.01953125
0 0.26875 0.802734375 0.015625 0.01953125
0 0.2625 0.880859375 0.015625 0.01953125
0 0.4984375 0.53515625 0.015625 0.01953125
0 0.65 0.28125 0.015625 0.01953125
0 0.7703125 0.27734375 0.015625 0.01953125
0 0.7984375 0.3203125 0.015625 0.01953125
0 0.8140625 0.34375 0.015625 0.01953125
0 0.746875 0.46484375 0.015625 0.01953125
0 0.7484375 0.486328125 0.015625 0.01953125
0 0.7234375 0.470703125 0.015625 0.01953125
0 0.928125 0.458984375 0.015625 0.01953125
0 0.91875 0.384765625 0.015625 0.01953125
0 0.8921875 0.3515625 0.015625 0.01953125
0 0.9890625 0.296875 0.015625 0.01953125
0 0.9640625 0.267578125 0.015625 0.01953125
0 0.934375 0.23828125 0.015625 0.01953125
0 0.8671875 0.197265625 0.015625 0.01953125
0 0.8328125 0.173828125 0.015625 0.01953125
0 0.753125 0.208984375 0.015625 0.01953125
0 0.7203125 0.271484375 0.015625 0.01953125
0 0.7234375 0.3046875 0.015625 0.01953125
0 0.496875 0.25390625 0.015625 0.01953125
0 0.51875 0.21875 0.015625 0.01953125
0 0.5296875 0.197265625 0.015625 0.01953125
0 0.515625 0.16796875 0.015625 0.01953125
0 0.4296875 0.294921875 0.015625 0.01953125
0 0.425 0.203125 0.015625 0.01953125
0 0.4 0.15625 0.015625 0.01953125
0 0.1765625 0.404296875 0.015625 0.01953125
0 0.1609375 0.39453125 0.015625 0.01953125
0 0.15625 0.408203125 0.015625 0.01953125
0 0.296875 0.623046875 0.015625 0.01953125
0 0.328125 0.619140625 0.015625 0.01953125
0 0.28125 0.62109375 0.015625 0.01953125
0 0.203125 0.875 0.015625 0.01953125
0 0.1875 0.857421875 0.015625 0.01953125
0 0.178125 0.84375 0.015625 0.01953125
0 0.128125 0.578125 0.015625 0.01953125
0 0.015625 0.501953125 0.015625 0.01953125
0 0.0125 0.439453125 0.015625 0.01953125
0 0.025 0.646484375 0.015625 0.01953125
0 0.615625 0.388671875 0.015625 0.01953125
0 0.746875 0.1015625 0.015625 0.01953125
0 0.7171875 0.099609375 0.015625 0.01953125
0 0.546875 0.03515625 0.015625 0.01953125
0 0.4953125 0.05078125 0.015625 0.01953125
0 0.6234375 0.0078125 0.015625 0.01953125
0 0.803125 0.083984375 0.015625 0.01953125
0 0.8203125 0.001953125 0.015625 0.01953125
0 0.9953125 0.072265625 0.015625 0.01953125
0 0.9765625 0.05078125 0.015625 0.01953125
0 0.9875 0.05078125 0.015625 0.01953125
0 0.8671875 0.0625 0.015625 0.01953125
0 0.8875 0.0546875 0.015625 0.01953125
0 0.559375 0.12109375 0.015625 0.01953125
0 0.990625 0.140625 0.015625 0.01953125
0 0.678125 0.01953125 0.015625 0.01953125
0 0.00625 0.578125 0.015625 0.01953125
0 0.46875 0.34375 0.015625 0.01953125
0 0.2453125 0.291015625 0.015625 0.01953125
0 0.734375 0.3671875 0.015625 0.01953125
0 0.7671875 0.40234375 0.015625 0.01953125
0 0.7375 0.349609375 0.015625 0.01953125
0 0.096875 0.646484375 0.015625 0.01953125
0 0.0953125 0.669921875 0.015625 0.01953125
0 0.0921875 0.9140625 0.015625 0.01953125
0 0.0921875 0.931640625 0.015625 0.01953125
0 0.175 0.02734375 0.015625 0.01953125
0 0.6859375 0.212890625 0.015625 0.01953125
0 0.4734375 0.189453125 0.015625 0.01953125
0 0.459375 0.18359375 0.015625 0.01953125
0 0.1328125 0.84765625 0.015625 0.01953125
0 0.084375 0.8515625 0.015625 0.01953125
0 0.09375 0.763671875 0.015625 0.01953125
0 0.075 0.71875 0.015625 0.01953125
0 0.1203125 0.724609375 0.015625 0.01953125
0 0.4140625 0.3359375 0.015625 0.01953125
