0 0.4921875 0.076171875 0.015625 0.01953125
0 0.528125 0.08203125 0.015625 0.01953125
0 0.55625 0.1484375 0.015625 0.01953125
0 0.6296875 0.32421875 0.015625 0.01953125
0 0.696875 0.3046875 0.015625 0.01953125
0 0.7296875 0.322265625 0.015625 0.01953125
0 0.8453125 0.23046875 0.015625 0.01953125
0 0.5640625 0.4609375 0.015625 0.01953125
0 0.6234375 0.419921875 0.015625 0.01953125
0 0.64375 0.490234375 0.015625 0.01953125
0 0.7078125 0.5 0.015625 0.01953125
0 0.7265625 0.494140625 0.015625 0.01953125
0 0.68125 0.623046875 0.015625 0.01953125
0 0.753125 0.67578125 0.015625 0.01953125
0 0.9296875 0.578125 0.015625 0.01953125
0 0.909375 0.490234375 0.015625 0.01953125
0 0.7671875 0.36328125 0.015625 0.01953125
0 0.6953125 0.36328125 0.015625 0.01953125
0 0.440625 0.5625 0.015625 0.01953125
0 0.44375 0.509765625 0.015625 0.01953125
0 0.521875 0.5078125 0.015625 0.01953125
0 0.440625 0.455078125 0.015625 0.01953125
0 0.3125 0.818359375 0.015625 0.01953125
0 0.3109375 0.658203125 0.015625 0.01953125
0 0.553125 0.80078125 0.015625 0.01953125
0 0.8625 0.783203125 0.015625 0.01953125
0 0.903125 0.853515625 0.015625 0.01953125
0 0.971875 0.90234375 0.015625 0.01953125
0 0.2765625 0.916015625 0.015625 0.01953125
0 0.296875 0.48046875 0.015625 0.01953125
0 0.159375 0.41796875 0.015625 0.01953125
0 0.1734375 0.4296875 0.015625 0.01953125
0 0.3921875 0.1875 0.015625 0.01953125
0 0.4171875 0.2265625 0.015625 0.01953125
0 0.128125 0.85546875 0.015625 0.01953125
0 0.8359375 0.181640625 0.015625 0.01953125
0 0.4828125 0.5859375 0.015625 0.01953125
0 0.4484375 0.375 0.015625 0.01953125
0 0.425 0.314453125 0.015625 0.01953125
0 0.490625 0.28125 0.015625 0.01953125
0 0.759375 0.4296875 0.015625 0.01953125
0 0.7203125 0.380859375 0.015625 0.01953125
0 0.659375 0.21875 0.015625 0.01953125
0 0.68125 0.23046875 0.015625 0.01953125
0 0.8 0.09375 0.015625 0.01953125
0 0.853125 0.080078125 0.015625 0.01953125
0 0.971875 0.07421875 0.015625 0.01953125
0 0.9859375 0.06640625 0.015625 0.01953125
0 0.325 0.919921875 0.015625 0.01953125
0 0.640625 0.93359375 0.015625 0.01953125
0 0.615625 0.923828125 0.015625 0.01953125
0 0.2390625 0.3125 0.015625 0.01953125
0 0.5078125 0.236328125 0.015625 0.01953125
0 0.5046875 0.1953125 0.015625 0.01953125
0 0.734375 0.251953125 0.015625 0.01953125
0 0.9125 0.384765625 0.015625 0.01953125
0 0.95 0.9296875 0.015625 0.01953125
0 0.3515625 0.78515625 0.015625 0.01953125
0 0.2578125 0.849609375 0.015625 0.01953125
0 0.184375 0.869140625 0.015625 0.01953125
0 0.2046875 0.888671875 0.015625 0.01953125
0 0.3015625 0.45703125 0.015625 0.01953125
0 0.0671875 0.740234375 0.015625 0.01953125
0 0.8171875 0.001953125 0.015625 0.01953125
0 0.8609375 0.068359375 0.015625 0.01953125
0 0.8734375 0.056640625 0.015625 0.01953125
0 0.8859375 0.0625 0.015625 0.01953125
0 0.9015625 0.080078125 0.015625 0.01953125
0 0.734375 0.146484375 0.015625 0.01953125
0 0.73125 0.125 0.015625 0.01953125
0 0.7421875 0.51953125 0.015625 0.01953125
0 0.1140625 0.744140625 0.015625 0.01953125
0 0.40625 0.36328125 0.015625 0.01953125
0 0.025 0.46875 0.015625 0.01953125
0 0.0109375 0.607421875 0.015625 0.01953125
0 0.871875 0.6328125 0.015625 0.01953125
0 0.884375 0.615234375 0.015625 0.01953125
0 0.6734375 0.041015625 0.015625 0.01953125
0 0.6203125 0.04296875 0.015625 0.01953125
0 0.9921875 0.09765625 0.015625 0.01953125
0 0.9765625 0.326171875 0.015625 0.01953125
0 0.9125 0.265625 0.015625 0.01953125
0 0.9203125 0.2421875 0.015625 0.01953125
0 0.946875 0.306640625 0.015625 0.01953125
0 0.5234375 0.578125 0.015625 0.01953125
0 0.275 0.61328125 0.015625 0.01953125
0 0.16875 0.046875 0.015625 0.01953125
0 0.084375 0.93359375 0.015625 0.01953125
