0 0.5078125 0.5390625 0.015625 0.01953125
0 0.54375 0.494140625 0.015625 0.01953125
0 0.6390625 0.447265625 0.015625 0.01953125
0 0.6359375 0.51953125 0.015625 0.01953125
0 0.6984375 0.5234375 0.015625 0.01953125
0 0.678125 0.638671875 0.015625 0.01953125
0 0.75 0.697265625 0.015625 0.01953125
0 0.540625 0.828125 0.015625 0.01953125
0 0.6421875 0.953125 0.015625 0.01953125
0 0.5015625 0.630859375 0.015625 0.01953125
0 0.296875 0.4921875 0.015625 0.01953125
0 0.303125 0.474609375 0.015625 0.01953125
0 0.1703125 0.4453125 0.015625 0.01953125
0 0.1515625 0.447265625 0.015625 0.01953125
0 0.1546875 0.43359375 0.015625 0.01953125
0 0.4203125 0.333984375 0.015625 0.01953125
0 0.6109375 0.349609375 0.015625 0.01953125
0 0.715625 0.271484375 0.015625 0.01953125
0 0.825 0.248046875 0.015625 0.01953125
0 0.8625 0.818359375 0.015625 0.01953125
0 0.9109375 0.880859375 0.015625 0.01953125
0 0.96875 0.908203125 0.015625 0.01953125
0 0.93125 0.578125 0.015625 0.01953125
0 0.9015625 0.521484375 0.015625 0.01953125
0 0.7390625 0.400390625 0.015625 0.01953125
0 0.296875 0.875 0.015625 0.01953125
0 0.253125 0.890625 0.015625 0.01953125
0 0.31875 0.962890625 0.015625 0.01953125
0 0.13125 0.86328125 0.015625 0.01953125
0 0.4296875 0.544921875 0.015625 0.01953125
0 0.428125 0.599609375 0.015625 0.01953125
0 0.6703125 0.390625 0.015625 0.01953125
0 0.709375 0.40234375 0.015625 0.01953125
0 0.7046875 0.419921875 0.015625 0.01953125
0 0.8828125 0.392578125 0.015625 0.01953125
0 0.8921875 0.291015625 0.015625 0.01953125
0 0.9359375 0.32421875 0.015625 0.01953125
0 0.9578125 0.341796875 0.015625 0.01953125
0 0.9578125 0.326171875 0.015625 0.01953125
0 0.828125 0.177734375 0.015625 0.01953125
0 0.8328125 0.162109375 0.015625 0.01953125
0 0.96875 0.08984375 0.015625 0.01953125
0 0.8 0.0859375 0.015625 0.01953125
0 0.5109375 0.13671875 0.015625 0.01953125
0 0.49375 0.09375 0.015625 0.01953125
0 0.390625 0.203125 0.015625 0.01953125
0 0.4171875 0.248046875 0.015625 0.01953125
0 0.6375 0.20703125 0.015625 0.01953125
0 0.7390625 0.134765625 0.015625 0.01953125
0 0.7234375 0.173828125 0.015625 0.01953125
0 0.7671875 0.01171875 0.015625 0.01953125
0 0.7671875 0.01171875 0.015625 0.01953125
0 0.675 0.23046875 0.015625 0.01953125
0 0.5546875 0.166015625 0.015625 0.01953125
0 0.5078125 0.2421875 0.015625 0.01953125
0 0.453125 0.22265625 0.015625 0.01953125
0 0.5203125 0.23046875 0.015625 0.01953125
0 0.340625 0.8203125 0.015625 0.01953125
0 0.303125 0.689453125 0.015625 0.01953125
0 0.490625 0.3046875 0.015625 0.01953125
0 0.434375 0.3984375 0.015625 0.01953125
0 0.40625 0.376953125 0.015625 0.01953125
0 0.2390625 0.326171875 0.015625 0.01953125
0 0.8484375 0.078125 0.015625 0.01953125
0 0.8546875 0.064453125 0.015625 0.01953125
0 0.9890625 0.11328125 0.015625 0.01953125
0 0.8765625 0.623046875 0.015625 0.01953125
0 0.8765625 0.623046875 0.015625 0.01953125
0 0.875 0.6484375 0.015625 0.01953125
0 0.478125 0.609375 0.015625 0.01953125
0 0.7015625 0.357421875 0.015625 0.01953125
0 0.6890625 0.345703125 0.015625 0.01953125
0 0.678125 0.330078125 0.015625 0.01953125
0 0.9078125 0.09375 0.015625 0.01953125
0 0.8890625 0.109375 0.015625 0.01953125
0 0.88125 0.068359375 0.015625 0.01953125
0 0.865625 0.052734375 0.015625 0.01953125
0 0.0765625 0.94921875 0.015625 0.01953125
0 0.009375 0.638671875 0.015625 0.01953125
0 0.06875 0.75 0.015625 0.01953125
0 0.246875 0.955078125 0.015625 0.01953125
0 0.2765625 0.95703125 0.015625 0.01953125
0 0.209375 0.888671875 0.015625 0.01953125
0 0.1921875 0.873046875 0.015625 0.01953125
0 0.175 0.87109375 0.015625 0.01953125
0 0.671875 0.048828125 0.015625 0.01953125
0 0.6171875 0.044921875 0.015625 0.01953125
0 0.040625 0.482421875 0.015625 0.01953125
0 0.278125 0.611328125 0.015625 0.01953125
0 0.1015625 0.509765625 0.015625 0.01953125
0 0.1 0.4765625 0.015625 0.01953125
0 0.090625 0.6875 0.015625 0.01953125
0 0.0890625 0.708984375 0.015625 0.01953125
0 0.090625 0.7734375 0.015625 0.01953125
0 0.084375 0.806640625 0.015625 0.01953125
0 0.084375 0.91796875 0.015625 0.01953125
