0 0.4421875 0.029296875 0.015625 0.01953125
0 0.4390625 0.00390625 0.015625 0.01953125
0 0.4609375 0.0 0.015625 0.01953125
0 0.496875 0.03515625 0.015625 0.01953125
0 0.496875 0.138671875 0.015625 0.01953125
0 0.54375 0.099609375 0.015625 0.01953125
0 0.578125 0.134765625 0.015625 0.01953125
0 0.40625 0.3046875 0.015625 0.01953125
0 0.4046875 0.283203125 0.015625 0.01953125
0 0.4640625 0.31640625 0.015625 0.01953125
0 0.4953125 0.34765625 0.015625 0.01953125
0 0.525 0.435546875 0.015625 0.01953125
0 0.703125 0.3359375 0.015625 0.01953125
0 0.675 0.31640625 0.015625 0.01953125
0 0.7296875 0.23046875 0.015625 0.01953125
0 0.875 0.19921875 0.015625 0.01953125
0 0.934375 0.181640625 0.015625 0.01953125
0 0.9625 0.16796875 0.015625 0.01953125
0 0.9796875 0.232421875 0.015625 0.01953125
0 0.8578125 0.578125 0.015625 0.01953125
0 0.871875 0.5625 0.015625 0.01953125
0 0.8953125 0.669921875 0.015625 0.01953125
0 0.9640625 0.625 0.015625 0.01953125
0 0.9640625 0.642578125 0.015625 0.01953125
0 0.99375 0.73828125 0.015625 0.01953125
0 0.9890625 0.765625 0.015625 0.01953125
0 0.9859375 0.95703125 0.015625 0.01953125
0 0.7640625 0.9609375 0.015625 0.01953125
0 0.715625 0.8515625 0.015625 0.01953125
0 0.5953125 0.77734375 0.015625 0.01953125
0 0.559375 0.900390625 0.015625 0.01953125
0 0.5859375 0.955078125 0.015625 0.01953125
0 0.4765625 0.921875 0.015625 0.01953125
0 0.4015625 0.671875 0.015625 0.01953125
0 0.325 0.638671875 0.015625 0.01953125
0 0.2296875 0.845703125 0.015625 0.01953125
0 0.08125 0.82421875 0.015625 0.01953125
0 0.203125 0.546875 0.015625 0.01953125
0 0.265625 0.55859375 0.015625 0.01953125
0 0.390625 0.505859375 0.015625 0.01953125
0 0.3765625 0.369140625 0.015625 0.01953125
0 0.059375 0.572265625 0.015625 0.01953125
0 0.653125 0.091796875 0.015625 0.01953125
0 0.64375 0.08984375 0.015625 0.01953125
0 0.4046875 0.041015625 0.015625 0.01953125
0 0.4171875 0.03515625 0.015625 0.01953125
0 0.403125 0.03515625 0.015625 0.01953125
0 0.3828125 0.02734375 0.015625 0.01953125
0 0.396875 0.021484375 0.015625 0.01953125
0 0.2328125 0.099609375 0.015625 0.01953125
0 0.265625 0.02734375 0.015625 0.01953125
0 0.1875 0.1953125 0.015625 0.01953125
0 0.2328125 0.412109375 0.015625 0.01953125
0 0.2546875 0.404296875 0.015625 0.01953125
0 0.28125 0.396484375 0.015625 0.01953125
0 0.234375 0.328125 0.015625 0.01953125
0 0.2828125 0.25390625 0.015625 0.01953125
0 0.3390625 0.291015625 0.015625 0.01953125
0 0.51875 0.240234375 0.015625 0.01953125
0 0.5421875 0.224609375 0.015625 0.01953125
0 0.546875 0.255859375 0.015625 0.01953125
0 0.625 0.294921875 0.015625 0.01953125
0 0.646875 0.26953125 0.015625 0.01953125
0 0.7921875 0.189453125 0.015625 0.01953125
0 0.3921875 0.4140625 0.015625 0.01953125
0 0.16875 0.42578125 0.015625 0.01953125
0 0.253125 0.482421875 0.015625 0.01953125
0 0.175 0.529296875 0.015625 0.01953125
0 0.0734375 0.625 0.015625 0.01953125
0 0.0234375 0.69921875 0.015625 0.01953125
0 0.009375 0.55078125 0.015625 0.01953125
0 0.13125 0.42578125 0.015625 0.01953125
0 0.065625 0.3046875 0.015625 0.01953125
0 0.15 0.216796875 0.015625 0.01953125
0 0.4765625 0.60546875 0.015625 0.01953125
0 0.5203125 0.62109375 0.015625 0.01953125
0 0.5109375 0.666015625 0.015625 0.01953125
0 0.1296875 0.552734375 0.015625 0.01953125
0 0.078125 0.283203125 0.015625 0.01953125
0 0.675 0.087890625 0.015625 0.01953125
0 0.9859375 0.111328125 0.015625 0.01953125
0 0.153125 0.265625 0.015625 0.01953125
0 0.1234375 0.205078125 0.015625 0.01953125
0 0.0984375 0.197265625 0.015625 0.01953125
0 0.1421875 0.185546875 0.015625 0.01953125
0 0.690625 0.091796875 0.015625 0.01953125
0 0.94375 0.103515625 0.015625 0.01953125
0 0.9140625 0.09375 0.015625 0.01953125
0 0.9 0.091796875 0.015625 0.01953125
0 0.834375 0.06640625 0.015625 0.01953125
0 0.8203125 0.068359375 0.015625 0.01953125
0 0.775 0.08984375 0.015625 0.01953125
0 0.75 0.09375 0.015625 0.01953125
0 0.753125 0.677734375 0.015625 0.01953125
0 0.5296875 0.375 0.015625 0.01953125
0 0.9703125 0.486328125 0.015625 0.01953125
0 0.884375 0.306640625 0.015625 0.01953125
0 0.8609375 0.322265625 0.015625 0.01953125
0 0.5890625 0.3359375 0.015625 0.01953125
0 0.7609375 0.841796875 0.015625 0.01953125
0 0.6640625 0.974609375 0.015625 0.01953125
0 0.65625 0.986328125 0.015625 0.01953125
0 0.284375 0.544921875 0.015625 0.01953125
0 0.28125 0.529296875 0.015625 0.01953125
0 0.053125 0.60546875 0.015625 0.01953125
0 0.8625 0.095703125 0.015625 0.01953125
0 0.875 0.056640625 0.015625 0.01953125
0 0.771875 0.828125 0.015625 0.01953125
0 0.0484375 0.216796875 0.015625 0.01953125
0 0.01875 0.203125 0.015625 0.01953125
0 0.165625 0.06640625 0.015625 0.01953125
0 0.046875 0.34765625 0.015625 0.01953125
0 0.31875 0.041015625 0.015625 0.01953125
0 0.3140625 0.029296875 0.015625 0.01953125
0 0.1640625 0.201171875 0.015625 0.01953125
