0 0.1953125 0.0859375 0.015625 0.01953125
0 0.234375 0.103515625 0.015625 0.01953125
0 0.228125 0.361328125 0.015625 0.01953125
0 0.2796875 0.2890625 0.015625 0.01953125
0 0.33125 0.31640625 0.015625 0.01953125
0 0.4 0.330078125 0.015625 0.01953125
0 0.3921875 0.302734375 0.015625 0.01953125
0 0.2703125 0.5859375 0.015625 0.01953125
0 0.3375 0.65625 0.015625 0.01953125
0 0.4171875 0.533203125 0.015625 0.01953125
0 0.23125 0.439453125 0.015625 0.01953125
0 0.2078125 0.583984375 0.015625 0.01953125
0 0.084375 0.84765625 0.015625 0.01953125
0 0.3484375 0.41796875 0.015625 0.01953125
0 0.4953125 0.373046875 0.015625 0.01953125
0 0.5265625 0.443359375 0.015625 0.01953125
0 0.6203125 0.31640625 0.015625 0.01953125
0 0.6109375 0.294921875 0.015625 0.01953125
0 0.71875 0.25390625 0.015625 0.01953125
0 0.675 0.3671875 0.015625 0.01953125
0 0.4875 0.646484375 0.015625 0.01953125
0 0.6 0.78515625 0.015625 0.01953125
0 0.490625 0.951171875 0.015625 0.01953125
0 0.2390625 0.87109375 0.015625 0.01953125
0 0.409375 0.693359375 0.015625 0.01953125
0 0.071875 0.662109375 0.015625 0.01953125
0 0.1609375 0.572265625 0.015625 0.01953125
0 0.0515625 0.64453125 0.015625 0.01953125
0 0.0359375 0.626953125 0.015625 0.01953125
0 0.403125 0.4375 0.015625 0.01953125
0 0.4578125 0.34375 0.015625 0.01953125
0 0.5734375 0.91796875 0.015625 0.01953125
0 0.75625 0.681640625 0.015625 0.01953125
0 0.5375 0.392578125 0.015625 0.01953125
0 0.58125 0.3515625 0.015625 0.01953125
0 0.5390625 0.271484375 0.015625 0.01953125
0 0.45 0.060546875 0.015625 0.01953125
0 0.8609375 0.21484375 0.015625 0.01953125
0 0.9296875 0.197265625 0.015625 0.01953125
0 0.9734375 0.251953125 0.015625 0.01953125
0 0.878125 0.326171875 0.015625 0.01953125
0 0.8640625 0.607421875 0.015625 0.01953125
0 0.875 0.59765625 0.015625 0.01953125
0 0.7328125 0.8515625 0.015625 0.01953125
0 0.128125 0.466796875 0.015625 0.01953125
0 0.4484375 0.0390625 0.015625 0.01953125
0 0.4640625 0.03515625 0.015625 0.01953125
0 0.503125 0.03515625 0.015625 0.01953125
0 0.765625 0.96484375 0.015625 0.01953125
0 0.20625 0.224609375 0.015625 0.01953125
0 0.1703125 0.462890625 0.015625 0.01953125
0 0.1671875 0.599609375 0.015625 0.01953125
0 0.1140625 0.61328125 0.015625 0.01953125
0 0.2828125 0.56640625 0.015625 0.01953125
0 0.28125 0.55078125 0.015625 0.01953125
0 0.9734375 0.658203125 0.015625 0.01953125
0 0.96875 0.642578125 0.015625 0.01953125
0 0.89375 0.68359375 0.015625 0.01953125
0 0.7703125 0.845703125 0.015625 0.01953125
0 0.675 0.994140625 0.015625 0.01953125
0 0.53125 0.630859375 0.015625 0.01953125
0 0.0359375 0.73828125 0.015625 0.01953125
0 0.053125 0.234375 0.015625 0.01953125
0 0.6640625 0.109375 0.015625 0.01953125
0 0.6515625 0.107421875 0.015625 0.01953125
0 0.39375 0.0546875 0.015625 0.01953125
0 0.2453125 0.51171875 0.015625 0.01953125
0 0.6890625 0.109375 0.015625 0.01953125
0 0.703125 0.109375 0.015625 0.01953125
0 0.7859375 0.107421875 0.015625 0.01953125
0 0.753125 0.107421875 0.015625 0.01953125
0 0.721875 0.109375 0.015625 0.01953125
0 0.84375 0.083984375 0.015625 0.01953125
0 0.828125 0.087890625 0.015625 0.01953125
0 0.80625 0.083984375 0.015625 0.01953125
0 0.9546875 0.12109375 0.015625 0.01953125
0 0.9234375 0.115234375 0.015625 0.01953125
0 0.9796875 0.15234375 0.015625 0.01953125
0 0.1609375 0.236328125 0.015625 0.01953125
0 0.165625 0.287109375 0.015625 0.01953125
0 0.3078125 0.376953125 0.015625 0.01953125
0 0.4109375 0.05859375 0.015625 0.01953125
0 0.8703125 0.115234375 0.015625 0.01953125
0 0.9125 0.109375 0.015625 0.01953125
0 0.9046875 0.115234375 0.015625 0.01953125
0 0.8859375 0.07421875 0.015625 0.01953125
0 0.9015625 0.16796875 0.015625 0.01953125
0 0.54375 0.107421875 0.015625 0.01953125
0 0.5265625 0.16015625 0.015625 0.01953125
0 0.171875 0.220703125 0.015625 0.01953125
0 0.15625 0.208984375 0.015625 0.01953125
0 0.05625 0.36328125 0.015625 0.01953125
0 0.0234375 0.220703125 0.015625 0.01953125
0 0.984375 0.50390625 0.015625 0.01953125
0 0.5234375 0.234375 0.015625 0.01953125
0 0.8515625 0.337890625 0.015625 0.01953125
0 0.075 0.326171875 0.015625 0.01953125
0 0.0921875 0.302734375 0.015625 0.01953125
0 0.275 0.044921875 0.015625 0.01953125
0 0.6703125 0.333984375 0.015625 0.01953125
0 0.771875 0.197265625 0.015625 0.01953125
0 0.959375 0.18359375 0.015625 0.01953125
0 0.015625 0.587890625 0.015625 0.01953125
0 0.328125 0.05859375 0.015625 0.01953125
0 0.3234375 0.048828125 0.015625 0.01953125
0 0.10625 0.212890625 0.015625 0.01953125
0 0.115625 0.27734375 0.015625 0.01953125
0 0.5265625 0.68359375 0.015625 0.01953125
