0 0.7734375 0.8515625 0.015625 0.01953125
0 0.271875 0.607421875 0.015625 0.01953125
0 0.4390625 0.55078125 0.015625 0.01953125
0 0.3421875 0.66015625 0.015625 0.01953125
0 0.4171875 0.703125 0.015625 0.01953125
0 0.49375 0.669921875 0.015625 0.01953125
0 0.534375 0.4375 0.015625 0.01953125
0 0.653125 0.388671875 0.015625 0.01953125
0 0.2109375 0.599609375 0.015625 0.01953125
0 0.1578125 0.59765625 0.015625 0.01953125
0 0.2328125 0.462890625 0.015625 0.01953125
0 0.3265625 0.33203125 0.015625 0.01953125
0 0.2234375 0.37890625 0.015625 0.01953125
0 0.1234375 0.48046875 0.015625 0.01953125
0 0.0515625 0.673828125 0.015625 0.01953125
0 0.0734375 0.6796875 0.015625 0.01953125
0 0.028125 0.755859375 0.015625 0.01953125
0 0.0234375 0.669921875 0.015625 0.01953125
0 0.0140625 0.607421875 0.015625 0.01953125
0 0.08125 0.865234375 0.015625 0.01953125
0 0.2546875 0.892578125 0.015625 0.01953125
0 0.4984375 0.966796875 0.015625 0.01953125
0 0.578125 0.9296875 0.015625 0.01953125
0 0.60625 0.78125 0.015625 0.01953125
0 0.7625 0.681640625 0.015625 0.01953125
0 0.8671875 0.625 0.015625 0.01953125
0 0.88125 0.6171875 0.015625 0.01953125
0 0.8921875 0.689453125 0.015625 0.01953125
0 0.9796875 0.650390625 0.015625 0.01953125
0 0.9828125 0.66796875 0.015625 0.01953125
0 0.85 0.220703125 0.015625 0.01953125
0 0.9640625 0.26171875 0.015625 0.01953125
0 0.9265625 0.205078125 0.015625 0.01953125
0 0.7109375 0.255859375 0.015625 0.01953125
0 0.615625 0.326171875 0.015625 0.01953125
0 0.49375 0.3828125 0.015625 0.01953125
0 0.5359375 0.283203125 0.015625 0.01953125
0 0.5328125 0.26171875 0.015625 0.01953125
0 0.19375 0.244140625 0.015625 0.01953125
0 0.4578125 0.080078125 0.015625 0.01953125
0 0.45625 0.05859375 0.015625 0.01953125
0 0.4734375 0.05078125 0.015625 0.01953125
0 0.5078125 0.02734375 0.015625 0.01953125
0 0.4046875 0.0703125 0.015625 0.01953125
0 0.2796875 0.0546875 0.015625 0.01953125
0 0.240625 0.103515625 0.015625 0.01953125
0 0.084375 0.333984375 0.015625 0.01953125
0 0.15 0.63671875 0.015625 0.01953125
0 0.109375 0.646484375 0.015625 0.01953125
0 0.334375 0.443359375 0.015625 0.01953125
0 0.7453125 0.841796875 0.015625 0.01953125
0 0.39375 0.341796875 0.015625 0.01953125
0 0.39375 0.32421875 0.015625 0.01953125
0 0.4125 0.4453125 0.015625 0.01953125
0 0.93125 0.12109375 0.015625 0.01953125
0 0.91875 0.119140625 0.015625 0.01953125
0 0.9078125 0.126953125 0.015625 0.01953125
0 0.9640625 0.130859375 0.015625 0.01953125
0 0.8375 0.09375 0.015625 0.01953125
0 0.8515625 0.091796875 0.015625 0.01953125
0 0.79375 0.1171875 0.015625 0.01953125
0 0.53125 0.232421875 0.015625 0.01953125
0 0.546875 0.169921875 0.015625 0.01953125
0 0.54375 0.107421875 0.015625 0.01953125
0 0.765625 0.958984375 0.015625 0.01953125
0 0.4609375 0.361328125 0.015625 0.01953125
0 0.334375 0.06640625 0.015625 0.01953125
0 0.33125 0.0546875 0.015625 0.01953125
0 0.0640625 0.244140625 0.015625 0.01953125
0 0.165625 0.484375 0.015625 0.01953125
0 0.953125 0.18359375 0.015625 0.01953125
0 0.890625 0.17578125 0.015625 0.01953125
0 0.990625 0.15625 0.015625 0.01953125
0 0.7296875 0.119140625 0.015625 0.01953125
0 0.2046875 0.09765625 0.015625 0.01953125
0 0.259375 0.42578125 0.015625 0.01953125
0 0.2453125 0.53515625 0.015625 0.01953125
0 0.178125 0.296875 0.015625 0.01953125
0 0.16875 0.24609375 0.015625 0.01953125
0 0.18125 0.23046875 0.015625 0.01953125
0 0.1484375 0.24609375 0.015625 0.01953125
0 0.2125 0.236328125 0.015625 0.01953125
0 0.28125 0.576171875 0.015625 0.01953125
0 0.2828125 0.5625 0.015625 0.01953125
0 0.5828125 0.310546875 0.015625 0.01953125
0 0.546875 0.400390625 0.015625 0.01953125
0 0.578125 0.36328125 0.015625 0.01953125
0 0.696875 0.115234375 0.015625 0.01953125
0 0.6734375 0.119140625 0.015625 0.01953125
0 0.6625 0.1171875 0.015625 0.01953125
0 0.53125 0.654296875 0.015625 0.01953125
0 0.2765625 0.310546875 0.015625 0.01953125
0 0.8453125 0.34765625 0.015625 0.01953125
0 0.8765625 0.34375 0.015625 0.01953125
0 0.6375 0.091796875 0.015625 0.01953125
0 0.625 0.091796875 0.015625 0.01953125
0 0.709375 0.119140625 0.015625 0.01953125
0 0.7640625 0.119140625 0.015625 0.01953125
0 0.096875 0.3125 0.015625 0.01953125
0 0.1328125 0.2890625 0.015625 0.01953125
0 0.1125 0.2265625 0.015625 0.01953125
0 0.596875 0.162109375 0.015625 0.01953125
0 0.665625 0.34375 0.015625 0.01953125
0 0.7546875 0.205078125 0.015625 0.01953125
