0 0.25625 0.435546875 0.015625 0.01953125
0 0.3234375 0.33984375 0.015625 0.01953125
0 0.228125 0.478515625 0.015625 0.01953125
0 0.209375 0.609375 0.015625 0.01953125
0 0.1484375 0.611328125 0.015625 0.01953125
0 0.1390625 0.6640625 0.015625 0.01953125
0 0.1046875 0.673828125 0.015625 0.01953125
0 0.0734375 0.693359375 0.015625 0.01953125
0 0.0484375 0.685546875 0.015625 0.01953125
0 0.0140625 0.697265625 0.015625 0.01953125
0 0.3484375 0.6640625 0.015625 0.01953125
0 0.4234375 0.705078125 0.015625 0.01953125
0 0.2734375 0.615234375 0.015625 0.01953125
0 0.3890625 0.3515625 0.015625 0.01953125
0 0.3828125 0.328125 0.015625 0.01953125
0 0.609375 0.775390625 0.015625 0.01953125
0 0.7609375 0.68359375 0.015625 0.01953125
0 0.753125 0.83203125 0.015625 0.01953125
0 0.8703125 0.638671875 0.015625 0.01953125
0 0.8875 0.634765625 0.015625 0.01953125
0 0.8890625 0.693359375 0.015625 0.01953125
0 0.9828125 0.654296875 0.015625 0.01953125
0 0.4609375 0.072265625 0.015625 0.01953125
0 0.2875 0.060546875 0.015625 0.01953125
0 0.209375 0.1015625 0.015625 0.01953125
0 0.609375 0.328125 0.015625 0.01953125
0 0.565625 0.322265625 0.015625 0.01953125
0 0.7046875 0.267578125 0.015625 0.01953125
0 0.840625 0.22265625 0.015625 0.01953125
0 0.534375 0.43359375 0.015625 0.01953125
0 0.5515625 0.404296875 0.015625 0.01953125
0 0.6328125 0.40234375 0.015625 0.01953125
0 0.1203125 0.5 0.015625 0.01953125
0 0.08125 0.876953125 0.015625 0.01953125
0 0.2609375 0.91015625 0.015625 0.01953125
0 0.5015625 0.98046875 0.015625 0.01953125
0 0.1609375 0.5 0.015625 0.01953125
0 0.2359375 0.546875 0.015625 0.01953125
0 0.0890625 0.33984375 0.015625 0.01953125
0 0.1046875 0.318359375 0.015625 0.01953125
0 0.2171875 0.2421875 0.015625 0.01953125
0 0.16875 0.248046875 0.015625 0.01953125
0 0.4640625 0.015625 0.015625 0.01953125
0 0.50625 0.021484375 0.015625 0.01953125
0 0.21875 0.392578125 0.015625 0.01953125
0 0.284375 0.5859375 0.015625 0.01953125
0 0.3171875 0.466796875 0.015625 0.01953125
0 0.4875 0.388671875 0.015625 0.01953125
0 0.5609375 0.17578125 0.015625 0.01953125
0 0.54375 0.1015625 0.015625 0.01953125
0 0.7953125 0.12109375 0.015625 0.01953125
0 0.965625 0.13671875 0.015625 0.01953125
0 0.9234375 0.201171875 0.015625 0.01953125
0 0.946875 0.19140625 0.015625 0.01953125
0 0.959375 0.263671875 0.015625 0.01953125
0 0.875 0.349609375 0.015625 0.01953125
0 0.84375 0.357421875 0.015625 0.01953125
0 0.5765625 0.365234375 0.015625 0.01953125
0 0.6609375 0.353515625 0.015625 0.01953125
0 0.49375 0.6796875 0.015625 0.01953125
0 0.528125 0.66015625 0.015625 0.01953125
0 0.8578125 0.09765625 0.015625 0.01953125
0 0.93125 0.1328125 0.015625 0.01953125
0 0.1859375 0.234375 0.015625 0.01953125
0 0.584375 0.931640625 0.015625 0.01953125
0 0.765625 0.9453125 0.015625 0.01953125
0 0.4078125 0.44921875 0.015625 0.01953125
0 0.45625 0.560546875 0.015625 0.01953125
0 0.071875 0.376953125 0.015625 0.01953125
0 0.18125 0.302734375 0.015625 0.01953125
0 0.5296875 0.287109375 0.015625 0.01953125
0 0.5375 0.224609375 0.015625 0.01953125
0 0.246875 0.103515625 0.015625 0.01953125
0 0.340625 0.072265625 0.015625 0.01953125
0 0.3375 0.05859375 0.015625 0.01953125
0 0.0671875 0.25 0.015625 0.01953125
0 0.0203125 0.234375 0.015625 0.01953125
0 0.0109375 0.619140625 0.015625 0.01953125
0 0.4328125 0.087890625 0.015625 0.01953125
0 0.4234375 0.0859375 0.015625 0.01953125
0 0.4046875 0.07421875 0.015625 0.01953125
0 0.7375 0.203125 0.015625 0.01953125
0 0.7796875 0.853515625 0.015625 0.01953125
0 0.784375 0.83984375 0.015625 0.01953125
0 0.1171875 0.232421875 0.015625 0.01953125
0 0.2765625 0.57421875 0.015625 0.01953125
0 0.459375 0.37109375 0.015625 0.01953125
0 0.64375 0.099609375 0.015625 0.01953125
0 0.7640625 0.119140625 0.015625 0.01953125
0 0.73125 0.12109375 0.015625 0.01953125
0 0.7015625 0.1171875 0.015625 0.01953125
0 0.6765625 0.119140625 0.015625 0.01953125
0 0.1921875 0.251953125 0.015625 0.01953125
0 0.278125 0.3203125 0.015625 0.01953125
0 0.1703125 0.21875 0.015625 0.01953125
0 0.8421875 0.099609375 0.015625 0.01953125
0 0.8203125 0.103515625 0.015625 0.01953125
0 0.9234375 0.119140625 0.015625 0.01953125
0 0.9109375 0.1328125 0.015625 0.01953125
0 0.8859375 0.12890625 0.015625 0.01953125
0 0.2640625 0.421875 0.015625 0.01953125
0 0.5375 0.642578125 0.015625 0.01953125
0 0.478125 0.060546875 0.015625 0.01953125
