0 0.3765625 0.369140625 0.015625 0.01953125
0 0.46875 0.05078125 0.015625 0.01953125
0 0.8140625 0.232421875 0.015625 0.01953125
0 0.940625 0.27734375 0.015625 0.01953125
0 0.9890625 0.2421875 0.015625 0.01953125
0 0.9078125 0.212890625 0.015625 0.01953125
0 0.515625 0.34765625 0.015625 0.01953125
0 0.5984375 0.341796875 0.015625 0.01953125
0 0.584375 0.427734375 0.015625 0.01953125
0 0.54375 0.421875 0.015625 0.01953125
0 0.2078125 0.630859375 0.015625 0.01953125
0 0.1359375 0.650390625 0.015625 0.01953125
0 0.0703125 0.724609375 0.015625 0.01953125
0 0.040625 0.73046875 0.015625 0.01953125
0 0.1453125 0.53515625 0.015625 0.01953125
0 0.3078125 0.361328125 0.015625 0.01953125
0 0.26875 0.34765625 0.015625 0.01953125
0 0.3546875 0.673828125 0.015625 0.01953125
0 0.43125 0.716796875 0.015625 0.01953125
0 0.6125 0.76171875 0.015625 0.01953125
0 0.5 0.71875 0.015625 0.01953125
0 0.765625 0.810546875 0.015625 0.01953125
0 0.878125 0.662109375 0.015625 0.01953125
0 0.89375 0.6640625 0.015625 0.01953125
0 0.9921875 0.669921875 0.015625 0.01953125
0 0.878125 0.701171875 0.015625 0.01953125
0 0.4890625 0.583984375 0.015625 0.01953125
0 0.2703125 0.59375 0.015625 0.01953125
0 0.2875 0.59375 0.015625 0.01953125
0 0.2796875 0.513671875 0.015625 0.01953125
0 0.253125 0.447265625 0.015625 0.01953125
0 0.2171875 0.580078125 0.015625 0.01953125
0 0.00625 0.6484375 0.015625 0.01953125
0 0.0203125 0.650390625 0.015625 0.01953125
0 0.0265625 0.806640625 0.015625 0.01953125
0 0.1078125 0.724609375 0.015625 0.01953125
0 0.090625 0.728515625 0.015625 0.01953125
0 0.0796875 0.8984375 0.015625 0.01953125
0 0.28125 0.9296875 0.015625 0.01953125
0 0.5890625 0.94140625 0.015625 0.01953125
0 0.7671875 0.927734375 0.015625 0.01953125
0 0.7859375 0.841796875 0.015625 0.01953125
0 0.6875 0.28515625 0.015625 0.01953125
0 0.7015625 0.212890625 0.015625 0.01953125
0 0.5890625 0.1875 0.015625 0.01953125
0 0.5453125 0.212890625 0.015625 0.01953125
0 0.221875 0.255859375 0.015625 0.01953125
0 0.18125 0.2578125 0.015625 0.01953125
0 0.215625 0.109375 0.015625 0.01953125
0 0.078125 0.2578125 0.015625 0.01953125
0 0.09375 0.349609375 0.015625 0.01953125
0 0.1078125 0.533203125 0.015625 0.01953125
0 0.203125 0.41796875 0.015625 0.01953125
0 0.2234375 0.501953125 0.015625 0.01953125
0 0.48125 0.41015625 0.015625 0.01953125
0 0.6484375 0.365234375 0.015625 0.01953125
0 0.8625 0.36328125 0.015625 0.01953125
0 0.9859375 0.337890625 0.015625 0.01953125
0 0.8171875 0.359375 0.015625 0.01953125
0 0.515625 0.296875 0.015625 0.01953125
0 0.5140625 0.279296875 0.015625 0.01953125
0 0.4671875 0.099609375 0.015625 0.01953125
0 0.4671875 0.099609375 0.015625 0.01953125
0 0.465625 0.1171875 0.015625 0.01953125
0 0.4828125 0.091796875 0.015625 0.01953125
0 0.5453125 0.08984375 0.015625 0.01953125
0 0.434375 0.1171875 0.015625 0.01953125
0 0.415625 0.099609375 0.015625 0.01953125
0 0.8078125 0.126953125 0.015625 0.01953125
0 0.9421875 0.142578125 0.015625 0.01953125
0 0.975 0.142578125 0.015625 0.01953125
0 0.4203125 0.462890625 0.015625 0.01953125
0 0.371875 0.3515625 0.015625 0.01953125
0 0.278125 0.64453125 0.015625 0.01953125
0 0.6515625 0.109375 0.015625 0.01953125
0 0.4484375 0.384765625 0.015625 0.01953125
0 0.765625 0.67578125 0.015625 0.01953125
0 0.5375 0.6640625 0.015625 0.01953125
0 0.553125 0.65234375 0.015625 0.01953125
0 0.028125 0.251953125 0.015625 0.01953125
0 0.19375 0.244140625 0.015625 0.01953125
0 0.1953125 0.244140625 0.015625 0.01953125
0 0.1953125 0.314453125 0.015625 0.01953125
0 0.1609375 0.3046875 0.015625 0.01953125
0 0.1296875 0.240234375 0.015625 0.01953125
0 0.246875 0.095703125 0.015625 0.01953125
0 0.2953125 0.0703125 0.015625 0.01953125
0 0.35 0.080078125 0.015625 0.01953125
0 0.253125 0.052734375 0.015625 0.01953125
0 0.571875 0.12109375 0.015625 0.01953125
0 0.5875 0.111328125 0.015625 0.01953125
0 0.0109375 0.517578125 0.015625 0.01953125
0 0.003125 0.5 0.015625 0.01953125
0 0.08125 0.38671875 0.015625 0.01953125
0 0.778125 0.853515625 0.015625 0.01953125
0 0.5703125 0.380859375 0.015625 0.01953125
0 0.559375 0.416015625 0.015625 0.01953125
0 0.884375 0.173828125 0.015625 0.01953125
0 0.7703125 0.125 0.015625 0.01953125
0 0.6875 0.1328125 0.015625 0.01953125
0 0.6734375 0.12890625 0.015625 0.01953125
0 0.8640625 0.107421875 0.015625 0.01953125
0 0.85 0.109375 0.015625 0.01953125
0 0.828125 0.10546875 0.015625 0.01953125
0 0.934375 0.12890625 0.015625 0.01953125
0 0.9203125 0.13671875 0.015625 0.01953125
0 0.7421875 0.130859375 0.015625 0.01953125
0 0.709375 0.12890625 0.015625 0.01953125
0 0.54375 0.708984375 0.015625 0.01953125
0 0.1125 0.322265625 0.015625 0.01953125
