0 0.2609375 0.064453125 0.015625 0.01953125
0 0.296875 0.080078125 0.015625 0.01953125
0 0.303125 0.375 0.015625 0.01953125
0 0.1984375 0.431640625 0.015625 0.01953125
0 0.253125 0.462890625 0.015625 0.01953125
0 0.21875 0.51953125 0.015625 0.01953125
0 0.25625 0.5390625 0.015625 0.01953125
0 0.2109375 0.595703125 0.015625 0.01953125
0 0.203125 0.640625 0.015625 0.01953125
0 0.2671875 0.60546875 0.015625 0.01953125
0 0.275 0.65234375 0.015625 0.01953125
0 0.3515625 0.6796875 0.015625 0.01953125
0 0.4328125 0.71875 0.015625 0.01953125
0 0.49375 0.59375 0.015625 0.01953125
0 0.5046875 0.728515625 0.015625 0.01953125
0 0.6140625 0.759765625 0.015625 0.01953125
0 0.759375 0.67578125 0.015625 0.01953125
0 0.765625 0.796875 0.015625 0.01953125
0 0.875 0.705078125 0.015625 0.01953125
0 0.5640625 0.44140625 0.015625 0.01953125
0 0.5625 0.4140625 0.015625 0.01953125
0 0.546875 0.423828125 0.015625 0.01953125
0 0.5953125 0.9453125 0.015625 0.01953125
0 0.290625 0.93359375 0.015625 0.01953125
0 0.1015625 0.759765625 0.015625 0.01953125
0 0.1359375 0.662109375 0.015625 0.01953125
0 0.0671875 0.73828125 0.015625 0.01953125
0 0.0359375 0.7421875 0.015625 0.01953125
0 0.0203125 0.822265625 0.015625 0.01953125
0 0.0734375 0.912109375 0.015625 0.01953125
0 0.475 0.412109375 0.015625 0.01953125
0 0.5921875 0.345703125 0.015625 0.01953125
0 0.678125 0.291015625 0.015625 0.01953125
0 0.803125 0.236328125 0.015625 0.01953125
0 0.903125 0.216796875 0.015625 0.01953125
0 0.928125 0.279296875 0.015625 0.01953125
0 0.9828125 0.2421875 0.015625 0.01953125
0 0.60625 0.19921875 0.015625 0.01953125
0 0.54375 0.203125 0.015625 0.01953125
0 0.4671875 0.111328125 0.015625 0.01953125
0 0.46875 0.12890625 0.015625 0.01953125
0 0.484375 0.107421875 0.015625 0.01953125
0 0.5734375 0.130859375 0.015625 0.01953125
0 0.5453125 0.078125 0.015625 0.01953125
0 0.46875 0.06640625 0.015625 0.01953125
0 0.21875 0.11328125 0.015625 0.01953125
0 0.2296875 0.2578125 0.015625 0.01953125
0 0.2578125 0.35546875 0.015625 0.01953125
0 0.2 0.326171875 0.015625 0.01953125
0 0.1703125 0.306640625 0.015625 0.01953125
0 0.1859375 0.259765625 0.015625 0.01953125
0 0.1875 0.279296875 0.015625 0.01953125
0 0.1671875 0.251953125 0.015625 0.01953125
0 0.08125 0.267578125 0.015625 0.01953125
0 0.0296875 0.2578125 0.015625 0.01953125
0 0.0828125 0.38671875 0.015625 0.01953125
0 0.0984375 0.349609375 0.015625 0.01953125
0 0.1140625 0.326171875 0.015625 0.01953125
0 0.1078125 0.546875 0.015625 0.01953125
0 0.54375 0.669921875 0.015625 0.01953125
0 0.553125 0.650390625 0.015625 0.01953125
0 0.8796875 0.67578125 0.015625 0.01953125
0 0.9921875 0.669921875 0.015625 0.01953125
0 0.996875 0.68359375 0.015625 0.01953125
0 0.7890625 0.841796875 0.015625 0.01953125
0 0.778125 0.84765625 0.015625 0.01953125
0 0.7671875 0.919921875 0.015625 0.01953125
0 0.81875 0.361328125 0.015625 0.01953125
0 0.640625 0.3671875 0.015625 0.01953125
0 0.5640625 0.37890625 0.015625 0.01953125
0 0.49375 0.357421875 0.015625 0.01953125
0 0.50625 0.30078125 0.015625 0.01953125
0 0.3671875 0.380859375 0.015625 0.01953125
0 0.3625 0.361328125 0.015625 0.01953125
0 0.8515625 0.365234375 0.015625 0.01953125
0 0.971875 0.337890625 0.015625 0.01953125
0 0.809375 0.130859375 0.015625 0.01953125
0 0.74375 0.134765625 0.015625 0.01953125
0 0.6921875 0.12890625 0.015625 0.01953125
0 0.678125 0.130859375 0.015625 0.01953125
0 0.978125 0.146484375 0.015625 0.01953125
0 0.86875 0.109375 0.015625 0.01953125
0 0.8515625 0.109375 0.015625 0.01953125
0 0.83125 0.11328125 0.015625 0.01953125
0 0.9046875 0.09765625 0.015625 0.01953125
0 0.89375 0.140625 0.015625 0.01953125
0 0.9359375 0.134765625 0.015625 0.01953125
0 0.946875 0.134765625 0.015625 0.01953125
0 0.871875 0.18359375 0.015625 0.01953125
0 0.940625 0.185546875 0.015625 0.01953125
0 0.771875 0.142578125 0.015625 0.01953125
0 0.4515625 0.017578125 0.015625 0.01953125
0 0.3515625 0.08203125 0.015625 0.01953125
0 0.3484375 0.0703125 0.015625 0.01953125
0 0.40625 0.109375 0.015625 0.01953125
0 0.434375 0.126953125 0.015625 0.01953125
0 0.425 0.123046875 0.015625 0.01953125
0 0.5078125 0.283203125 0.015625 0.01953125
0 0.434375 0.392578125 0.015625 0.01953125
0 0.41875 0.466796875 0.015625 0.01953125
0 0.00625 0.5 0.015625 0.01953125
0 0.00625 0.498046875 0.015625 0.01953125
0 0.0203125 0.509765625 0.015625 0.01953125
0 0.2484375 0.087890625 0.015625 0.01953125
0 0.1953125 0.240234375 0.015625 0.01953125
0 0.1796875 0.234375 0.015625 0.01953125
0 0.0140625 0.658203125 0.015625 0.01953125
