0 0.946875 0.138671875 0.015625 0.01953125
0 0.934375 0.13671875 0.015625 0.01953125
0 0.9234375 0.14453125 0.015625 0.01953125
0 0.5546875 0.41015625 0.015625 0.01953125
0 0.5546875 0.41015625 0.015625 0.01953125
0 0.5765625 0.34765625 0.015625 0.01953125
0 0.525 0.455078125 0.015625 0.01953125
0 0.51875 0.603515625 0.015625 0.01953125
0 0.5421875 0.66796875 0.015625 0.01953125
0 0.434375 0.71484375 0.015625 0.01953125
0 0.5046875 0.755859375 0.015625 0.01953125
0 0.6109375 0.7421875 0.015625 0.01953125
0 0.7671875 0.7734375 0.015625 0.01953125
0 0.8640625 0.70703125 0.015625 0.01953125
0 0.7625 0.90234375 0.015625 0.01953125
0 0.1953125 0.646484375 0.015625 0.01953125
0 0.26875 0.666015625 0.015625 0.01953125
0 0.259375 0.61328125 0.015625 0.01953125
0 0.1953125 0.6171875 0.015625 0.01953125
0 0.225 0.57421875 0.015625 0.01953125
0 0.128125 0.677734375 0.015625 0.01953125
0 0.0640625 0.75390625 0.015625 0.01953125
0 0.025 0.76953125 0.015625 0.01953125
0 0.01875 0.833984375 0.015625 0.01953125
0 0.078125 0.919921875 0.015625 0.01953125
0 0.290625 0.9375 0.015625 0.01953125
0 0.2109375 0.525390625 0.015625 0.01953125
0 0.253125 0.45703125 0.015625 0.01953125
0 0.2921875 0.38671875 0.015625 0.01953125
0 0.35 0.376953125 0.015625 0.01953125
0 0.35 0.376953125 0.015625 0.01953125
0 0.45 0.3671875 0.015625 0.01953125
0 0.4671875 0.419921875 0.015625 0.01953125
0 0.5 0.30859375 0.015625 0.01953125
0 0.4921875 0.29296875 0.015625 0.01953125
0 0.5515625 0.19140625 0.015625 0.01953125
0 0.6234375 0.203125 0.015625 0.01953125
0 0.6625 0.298828125 0.015625 0.01953125
0 0.7828125 0.236328125 0.015625 0.01953125
0 0.89375 0.220703125 0.015625 0.01953125
0 0.9109375 0.27734375 0.015625 0.01953125
0 0.9703125 0.244140625 0.015625 0.01953125
0 0.840625 0.3671875 0.015625 0.01953125
0 0.8 0.37109375 0.015625 0.01953125
0 0.9625 0.3359375 0.015625 0.01953125
0 0.996875 0.669921875 0.015625 0.01953125
0 0.9984375 0.689453125 0.015625 0.01953125
0 0.7578125 0.66015625 0.015625 0.01953125
0 0.7765625 0.837890625 0.015625 0.01953125
0 0.7890625 0.828125 0.015625 0.01953125
0 0.3609375 0.68359375 0.015625 0.01953125
0 0.421875 0.466796875 0.015625 0.01953125
0 0.1828125 0.4375 0.015625 0.01953125
0 0.0921875 0.5625 0.015625 0.01953125
0 0.125 0.576171875 0.015625 0.01953125
0 0.015625 0.6796875 0.015625 0.01953125
0 0.0296875 0.501953125 0.015625 0.01953125
0 0.1125 0.353515625 0.015625 0.01953125
0 0.1203125 0.330078125 0.015625 0.01953125
0 0.0875 0.267578125 0.015625 0.01953125
0 0.184375 0.259765625 0.015625 0.01953125
0 0.228125 0.2578125 0.015625 0.01953125
0 0.178125 0.30859375 0.015625 0.01953125
0 0.471875 0.146484375 0.015625 0.01953125
0 0.46875 0.125 0.015625 0.01953125
0 0.484375 0.11328125 0.015625 0.01953125
0 0.54375 0.060546875 0.015625 0.01953125
0 0.478125 0.080078125 0.015625 0.01953125
0 0.4515625 0.02734375 0.015625 0.01953125
0 0.41875 0.126953125 0.015625 0.01953125
0 0.8109375 0.1328125 0.015625 0.01953125
0 0.8640625 0.1796875 0.015625 0.01953125
0 0.9796875 0.1484375 0.015625 0.01953125
0 0.221875 0.11328125 0.015625 0.01953125
0 0.3546875 0.083984375 0.015625 0.01953125
0 0.246875 0.080078125 0.015625 0.01953125
0 0.4625 0.009765625 0.015625 0.01953125
0 0.403125 0.12109375 0.015625 0.01953125
0 0.434375 0.13671875 0.015625 0.01953125
0 0.403125 0.12109375 0.015625 0.01953125
0 0.25 0.37109375 0.015625 0.01953125
0 0.546875 0.71484375 0.015625 0.01953125
0 0.8796875 0.685546875 0.015625 0.01953125
0 0.8984375 0.138671875 0.015625 0.01953125
0 0.91875 0.193359375 0.015625 0.01953125
0 0.4296875 0.40234375 0.015625 0.01953125
0 0.5515625 0.38671875 0.015625 0.01953125
0 0.628125 0.373046875 0.015625 0.01953125
0 0.690625 0.138671875 0.015625 0.01953125
0 0.690625 0.13671875 0.015625 0.01953125
0 0.7140625 0.1328125 0.015625 0.01953125
0 0.746875 0.13671875 0.015625 0.01953125
0 0.7859375 0.13671875 0.015625 0.01953125
0 0.728125 0.13671875 0.015625 0.01953125
0 0.6453125 0.109375 0.015625 0.01953125
0 0.65625 0.11328125 0.015625 0.01953125
0 0.5515625 0.654296875 0.015625 0.01953125
0 0.5984375 0.94921875 0.015625 0.01953125
0 0.65625 0.2265625 0.015625 0.01953125
0 0.35625 0.392578125 0.015625 0.01953125
0 0.0296875 0.26171875 0.015625 0.01953125
0 0.134375 0.244140625 0.015625 0.01953125
0 0.1625 0.259765625 0.015625 0.01953125
0 0.2015625 0.248046875 0.015625 0.01953125
0 0.0671875 0.796875 0.015625 0.01953125
0 0.09375 0.798828125 0.015625 0.01953125
