0 0.2828125 0.39453125 0.015625 0.01953125
0 0.2046875 0.541015625 0.015625 0.01953125
0 0.2578125 0.619140625 0.015625 0.01953125
0 0.3625 0.6796875 0.015625 0.01953125
0 0.4359375 0.716796875 0.015625 0.01953125
0 0.5171875 0.609375 0.015625 0.01953125
0 0.503125 0.755859375 0.015625 0.01953125
0 0.29375 0.93359375 0.015625 0.01953125
0 0.228125 0.26171875 0.015625 0.01953125
0 0.1734375 0.453125 0.015625 0.01953125
0 0.1203125 0.693359375 0.015625 0.01953125
0 0.19375 0.65625 0.015625 0.01953125
0 0.184375 0.62109375 0.015625 0.01953125
0 0.56875 0.3515625 0.015625 0.01953125
0 0.6484375 0.296875 0.015625 0.01953125
0 0.7671875 0.23828125 0.015625 0.01953125
0 0.88125 0.216796875 0.015625 0.01953125
0 0.9015625 0.27734375 0.015625 0.01953125
0 0.9609375 0.240234375 0.015625 0.01953125
0 0.834375 0.3671875 0.015625 0.01953125
0 0.615625 0.73046875 0.015625 0.01953125
0 0.0203125 0.779296875 0.015625 0.01953125
0 0.0546875 0.76171875 0.015625 0.01953125
0 0.240625 0.375 0.015625 0.01953125
0 0.6 0.947265625 0.015625 0.01953125
0 0.7609375 0.892578125 0.015625 0.01953125
0 0.75625 0.65234375 0.015625 0.01953125
0 0.55625 0.404296875 0.015625 0.01953125
0 0.084375 0.5703125 0.015625 0.01953125
0 0.1140625 0.5859375 0.015625 0.01953125
0 0.35 0.400390625 0.015625 0.01953125
0 0.340625 0.376953125 0.015625 0.01953125
0 0.5453125 0.181640625 0.015625 0.01953125
0 0.4734375 0.1328125 0.015625 0.01953125
0 0.4734375 0.15234375 0.015625 0.01953125
0 0.4765625 0.091796875 0.015625 0.01953125
0 0.228125 0.1171875 0.015625 0.01953125
0 0.2671875 0.671875 0.015625 0.01953125
0 0.41875 0.404296875 0.015625 0.01953125
0 0.4265625 0.380859375 0.015625 0.01953125
0 0.0671875 0.927734375 0.015625 0.01953125
0 0.5453125 0.67578125 0.015625 0.01953125
0 0.5515625 0.658203125 0.015625 0.01953125
0 0.4875 0.314453125 0.015625 0.01953125
0 0.4875 0.29296875 0.015625 0.01953125
0 0.5515625 0.3828125 0.015625 0.01953125
0 0.5015625 0.4609375 0.015625 0.01953125
0 0.4546875 0.421875 0.015625 0.01953125
0 0.2515625 0.4609375 0.015625 0.01953125
0 0.0140625 0.845703125 0.015625 0.01953125
0 0.5390625 0.048828125 0.015625 0.01953125
0 0.4609375 0.015625 0.015625 0.01953125
0 0.1015625 0.3515625 0.015625 0.01953125
0 0.1203125 0.326171875 0.015625 0.01953125
0 0.00625 0.68359375 0.015625 0.01953125
0 0.0390625 0.486328125 0.015625 0.01953125
0 0.084375 0.267578125 0.015625 0.01953125
0 0.35 0.078125 0.015625 0.01953125
0 0.4859375 0.125 0.015625 0.01953125
0 0.6796875 0.1328125 0.015625 0.01953125
0 0.6921875 0.134765625 0.015625 0.01953125
0 0.953125 0.337890625 0.015625 0.01953125
0 0.7859375 0.818359375 0.015625 0.01953125
0 0.0578125 0.8125 0.015625 0.01953125
0 0.078125 0.822265625 0.015625 0.01953125
0 0.2046875 0.587890625 0.015625 0.01953125
0 0.875 0.109375 0.015625 0.01953125
0 0.85625 0.11328125 0.015625 0.01953125
0 0.98125 0.146484375 0.015625 0.01953125
0 0.9546875 0.138671875 0.015625 0.01953125
0 0.940625 0.134765625 0.015625 0.01953125
0 0.790625 0.361328125 0.015625 0.01953125
0 0.6234375 0.3671875 0.015625 0.01953125
0 0.43125 0.466796875 0.015625 0.01953125
0 0.765625 0.75390625 0.015625 0.01953125
0 0.8578125 0.69921875 0.015625 0.01953125
0 0.8796875 0.701171875 0.015625 0.01953125
0 0.8296875 0.990234375 0.015625 0.01953125
0 0.7671875 0.83203125 0.015625 0.01953125
0 0.178125 0.3046875 0.015625 0.01953125
0 0.184375 0.259765625 0.015625 0.01953125
0 0.203125 0.25 0.015625 0.01953125
0 0.184375 0.259765625 0.015625 0.01953125
0 0.1609375 0.25 0.015625 0.01953125
0 0.5765625 0.125 0.015625 0.01953125
0 0.4703125 0.025390625 0.015625 0.01953125
0 0.63125 0.19921875 0.015625 0.01953125
0 0.8125 0.1328125 0.015625 0.01953125
0 0.8515625 0.185546875 0.015625 0.01953125
0 0.9140625 0.193359375 0.015625 0.01953125
0 0.7203125 0.1328125 0.015625 0.01953125
0 0.7328125 0.14453125 0.015625 0.01953125
0 0.7484375 0.13671875 0.015625 0.01953125
0 0.8328125 0.109375 0.015625 0.01953125
0 0.659375 0.11328125 0.015625 0.01953125
0 0.6453125 0.115234375 0.015625 0.01953125
0 0.5484375 0.712890625 0.015625 0.01953125
0 0.4046875 0.12890625 0.015625 0.01953125
0 0.41875 0.134765625 0.015625 0.01953125
0 0.4328125 0.14453125 0.015625 0.01953125
