0 0.684375 0.1328125 0.015625 0.01953125
0 0.746875 0.13671875 0.015625 0.01953125
0 0.8125 0.130859375 0.015625 0.01953125
0 0.2609375 0.41015625 0.015625 0.01953125
0 0.3171875 0.392578125 0.015625 0.01953125
0 0.3265625 0.41796875 0.015625 0.01953125
0 0.35625 0.669921875 0.015625 0.01953125
0 0.4375 0.71875 0.015625 0.01953125
0 0.446875 0.486328125 0.015625 0.01953125
0 0.5625 0.380859375 0.015625 0.01953125
0 0.615625 0.7109375 0.015625 0.01953125
0 0.4984375 0.787109375 0.015625 0.01953125
0 0.2953125 0.931640625 0.015625 0.01953125
0 0.1890625 0.5625 0.015625 0.01953125
0 0.159375 0.470703125 0.015625 0.01953125
0 0.734375 0.236328125 0.015625 0.01953125
0 0.865625 0.216796875 0.015625 0.01953125
0 0.259375 0.6796875 0.015625 0.01953125
0 0.2484375 0.62890625 0.015625 0.01953125
0 0.1875 0.673828125 0.015625 0.01953125
0 0.1109375 0.71875 0.015625 0.01953125
0 0.2265625 0.388671875 0.015625 0.01953125
0 0.2296875 0.26171875 0.015625 0.01953125
0 0.36875 0.4140625 0.015625 0.01953125
0 0.7609375 0.734375 0.015625 0.01953125
0 0.8625 0.720703125 0.015625 0.01953125
0 0.884375 0.720703125 0.015625 0.01953125
0 0.75 0.6328125 0.015625 0.01953125
0 0.4828125 0.142578125 0.015625 0.01953125
0 0.471875 0.15234375 0.015625 0.01953125
0 0.546875 0.15234375 0.015625 0.01953125
0 0.4765625 0.109375 0.015625 0.01953125
0 0.4484375 0.060546875 0.015625 0.01953125
0 0.9421875 0.240234375 0.015625 0.01953125
0 0.875 0.275390625 0.015625 0.01953125
0 0.921875 0.337890625 0.015625 0.01953125
0 0.7859375 0.13671875 0.015625 0.01953125
0 0.715625 0.1328125 0.015625 0.01953125
0 0.721875 0.146484375 0.015625 0.01953125
0 0.8359375 0.115234375 0.015625 0.01953125
0 0.859375 0.115234375 0.015625 0.01953125
0 0.8734375 0.109375 0.015625 0.01953125
0 0.9546875 0.138671875 0.015625 0.01953125
0 0.9828125 0.1484375 0.015625 0.01953125
0 0.940625 0.134765625 0.015625 0.01953125
0 0.8921875 0.193359375 0.015625 0.01953125
0 0.8328125 0.181640625 0.015625 0.01953125
0 0.653125 0.197265625 0.015625 0.01953125
0 0.625 0.302734375 0.015625 0.01953125
0 0.5921875 0.232421875 0.015625 0.01953125
0 0.4578125 0.298828125 0.015625 0.01953125
0 0.4578125 0.298828125 0.015625 0.01953125
0 0.46875 0.322265625 0.015625 0.01953125
0 0.2015625 0.25390625 0.015625 0.01953125
0 0.1921875 0.271484375 0.015625 0.01953125
0 0.184375 0.236328125 0.015625 0.01953125
0 0.165625 0.251953125 0.015625 0.01953125
0 0.209375 0.34375 0.015625 0.01953125
0 0.18125 0.306640625 0.015625 0.01953125
0 0.2484375 0.466796875 0.015625 0.01953125
0 0.1625 0.630859375 0.015625 0.01953125
0 0.1625 0.630859375 0.015625 0.01953125
0 0.0734375 0.59765625 0.015625 0.01953125
0 0.0421875 0.77734375 0.015625 0.01953125
0 0.0109375 0.81640625 0.015625 0.01953125
0 0.0078125 0.876953125 0.015625 0.01953125
0 0.4609375 0.0390625 0.015625 0.01953125
0 0.54375 0.626953125 0.015625 0.01953125
0 0.6015625 0.951171875 0.015625 0.01953125
0 0.7484375 0.869140625 0.015625 0.01953125
0 0.775 0.798828125 0.015625 0.01953125
0 0.7734375 0.8125 0.015625 0.01953125
0 0.8265625 0.96484375 0.015625 0.01953125
0 0.88125 0.984375 0.015625 0.01953125
0 0.5609375 0.658203125 0.015625 0.01953125
0 0.0671875 0.94140625 0.015625 0.01953125
0 0.4265625 0.162109375 0.015625 0.01953125
0 0.4109375 0.146484375 0.015625 0.01953125
0 0.3984375 0.138671875 0.015625 0.01953125
0 0.2265625 0.111328125 0.015625 0.01953125
0 0.05 0.455078125 0.015625 0.01953125
0 0.0640625 0.474609375 0.015625 0.01953125
0 0.065625 0.474609375 0.015625 0.01953125
0 0.08125 0.267578125 0.015625 0.01953125
0 0.0875 0.396484375 0.015625 0.01953125
0 0.021875 0.263671875 0.015625 0.01953125
0 0.3546875 0.078125 0.015625 0.01953125
0 0.4375 0.431640625 0.015625 0.01953125
0 0.5328125 0.388671875 0.015625 0.01953125
0 0.5671875 0.419921875 0.015625 0.01953125
0 0.603125 0.375 0.015625 0.01953125
0 0.5484375 0.35546875 0.015625 0.01953125
0 0.8125 0.37109375 0.015625 0.01953125
0 0.7640625 0.369140625 0.015625 0.01953125
0 0.10625 0.35546875 0.015625 0.01953125
0 0.1203125 0.33203125 0.015625 0.01953125
0 0.58125 0.126953125 0.015625 0.01953125
0 0.1640625 0.650390625 0.015625 0.01953125
0 0.0421875 0.876953125 0.015625 0.01953125
0 0.03125 0.86328125 0.015625 0.01953125
0 0.846875 0.693359375 0.015625 0.01953125
0 0.5390625 0.02734375 0.015625 0.01953125
0 0.903125 0.138671875 0.015625 0.01953125
