0 0.4640625 0.05859375 0.015625 0.01953125
0 0.45 0.076171875 0.015625 0.01953125
0 0.478125 0.126953125 0.015625 0.01953125
0 0.4453125 0.3046875 0.015625 0.01953125
0 0.4484375 0.328125 0.015625 0.01953125
0 0.53125 0.361328125 0.015625 0.01953125
0 0.5625 0.359375 0.015625 0.01953125
0 0.6046875 0.30859375 0.015625 0.01953125
0 0.51875 0.392578125 0.015625 0.01953125
0 0.5703125 0.412109375 0.015625 0.01953125
0 0.44375 0.71875 0.015625 0.01953125
0 0.4984375 0.8046875 0.015625 0.01953125
0 0.759375 0.712890625 0.015625 0.01953125
0 0.74375 0.615234375 0.015625 0.01953125
0 0.865625 0.751953125 0.015625 0.01953125
0 0.878125 0.740234375 0.015625 0.01953125
0 0.8359375 0.6796875 0.015625 0.01953125
0 0.6125 0.677734375 0.015625 0.01953125
0 0.6140625 0.6953125 0.015625 0.01953125
0 0.7359375 0.84375 0.015625 0.01953125
0 0.828125 0.9296875 0.015625 0.01953125
0 0.865625 0.96484375 0.015625 0.01953125
0 0.8515625 0.275390625 0.015625 0.01953125
0 0.7046875 0.232421875 0.015625 0.01953125
0 0.8484375 0.208984375 0.015625 0.01953125
0 0.921875 0.236328125 0.015625 0.01953125
0 0.89375 0.333984375 0.015625 0.01953125
0 0.79375 0.36328125 0.015625 0.01953125
0 0.23125 0.6328125 0.015625 0.01953125
0 0.253125 0.693359375 0.015625 0.01953125
0 0.2984375 0.931640625 0.015625 0.01953125
0 0.096875 0.740234375 0.015625 0.01953125
0 0.1390625 0.486328125 0.015625 0.01953125
0 0.209375 0.41015625 0.015625 0.01953125
0 0.2390625 0.4296875 0.015625 0.01953125
0 0.253125 0.46484375 0.015625 0.01953125
0 0.31875 0.453125 0.015625 0.01953125
0 0.3078125 0.4375 0.015625 0.01953125
0 0.2984375 0.40234375 0.015625 0.01953125
0 0.1765625 0.685546875 0.015625 0.01953125
0 0.146875 0.673828125 0.015625 0.01953125
0 0.125 0.671875 0.015625 0.01953125
0 0.059375 0.6171875 0.015625 0.01953125
0 0.0328125 0.80078125 0.015625 0.01953125
0 0.359375 0.66015625 0.015625 0.01953125
0 0.39375 0.5 0.015625 0.01953125
0 0.4234375 0.439453125 0.015625 0.01953125
0 0.2328125 0.2578125 0.015625 0.01953125
0 0.0890625 0.267578125 0.015625 0.01953125
0 0.2984375 0.072265625 0.015625 0.01953125
0 0.3578125 0.080078125 0.015625 0.01953125
0 0.55 0.126953125 0.015625 0.01953125
0 0.0609375 0.947265625 0.015625 0.01953125
0 0.0 0.84375 0.015625 0.01953125
0 0.0 0.896484375 0.015625 0.01953125
0 0.6796875 0.189453125 0.015625 0.01953125
0 0.815625 0.1796875 0.015625 0.01953125
0 0.4734375 0.1640625 0.015625 0.01953125
0 0.5421875 0.2265625 0.015625 0.01953125
0 0.425 0.17578125 0.015625 0.01953125
0 0.5625 0.650390625 0.015625 0.01953125
0 0.559375 0.6640625 0.015625 0.01953125
0 0.55625 0.6796875 0.015625 0.01953125
0 0.1828125 0.578125 0.015625 0.01953125
0 0.2078125 0.345703125 0.015625 0.01953125
0 0.6046875 0.9453125 0.015625 0.01953125
0 0.7640625 0.7890625 0.015625 0.01953125
0 0.7703125 0.77734375 0.015625 0.01953125
0 0.0203125 0.93359375 0.015625 0.01953125
0 0.084375 0.462890625 0.015625 0.01953125
0 0.075 0.443359375 0.015625 0.01953125
0 0.1125 0.34765625 0.015625 0.01953125
0 0.125 0.33203125 0.015625 0.01953125
0 0.1921875 0.27734375 0.015625 0.01953125
0 0.20625 0.251953125 0.015625 0.01953125
0 0.190625 0.232421875 0.015625 0.01953125
0 0.1640625 0.25 0.015625 0.01953125
0 0.23125 0.10546875 0.015625 0.01953125
0 0.234375 0.076171875 0.015625 0.01953125
0 0.4078125 0.16015625 0.015625 0.01953125
0 0.3921875 0.15625 0.015625 0.01953125
0 0.6625 0.11328125 0.015625 0.01953125
0 0.6875 0.1328125 0.015625 0.01953125
0 0.6984375 0.134765625 0.015625 0.01953125
0 0.7203125 0.134765625 0.015625 0.01953125
0 0.8171875 0.1328125 0.015625 0.01953125
0 0.7859375 0.1328125 0.015625 0.01953125
0 0.9515625 0.138671875 0.015625 0.01953125
0 0.984375 0.146484375 0.015625 0.01953125
0 0.9421875 0.1328125 0.015625 0.01953125
0 0.934375 0.138671875 0.015625 0.01953125
0 0.875 0.11328125 0.015625 0.01953125
0 0.8609375 0.109375 0.015625 0.01953125
0 0.8375 0.111328125 0.015625 0.01953125
0 0.4328125 0.46484375 0.015625 0.01953125
0 0.74375 0.361328125 0.015625 0.01953125
0 0.5828125 0.37890625 0.015625 0.01953125
0 0.58125 0.125 0.015625 0.01953125
0 0.3859375 0.421875 0.015625 0.01953125
0 0.878125 0.1875 0.015625 0.01953125
0 0.5515625 0.712890625 0.015625 0.01953125
