0 0.5265625 0.23046875 0.015625 0.01953125
0 0.4859375 0.44921875 0.015625 0.01953125
0 0.4640625 0.59375 0.015625 0.01953125
0 0.821875 0.669921875 0.015625 0.01953125
0 0.8125 0.6953125 0.015625 0.01953125
0 0.9609375 0.88671875 0.015625 0.01953125
0 0.93125 0.884765625 0.015625 0.01953125
0 0.928125 0.365234375 0.015625 0.01953125
0 0.9484375 0.35546875 0.015625 0.01953125
0 0.9859375 0.26953125 0.015625 0.01953125
0 0.8859375 0.302734375 0.015625 0.01953125
0 0.85625 0.240234375 0.015625 0.01953125
0 0.7203125 0.1875 0.015625 0.01953125
0 0.690625 0.15234375 0.015625 0.01953125
0 0.8359375 0.16015625 0.015625 0.01953125
0 0.31875 0.34375 0.015625 0.01953125
0 0.2046875 0.28515625 0.015625 0.01953125
0 0.25 0.220703125 0.015625 0.01953125
0 0.1609375 0.408203125 0.015625 0.01953125
0 0.1453125 0.455078125 0.015625 0.01953125
0 0.1796875 0.666015625 0.015625 0.01953125
0 0.2546875 0.705078125 0.015625 0.01953125
0 0.3625 0.669921875 0.015625 0.01953125
0 0.3671875 0.712890625 0.015625 0.01953125
0 0.53125 0.638671875 0.015625 0.01953125
0 0.5875 0.677734375 0.015625 0.01953125
0 0.5375 0.75 0.015625 0.01953125
0 0.503125 0.775390625 0.015625 0.01953125
0 0.5453125 0.8359375 0.015625 0.01953125
0 0.5765625 0.94921875 0.015625 0.01953125
0 0.6796875 0.783203125 0.015625 0.01953125
0 0.7375 0.58984375 0.015625 0.01953125
0 0.825 0.537109375 0.015625 0.01953125
0 0.3375 0.4296875 0.015625 0.01953125
0 0.34375 0.44921875 0.015625 0.01953125
0 0.3828125 0.421875 0.015625 0.01953125
0 0.4171875 0.36328125 0.015625 0.01953125
0 0.3796875 0.287109375 0.015625 0.01953125
0 0.340625 0.314453125 0.015625 0.01953125
0 0.1984375 0.486328125 0.015625 0.01953125
0 0.2453125 0.466796875 0.015625 0.01953125
0 0.06875 0.541015625 0.015625 0.01953125
0 0.053125 0.453125 0.015625 0.01953125
0 0.34375 0.1484375 0.015625 0.01953125
0 0.1171875 0.931640625 0.015625 0.01953125
0 0.5640625 0.1328125 0.015625 0.01953125
0 0.690625 0.109375 0.015625 0.01953125
0 0.6734375 0.109375 0.015625 0.01953125
0 0.771875 0.134765625 0.015625 0.01953125
0 0.80625 0.13671875 0.015625 0.01953125
0 0.6046875 0.345703125 0.015625 0.01953125
0 0.709375 0.34375 0.015625 0.01953125
0 0.6015625 0.279296875 0.015625 0.01953125
0 0.3828125 0.48828125 0.015625 0.01953125
0 0.0328125 0.55078125 0.015625 0.01953125
0 0.05 0.890625 0.015625 0.01953125
0 0.5140625 0.8515625 0.015625 0.01953125
0 0.0109375 0.4375 0.015625 0.01953125
0 0.0359375 0.375 0.015625 0.01953125
0 0.01875 0.349609375 0.015625 0.01953125
0 0.1125 0.240234375 0.015625 0.01953125
0 0.121875 0.220703125 0.015625 0.01953125
0 0.03125 0.255859375 0.015625 0.01953125
0 0.0109375 0.2421875 0.015625 0.01953125
0 0.175 0.083984375 0.015625 0.01953125
0 0.0484375 0.115234375 0.015625 0.01953125
0 0.0609375 0.1015625 0.015625 0.01953125
0 0.5984375 0.1328125 0.015625 0.01953125
0 0.4578125 0.212890625 0.015625 0.01953125
0 0.5328125 0.12890625 0.015625 0.01953125
0 0.5 0.126953125 0.015625 0.01953125
0 0.5140625 0.126953125 0.015625 0.01953125
0 0.18125 0.466796875 0.015625 0.01953125
0 0.325 0.376953125 0.015625 0.01953125
0 0.4234375 0.337890625 0.015625 0.01953125
0 0.628125 0.130859375 0.015625 0.01953125
0 0.8625 0.109375 0.015625 0.01953125
0 0.9453125 0.14453125 0.015625 0.01953125
0 0.94375 0.099609375 0.015625 0.01953125
0 0.99375 0.142578125 0.015625 0.01953125
0 0.91875 0.890625 0.015625 0.01953125
0 0.590625 0.94921875 0.015625 0.01953125
0 0.4046875 0.13671875 0.015625 0.01953125
0 0.396875 0.109375 0.015625 0.01953125
0 0.4453125 0.166015625 0.015625 0.01953125
0 0.0125 0.166015625 0.015625 0.01953125
