0 0.4109375 0.33984375 0.015625 0.01953125
0 0.409375 0.365234375 0.015625 0.01953125
0 0.51875 0.232421875 0.015625 0.01953125
0 0.4515625 0.208984375 0.015625 0.01953125
0 0.4828125 0.443359375 0.015625 0.01953125
0 0.3890625 0.482421875 0.015625 0.01953125
0 0.340625 0.45703125 0.015625 0.01953125
0 0.3125 0.392578125 0.015625 0.01953125
0 0.3203125 0.357421875 0.015625 0.01953125
0 0.31875 0.31640625 0.015625 0.01953125
0 0.36875 0.287109375 0.015625 0.01953125
0 0.1890625 0.66796875 0.015625 0.01953125
0 0.2546875 0.70703125 0.015625 0.01953125
0 0.11875 0.939453125 0.015625 0.01953125
0 0.5359375 0.740234375 0.015625 0.01953125
0 0.5765625 0.66796875 0.015625 0.01953125
0 0.8203125 0.67578125 0.015625 0.01953125
0 0.809375 0.697265625 0.015625 0.01953125
0 0.9359375 0.35546875 0.015625 0.01953125
0 0.9171875 0.365234375 0.015625 0.01953125
0 0.8734375 0.302734375 0.015625 0.01953125
0 0.84375 0.24609375 0.015625 0.01953125
0 0.7125 0.1875 0.015625 0.01953125
0 0.69375 0.15234375 0.015625 0.01953125
0 0.80625 0.1484375 0.015625 0.01953125
0 0.834375 0.16796875 0.015625 0.01953125
0 0.971875 0.271484375 0.015625 0.01953125
0 0.9953125 0.25 0.015625 0.01953125
0 0.5375 0.828125 0.015625 0.01953125
0 0.503125 0.78515625 0.015625 0.01953125
0 0.51875 0.857421875 0.015625 0.01953125
0 0.571875 0.962890625 0.015625 0.01953125
0 0.24375 0.46484375 0.015625 0.01953125
0 0.596875 0.3515625 0.015625 0.01953125
0 0.4453125 0.16796875 0.015625 0.01953125
0 0.4078125 0.146484375 0.015625 0.01953125
0 0.3953125 0.1171875 0.015625 0.01953125
0 0.3421875 0.142578125 0.015625 0.01953125
0 0.1890625 0.291015625 0.015625 0.01953125
0 0.2453125 0.234375 0.015625 0.01953125
0 0.1515625 0.41015625 0.015625 0.01953125
0 0.1359375 0.45703125 0.015625 0.01953125
0 0.059375 0.546875 0.015625 0.01953125
0 0.025 0.5625 0.015625 0.01953125
0 0.0515625 0.46875 0.015625 0.01953125
0 0.0453125 0.451171875 0.015625 0.01953125
0 0.03125 0.375 0.015625 0.01953125
0 0.0171875 0.3515625 0.015625 0.01953125
0 0.1109375 0.2421875 0.015625 0.01953125
0 0.05 0.1171875 0.015625 0.01953125
0 0.0609375 0.1015625 0.015625 0.01953125
0 0.45 0.591796875 0.015625 0.01953125
0 0.53125 0.638671875 0.015625 0.01953125
0 0.509375 0.62109375 0.015625 0.01953125
0 0.5109375 0.13671875 0.015625 0.01953125
0 0.5109375 0.13671875 0.015625 0.01953125
0 0.5 0.1328125 0.015625 0.01953125
0 0.015625 0.181640625 0.015625 0.01953125
0 0.034375 0.2578125 0.015625 0.01953125
0 0.7703125 0.138671875 0.015625 0.01953125
0 0.9453125 0.146484375 0.015625 0.01953125
0 0.99375 0.142578125 0.015625 0.01953125
0 0.8640625 0.111328125 0.015625 0.01953125
0 0.6296875 0.13671875 0.015625 0.01953125
0 0.6 0.134765625 0.015625 0.01953125
0 0.5359375 0.134765625 0.015625 0.01953125
0 0.5640625 0.13671875 0.015625 0.01953125
0 0.3609375 0.671875 0.015625 0.01953125
0 0.0109375 0.23828125 0.015625 0.01953125
0 0.6890625 0.111328125 0.015625 0.01953125
0 0.675 0.109375 0.015625 0.01953125
0 0.134375 0.21484375 0.015625 0.01953125
0 0.334375 0.435546875 0.015625 0.01953125
0 0.353125 0.43359375 0.015625 0.01953125
0 0.696875 0.345703125 0.015625 0.01953125
0 0.9609375 0.888671875 0.015625 0.01953125
0 0.5890625 0.9609375 0.015625 0.01953125
0 0.89375 0.34375 0.015625 0.01953125
0 0.946875 0.103515625 0.015625 0.01953125
0 0.165625 0.478515625 0.015625 0.01953125
0 0.1890625 0.5 0.015625 0.01953125
0 0.1734375 0.083984375 0.015625 0.01953125
0 0.825 0.5390625 0.015625 0.01953125
0 0.934375 0.88671875 0.015625 0.01953125
0 0.9125 0.888671875 0.015625 0.01953125
0 0.5890625 0.27734375 0.015625 0.01953125
0 0.375 0.654296875 0.015625 0.01953125
0 0.3703125 0.7109375 0.015625 0.01953125
