0 0.50625 0.59375 0.015625 0.01953125
0 0.50625 0.59375 0.015625 0.01953125
0 0.340625 0.115234375 0.015625 0.01953125
0 0.3359375 0.302734375 0.015625 0.01953125
0 0.9140625 0.892578125 0.015625 0.01953125
0 0.934375 0.892578125 0.015625 0.01953125
0 0.9625 0.892578125 0.015625 0.01953125
0 0.5234375 0.708984375 0.015625 0.01953125
0 0.578125 0.64453125 0.015625 0.01953125
0 0.521875 0.810546875 0.015625 0.01953125
0 0.4921875 0.8125 0.015625 0.01953125
0 0.5453125 0.890625 0.015625 0.01953125
0 0.8140625 0.697265625 0.015625 0.01953125
0 0.821875 0.673828125 0.015625 0.01953125
0 0.15625 0.31640625 0.015625 0.01953125
0 0.028125 0.4921875 0.015625 0.01953125
0 0.040625 0.564453125 0.015625 0.01953125
0 0.4328125 0.205078125 0.015625 0.01953125
0 0.49375 0.236328125 0.015625 0.01953125
0 0.684375 0.171875 0.015625 0.01953125
0 0.80625 0.244140625 0.015625 0.01953125
0 0.8359375 0.1640625 0.015625 0.01953125
0 0.93125 0.26953125 0.015625 0.01953125
0 0.965625 0.255859375 0.015625 0.01953125
0 0.903125 0.353515625 0.015625 0.01953125
0 0.884375 0.361328125 0.015625 0.01953125
0 0.84375 0.306640625 0.015625 0.01953125
0 0.8671875 0.341796875 0.015625 0.01953125
0 0.934375 0.328125 0.015625 0.01953125
0 0.3234375 0.388671875 0.015625 0.01953125
0 0.290625 0.408203125 0.015625 0.01953125
0 0.2546875 0.345703125 0.015625 0.01953125
0 0.2484375 0.470703125 0.015625 0.01953125
0 0.1671875 0.51953125 0.015625 0.01953125
0 0.15 0.494140625 0.015625 0.01953125
0 0.1109375 0.48046875 0.015625 0.01953125
0 0.2046875 0.681640625 0.015625 0.01953125
0 0.25625 0.7109375 0.015625 0.01953125
0 0.040625 0.86328125 0.015625 0.01953125
0 0.1203125 0.94140625 0.015625 0.01953125
0 0.0109375 0.583984375 0.015625 0.01953125
0 0.1234375 0.439453125 0.015625 0.01953125
0 0.2296875 0.25390625 0.015625 0.01953125
0 0.03125 0.2578125 0.015625 0.01953125
0 0.1015625 0.244140625 0.015625 0.01953125
0 0.0390625 0.27734375 0.015625 0.01953125
0 0.53125 0.640625 0.015625 0.01953125
0 0.6671875 0.34765625 0.015625 0.01953125
0 0.5640625 0.357421875 0.015625 0.01953125
0 0.7609375 0.142578125 0.015625 0.01953125
0 0.80625 0.14453125 0.015625 0.01953125
0 0.3359375 0.466796875 0.015625 0.01953125
0 0.378125 0.462890625 0.015625 0.01953125
0 0.3390625 0.486328125 0.015625 0.01953125
0 0.0265625 0.357421875 0.015625 0.01953125
0 0.0375 0.380859375 0.015625 0.01953125
0 0.3859375 0.373046875 0.015625 0.01953125
0 0.378125 0.34765625 0.015625 0.01953125
0 0.4453125 0.580078125 0.015625 0.01953125
0 0.4796875 0.43359375 0.015625 0.01953125
0 0.86875 0.119140625 0.015625 0.01953125
0 0.946875 0.150390625 0.015625 0.01953125
0 0.3765625 0.662109375 0.015625 0.01953125
0 0.05 0.12109375 0.015625 0.01953125
0 0.0578125 0.10546875 0.015625 0.01953125
0 0.5 0.134765625 0.015625 0.01953125
0 0.634375 0.142578125 0.015625 0.01953125
0 0.60625 0.134765625 0.015625 0.01953125
0 0.5671875 0.138671875 0.015625 0.01953125
0 0.5375 0.13671875 0.015625 0.01953125
0 0.653125 0.119140625 0.015625 0.01953125
0 0.678125 0.1171875 0.015625 0.01953125
0 0.9484375 0.109375 0.015625 0.01953125
0 0.965625 0.109375 0.015625 0.01953125
0 0.5609375 0.986328125 0.015625 0.01953125
0 0.578125 0.98828125 0.015625 0.01953125
0 0.084375 0.115234375 0.015625 0.01953125
0 0.4203125 0.15625 0.015625 0.01953125
0 0.396875 0.123046875 0.015625 0.01953125
0 0.1765625 0.08984375 0.015625 0.01953125
0 0.3671875 0.71484375 0.015625 0.01953125
0 0.0125 0.205078125 0.015625 0.01953125
0 0.828125 0.537109375 0.015625 0.01953125
0 0.5578125 0.27734375 0.015625 0.01953125
0 0.99375 0.146484375 0.015625 0.01953125
0 0.21875 0.26953125 0.015625 0.01953125
0 0.3625 0.67578125 0.015625 0.01953125
