0 0.6140625 0.646484375 0.015625 0.01953125
0 0.6140625 0.66796875 0.015625 0.01953125
0 0.621875 0.6953125 0.015625 0.01953125
0 0.8 0.630859375 0.015625 0.01953125
0 0.728125 0.52734375 0.015625 0.01953125
0 0.575 0.587890625 0.015625 0.01953125
0 0.528125 0.5703125 0.015625 0.01953125
0 0.3828125 0.580078125 0.015625 0.01953125
0 0.390625 0.642578125 0.015625 0.01953125
0 0.4140625 0.69921875 0.015625 0.01953125
0 0.3234375 0.62109375 0.015625 0.01953125
0 0.2671875 0.580078125 0.015625 0.01953125
0 0.296875 0.5078125 0.015625 0.01953125
0 0.390625 0.46484375 0.015625 0.01953125
0 0.3890625 0.400390625 0.015625 0.01953125
0 0.3828125 0.322265625 0.015625 0.01953125
0 0.2890625 0.400390625 0.015625 0.01953125
0 0.246875 0.400390625 0.015625 0.01953125
0 0.1953125 0.470703125 0.015625 0.01953125
0 0.1671875 0.54296875 0.015625 0.01953125
0 0.0921875 0.486328125 0.015625 0.01953125
0 0.0515625 0.53125 0.015625 0.01953125
0 0.0484375 0.58984375 0.015625 0.01953125
0 0.0953125 0.666015625 0.015625 0.01953125
0 0.1953125 0.400390625 0.015625 0.01953125
0 0.2765625 0.33984375 0.015625 0.01953125
0 0.3765625 0.26953125 0.015625 0.01953125
0 0.38125 0.22265625 0.015625 0.01953125
0 0.3859375 0.154296875 0.015625 0.01953125
0 0.384375 0.078125 0.015625 0.01953125
0 0.4328125 0.076171875 0.015625 0.01953125
0 0.4265625 0.150390625 0.015625 0.01953125
0 0.425 0.21484375 0.015625 0.01953125
0 0.43125 0.3046875 0.015625 0.01953125
0 0.425 0.3515625 0.015625 0.01953125
0 0.425 0.404296875 0.015625 0.01953125
0 0.1828125 0.28515625 0.015625 0.01953125
0 0.1234375 0.33984375 0.015625 0.01953125
0 0.1046875 0.400390625 0.015625 0.01953125
0 0.071875 0.396484375 0.015625 0.01953125
0 0.0515625 0.283203125 0.015625 0.01953125
0 0.03125 0.16015625 0.015625 0.01953125
0 0.0390625 0.10546875 0.015625 0.01953125
0 0.0734375 0.048828125 0.015625 0.01953125
0 0.034375 0.208984375 0.015625 0.01953125
0 0.05 0.001953125 0.015625 0.01953125
0 0.128125 0.283203125 0.015625 0.01953125
0 0.0828125 0.283203125 0.015625 0.01953125
0 0.0703125 0.337890625 0.015625 0.01953125
0 0.025 0.333984375 0.015625 0.01953125
0 0.165625 0.400390625 0.015625 0.01953125
0 0.234375 0.34375 0.015625 0.01953125
0 0.259375 0.283203125 0.015625 0.01953125
0 0.2203125 0.287109375 0.015625 0.01953125
0 0.3578125 0.396484375 0.015625 0.01953125
0 0.3234375 0.40234375 0.015625 0.01953125
0 0.325 0.353515625 0.015625 0.01953125
0 0.3296875 0.2890625 0.015625 0.01953125
0 0.334375 0.228515625 0.015625 0.01953125
0 0.3390625 0.150390625 0.015625 0.01953125
0 0.3359375 0.095703125 0.015625 0.01953125
0 0.3375 0.025390625 0.015625 0.01953125
0 0.38125 0.01953125 0.015625 0.01953125
0 0.1421875 0.517578125 0.015625 0.01953125
0 0.1140625 0.4765625 0.015625 0.01953125
0 0.2640625 0.484375 0.015625 0.01953125
0 0.371875 0.52734375 0.015625 0.01953125
0 0.4671875 0.501953125 0.015625 0.01953125
0 0.8515625 0.173828125 0.015625 0.01953125
0 0.934375 0.537109375 0.015625 0.01953125
0 0.9453125 0.55859375 0.015625 0.01953125
0 0.821875 0.541015625 0.015625 0.01953125
0 0.78125 0.529296875 0.015625 0.01953125
0 0.7421875 0.5078125 0.015625 0.01953125
0 0.7046875 0.484375 0.015625 0.01953125
0 0.66875 0.41015625 0.015625 0.01953125
0 0.6046875 0.39453125 0.015625 0.01953125
0 0.609375 0.546875 0.015625 0.01953125
0 0.55625 0.537109375 0.015625 0.01953125
0 0.565625 0.501953125 0.015625 0.01953125
0 0.5328125 0.158203125 0.015625 0.01953125
0 0.5875 0.142578125 0.015625 0.01953125
0 0.6078125 0.029296875 0.015625 0.01953125
0 0.63125 0.0234375 0.015625 0.01953125
0 0.61875 0.048828125 0.015625 0.01953125
0 0.58125 0.044921875 0.015625 0.01953125
0 0.6328125 0.623046875 0.015625 0.01953125
0 0.646875 0.611328125 0.015625 0.01953125
0 0.7296875 0.638671875 0.015625 0.01953125
0 0.5875 0.166015625 0.015625 0.01953125
0 0.3265625 0.51953125 0.015625 0.01953125
0 0.1734375 0.197265625 0.015625 0.01953125
0 0.146875 0.150390625 0.015625 0.01953125
0 0.996875 0.498046875 0.015625 0.01953125
0 0.5859375 0.677734375 0.015625 0.01953125
0 0.0875 0.640625 0.015625 0.01953125
0 0.3890625 0.447265625 0.015625 0.01953125
0 0.7828125 0.50390625 0.015625 0.01953125
