0 0.5859375 0.5234375 0.015625 0.01953125
0 0.5109375 0.517578125 0.015625 0.01953125
0 0.5046875 0.4765625 0.015625 0.01953125
0 0.7125 0.46484375 0.015625 0.01953125
0 0.721875 0.5234375 0.015625 0.01953125
0 0.7171875 0.498046875 0.015625 0.01953125
0 0.8203125 0.359375 0.015625 0.01953125
0 0.7375 0.3671875 0.015625 0.01953125
0 0.8640625 0.326171875 0.015625 0.01953125
0 0.7015625 0.23046875 0.015625 0.01953125
0 0.4484375 0.5625 0.015625 0.01953125
0 0.3171875 0.5625 0.015625 0.01953125
0 0.2953125 0.5390625 0.015625 0.01953125
0 0.275 0.6484375 0.015625 0.01953125
0 0.1640625 0.5859375 0.015625 0.01953125
0 0.1234375 0.65625 0.015625 0.01953125
0 0.115625 0.529296875 0.015625 0.01953125
0 0.08125 0.693359375 0.015625 0.01953125
0 0.903125 0.162109375 0.015625 0.01953125
0 0.9203125 0.189453125 0.015625 0.01953125
0 0.940625 0.15625 0.015625 0.01953125
0 0.9609375 0.14453125 0.015625 0.01953125
0 0.9921875 0.208984375 0.015625 0.01953125
0 0.9828125 0.03125 0.015625 0.01953125
0 0.9125 0.265625 0.015625 0.01953125
0 0.9234375 0.369140625 0.015625 0.01953125
0 0.9234375 0.3671875 0.015625 0.01953125
0 0.909375 0.359375 0.015625 0.01953125
0 0.8453125 0.517578125 0.015625 0.01953125
0 0.2625 0.537109375 0.015625 0.01953125
0 0.215625 0.640625 0.015625 0.01953125
0 0.2265625 0.521484375 0.015625 0.01953125
0 0.10625 0.546875 0.015625 0.01953125
0 0.0734375 0.5859375 0.015625 0.01953125
0 0.0546875 0.533203125 0.015625 0.01953125
0 0.05 0.509765625 0.015625 0.01953125
0 0.0390625 0.47265625 0.015625 0.01953125
0 0.025 0.484375 0.015625 0.01953125
0 0.0765625 0.66796875 0.015625 0.01953125
0 0.0765625 0.650390625 0.015625 0.01953125
0 0.2671875 0.119140625 0.015625 0.01953125
0 0.5296875 0.001953125 0.015625 0.01953125
0 0.6734375 0.02734375 0.015625 0.01953125
0 0.8421875 0.103515625 0.015625 0.01953125
0 0.8421875 0.103515625 0.015625 0.01953125
0 0.8546875 0.095703125 0.015625 0.01953125
0 0.5578125 0.73046875 0.015625 0.01953125
0 0.55 0.626953125 0.015625 0.01953125
0 0.8609375 0.6953125 0.015625 0.01953125
0 0.8546875 0.6796875 0.015625 0.01953125
0 0.8765625 0.576171875 0.015625 0.01953125
0 0.89375 0.578125 0.015625 0.01953125
0 0.9203125 0.6171875 0.015625 0.01953125
0 0.94375 0.625 0.015625 0.01953125
0 0.93125 0.67578125 0.015625 0.01953125
0 0.9671875 0.7734375 0.015625 0.01953125
0 0.9859375 0.75 0.015625 0.01953125
0 0.775 0.802734375 0.015625 0.01953125
0 0.75625 0.802734375 0.015625 0.01953125
0 0.7421875 0.791015625 0.015625 0.01953125
0 0.728125 0.80078125 0.015625 0.01953125
0 0.7046875 0.791015625 0.015625 0.01953125
0 0.6640625 0.783203125 0.015625 0.01953125
0 0.5859375 0.71484375 0.015625 0.01953125
0 0.628125 0.662109375 0.015625 0.01953125
0 0.878125 0.810546875 0.015625 0.01953125
0 0.5828125 0.7578125 0.015625 0.01953125
0 0.54375 0.73828125 0.015625 0.01953125
0 0.4890625 0.74609375 0.015625 0.01953125
0 0.4890625 0.74609375 0.015625 0.01953125
0 0.496875 0.73046875 0.015625 0.01953125
0 0.9828125 0.69921875 0.015625 0.01953125
0 0.9796875 0.669921875 0.015625 0.01953125
0 0.903125 0.818359375 0.015625 0.01953125
0 0.425 0.5390625 0.015625 0.01953125
0 0.646875 0.439453125 0.015625 0.01953125
0 0.64375 0.416015625 0.015625 0.01953125
0 0.675 0.455078125 0.015625 0.01953125
0 0.99375 0.35546875 0.015625 0.01953125
0 0.340625 0.77734375 0.015625 0.01953125
0 0.24375 0.8515625 0.015625 0.01953125
0 0.721875 0.23046875 0.015625 0.01953125
0 0.659375 0.185546875 0.015625 0.01953125
