0 0.95 0.16796875 0.015625 0.01953125
0 0.971875 0.166015625 0.015625 0.01953125
0 0.95625 0.275390625 0.015625 0.01953125
0 0.9140625 0.33984375 0.015625 0.01953125
0 0.8640625 0.3671875 0.015625 0.01953125
0 0.7796875 0.3828125 0.015625 0.01953125
0 0.7671875 0.486328125 0.015625 0.01953125
0 0.7703125 0.5390625 0.015625 0.01953125
0 0.7609375 0.51171875 0.015625 0.01953125
0 0.721875 0.48046875 0.015625 0.01953125
0 0.709375 0.453125 0.015625 0.01953125
0 0.628125 0.55078125 0.015625 0.01953125
0 0.55625 0.546875 0.015625 0.01953125
0 0.5015625 0.591796875 0.015625 0.01953125
0 0.315625 0.6875 0.015625 0.01953125
0 0.3609375 0.59375 0.015625 0.01953125
0 0.315625 0.5703125 0.015625 0.01953125
0 0.28125 0.552734375 0.015625 0.01953125
0 0.2296875 0.623046875 0.015625 0.01953125
0 0.1796875 0.6875 0.015625 0.01953125
0 0.5578125 0.0390625 0.015625 0.01953125
0 0.659375 0.03125 0.015625 0.01953125
0 0.709375 0.044921875 0.015625 0.01953125
0 0.8453125 0.12109375 0.015625 0.01953125
0 0.859375 0.1171875 0.015625 0.01953125
0 0.728125 0.26953125 0.015625 0.01953125
0 0.7484375 0.265625 0.015625 0.01953125
0 0.6875 0.2265625 0.015625 0.01953125
0 0.9515625 0.373046875 0.015625 0.01953125
0 0.965625 0.392578125 0.015625 0.01953125
0 0.875 0.556640625 0.015625 0.01953125
0 0.884375 0.716796875 0.015625 0.01953125
0 0.878125 0.73828125 0.015625 0.01953125
0 0.18125 0.572265625 0.015625 0.01953125
0 0.1546875 0.58984375 0.015625 0.01953125
0 0.0984375 0.55078125 0.015625 0.01953125
0 0.0671875 0.509765625 0.015625 0.01953125
0 0.059375 0.529296875 0.015625 0.01953125
0 0.0328125 0.1875 0.015625 0.01953125
0 0.0109375 0.17578125 0.015625 0.01953125
0 0.1234375 0.689453125 0.015625 0.01953125
0 0.1234375 0.7109375 0.015625 0.01953125
0 0.1375 0.728515625 0.015625 0.01953125
0 0.4875 0.578125 0.015625 0.01953125
0 0.5578125 0.50390625 0.015625 0.01953125
0 0.990625 0.1796875 0.015625 0.01953125
0 0.371875 0.8125 0.015625 0.01953125
0 0.6 0.662109375 0.015625 0.01953125
0 0.975 0.734375 0.015625 0.01953125
0 0.93125 0.6171875 0.015625 0.01953125
0 0.9109375 0.611328125 0.015625 0.01953125
0 0.95 0.640625 0.015625 0.01953125
0 0.959375 0.654296875 0.015625 0.01953125
0 0.653125 0.69921875 0.015625 0.01953125
0 0.284375 0.18359375 0.015625 0.01953125
0 0.5234375 0.775390625 0.015625 0.01953125
0 0.5359375 0.779296875 0.015625 0.01953125
0 0.5734375 0.783203125 0.015625 0.01953125
0 0.590625 0.783203125 0.015625 0.01953125
0 0.60625 0.79296875 0.015625 0.01953125
0 0.6203125 0.75 0.015625 0.01953125
0 0.6984375 0.826171875 0.015625 0.01953125
0 0.7375 0.826171875 0.015625 0.01953125
0 0.7625 0.833984375 0.015625 0.01953125
0 0.7734375 0.83203125 0.015625 0.01953125
0 0.7890625 0.83984375 0.015625 0.01953125
0 0.9578125 0.90234375 0.015625 0.01953125
