0 0.796875 0.544921875 0.015625 0.01953125
0 0.7875 0.521484375 0.015625 0.01953125
0 0.7859375 0.48828125 0.015625 0.01953125
0 0.7515625 0.486328125 0.015625 0.01953125
0 0.7421875 0.455078125 0.015625 0.01953125
0 0.709375 0.443359375 0.015625 0.01953125
0 0.7984375 0.39453125 0.015625 0.01953125
0 0.88125 0.3671875 0.015625 0.01953125
0 0.9296875 0.34375 0.015625 0.01953125
0 0.975 0.27734375 0.015625 0.01953125
0 0.965625 0.166015625 0.015625 0.01953125
0 0.990625 0.15625 0.015625 0.01953125
0 0.971875 0.37890625 0.015625 0.01953125
0 0.9828125 0.390625 0.015625 0.01953125
0 0.884375 0.564453125 0.015625 0.01953125
0 0.65625 0.55859375 0.015625 0.01953125
0 0.578125 0.552734375 0.015625 0.01953125
0 0.51875 0.603515625 0.015625 0.01953125
0 0.503125 0.58203125 0.015625 0.01953125
0 0.3875 0.603515625 0.015625 0.01953125
0 0.3734375 0.583984375 0.015625 0.01953125
0 0.3421875 0.697265625 0.015625 0.01953125
0 0.1984375 0.69921875 0.015625 0.01953125
0 0.25625 0.634765625 0.015625 0.01953125
0 0.203125 0.580078125 0.015625 0.01953125
0 0.1734375 0.603515625 0.015625 0.01953125
0 0.140625 0.712890625 0.015625 0.01953125
0 0.1546875 0.732421875 0.015625 0.01953125
0 0.1203125 0.556640625 0.015625 0.01953125
0 0.06875 0.5390625 0.015625 0.01953125
0 0.0796875 0.521484375 0.015625 0.01953125
0 0.2953125 0.193359375 0.015625 0.01953125
0 0.0421875 0.18359375 0.015625 0.01953125
0 0.5671875 0.048828125 0.015625 0.01953125
0 0.66875 0.04296875 0.015625 0.01953125
0 0.7125 0.0390625 0.015625 0.01953125
0 0.575 0.0078125 0.015625 0.01953125
0 0.578125 0.509765625 0.015625 0.01953125
0 0.8609375 0.1171875 0.015625 0.01953125
0 0.8484375 0.12890625 0.015625 0.01953125
0 0.6171875 0.666015625 0.015625 0.01953125
0 0.2984375 0.564453125 0.015625 0.01953125
0 0.340625 0.57421875 0.015625 0.01953125
0 0.734375 0.28515625 0.015625 0.01953125
0 0.6984375 0.232421875 0.015625 0.01953125
0 0.9140625 0.861328125 0.015625 0.01953125
0 0.3796875 0.8203125 0.015625 0.01953125
0 0.5359375 0.78515625 0.015625 0.01953125
0 0.584375 0.77734375 0.015625 0.01953125
0 0.5953125 0.80078125 0.015625 0.01953125
0 0.615625 0.80078125 0.015625 0.01953125
0 0.625 0.759765625 0.015625 0.01953125
0 0.665625 0.708984375 0.015625 0.01953125
0 0.70625 0.833984375 0.015625 0.01953125
0 0.7484375 0.8359375 0.015625 0.01953125
0 0.775 0.841796875 0.015625 0.01953125
0 0.79375 0.845703125 0.015625 0.01953125
0 0.8109375 0.8515625 0.015625 0.01953125
0 0.875 0.7265625 0.015625 0.01953125
0 0.91875 0.615234375 0.015625 0.01953125
0 0.9375 0.62890625 0.015625 0.01953125
0 0.8953125 0.732421875 0.015625 0.01953125
0 0.88125 0.748046875 0.015625 0.01953125
