0 0.7375 0.224609375 0.015625 0.01953125
0 0.7734375 0.22265625 0.015625 0.01953125
0 0.8078125 0.212890625 0.015625 0.01953125
0 0.8046875 0.1796875 0.015625 0.01953125
0 0.865625 0.220703125 0.015625 0.01953125
0 0.91875 0.205078125 0.015625 0.01953125
0 0.9171875 0.193359375 0.015625 0.01953125
0 0.8953125 0.095703125 0.015625 0.01953125
0 0.8484375 0.126953125 0.015625 0.01953125
0 0.8734375 0.0625 0.015625 0.01953125
0 0.8296875 0.1171875 0.015625 0.01953125
0 0.7078125 0.189453125 0.015625 0.01953125
0 0.6390625 0.19921875 0.015625 0.01953125
0 0.5828125 0.201171875 0.015625 0.01953125
0 0.553125 0.3203125 0.015625 0.01953125
0 0.553125 0.32421875 0.015625 0.01953125
0 0.5015625 0.283203125 0.015625 0.01953125
0 0.5046875 0.19921875 0.015625 0.01953125
0 0.4484375 0.080078125 0.015625 0.01953125
0 0.44375 0.025390625 0.015625 0.01953125
0 0.4078125 0.28515625 0.015625 0.01953125
0 0.3421875 0.23046875 0.015625 0.01953125
0 0.3453125 0.1875 0.015625 0.01953125
0 0.2671875 0.23828125 0.015625 0.01953125
0 0.2609375 0.208984375 0.015625 0.01953125
0 0.1703125 0.115234375 0.015625 0.01953125
0 0.178125 0.142578125 0.015625 0.01953125
0 0.1609375 0.15625 0.015625 0.01953125
0 0.1390625 0.17578125 0.015625 0.01953125
0 0.0828125 0.171875 0.015625 0.01953125
0 0.0765625 0.08984375 0.015625 0.01953125
0 0.078125 0.048828125 0.015625 0.01953125
0 0.0984375 0.052734375 0.015625 0.01953125
0 0.053125 0.228515625 0.015625 0.01953125
0 0.0625 0.21484375 0.015625 0.01953125
0 0.30625 0.3515625 0.015625 0.01953125
0 0.359375 0.546875 0.015625 0.01953125
0 0.365625 0.5703125 0.015625 0.01953125
0 0.3515625 0.583984375 0.015625 0.01953125
0 0.4359375 0.42578125 0.015625 0.01953125
0 0.584375 0.46875 0.015625 0.01953125
0 0.596875 0.4765625 0.015625 0.01953125
0 0.609375 0.48828125 0.015625 0.01953125
0 0.5140625 0.44921875 0.015625 0.01953125
0 0.534375 0.451171875 0.015625 0.01953125
0 0.725 0.298828125 0.015625 0.01953125
0 0.725 0.296875 0.015625 0.01953125
0 0.7171875 0.28515625 0.015625 0.01953125
0 0.7953125 0.310546875 0.015625 0.01953125
0 0.8765625 0.3671875 0.015625 0.01953125
0 0.89375 0.365234375 0.015625 0.01953125
0 0.9359375 0.3046875 0.015625 0.01953125
0 0.909375 0.28515625 0.015625 0.01953125
0 0.94375 0.2421875 0.015625 0.01953125
0 0.975 0.18359375 0.015625 0.01953125
0 0.9875 0.1015625 0.015625 0.01953125
0 0.9921875 0.08203125 0.015625 0.01953125
0 0.996875 0.115234375 0.015625 0.01953125
0 0.9609375 0.09765625 0.015625 0.01953125
0 0.98125 0.220703125 0.015625 0.01953125
0 0.921875 0.3984375 0.015625 0.01953125
0 0.984375 0.365234375 0.015625 0.01953125
0 0.9703125 0.337890625 0.015625 0.01953125
0 0.8515625 0.427734375 0.015625 0.01953125
0 0.903125 0.337890625 0.015625 0.01953125
0 0.4578125 0.509765625 0.015625 0.01953125
0 0.459375 0.533203125 0.015625 0.01953125
0 0.69375 0.51953125 0.015625 0.01953125
0 0.475 0.55078125 0.015625 0.01953125
0 0.4765625 0.56640625 0.015625 0.01953125
0 0.4109375 0.6484375 0.015625 0.01953125
0 0.728125 0.623046875 0.015625 0.01953125
0 0.75625 0.642578125 0.015625 0.01953125
0 0.75 0.6953125 0.015625 0.01953125
0 0.7265625 0.673828125 0.015625 0.01953125
0 0.415625 0.72265625 0.015625 0.01953125
0 0.75 0.515625 0.015625 0.01953125
0 0.16875 0.5078125 0.015625 0.01953125
0 0.2015625 0.544921875 0.015625 0.01953125
0 0.2203125 0.5703125 0.015625 0.01953125
0 0.2328125 0.578125 0.015625 0.01953125
0 0.2484375 0.60546875 0.015625 0.01953125
0 0.234375 0.591796875 0.015625 0.01953125
0 0.440625 0.7109375 0.015625 0.01953125
0 0.421875 0.740234375 0.015625 0.01953125
0 0.425 0.75390625 0.015625 0.01953125
0 0.446875 0.7578125 0.015625 0.01953125
0 0.6796875 0.673828125 0.015625 0.01953125
0 0.5671875 0.923828125 0.015625 0.01953125
0 0.54375 0.927734375 0.015625 0.01953125
0 0.503125 0.90625 0.015625 0.01953125
0 0.390625 0.892578125 0.015625 0.01953125
0 0.3921875 0.916015625 0.015625 0.01953125
0 0.334375 0.841796875 0.015625 0.01953125
0 0.35 0.775390625 0.015625 0.01953125
0 0.35 0.712890625 0.015625 0.01953125
0 0.3265625 0.685546875 0.015625 0.01953125
0 0.3421875 0.6484375 0.015625 0.01953125
0 0.1390625 0.390625 0.015625 0.01953125
0 0.1078125 0.419921875 0.015625 0.01953125
0 0.05625 0.34765625 0.015625 0.01953125
0 0.1 0.40234375 0.015625 0.01953125
0 0.74375 0.443359375 0.015625 0.01953125
0 0.821875 0.515625 0.015625 0.01953125
0 0.7125 0.48828125 0.015625 0.01953125
0 0.809375 0.638671875 0.015625 0.01953125
