0 0.66875 0.20703125 0.015625 0.01953125
0 0.725 0.193359375 0.015625 0.01953125
0 0.75625 0.23046875 0.015625 0.01953125
0 0.7875 0.224609375 0.015625 0.01953125
0 0.8203125 0.224609375 0.015625 0.01953125
0 0.8234375 0.1953125 0.015625 0.01953125
0 0.5203125 0.29296875 0.015625 0.01953125
0 0.5578125 0.267578125 0.015625 0.01953125
0 0.6 0.21484375 0.015625 0.01953125
0 0.525 0.205078125 0.015625 0.01953125
0 0.3640625 0.248046875 0.015625 0.01953125
0 0.3234375 0.3671875 0.015625 0.01953125
0 0.2859375 0.259765625 0.015625 0.01953125
0 0.4234375 0.30078125 0.015625 0.01953125
0 0.4453125 0.439453125 0.015625 0.01953125
0 0.3671875 0.5625 0.015625 0.01953125
0 0.153125 0.193359375 0.015625 0.01953125
0 0.178125 0.171875 0.015625 0.01953125
0 0.1953125 0.150390625 0.015625 0.01953125
0 0.1921875 0.125 0.015625 0.01953125
0 0.0953125 0.10546875 0.015625 0.01953125
0 0.109375 0.19140625 0.015625 0.01953125
0 0.0671875 0.248046875 0.015625 0.01953125
0 0.3625 0.599609375 0.015625 0.01953125
0 0.5515625 0.455078125 0.015625 0.01953125
0 0.553125 0.458984375 0.015625 0.01953125
0 0.3671875 0.201171875 0.015625 0.01953125
0 0.596875 0.478515625 0.015625 0.01953125
0 0.7578125 0.458984375 0.015625 0.01953125
0 0.803125 0.32421875 0.015625 0.01953125
0 0.7328125 0.296875 0.015625 0.01953125
0 0.7421875 0.314453125 0.015625 0.01953125
0 0.56875 0.314453125 0.015625 0.01953125
0 0.5734375 0.337890625 0.015625 0.01953125
0 0.8796875 0.234375 0.015625 0.01953125
0 0.925 0.203125 0.015625 0.01953125
0 0.9515625 0.255859375 0.015625 0.01953125
0 0.846875 0.109375 0.015625 0.01953125
0 0.8640625 0.125 0.015625 0.01953125
0 0.9140625 0.1015625 0.015625 0.01953125
0 0.89375 0.07421875 0.015625 0.01953125
0 0.5734375 0.923828125 0.015625 0.01953125
0 0.753125 0.69921875 0.015625 0.01953125
0 0.734375 0.685546875 0.015625 0.01953125
0 0.7421875 0.64453125 0.015625 0.01953125
0 0.740625 0.626953125 0.015625 0.01953125
0 0.759375 0.5234375 0.015625 0.01953125
0 0.7 0.529296875 0.015625 0.01953125
0 0.4359375 0.75390625 0.015625 0.01953125
0 0.4578125 0.73828125 0.015625 0.01953125
0 0.9125 0.357421875 0.015625 0.01953125
0 0.9453125 0.31640625 0.015625 0.01953125
0 0.9140625 0.328125 0.015625 0.01953125
0 0.9734375 0.33984375 0.015625 0.01953125
0 0.98125 0.279296875 0.015625 0.01953125
0 0.99375 0.103515625 0.015625 0.01953125
0 0.8203125 0.521484375 0.015625 0.01953125
0 0.859375 0.435546875 0.015625 0.01953125
0 0.9 0.384765625 0.015625 0.01953125
0 0.8796875 0.376953125 0.015625 0.01953125
0 0.9328125 0.4140625 0.015625 0.01953125
0 0.9046875 0.484375 0.015625 0.01953125
0 0.9578125 0.37109375 0.015625 0.01953125
0 0.3375 0.701171875 0.015625 0.01953125
0 0.415625 0.6640625 0.015625 0.01953125
0 0.43125 0.619140625 0.015625 0.01953125
0 0.490625 0.580078125 0.015625 0.01953125
0 0.4875 0.556640625 0.015625 0.01953125
0 0.4671875 0.54296875 0.015625 0.01953125
0 0.4640625 0.51953125 0.015625 0.01953125
0 0.6171875 0.486328125 0.015625 0.01953125
0 0.609375 0.501953125 0.015625 0.01953125
0 0.453125 0.0859375 0.015625 0.01953125
0 0.4875 0.12109375 0.015625 0.01953125
0 0.453125 0.037109375 0.015625 0.01953125
0 0.9875 0.234375 0.015625 0.01953125
0 0.9890625 0.259765625 0.015625 0.01953125
0 0.9828125 0.19921875 0.015625 0.01953125
0 0.9921875 0.376953125 0.015625 0.01953125
0 0.9265625 0.341796875 0.015625 0.01953125
0 0.946875 0.3359375 0.015625 0.01953125
0 0.915625 0.287109375 0.015625 0.01953125
0 0.68125 0.689453125 0.015625 0.01953125
0 0.2375 0.59375 0.015625 0.01953125
0 0.2125 0.5625 0.015625 0.01953125
0 0.2640625 0.623046875 0.015625 0.01953125
0 0.1796875 0.53515625 0.015625 0.01953125
0 0.1203125 0.396484375 0.015625 0.01953125
0 0.0625 0.361328125 0.015625 0.01953125
0 0.9734375 0.103515625 0.015625 0.01953125
0 0.9625 0.3046875 0.015625 0.01953125
0 0.4265625 0.78125 0.015625 0.01953125
0 0.346875 0.853515625 0.015625 0.01953125
0 0.103125 0.0625 0.015625 0.01953125
0 0.9515625 0.236328125 0.015625 0.01953125
0 0.1171875 0.431640625 0.015625 0.01953125
0 0.509375 0.919921875 0.015625 0.01953125
0 0.5453125 0.927734375 0.015625 0.01953125
0 0.534375 0.89453125 0.015625 0.01953125
0 0.3796875 0.857421875 0.015625 0.01953125
0 0.3984375 0.90234375 0.015625 0.01953125
0 0.4515625 0.76171875 0.015625 0.01953125
0 0.6609375 0.708984375 0.015625 0.01953125
0 0.6953125 0.818359375 0.015625 0.01953125
0 0.6921875 0.78515625 0.015625 0.01953125
0 0.7046875 0.736328125 0.015625 0.01953125
0 0.815625 0.6484375 0.015625 0.01953125
0 0.771875 0.65234375 0.015625 0.01953125
