0 0.5375 0.298828125 0.015625 0.01953125
0 0.578125 0.265625 0.015625 0.01953125
0 0.61875 0.216796875 0.015625 0.01953125
0 0.6921875 0.203125 0.015625 0.01953125
0 0.74375 0.1875 0.015625 0.01953125
0 0.178125 0.201171875 0.015625 0.01953125
0 0.190625 0.181640625 0.015625 0.01953125
0 0.215625 0.16796875 0.015625 0.01953125
0 0.2171875 0.140625 0.015625 0.01953125
0 0.125 0.07421875 0.015625 0.01953125
0 0.15 0.09765625 0.015625 0.01953125
0 0.3796875 0.203125 0.015625 0.01953125
0 0.3796875 0.251953125 0.015625 0.01953125
0 0.30625 0.265625 0.015625 0.01953125
0 0.2984375 0.2421875 0.015625 0.01953125
0 0.34375 0.373046875 0.015625 0.01953125
0 0.4453125 0.306640625 0.015625 0.01953125
0 0.5890625 0.31640625 0.015625 0.01953125
0 0.5953125 0.333984375 0.015625 0.01953125
0 0.7515625 0.291015625 0.015625 0.01953125
0 0.75625 0.31640625 0.015625 0.01953125
0 0.775 0.23046875 0.015625 0.01953125
0 0.80625 0.21484375 0.015625 0.01953125
0 0.8328125 0.21875 0.015625 0.01953125
0 0.8484375 0.1875 0.015625 0.01953125
0 0.871875 0.1171875 0.015625 0.01953125
0 0.85625 0.099609375 0.015625 0.01953125
0 0.915625 0.056640625 0.015625 0.01953125
0 0.9296875 0.09375 0.015625 0.01953125
0 0.8984375 0.234375 0.015625 0.01953125
0 0.946875 0.21484375 0.015625 0.01953125
0 0.95625 0.240234375 0.015625 0.01953125
0 0.9546875 0.2578125 0.015625 0.01953125
0 0.946875 0.3203125 0.015625 0.01953125
0 0.990625 0.2421875 0.015625 0.01953125
0 0.984375 0.28125 0.015625 0.01953125
0 0.9640625 0.314453125 0.015625 0.01953125
0 0.7953125 0.333984375 0.015625 0.01953125
0 0.446875 0.443359375 0.015625 0.01953125
0 0.36875 0.568359375 0.015625 0.01953125
0 0.36875 0.5859375 0.015625 0.01953125
0 0.359375 0.6015625 0.015625 0.01953125
0 0.9203125 0.30078125 0.015625 0.01953125
0 0.8796875 0.375 0.015625 0.01953125
0 0.9125 0.359375 0.015625 0.01953125
0 0.9515625 0.35546875 0.015625 0.01953125
0 0.9015625 0.390625 0.015625 0.01953125
0 0.7625 0.466796875 0.015625 0.01953125
0 0.5484375 0.21484375 0.015625 0.01953125
0 0.83125 0.51171875 0.015625 0.01953125
0 0.90625 0.484375 0.015625 0.01953125
0 0.9375 0.419921875 0.015625 0.01953125
0 0.8625 0.44140625 0.015625 0.01953125
0 0.546875 0.453125 0.015625 0.01953125
0 0.5640625 0.455078125 0.015625 0.01953125
0 0.46875 0.52734375 0.015625 0.01953125
0 0.4671875 0.552734375 0.015625 0.01953125
0 0.125 0.400390625 0.015625 0.01953125
0 0.06875 0.3671875 0.015625 0.01953125
0 0.134375 0.208984375 0.015625 0.01953125
0 0.4578125 0.091796875 0.015625 0.01953125
0 0.60625 0.494140625 0.015625 0.01953125
0 0.6203125 0.498046875 0.015625 0.01953125
0 0.7640625 0.5390625 0.015625 0.01953125
0 0.41875 0.73828125 0.015625 0.01953125
0 0.7015625 0.533203125 0.015625 0.01953125
0 0.578125 0.92578125 0.015625 0.01953125
0 0.5484375 0.923828125 0.015625 0.01953125
0 0.50625 0.927734375 0.015625 0.01953125
0 0.746875 0.669921875 0.015625 0.01953125
0 0.7421875 0.693359375 0.015625 0.01953125
0 0.6703125 0.708984375 0.015625 0.01953125
0 0.6828125 0.685546875 0.015625 0.01953125
0 0.5 0.5703125 0.015625 0.01953125
0 0.496875 0.54296875 0.015625 0.01953125
0 0.9734375 0.38671875 0.015625 0.01953125
0 0.2625 0.62109375 0.015625 0.01953125
0 0.3796875 0.83984375 0.015625 0.01953125
0 0.3484375 0.8515625 0.015625 0.01953125
0 0.4515625 0.751953125 0.015625 0.01953125
0 0.475 0.740234375 0.015625 0.01953125
0 0.403125 0.9296875 0.015625 0.01953125
0 0.4015625 0.908203125 0.015625 0.01953125
0 0.0859375 0.26171875 0.015625 0.01953125
0 0.109375 0.1171875 0.015625 0.01953125
0 0.928125 0.33984375 0.015625 0.01953125
0 0.975 0.341796875 0.015625 0.01953125
0 0.9890625 0.203125 0.015625 0.01953125
0 0.534375 0.904296875 0.015625 0.01953125
0 0.1171875 0.4296875 0.015625 0.01953125
0 0.178125 0.5234375 0.015625 0.01953125
0 0.2109375 0.560546875 0.015625 0.01953125
0 0.2265625 0.58203125 0.015625 0.01953125
0 0.240625 0.595703125 0.015625 0.01953125
0 0.24375 0.60546875 0.015625 0.01953125
0 0.4359375 0.619140625 0.015625 0.01953125
0 0.4203125 0.6640625 0.015625 0.01953125
0 0.425 0.787109375 0.015625 0.01953125
0 0.3609375 0.732421875 0.015625 0.01953125
0 0.81875 0.66015625 0.015625 0.01953125
0 0.7453125 0.64453125 0.015625 0.01953125
0 0.728125 0.607421875 0.015625 0.01953125
0 0.709375 0.740234375 0.015625 0.01953125
0 0.525 0.796875 0.015625 0.01953125
0 0.5328125 0.826171875 0.015625 0.01953125
0 0.4828125 0.1171875 0.015625 0.01953125
0 0.0484375 0.20703125 0.015625 0.01953125
0 0.0375 0.064453125 0.015625 0.01953125
