0 0.33125 0.7578125 0.015625 0.01953125
0 0.3671875 0.759765625 0.015625 0.01953125
0 0.4125 0.478515625 0.015625 0.01953125
0 0.4296875 0.458984375 0.015625 0.01953125
0 0.4296875 0.484375 0.015625 0.01953125
0 0.5484375 0.423828125 0.015625 0.01953125
0 0.65625 0.38671875 0.015625 0.01953125
0 0.6140625 0.466796875 0.015625 0.01953125
0 0.609375 0.482421875 0.015625 0.01953125
0 0.65 0.55078125 0.015625 0.01953125
0 0.7046875 0.537109375 0.015625 0.01953125
0 0.70625 0.556640625 0.015625 0.01953125
0 0.7765625 0.515625 0.015625 0.01953125
0 0.8015625 0.4921875 0.015625 0.01953125
0 0.815625 0.4609375 0.015625 0.01953125
0 0.7359375 0.453125 0.015625 0.01953125
0 0.5453125 0.599609375 0.015625 0.01953125
0 0.54375 0.552734375 0.015625 0.01953125
0 0.846875 0.517578125 0.015625 0.01953125
0 0.775 0.615234375 0.015625 0.01953125
0 0.790625 0.65234375 0.015625 0.01953125
0 0.8 0.68359375 0.015625 0.01953125
0 0.815625 0.765625 0.015625 0.01953125
0 0.6578125 0.673828125 0.015625 0.01953125
0 0.675 0.67578125 0.015625 0.01953125
0 0.7015625 0.681640625 0.015625 0.01953125
0 0.6390625 0.732421875 0.015625 0.01953125
0 0.634375 0.6875 0.015625 0.01953125
0 0.6796875 0.71875 0.015625 0.01953125
0 0.540625 0.673828125 0.015625 0.01953125
0 0.5734375 0.697265625 0.015625 0.01953125
0 0.4875 0.611328125 0.015625 0.01953125
0 0.503125 0.658203125 0.015625 0.01953125
0 0.6140625 0.34375 0.015625 0.01953125
0 0.7546875 0.6796875 0.015625 0.01953125
0 0.865625 0.642578125 0.015625 0.01953125
0 0.8640625 0.61328125 0.015625 0.01953125
0 0.8578125 0.5859375 0.015625 0.01953125
0 0.8828125 0.52734375 0.015625 0.01953125
0 0.734375 0.044921875 0.015625 0.01953125
0 0.446875 0.279296875 0.015625 0.01953125
0 0.41875 0.642578125 0.015625 0.01953125
0 0.4359375 0.625 0.015625 0.01953125
0 0.4328125 0.6640625 0.015625 0.01953125
0 0.45 0.673828125 0.015625 0.01953125
0 0.3578125 0.43359375 0.015625 0.01953125
0 0.3375 0.462890625 0.015625 0.01953125
0 0.3484375 0.5078125 0.015625 0.01953125
0 0.359375 0.517578125 0.015625 0.01953125
0 0.3640625 0.53515625 0.015625 0.01953125
0 0.2796875 0.15625 0.015625 0.01953125
0 0.31875 0.119140625 0.015625 0.01953125
0 0.34375 0.1171875 0.015625 0.01953125
0 0.3609375 0.080078125 0.015625 0.01953125
0 0.36875 0.044921875 0.015625 0.01953125
0 0.49375 0.0546875 0.015625 0.01953125
0 0.4703125 0.099609375 0.015625 0.01953125
0 0.165625 0.54296875 0.015625 0.01953125
0 0.178125 0.49609375 0.015625 0.01953125
0 0.3765625 0.23828125 0.015625 0.01953125
0 0.3484375 0.33203125 0.015625 0.01953125
0 0.459375 0.23828125 0.015625 0.01953125
0 0.3734375 0.20703125 0.015625 0.01953125
0 0.3890625 0.1328125 0.015625 0.01953125
0 0.290625 0.09375 0.015625 0.01953125
0 0.1734375 0.06640625 0.015625 0.01953125
0 0.1875 0.0546875 0.015625 0.01953125
0 0.0625 0.052734375 0.015625 0.01953125
0 0.0265625 0.1953125 0.015625 0.01953125
0 0.096875 0.173828125 0.015625 0.01953125
0 0.040625 0.23828125 0.015625 0.01953125
0 0.040625 0.287109375 0.015625 0.01953125
0 0.040625 0.287109375 0.015625 0.01953125
0 0.0328125 0.265625 0.015625 0.01953125
0 0.0390625 0.30859375 0.015625 0.01953125
0 0.05 0.392578125 0.015625 0.01953125
0 0.046875 0.453125 0.015625 0.01953125
0 0.6859375 0.701171875 0.015625 0.01953125
0 0.6921875 0.720703125 0.015625 0.01953125
0 0.78125 0.794921875 0.015625 0.01953125
0 0.803125 0.822265625 0.015625 0.01953125
0 0.8296875 0.79296875 0.015625 0.01953125
0 0.9015625 0.693359375 0.015625 0.01953125
0 0.9359375 0.716796875 0.015625 0.01953125
0 0.9296875 0.68359375 0.015625 0.01953125
0 0.58125 0.76171875 0.015625 0.01953125
0 0.6140625 0.392578125 0.015625 0.01953125
0 0.4796875 0.36328125 0.015625 0.01953125
0 0.275 0.345703125 0.015625 0.01953125
0 0.128125 0.37109375 0.015625 0.01953125
0 0.2421875 0.45703125 0.015625 0.01953125
0 0.0953125 0.541015625 0.015625 0.01953125
0 0.13125 0.482421875 0.015625 0.01953125
0 0.68125 0.740234375 0.015625 0.01953125
0 0.7078125 0.716796875 0.015625 0.01953125
0 0.73125 0.689453125 0.015625 0.01953125
0 0.73125 0.671875 0.015625 0.01953125
0 0.8046875 0.62109375 0.015625 0.01953125
0 0.88125 0.66796875 0.015625 0.01953125
0 0.821875 0.7421875 0.015625 0.01953125
0 0.7796875 0.759765625 0.015625 0.01953125
0 0.215625 0.763671875 0.015625 0.01953125
0 0.3046875 0.728515625 0.015625 0.01953125
0 0.3171875 0.833984375 0.015625 0.01953125
0 0.2453125 0.83203125 0.015625 0.01953125
0 0.3140625 0.810546875 0.015625 0.01953125
0 0.3 0.77734375 0.015625 0.01953125
0 0.2625 0.822265625 0.015625 0.01953125
0 0.265625 0.802734375 0.015625 0.01953125
0 0.1 0.80859375 0.015625 0.01953125
0 0.0890625 0.76953125 0.015625 0.01953125
0 0.428125 0.8125 0.015625 0.01953125
0 0.9921875 0.5859375 0.015625 0.01953125
0 0.6078125 0.23046875 0.015625 0.01953125
0 0.7453125 0.64453125 0.015625 0.01953125
0 0.6984375 0.646484375 0.015625 0.01953125
0 0.2796875 0.73046875 0.015625 0.01953125
0 0.0984375 0.85546875 0.015625 0.01953125
0 0.0515625 0.478515625 0.015625 0.01953125
0 0.7546875 0.79296875 0.015625 0.01953125
