0 0.090625 0.759765625 0.015625 0.01953125
0 0.475 0.115234375 0.015625 0.01953125
0 0.425 0.18359375 0.015625 0.01953125
0 0.490625 0.26953125 0.015625 0.01953125
0 0.4765625 0.322265625 0.015625 0.01953125
0 0.4078125 0.275390625 0.015625 0.01953125
0 0.4046875 0.248046875 0.015625 0.01953125
0 0.6515625 0.431640625 0.015625 0.01953125
0 0.6921875 0.421875 0.015625 0.01953125
0 0.6484375 0.384765625 0.015625 0.01953125
0 0.56875 0.453125 0.015625 0.01953125
0 0.5140625 0.40234375 0.015625 0.01953125
0 0.771875 0.4921875 0.015625 0.01953125
0 0.6515625 0.498046875 0.015625 0.01953125
0 0.6484375 0.521484375 0.015625 0.01953125
0 0.6671875 0.552734375 0.015625 0.01953125
0 0.7375 0.564453125 0.015625 0.01953125
0 0.734375 0.5859375 0.015625 0.01953125
0 0.80625 0.53515625 0.015625 0.01953125
0 0.8421875 0.51953125 0.015625 0.01953125
0 0.8578125 0.4921875 0.015625 0.01953125
0 0.7734375 0.638671875 0.015625 0.01953125
0 0.65625 0.693359375 0.015625 0.01953125
0 0.5328125 0.5625 0.015625 0.01953125
0 0.4265625 0.4765625 0.015625 0.01953125
0 0.3703125 0.3671875 0.015625 0.01953125
0 0.3109375 0.23828125 0.015625 0.01953125
0 0.3328125 0.208984375 0.015625 0.01953125
0 0.3546875 0.169921875 0.015625 0.01953125
0 0.371875 0.15625 0.015625 0.01953125
0 0.31875 0.1328125 0.015625 0.01953125
0 0.2 0.09765625 0.015625 0.01953125
0 0.2171875 0.09765625 0.015625 0.01953125
0 0.24375 0.044921875 0.015625 0.01953125
0 0.29375 0.0234375 0.015625 0.01953125
0 0.175 0.048828125 0.015625 0.01953125
0 0.3796875 0.443359375 0.015625 0.01953125
0 0.359375 0.486328125 0.015625 0.01953125
0 0.3515625 0.51953125 0.015625 0.01953125
0 0.3640625 0.54296875 0.015625 0.01953125
0 0.48125 0.640625 0.015625 0.01953125
0 0.5265625 0.697265625 0.015625 0.01953125
0 0.49375 0.6796875 0.015625 0.01953125
0 0.559375 0.732421875 0.015625 0.01953125
0 0.5703125 0.7109375 0.015625 0.01953125
0 0.5765625 0.783203125 0.015625 0.01953125
0 0.6296875 0.755859375 0.015625 0.01953125
0 0.63125 0.70703125 0.015625 0.01953125
0 0.675 0.759765625 0.015625 0.01953125
0 0.8609375 0.640625 0.015625 0.01953125
0 0.8609375 0.615234375 0.015625 0.01953125
0 0.8671875 0.673828125 0.015625 0.01953125
0 0.8953125 0.716796875 0.015625 0.01953125
0 0.878125 0.6953125 0.015625 0.01953125
0 0.8046875 0.697265625 0.015625 0.01953125
0 0.78125 0.677734375 0.015625 0.01953125
0 0.796875 0.64453125 0.015625 0.01953125
0 0.8046875 0.791015625 0.015625 0.01953125
0 0.8203125 0.81640625 0.015625 0.01953125
0 0.8 0.84375 0.015625 0.01953125
0 0.846875 0.791015625 0.015625 0.01953125
0 0.8171875 0.759765625 0.015625 0.01953125
0 0.6921875 0.732421875 0.015625 0.01953125
0 0.65625 0.71875 0.015625 0.01953125
0 0.6703125 0.69921875 0.015625 0.01953125
0 0.675 0.759765625 0.015625 0.01953125
0 0.7484375 0.81640625 0.015625 0.01953125
0 0.7859375 0.8203125 0.015625 0.01953125
0 0.7765625 0.783203125 0.015625 0.01953125
0 0.453125 0.7265625 0.015625 0.01953125
0 0.45 0.697265625 0.015625 0.01953125
0 0.415625 0.66015625 0.015625 0.01953125
0 0.415625 0.66015625 0.015625 0.01953125
0 0.4328125 0.6484375 0.015625 0.01953125
0 0.4359375 0.685546875 0.015625 0.01953125
0 0.3046875 0.83984375 0.015625 0.01953125
0 0.1 0.126953125 0.015625 0.01953125
0 0.0765625 0.078125 0.015625 0.01953125
0 0.0453125 0.060546875 0.015625 0.01953125
0 0.0703125 0.04296875 0.015625 0.01953125
0 0.1265625 0.484375 0.015625 0.01953125
0 0.4078125 0.490234375 0.015625 0.01953125
0 0.7375 0.083984375 0.015625 0.01953125
0 0.65 0.01171875 0.015625 0.01953125
0 0.890625 0.546875 0.015625 0.01953125
0 0.9328125 0.740234375 0.015625 0.01953125
0 0.925 0.712890625 0.015625 0.01953125
0 0.6953125 0.66015625 0.015625 0.01953125
0 0.7296875 0.708984375 0.015625 0.01953125
0 0.3875 0.673828125 0.015625 0.01953125
0 0.1328125 0.376953125 0.015625 0.01953125
0 0.0421875 0.240234375 0.015625 0.01953125
0 0.0390625 0.265625 0.015625 0.01953125
0 0.0421875 0.28515625 0.015625 0.01953125
0 0.0390625 0.3046875 0.015625 0.01953125
0 0.0453125 0.326171875 0.015625 0.01953125
0 0.0375 0.19140625 0.015625 0.01953125
0 0.05 0.44921875 0.015625 0.01953125
0 0.0921875 0.54296875 0.015625 0.01953125
0 0.2875 0.80078125 0.015625 0.01953125
0 0.29375 0.787109375 0.015625 0.01953125
0 0.2375 0.837890625 0.015625 0.01953125
0 0.2484375 0.474609375 0.015625 0.01953125
0 0.2375 0.470703125 0.015625 0.01953125
0 0.278125 0.35546875 0.015625 0.01953125
0 0.3046875 0.73046875 0.015625 0.01953125
0 0.2765625 0.73828125 0.015625 0.01953125
0 0.2640625 0.830078125 0.015625 0.01953125
0 0.0984375 0.810546875 0.015625 0.01953125
0 0.1109375 0.869140625 0.015625 0.01953125
0 0.20625 0.54296875 0.015625 0.01953125
0 0.9890625 0.615234375 0.015625 0.01953125
0 0.9578125 0.625 0.015625 0.01953125
0 0.9734375 0.640625 0.015625 0.01953125
