0 0.0984375 0.0859375 0.015625 0.01953125
0 0.1828125 0.083984375 0.015625 0.01953125
0 0.2828125 0.046875 0.015625 0.01953125
0 0.3046875 0.0546875 0.015625 0.01953125
0 0.2765625 0.119140625 0.015625 0.01953125
0 0.3375 0.166015625 0.015625 0.01953125
0 0.378125 0.2109375 0.015625 0.01953125
0 0.4 0.1953125 0.015625 0.01953125
0 0.4375 0.1796875 0.015625 0.01953125
0 0.446875 0.15625 0.015625 0.01953125
0 0.465625 0.119140625 0.015625 0.01953125
0 0.459375 0.220703125 0.015625 0.01953125
0 0.4265625 0.271484375 0.015625 0.01953125
0 0.4234375 0.310546875 0.015625 0.01953125
0 0.509375 0.29296875 0.015625 0.01953125
0 0.503125 0.34765625 0.015625 0.01953125
0 0.6453125 0.033203125 0.015625 0.01953125
0 0.73125 0.107421875 0.015625 0.01953125
0 0.6765625 0.40625 0.015625 0.01953125
0 0.675 0.453125 0.015625 0.01953125
0 0.7203125 0.4375 0.015625 0.01953125
0 0.7953125 0.517578125 0.015625 0.01953125
0 0.821875 0.533203125 0.015625 0.01953125
0 0.86875 0.53125 0.015625 0.01953125
0 0.8875 0.494140625 0.015625 0.01953125
0 0.8578125 0.62109375 0.015625 0.01953125
0 0.8578125 0.646484375 0.015625 0.01953125
0 0.859375 0.677734375 0.015625 0.01953125
0 0.8703125 0.697265625 0.015625 0.01953125
0 0.89375 0.720703125 0.015625 0.01953125
0 0.9171875 0.720703125 0.015625 0.01953125
0 0.7640625 0.642578125 0.015625 0.01953125
0 0.7953125 0.65234375 0.015625 0.01953125
0 0.8 0.701171875 0.015625 0.01953125
0 0.7375 0.6953125 0.015625 0.01953125
0 0.7484375 0.708984375 0.015625 0.01953125
0 0.7171875 0.71484375 0.015625 0.01953125
0 0.7953125 0.794921875 0.015625 0.01953125
0 0.8046875 0.822265625 0.015625 0.01953125
0 0.825 0.794921875 0.015625 0.01953125
0 0.7578125 0.822265625 0.015625 0.01953125
0 0.7734375 0.861328125 0.015625 0.01953125
0 0.6796875 0.69140625 0.015625 0.01953125
0 0.69375 0.703125 0.015625 0.01953125
0 0.64375 0.6953125 0.015625 0.01953125
0 0.6609375 0.69921875 0.015625 0.01953125
0 0.6734375 0.71875 0.015625 0.01953125
0 0.675 0.7421875 0.015625 0.01953125
0 0.653125 0.748046875 0.015625 0.01953125
0 0.675 0.763671875 0.015625 0.01953125
0 0.6328125 0.759765625 0.015625 0.01953125
0 0.621875 0.71484375 0.015625 0.01953125
0 0.565625 0.712890625 0.015625 0.01953125
0 0.5578125 0.736328125 0.015625 0.01953125
0 0.5703125 0.78125 0.015625 0.01953125
0 0.5109375 0.69921875 0.015625 0.01953125
0 0.6640625 0.55859375 0.015625 0.01953125
0 0.6796875 0.533203125 0.015625 0.01953125
0 0.7546875 0.595703125 0.015625 0.01953125
0 0.753125 0.57421875 0.015625 0.01953125
0 0.6859375 0.51171875 0.015625 0.01953125
0 0.5875 0.48046875 0.015625 0.01953125
0 0.5421875 0.42578125 0.015625 0.01953125
0 0.5296875 0.568359375 0.015625 0.01953125
0 0.4765625 0.630859375 0.015625 0.01953125
0 0.396875 0.515625 0.015625 0.01953125
0 0.421875 0.484375 0.015625 0.01953125
0 0.3875 0.4609375 0.015625 0.01953125
0 0.36875 0.48828125 0.015625 0.01953125
0 0.3484375 0.5234375 0.015625 0.01953125
0 0.3546875 0.544921875 0.015625 0.01953125
0 0.45 0.671875 0.015625 0.01953125
0 0.44375 0.703125 0.015625 0.01953125
0 0.4375 0.73828125 0.015625 0.01953125
0 0.478125 0.734375 0.015625 0.01953125
0 0.3734375 0.69921875 0.015625 0.01953125
0 0.35 0.77734375 0.015625 0.01953125
0 0.38125 0.7890625 0.015625 0.01953125
0 0.3015625 0.84375 0.015625 0.01953125
0 0.278125 0.802734375 0.015625 0.01953125
0 0.2640625 0.7421875 0.015625 0.01953125
0 0.2984375 0.73828125 0.015625 0.01953125
0 0.25 0.462890625 0.015625 0.01953125
0 0.2265625 0.482421875 0.015625 0.01953125
0 0.1484375 0.384765625 0.015625 0.01953125
0 0.2734375 0.357421875 0.015625 0.01953125
0 0.3640625 0.30078125 0.015625 0.01953125
0 0.3625 0.2578125 0.015625 0.01953125
0 0.4 0.390625 0.015625 0.01953125
0 0.1234375 0.369140625 0.015625 0.01953125
0 0.7015625 0.65625 0.015625 0.01953125
0 0.990625 0.62109375 0.015625 0.01953125
0 0.9265625 0.748046875 0.015625 0.01953125
0 0.1265625 0.48046875 0.015625 0.01953125
0 0.0390625 0.32421875 0.015625 0.01953125
0 0.0390625 0.294921875 0.015625 0.01953125
0 0.0375 0.265625 0.015625 0.01953125
0 0.0375 0.2421875 0.015625 0.01953125
0 0.0375 0.19921875 0.015625 0.01953125
0 0.134375 0.384765625 0.015625 0.01953125
0 0.2328125 0.845703125 0.015625 0.01953125
0 0.09375 0.544921875 0.015625 0.01953125
0 0.1 0.533203125 0.015625 0.01953125
0 0.0828125 0.583984375 0.015625 0.01953125
0 0.096875 0.810546875 0.015625 0.01953125
0 0.2359375 0.552734375 0.015625 0.01953125
0 0.7234375 0.826171875 0.015625 0.01953125
0 0.7703125 0.7734375 0.015625 0.01953125
0 0.0703125 0.041015625 0.015625 0.01953125
0 0.05625 0.046875 0.015625 0.01953125
0 0.0390625 0.06640625 0.015625 0.01953125
0 0.0703125 0.078125 0.015625 0.01953125
0 0.1265625 0.119140625 0.015625 0.01953125
0 0.2546875 0.8125 0.015625 0.01953125
