0 0.0984375 0.056640625 0.015625 0.01953125
0 0.071875 0.037109375 0.015625 0.01953125
0 0.1953125 0.1015625 0.015625 0.01953125
0 0.2234375 0.146484375 0.015625 0.01953125
0 0.240625 0.140625 0.015625 0.01953125
0 0.2953125 0.076171875 0.015625 0.01953125
0 0.2953125 0.076171875 0.015625 0.01953125
0 0.3046875 0.1640625 0.015625 0.01953125
0 0.35 0.18359375 0.015625 0.01953125
0 0.39375 0.224609375 0.015625 0.01953125
0 0.415625 0.208984375 0.015625 0.01953125
0 0.38125 0.275390625 0.015625 0.01953125
0 0.390625 0.333984375 0.015625 0.01953125
0 0.421875 0.404296875 0.015625 0.01953125
0 0.4375 0.3203125 0.015625 0.01953125
0 0.4375 0.28515625 0.015625 0.01953125
0 0.478125 0.234375 0.015625 0.01953125
0 0.525 0.3046875 0.015625 0.01953125
0 0.5171875 0.357421875 0.015625 0.01953125
0 0.55625 0.439453125 0.015625 0.01953125
0 0.6046875 0.484375 0.015625 0.01953125
0 0.3671875 0.486328125 0.015625 0.01953125
0 0.271875 0.35546875 0.015625 0.01953125
0 0.1375 0.390625 0.015625 0.01953125
0 0.0421875 0.31640625 0.015625 0.01953125
0 0.0359375 0.291015625 0.015625 0.01953125
0 0.0375 0.2734375 0.015625 0.01953125
0 0.034375 0.259765625 0.015625 0.01953125
0 0.0328125 0.19921875 0.015625 0.01953125
0 0.05 0.44140625 0.015625 0.01953125
0 0.2390625 0.45703125 0.015625 0.01953125
0 0.225 0.47265625 0.015625 0.01953125
0 0.2984375 0.736328125 0.015625 0.01953125
0 0.2890625 0.78515625 0.015625 0.01953125
0 0.2875 0.798828125 0.015625 0.01953125
0 0.2515625 0.80859375 0.015625 0.01953125
0 0.2578125 0.83203125 0.015625 0.01953125
0 0.69375 0.41015625 0.015625 0.01953125
0 0.6984375 0.451171875 0.015625 0.01953125
0 0.7390625 0.443359375 0.015625 0.01953125
0 0.7359375 0.103515625 0.015625 0.01953125
0 0.634375 0.044921875 0.015625 0.01953125
0 0.628125 0.009765625 0.015625 0.01953125
0 0.4828125 0.14453125 0.015625 0.01953125
0 0.5 0.078125 0.015625 0.01953125
0 0.465625 0.181640625 0.015625 0.01953125
0 0.4640625 0.203125 0.015625 0.01953125
0 0.921875 0.4921875 0.015625 0.01953125
0 0.8921875 0.521484375 0.015625 0.01953125
0 0.815625 0.5234375 0.015625 0.01953125
0 0.775 0.572265625 0.015625 0.01953125
0 0.775 0.59375 0.015625 0.01953125
0 0.703125 0.5234375 0.015625 0.01953125
0 0.70625 0.5390625 0.015625 0.01953125
0 0.65625 0.556640625 0.015625 0.01953125
0 0.8484375 0.6171875 0.015625 0.01953125
0 0.875 0.625 0.015625 0.01953125
0 0.840625 0.52734375 0.015625 0.01953125
0 0.8609375 0.677734375 0.015625 0.01953125
0 0.859375 0.646484375 0.015625 0.01953125
0 0.71875 0.712890625 0.015625 0.01953125
0 0.746875 0.70703125 0.015625 0.01953125
0 0.7328125 0.70703125 0.015625 0.01953125
0 0.8 0.69921875 0.015625 0.01953125
0 0.7953125 0.646484375 0.015625 0.01953125
0 0.765625 0.638671875 0.015625 0.01953125
0 0.646875 0.6953125 0.015625 0.01953125
0 0.621875 0.70703125 0.015625 0.01953125
0 0.734375 0.6640625 0.015625 0.01953125
0 0.7125 0.66796875 0.015625 0.01953125
0 0.6921875 0.66015625 0.015625 0.01953125
0 0.8078125 0.791015625 0.015625 0.01953125
0 0.81875 0.82421875 0.015625 0.01953125
0 0.5640625 0.71484375 0.015625 0.01953125
0 0.53125 0.55859375 0.015625 0.01953125
0 0.4 0.50390625 0.015625 0.01953125
0 0.4203125 0.474609375 0.015625 0.01953125
0 0.359375 0.537109375 0.015625 0.01953125
0 0.346875 0.51171875 0.015625 0.01953125
0 0.128125 0.48046875 0.015625 0.01953125
0 0.090625 0.8125 0.015625 0.01953125
0 0.15 0.384765625 0.015625 0.01953125
0 0.128125 0.369140625 0.015625 0.01953125
0 0.475 0.623046875 0.015625 0.01953125
0 0.5109375 0.69921875 0.015625 0.01953125
0 0.4609375 0.734375 0.015625 0.01953125
0 0.41875 0.77734375 0.015625 0.01953125
0 0.4359375 0.724609375 0.015625 0.01953125
0 0.446875 0.69921875 0.015625 0.01953125
0 0.453125 0.673828125 0.015625 0.01953125
0 0.371875 0.705078125 0.015625 0.01953125
0 0.3015625 0.83984375 0.015625 0.01953125
0 0.3 0.814453125 0.015625 0.01953125
0 0.571875 0.783203125 0.015625 0.01953125
0 0.5609375 0.73828125 0.015625 0.01953125
0 0.6796875 0.693359375 0.015625 0.01953125
0 0.665625 0.701171875 0.015625 0.01953125
0 0.671875 0.74609375 0.015625 0.01953125
0 0.628125 0.75390625 0.015625 0.01953125
0 0.65 0.740234375 0.015625 0.01953125
0 0.725 0.830078125 0.015625 0.01953125
0 0.765625 0.8203125 0.015625 0.01953125
0 0.778125 0.78515625 0.015625 0.01953125
0 0.803125 0.763671875 0.015625 0.01953125
0 0.878125 0.69921875 0.015625 0.01953125
0 0.89375 0.724609375 0.015625 0.01953125
0 0.9171875 0.716796875 0.015625 0.01953125
0 0.7828125 0.853515625 0.015625 0.01953125
0 0.871875 0.794921875 0.015625 0.01953125
0 0.828125 0.791015625 0.015625 0.01953125
0 0.7765625 0.681640625 0.015625 0.01953125
0 0.928125 0.79296875 0.015625 0.01953125
0 0.9265625 0.810546875 0.015625 0.01953125
0 0.9265625 0.74609375 0.015625 0.01953125
0 0.978125 0.767578125 0.015625 0.01953125
0 0.1765625 0.5 0.015625 0.01953125
0 0.0953125 0.546875 0.015625 0.01953125
0 0.3609375 0.7734375 0.015625 0.01953125
0 0.378125 0.7890625 0.015625 0.01953125
0 0.2671875 0.7421875 0.015625 0.01953125
0 0.4234375 0.828125 0.015625 0.01953125
0 0.0515625 0.044921875 0.015625 0.01953125
