0 0.0828125 0.1328125 0.015625 0.01953125
0 0.0953125 0.16796875 0.015625 0.01953125
0 0.1921875 0.111328125 0.015625 0.01953125
0 0.1375 0.255859375 0.015625 0.01953125
0 0.1609375 0.310546875 0.015625 0.01953125
0 0.296875 0.251953125 0.015625 0.01953125
0 0.2890625 0.279296875 0.015625 0.01953125
0 0.29375 0.306640625 0.015625 0.01953125
0 0.309375 0.34765625 0.015625 0.01953125
0 0.3125 0.3828125 0.015625 0.01953125
0 0.275 0.453125 0.015625 0.01953125
0 0.20625 0.453125 0.015625 0.01953125
0 0.2328125 0.396484375 0.015625 0.01953125
0 0.2203125 0.365234375 0.015625 0.01953125
0 0.35625 0.46484375 0.015625 0.01953125
0 0.3921875 0.505859375 0.015625 0.01953125
0 0.38125 0.537109375 0.015625 0.01953125
0 0.4984375 0.4296875 0.015625 0.01953125
0 0.5234375 0.53515625 0.015625 0.01953125
0 0.525 0.552734375 0.015625 0.01953125
0 0.575 0.568359375 0.015625 0.01953125
0 0.5734375 0.603515625 0.015625 0.01953125
0 0.5765625 0.5859375 0.015625 0.01953125
0 0.61875 0.51953125 0.015625 0.01953125
0 0.615625 0.54296875 0.015625 0.01953125
0 0.715625 0.482421875 0.015625 0.01953125
0 0.759375 0.46875 0.015625 0.01953125
0 0.7703125 0.53125 0.015625 0.01953125
0 0.9203125 0.4375 0.015625 0.01953125
0 0.9390625 0.517578125 0.015625 0.01953125
0 0.878125 0.20703125 0.015625 0.01953125
0 0.60625 0.14453125 0.015625 0.01953125
0 0.1453125 0.533203125 0.015625 0.01953125
0 0.1171875 0.4609375 0.015625 0.01953125
0 0.0890625 0.478515625 0.015625 0.01953125
0 0.0671875 0.509765625 0.015625 0.01953125
0 0.0796875 0.533203125 0.015625 0.01953125
0 0.196875 0.611328125 0.015625 0.01953125
0 0.2453125 0.552734375 0.015625 0.01953125
0 0.234375 0.685546875 0.015625 0.01953125
0 0.2828125 0.72265625 0.015625 0.01953125
0 0.2921875 0.76953125 0.015625 0.01953125
0 0.346875 0.6953125 0.015625 0.01953125
0 0.3515625 0.744140625 0.015625 0.01953125
0 0.371875 0.716796875 0.015625 0.01953125
0 0.371875 0.68359375 0.015625 0.01953125
0 0.4078125 0.685546875 0.015625 0.01953125
0 0.4140625 0.6953125 0.015625 0.01953125
0 0.4359375 0.65234375 0.015625 0.01953125
0 0.4328125 0.634765625 0.015625 0.01953125
0 0.4484375 0.69921875 0.015625 0.01953125
0 0.46875 0.693359375 0.015625 0.01953125
0 0.4640625 0.681640625 0.015625 0.01953125
0 0.484375 0.642578125 0.015625 0.01953125
0 0.4578125 0.654296875 0.015625 0.01953125
0 0.51875 0.630859375 0.015625 0.01953125
0 0.515625 0.693359375 0.015625 0.01953125
0 0.515625 0.693359375 0.015625 0.01953125
0 0.5234375 0.7578125 0.015625 0.01953125
0 0.5375 0.802734375 0.015625 0.01953125
0 0.5 0.775390625 0.015625 0.01953125
0 0.496875 0.8046875 0.015625 0.01953125
0 0.521875 0.837890625 0.015625 0.01953125
0 0.5296875 0.78125 0.015625 0.01953125
0 0.571875 0.76953125 0.015625 0.01953125
0 0.6375 0.73828125 0.015625 0.01953125
0 0.6125 0.70703125 0.015625 0.01953125
0 0.6140625 0.66015625 0.015625 0.01953125
0 0.5796875 0.626953125 0.015625 0.01953125
0 0.6484375 0.705078125 0.015625 0.01953125
0 0.653125 0.732421875 0.015625 0.01953125
0 0.678125 0.703125 0.015625 0.01953125
0 0.6765625 0.734375 0.015625 0.01953125
0 0.6984375 0.75 0.015625 0.01953125
0 0.7140625 0.734375 0.015625 0.01953125
0 0.7515625 0.7421875 0.015625 0.01953125
0 0.7796875 0.73046875 0.015625 0.01953125
0 0.7765625 0.689453125 0.015625 0.01953125
0 0.7609375 0.68359375 0.015625 0.01953125
0 0.715625 0.615234375 0.015625 0.01953125
0 0.9625 0.603515625 0.015625 0.01953125
0 0.96875 0.58984375 0.015625 0.01953125
0 0.990625 0.5859375 0.015625 0.01953125
0 0.9765625 0.494140625 0.015625 0.01953125
0 0.9703125 0.392578125 0.015625 0.01953125
0 0.75625 0.580078125 0.015625 0.01953125
0 0.790625 0.513671875 0.015625 0.01953125
0 0.8984375 0.775390625 0.015625 0.01953125
0 0.5046875 0.46875 0.015625 0.01953125
0 0.5390625 0.44921875 0.015625 0.01953125
0 0.5953125 0.681640625 0.015625 0.01953125
0 0.990625 0.763671875 0.015625 0.01953125
0 0.3546875 0.046875 0.015625 0.01953125
0 0.3234375 0.06640625 0.015625 0.01953125
0 0.4421875 0.0859375 0.015625 0.01953125
0 0.903125 0.87109375 0.015625 0.01953125
0 0.9734375 0.85546875 0.015625 0.01953125
0 0.990625 0.8359375 0.015625 0.01953125
0 0.8 0.857421875 0.015625 0.01953125
0 0.196875 0.7265625 0.015625 0.01953125
0 0.1625 0.7421875 0.015625 0.01953125
0 0.15 0.822265625 0.015625 0.01953125
0 0.16875 0.701171875 0.015625 0.01953125
0 0.0625 0.58984375 0.015625 0.01953125
0 0.15 0.634765625 0.015625 0.01953125
0 0.0328125 0.72265625 0.015625 0.01953125
0 0.0734375 0.75390625 0.015625 0.01953125
0 0.0125 0.779296875 0.015625 0.01953125
