0 0.40625 0.080078125 0.015625 0.01953125
0 0.31875 0.03125 0.015625 0.01953125
0 0.29375 0.0703125 0.015625 0.01953125
0 0.1828125 0.0625 0.015625 0.01953125
0 0.0578125 0.15625 0.015625 0.01953125
0 0.0828125 0.1875 0.015625 0.01953125
0 0.1203125 0.26953125 0.015625 0.01953125
0 0.16875 0.298828125 0.015625 0.01953125
0 0.1640625 0.345703125 0.015625 0.01953125
0 0.29375 0.267578125 0.015625 0.01953125
0 0.2875 0.291015625 0.015625 0.01953125
0 0.28125 0.3203125 0.015625 0.01953125
0 0.2109375 0.353515625 0.015625 0.01953125
0 0.2078125 0.375 0.015625 0.01953125
0 0.2953125 0.36328125 0.015625 0.01953125
0 0.3046875 0.396484375 0.015625 0.01953125
0 0.2515625 0.421875 0.015625 0.01953125
0 0.2015625 0.47265625 0.015625 0.01953125
0 0.2890625 0.47265625 0.015625 0.01953125
0 0.3484375 0.466796875 0.015625 0.01953125
0 0.346875 0.537109375 0.015625 0.01953125
0 0.378125 0.51171875 0.015625 0.01953125
0 0.4875 0.431640625 0.015625 0.01953125
0 0.4953125 0.46875 0.015625 0.01953125
0 0.5359375 0.44921875 0.015625 0.01953125
0 0.5203125 0.53515625 0.015625 0.01953125
0 0.521875 0.552734375 0.015625 0.01953125
0 0.6078125 0.5390625 0.015625 0.01953125
0 0.5625 0.5859375 0.015625 0.01953125
0 0.565625 0.568359375 0.015625 0.01953125
0 0.546875 0.599609375 0.015625 0.01953125
0 0.5515625 0.623046875 0.015625 0.01953125
0 0.5765625 0.611328125 0.015625 0.01953125
0 0.6046875 0.513671875 0.015625 0.01953125
0 0.7078125 0.47265625 0.015625 0.01953125
0 0.7484375 0.462890625 0.015625 0.01953125
0 0.859375 0.197265625 0.015625 0.01953125
0 0.790625 0.505859375 0.015625 0.01953125
0 0.7765625 0.529296875 0.015625 0.01953125
0 0.7609375 0.521484375 0.015625 0.01953125
0 0.9140625 0.41796875 0.015625 0.01953125
0 0.9609375 0.369140625 0.015625 0.01953125
0 0.9875 0.4375 0.015625 0.01953125
0 0.9703125 0.48046875 0.015625 0.01953125
0 0.9296875 0.498046875 0.015625 0.01953125
0 0.9875 0.5078125 0.015625 0.01953125
0 0.9609375 0.57421875 0.015625 0.01953125
0 0.9375 0.580078125 0.015625 0.01953125
0 0.934375 0.595703125 0.015625 0.01953125
0 0.75625 0.697265625 0.015625 0.01953125
0 0.75625 0.7421875 0.015625 0.01953125
0 0.721875 0.755859375 0.015625 0.01953125
0 0.7296875 0.681640625 0.015625 0.01953125
0 0.675 0.74609375 0.015625 0.01953125
0 0.8734375 0.845703125 0.015625 0.01953125
0 0.88125 0.771484375 0.015625 0.01953125
0 0.946875 0.845703125 0.015625 0.01953125
0 0.959375 0.82421875 0.015625 0.01953125
0 0.9625 0.748046875 0.015625 0.01953125
0 0.5890625 0.65234375 0.015625 0.01953125
0 0.5703125 0.67578125 0.015625 0.01953125
0 0.465625 0.630859375 0.015625 0.01953125
0 0.4296875 0.6484375 0.015625 0.01953125
0 0.34375 0.68359375 0.015625 0.01953125
0 0.3484375 0.71875 0.015625 0.01953125
0 0.3265625 0.744140625 0.015625 0.01953125
0 0.434375 0.806640625 0.015625 0.01953125
0 0.471875 0.81640625 0.015625 0.01953125
0 0.496875 0.841796875 0.015625 0.01953125
0 0.5125 0.798828125 0.015625 0.01953125
0 0.50625 0.7734375 0.015625 0.01953125
0 0.4765625 0.77734375 0.015625 0.01953125
0 0.4921875 0.759765625 0.015625 0.01953125
0 0.26875 0.767578125 0.015625 0.01953125
0 0.3859375 0.640625 0.015625 0.01953125
0 0.3890625 0.65625 0.015625 0.01953125
0 0.390625 0.6875 0.015625 0.01953125
0 0.359375 0.685546875 0.015625 0.01953125
0 0.3578125 0.69921875 0.015625 0.01953125
0 0.3234375 0.6953125 0.015625 0.01953125
0 0.1671875 0.607421875 0.015625 0.01953125
0 0.2171875 0.548828125 0.015625 0.01953125
0 0.1265625 0.546875 0.015625 0.01953125
0 0.128125 0.580078125 0.015625 0.01953125
0 0.0890625 0.458984375 0.015625 0.01953125
0 0.0671875 0.482421875 0.015625 0.01953125
0 0.0390625 0.509765625 0.015625 0.01953125
0 0.05 0.5234375 0.015625 0.01953125
0 0.0546875 0.53515625 0.015625 0.01953125
0 0.053125 0.59765625 0.015625 0.01953125
0 0.1484375 0.740234375 0.015625 0.01953125
0 0.1703125 0.71484375 0.015625 0.01953125
0 0.1265625 0.70703125 0.015625 0.01953125
0 0.0703125 0.7109375 0.015625 0.01953125
0 0.0453125 0.751953125 0.015625 0.01953125
0 0.0078125 0.724609375 0.015625 0.01953125
0 0.54375 0.771484375 0.015625 0.01953125
0 0.56875 0.77734375 0.015625 0.01953125
0 0.628125 0.775390625 0.015625 0.01953125
0 0.6296875 0.80078125 0.015625 0.01953125
0 0.2171875 0.689453125 0.015625 0.01953125
0 0.2640625 0.708984375 0.015625 0.01953125
0 0.1453125 0.685546875 0.015625 0.01953125
0 0.0828125 0.751953125 0.015625 0.01953125
0 0.0734375 0.763671875 0.015625 0.01953125
0 0.5875 0.70703125 0.015625 0.01953125
0 0.621875 0.701171875 0.015625 0.01953125
0 0.49375 0.685546875 0.015625 0.01953125
0 0.4734375 0.6640625 0.015625 0.01953125
0 0.4921875 0.634765625 0.015625 0.01953125
0 0.425 0.697265625 0.015625 0.01953125
0 0.428125 0.68359375 0.015625 0.01953125
0 0.80625 0.603515625 0.015625 0.01953125
0 0.85 0.630859375 0.015625 0.01953125
0 0.846875 0.580078125 0.015625 0.01953125
0 0.9671875 0.681640625 0.015625 0.01953125
0 0.7609375 0.8515625 0.015625 0.01953125
0 0.7203125 0.630859375 0.015625 0.01953125
0 0.6578125 0.69921875 0.015625 0.01953125
0 0.69375 0.666015625 0.015625 0.01953125
0 0.690625 0.611328125 0.015625 0.01953125
0 0.671875 0.626953125 0.015625 0.01953125
0 0.16875 0.146484375 0.015625 0.01953125
0 0.371875 0.73046875 0.015625 0.01953125
