0 0.1640625 0.115234375 0.015625 0.01953125
0 0.3109375 0.078125 0.015625 0.01953125
0 0.3265625 0.037109375 0.015625 0.01953125
0 0.415625 0.083984375 0.015625 0.01953125
0 0.325 0.28515625 0.015625 0.01953125
0 0.309375 0.3359375 0.015625 0.01953125
0 0.3109375 0.375 0.015625 0.01953125
0 0.325 0.41015625 0.015625 0.01953125
0 0.3109375 0.439453125 0.015625 0.01953125
0 0.3328125 0.490234375 0.015625 0.01953125
0 0.36875 0.48046875 0.015625 0.01953125
0 0.3484375 0.533203125 0.015625 0.01953125
0 0.396875 0.51953125 0.015625 0.01953125
0 0.5140625 0.435546875 0.015625 0.01953125
0 0.521875 0.478515625 0.015625 0.01953125
0 0.553125 0.455078125 0.015625 0.01953125
0 0.6265625 0.517578125 0.015625 0.01953125
0 0.6390625 0.546875 0.015625 0.01953125
0 0.55 0.541015625 0.015625 0.01953125
0 0.55 0.55859375 0.015625 0.01953125
0 0.5890625 0.57421875 0.015625 0.01953125
0 0.590625 0.591796875 0.015625 0.01953125
0 0.55 0.6015625 0.015625 0.01953125
0 0.55625 0.630859375 0.015625 0.01953125
0 0.578125 0.615234375 0.015625 0.01953125
0 0.74375 0.46484375 0.015625 0.01953125
0 0.7875 0.4609375 0.015625 0.01953125
0 0.7921875 0.521484375 0.015625 0.01953125
0 0.8796875 0.18359375 0.015625 0.01953125
0 0.9921875 0.3515625 0.015625 0.01953125
0 0.9375 0.412109375 0.015625 0.01953125
0 0.9515625 0.48828125 0.015625 0.01953125
0 0.759375 0.576171875 0.015625 0.01953125
0 0.940625 0.60546875 0.015625 0.01953125
0 0.946875 0.587890625 0.015625 0.01953125
0 0.96875 0.744140625 0.015625 0.01953125
0 0.86875 0.619140625 0.015625 0.01953125
0 0.7609375 0.75390625 0.015625 0.01953125
0 0.7359375 0.771484375 0.015625 0.01953125
0 0.9046875 0.779296875 0.015625 0.01953125
0 0.6796875 0.630859375 0.015625 0.01953125
0 0.69375 0.61328125 0.015625 0.01953125
0 0.515625 0.8046875 0.015625 0.01953125
0 0.509375 0.78515625 0.015625 0.01953125
0 0.496875 0.767578125 0.015625 0.01953125
0 0.4765625 0.78515625 0.015625 0.01953125
0 0.475 0.8203125 0.015625 0.01953125
0 0.440625 0.806640625 0.015625 0.01953125
0 0.5484375 0.765625 0.015625 0.01953125
0 0.4671875 0.640625 0.015625 0.01953125
0 0.4984375 0.638671875 0.015625 0.01953125
0 0.4796875 0.66796875 0.015625 0.01953125
0 0.4984375 0.689453125 0.015625 0.01953125
0 0.425 0.69921875 0.015625 0.01953125
0 0.3890625 0.65234375 0.015625 0.01953125
0 0.4359375 0.650390625 0.015625 0.01953125
0 0.3546875 0.6875 0.015625 0.01953125
0 0.33125 0.748046875 0.015625 0.01953125
0 0.3984375 0.6875 0.015625 0.01953125
0 0.35 0.71875 0.015625 0.01953125
0 0.275 0.771484375 0.015625 0.01953125
0 0.215625 0.685546875 0.015625 0.01953125
0 0.2609375 0.724609375 0.015625 0.01953125
0 0.18125 0.716796875 0.015625 0.01953125
0 0.1609375 0.73828125 0.015625 0.01953125
0 0.178125 0.611328125 0.015625 0.01953125
0 0.225 0.552734375 0.015625 0.01953125
0 0.2203125 0.4765625 0.015625 0.01953125
0 0.23125 0.38671875 0.015625 0.01953125
0 0.234375 0.3671875 0.015625 0.01953125
0 0.196875 0.3828125 0.015625 0.01953125
0 0.1890625 0.3203125 0.015625 0.01953125
0 0.146875 0.2890625 0.015625 0.01953125
0 0.109375 0.212890625 0.015625 0.01953125
0 0.0765625 0.171875 0.015625 0.01953125
0 0.0140625 0.255859375 0.015625 0.01953125
0 0.0921875 0.466796875 0.015625 0.01953125
0 0.08125 0.501953125 0.015625 0.01953125
0 0.0609375 0.541015625 0.015625 0.01953125
0 0.0515625 0.51953125 0.015625 0.01953125
0 0.1390625 0.578125 0.015625 0.01953125
0 0.0734375 0.61328125 0.015625 0.01953125
0 0.0109375 0.734375 0.015625 0.01953125
0 0.0546875 0.7421875 0.015625 0.01953125
0 0.1421875 0.599609375 0.015625 0.01953125
0 0.4203125 0.662109375 0.015625 0.01953125
0 0.371875 0.73828125 0.015625 0.01953125
0 0.128125 0.658203125 0.015625 0.01953125
0 0.371875 0.6953125 0.015625 0.01953125
0 0.3671875 0.71875 0.015625 0.01953125
0 0.6 0.712890625 0.015625 0.01953125
0 0.571875 0.681640625 0.015625 0.01953125
0 0.59375 0.66015625 0.015625 0.01953125
0 0.6296875 0.705078125 0.015625 0.01953125
0 0.659375 0.70703125 0.015625 0.01953125
0 0.6984375 0.68359375 0.015625 0.01953125
0 0.7375 0.6875 0.015625 0.01953125
0 0.7171875 0.6328125 0.015625 0.01953125
0 0.8046875 0.60546875 0.015625 0.01953125
0 0.8171875 0.6171875 0.015625 0.01953125
0 0.88125 0.849609375 0.015625 0.01953125
0 0.9484375 0.84765625 0.015625 0.01953125
0 0.9640625 0.830078125 0.015625 0.01953125
0 0.91875 0.857421875 0.015625 0.01953125
0 0.7859375 0.8515625 0.015625 0.01953125
0 0.765625 0.853515625 0.015625 0.01953125
0 0.128125 0.712890625 0.015625 0.01953125
0 0.0796875 0.705078125 0.015625 0.01953125
0 0.2640625 0.70703125 0.015625 0.01953125
0 0.3265625 0.69921875 0.015625 0.01953125
