0 0.1640625 0.12109375 0.015625 0.01953125
0 0.325 0.041015625 0.015625 0.01953125
0 0.31875 0.087890625 0.015625 0.01953125
0 0.4140625 0.08984375 0.015625 0.01953125
0 0.3484375 0.310546875 0.015625 0.01953125
0 0.3265625 0.349609375 0.015625 0.01953125
0 0.3296875 0.388671875 0.015625 0.01953125
0 0.3484375 0.33203125 0.015625 0.01953125
0 0.3390625 0.41796875 0.015625 0.01953125
0 0.3625 0.455078125 0.015625 0.01953125
0 0.3515625 0.537109375 0.015625 0.01953125
0 0.371875 0.50390625 0.015625 0.01953125
0 0.4109375 0.533203125 0.015625 0.01953125
0 0.5328125 0.443359375 0.015625 0.01953125
0 0.54375 0.486328125 0.015625 0.01953125
0 0.5671875 0.46875 0.015625 0.01953125
0 0.2375 0.486328125 0.015625 0.01953125
0 0.228125 0.408203125 0.015625 0.01953125
0 0.2484375 0.3828125 0.015625 0.01953125
0 0.2125 0.34375 0.015625 0.01953125
0 0.15625 0.302734375 0.015625 0.01953125
0 0.121875 0.234375 0.015625 0.01953125
0 0.0921875 0.19140625 0.015625 0.01953125
0 0.0109375 0.271484375 0.015625 0.01953125
0 0.090625 0.47265625 0.015625 0.01953125
0 0.065625 0.54296875 0.015625 0.01953125
0 0.0578125 0.529296875 0.015625 0.01953125
0 0.0484375 0.51953125 0.015625 0.01953125
0 0.09375 0.623046875 0.015625 0.01953125
0 0.134375 0.599609375 0.015625 0.01953125
0 0.1453125 0.619140625 0.015625 0.01953125
0 0.178125 0.625 0.015625 0.01953125
0 0.2265625 0.55859375 0.015625 0.01953125
0 0.803125 0.45703125 0.015625 0.01953125
0 0.7578125 0.470703125 0.015625 0.01953125
0 0.6328125 0.51953125 0.015625 0.01953125
0 0.659375 0.544921875 0.015625 0.01953125
0 0.575 0.564453125 0.015625 0.01953125
0 0.571875 0.544921875 0.015625 0.01953125
0 0.6046875 0.58203125 0.015625 0.01953125
0 0.603125 0.595703125 0.015625 0.01953125
0 0.553125 0.609375 0.015625 0.01953125
0 0.5828125 0.62109375 0.015625 0.01953125
0 0.5578125 0.634765625 0.015625 0.01953125
0 0.9484375 0.591796875 0.015625 0.01953125
0 0.971875 0.4921875 0.015625 0.01953125
0 0.95625 0.404296875 0.015625 0.01953125
0 0.9703125 0.673828125 0.015625 0.01953125
0 0.971875 0.75390625 0.015625 0.01953125
0 0.9171875 0.7890625 0.015625 0.01953125
0 0.74375 0.775390625 0.015625 0.01953125
0 0.759375 0.751953125 0.015625 0.01953125
0 0.7640625 0.705078125 0.015625 0.01953125
0 0.74375 0.689453125 0.015625 0.01953125
0 0.7046875 0.68359375 0.015625 0.01953125
0 0.5953125 0.66015625 0.015625 0.01953125
0 0.578125 0.685546875 0.015625 0.01953125
0 0.55 0.767578125 0.015625 0.01953125
0 0.5046875 0.775390625 0.015625 0.01953125
0 0.5140625 0.787109375 0.015625 0.01953125
0 0.5171875 0.80859375 0.015625 0.01953125
0 0.5078125 0.857421875 0.015625 0.01953125
0 0.4828125 0.826171875 0.015625 0.01953125
0 0.44375 0.8125 0.015625 0.01953125
0 0.471875 0.796875 0.015625 0.01953125
0 0.4953125 0.697265625 0.015625 0.01953125
0 0.4859375 0.669921875 0.015625 0.01953125
0 0.4765625 0.6484375 0.015625 0.01953125
0 0.4375 0.658203125 0.015625 0.01953125
0 0.45 0.703125 0.015625 0.01953125
0 0.425 0.70703125 0.015625 0.01953125
0 0.396875 0.6953125 0.015625 0.01953125
0 0.4015625 0.6484375 0.015625 0.01953125
0 0.41875 0.6640625 0.015625 0.01953125
0 0.371875 0.693359375 0.015625 0.01953125
0 0.3578125 0.697265625 0.015625 0.01953125
0 0.378125 0.736328125 0.015625 0.01953125
0 0.3359375 0.751953125 0.015625 0.01953125
0 0.35625 0.7265625 0.015625 0.01953125
0 0.325 0.703125 0.015625 0.01953125
0 0.2703125 0.724609375 0.015625 0.01953125
0 0.2921875 0.783203125 0.015625 0.01953125
0 0.153125 0.6875 0.015625 0.01953125
0 0.19375 0.720703125 0.015625 0.01953125
0 0.1734375 0.740234375 0.015625 0.01953125
0 0.059375 0.736328125 0.015625 0.01953125
0 0.1265625 0.72265625 0.015625 0.01953125
0 0.1328125 0.66015625 0.015625 0.01953125
0 0.4515625 0.658203125 0.015625 0.01953125
0 0.4546875 0.6328125 0.015625 0.01953125
0 0.4984375 0.646484375 0.015625 0.01953125
0 0.6046875 0.712890625 0.015625 0.01953125
0 0.63125 0.71484375 0.015625 0.01953125
0 0.665625 0.708984375 0.015625 0.01953125
0 0.6828125 0.646484375 0.015625 0.01953125
0 0.7 0.625 0.015625 0.01953125
0 0.715625 0.638671875 0.015625 0.01953125
0 0.7671875 0.630859375 0.015625 0.01953125
0 0.80625 0.63671875 0.015625 0.01953125
0 0.8140625 0.619140625 0.015625 0.01953125
0 0.8765625 0.625 0.015625 0.01953125
0 0.9625 0.8359375 0.015625 0.01953125
0 0.9546875 0.853515625 0.015625 0.01953125
0 0.915625 0.859375 0.015625 0.01953125
0 0.88125 0.8515625 0.015625 0.01953125
0 0.771875 0.857421875 0.015625 0.01953125
0 0.7859375 0.85546875 0.015625 0.01953125
0 0.21875 0.703125 0.015625 0.01953125
0 0.896875 0.1875 0.015625 0.01953125
0 0.8171875 0.517578125 0.015625 0.01953125
0 0.771875 0.580078125 0.015625 0.01953125
0 0.9734375 0.58984375 0.015625 0.01953125
0 0.6390625 0.80859375 0.015625 0.01953125
