0 0.165625 0.130859375 0.015625 0.01953125
0 0.328125 0.046875 0.015625 0.01953125
0 0.1 0.48828125 0.015625 0.01953125
0 0.05625 0.51953125 0.015625 0.01953125
0 0.0578125 0.552734375 0.015625 0.01953125
0 0.0953125 0.541015625 0.015625 0.01953125
0 0.0453125 0.73828125 0.015625 0.01953125
0 0.0109375 0.73828125 0.015625 0.01953125
0 0.028125 0.3046875 0.015625 0.01953125
0 0.01875 0.11328125 0.015625 0.01953125
0 0.003125 0.169921875 0.015625 0.01953125
0 0.01875 0.16015625 0.015625 0.01953125
0 0.10625 0.220703125 0.015625 0.01953125
0 0.15625 0.27734375 0.015625 0.01953125
0 0.18125 0.330078125 0.015625 0.01953125
0 0.2390625 0.365234375 0.015625 0.01953125
0 0.2734375 0.40234375 0.015625 0.01953125
0 0.2703125 0.42578125 0.015625 0.01953125
0 0.2921875 0.451171875 0.015625 0.01953125
0 0.2484375 0.494140625 0.015625 0.01953125
0 0.2203125 0.5625 0.015625 0.01953125
0 0.19375 0.712890625 0.015625 0.01953125
0 0.209375 0.703125 0.015625 0.01953125
0 0.1796875 0.62890625 0.015625 0.01953125
0 0.1390625 0.609375 0.015625 0.01953125
0 0.1421875 0.634765625 0.015625 0.01953125
0 0.1796875 0.73828125 0.015625 0.01953125
0 0.2921875 0.783203125 0.015625 0.01953125
0 0.2671875 0.716796875 0.015625 0.01953125
0 0.3328125 0.708984375 0.015625 0.01953125
0 0.353125 0.701171875 0.015625 0.01953125
0 0.375 0.671875 0.015625 0.01953125
0 0.3734375 0.701171875 0.015625 0.01953125
0 0.396875 0.705078125 0.015625 0.01953125
0 0.403125 0.66796875 0.015625 0.01953125
0 0.4375 0.662109375 0.015625 0.01953125
0 0.43125 0.6953125 0.015625 0.01953125
0 0.43125 0.70703125 0.015625 0.01953125
0 0.45 0.705078125 0.015625 0.01953125
0 0.45 0.693359375 0.015625 0.01953125
0 0.4859375 0.677734375 0.015625 0.01953125
0 0.50625 0.6953125 0.015625 0.01953125
0 0.50625 0.6953125 0.015625 0.01953125
0 0.471875 0.787109375 0.015625 0.01953125
0 0.453125 0.822265625 0.015625 0.01953125
0 0.48125 0.8359375 0.015625 0.01953125
0 0.51875 0.818359375 0.015625 0.01953125
0 0.515625 0.798828125 0.015625 0.01953125
0 0.509375 0.78125 0.015625 0.01953125
0 0.5515625 0.779296875 0.015625 0.01953125
0 0.5828125 0.693359375 0.015625 0.01953125
0 0.59375 0.666015625 0.015625 0.01953125
0 0.5640625 0.634765625 0.015625 0.01953125
0 0.5859375 0.623046875 0.015625 0.01953125
0 0.55625 0.609375 0.015625 0.01953125
0 0.440625 0.541015625 0.015625 0.01953125
0 0.4328125 0.529296875 0.015625 0.01953125
0 0.3609375 0.515625 0.015625 0.01953125
0 0.3484375 0.515625 0.015625 0.01953125
0 0.371875 0.43359375 0.015625 0.01953125
0 0.35625 0.40234375 0.015625 0.01953125
0 0.3625 0.373046875 0.015625 0.01953125
0 0.3921875 0.35546875 0.015625 0.01953125
0 0.39375 0.322265625 0.015625 0.01953125
0 0.3046875 0.244140625 0.015625 0.01953125
0 0.3515625 0.09765625 0.015625 0.01953125
0 0.4171875 0.095703125 0.015625 0.01953125
0 0.9859375 0.396484375 0.015625 0.01953125
0 0.91875 0.166015625 0.015625 0.01953125
0 0.8390625 0.45703125 0.015625 0.01953125
0 0.7921875 0.46484375 0.015625 0.01953125
0 0.8375 0.509765625 0.015625 0.01953125
0 0.8703125 0.498046875 0.015625 0.01953125
0 0.940625 0.609375 0.015625 0.01953125
0 0.940625 0.609375 0.015625 0.01953125
0 0.959375 0.7109375 0.015625 0.01953125
0 0.9375 0.806640625 0.015625 0.01953125
0 0.971875 0.765625 0.015625 0.01953125
0 0.76875 0.69921875 0.015625 0.01953125
0 0.8796875 0.62109375 0.015625 0.01953125
0 0.6921875 0.544921875 0.015625 0.01953125
0 0.659375 0.515625 0.015625 0.01953125
0 0.571875 0.494140625 0.015625 0.01953125
0 0.6 0.47265625 0.015625 0.01953125
0 0.5609375 0.455078125 0.015625 0.01953125
0 0.4484375 0.484375 0.015625 0.01953125
0 0.4171875 0.505859375 0.015625 0.01953125
0 0.609375 0.5546875 0.015625 0.01953125
0 0.6109375 0.5703125 0.015625 0.01953125
0 0.6328125 0.583984375 0.015625 0.01953125
0 0.63125 0.603515625 0.015625 0.01953125
0 0.6359375 0.802734375 0.015625 0.01953125
0 0.634375 0.783203125 0.015625 0.01953125
0 0.746875 0.78515625 0.015625 0.01953125
0 0.765625 0.736328125 0.015625 0.01953125
0 0.696875 0.69921875 0.015625 0.01953125
0 0.7125 0.62890625 0.015625 0.01953125
0 0.81875 0.623046875 0.015625 0.01953125
0 0.3390625 0.7578125 0.015625 0.01953125
0 0.7703125 0.861328125 0.015625 0.01953125
0 0.79375 0.857421875 0.015625 0.01953125
0 0.8859375 0.857421875 0.015625 0.01953125
0 0.921875 0.865234375 0.015625 0.01953125
0 0.96875 0.865234375 0.015625 0.01953125
0 0.96875 0.837890625 0.015625 0.01953125
0 0.69375 0.630859375 0.015625 0.01953125
0 0.634375 0.71875 0.015625 0.01953125
0 0.665625 0.71484375 0.015625 0.01953125
0 0.6015625 0.71875 0.015625 0.01953125
0 0.4671875 0.65234375 0.015625 0.01953125
0 0.5 0.650390625 0.015625 0.01953125
0 0.2671875 0.736328125 0.015625 0.01953125
0 0.1171875 0.640625 0.015625 0.01953125
0 0.109375 0.671875 0.015625 0.01953125
0 0.121875 0.73828125 0.015625 0.01953125
0 0.1390625 0.68359375 0.015625 0.01953125
0 0.684375 0.759765625 0.015625 0.01953125
0 0.7390625 0.6953125 0.015625 0.01953125
