0 0.1953125 0.048828125 0.015625 0.01953125
0 0.2734375 0.1015625 0.015625 0.01953125
0 0.0359375 0.12109375 0.015625 0.01953125
0 0.09375 0.322265625 0.015625 0.01953125
0 0.1046875 0.37109375 0.015625 0.01953125
0 0.1125 0.4921875 0.015625 0.01953125
0 0.0765625 0.5546875 0.015625 0.01953125
0 0.0453125 0.6171875 0.015625 0.01953125
0 0.028125 0.65625 0.015625 0.01953125
0 0.0640625 0.69921875 0.015625 0.01953125
0 0.0109375 0.6875 0.015625 0.01953125
0 0.003125 0.6171875 0.015625 0.01953125
0 0.196875 0.45703125 0.015625 0.01953125
0 0.1984375 0.435546875 0.015625 0.01953125
0 0.1671875 0.3984375 0.015625 0.01953125
0 0.1875 0.369140625 0.015625 0.01953125
0 0.2234375 0.373046875 0.015625 0.01953125
0 0.3546875 0.36328125 0.015625 0.01953125
0 0.35 0.39453125 0.015625 0.01953125
0 0.309375 0.39453125 0.015625 0.01953125
0 0.271875 0.42578125 0.015625 0.01953125
0 0.303125 0.451171875 0.015625 0.01953125
0 0.2921875 0.48046875 0.015625 0.01953125
0 0.35 0.51171875 0.015625 0.01953125
0 0.3578125 0.552734375 0.015625 0.01953125
0 0.4546875 0.541015625 0.015625 0.01953125
0 0.4921875 0.455078125 0.015625 0.01953125
0 0.53125 0.466796875 0.015625 0.01953125
0 0.509375 0.490234375 0.015625 0.01953125
0 0.5203125 0.521484375 0.015625 0.01953125
0 0.56875 0.50390625 0.015625 0.01953125
0 0.559375 0.537109375 0.015625 0.01953125
0 0.1984375 0.634765625 0.015625 0.01953125
0 0.1890625 0.650390625 0.015625 0.01953125
0 0.1328125 0.716796875 0.015625 0.01953125
0 0.1328125 0.728515625 0.015625 0.01953125
0 0.1359375 0.7578125 0.015625 0.01953125
0 0.2 0.7578125 0.015625 0.01953125
0 0.1921875 0.70703125 0.015625 0.01953125
0 0.2171875 0.697265625 0.015625 0.01953125
0 0.2625 0.701171875 0.015625 0.01953125
0 0.2484375 0.7578125 0.015625 0.01953125
0 0.265625 0.65234375 0.015625 0.01953125
0 0.3078125 0.65234375 0.015625 0.01953125
0 0.29375 0.6875 0.015625 0.01953125
0 0.290625 0.708984375 0.015625 0.01953125
0 0.325 0.650390625 0.015625 0.01953125
0 0.3171875 0.685546875 0.015625 0.01953125
0 0.321875 0.70703125 0.015625 0.01953125
0 0.3484375 0.662109375 0.015625 0.01953125
0 0.3390625 0.64453125 0.015625 0.01953125
0 0.3703125 0.642578125 0.015625 0.01953125
0 0.3625 0.701171875 0.015625 0.01953125
0 0.321875 0.78515625 0.015625 0.01953125
0 0.3078125 0.81640625 0.015625 0.01953125
0 0.365625 0.857421875 0.015625 0.01953125
0 0.38125 0.8203125 0.015625 0.01953125
0 0.378125 0.7890625 0.015625 0.01953125
0 0.378125 0.775390625 0.015625 0.01953125
0 0.4125 0.751953125 0.015625 0.01953125
0 0.44375 0.693359375 0.015625 0.01953125
0 0.4609375 0.666015625 0.015625 0.01953125
0 0.421875 0.630859375 0.015625 0.01953125
0 0.4125 0.607421875 0.015625 0.01953125
0 0.4890625 0.791015625 0.015625 0.01953125
0 0.5609375 0.556640625 0.015625 0.01953125
0 0.5546875 0.58203125 0.015625 0.01953125
0 0.5578125 0.599609375 0.015625 0.01953125
0 0.559375 0.62109375 0.015625 0.01953125
0 0.5484375 0.66796875 0.015625 0.01953125
0 0.5515625 0.65234375 0.015625 0.01953125
0 0.6375 0.51953125 0.015625 0.01953125
0 0.7328125 0.421875 0.015625 0.01953125
0 0.7875 0.412109375 0.015625 0.01953125
0 0.9265625 0.337890625 0.015625 0.01953125
0 0.809375 0.15234375 0.015625 0.01953125
0 0.9921875 0.25 0.015625 0.01953125
0 0.934375 0.42578125 0.015625 0.01953125
0 0.9421875 0.52734375 0.015625 0.01953125
0 0.9359375 0.6171875 0.015625 0.01953125
0 0.9046875 0.62890625 0.015625 0.01953125
0 0.8265625 0.58203125 0.015625 0.01953125
0 0.8109375 0.58984375 0.015625 0.01953125
0 0.7984375 0.6015625 0.015625 0.01953125
0 0.6328125 0.748046875 0.015625 0.01953125
0 0.603125 0.7578125 0.015625 0.01953125
0 0.628125 0.703125 0.015625 0.01953125
0 0.6015625 0.69921875 0.015625 0.01953125
0 0.81875 0.85546875 0.015625 0.01953125
0 0.7796875 0.85546875 0.015625 0.01953125
0 0.8765625 0.84765625 0.015625 0.01953125
0 0.8546875 0.6953125 0.015625 0.01953125
0 0.9171875 0.6953125 0.015625 0.01953125
0 0.953125 0.650390625 0.015625 0.01953125
0 0.9640625 0.533203125 0.015625 0.01953125
0 0.978125 0.36328125 0.015625 0.01953125
0 0.9625 0.689453125 0.015625 0.01953125
0 0.8296875 0.748046875 0.015625 0.01953125
0 0.8234375 0.833984375 0.015625 0.01953125
0 0.8484375 0.810546875 0.015625 0.01953125
0 0.859375 0.75390625 0.015625 0.01953125
0 0.6515625 0.849609375 0.015625 0.01953125
0 0.6359375 0.85546875 0.015625 0.01953125
0 0.625 0.625 0.015625 0.01953125
0 0.6671875 0.638671875 0.015625 0.01953125
0 0.678125 0.623046875 0.015625 0.01953125
0 0.7234375 0.60546875 0.015625 0.01953125
0 0.74375 0.623046875 0.015625 0.01953125
0 0.46875 0.716796875 0.015625 0.01953125
0 0.496875 0.712890625 0.015625 0.01953125
0 0.5296875 0.712890625 0.015625 0.01953125
0 0.5484375 0.751953125 0.015625 0.01953125
0 0.534375 0.7421875 0.015625 0.01953125
0 0.7515625 0.869140625 0.015625 0.01953125
0 0.8328125 0.6875 0.015625 0.01953125
0 0.9296875 0.84765625 0.015625 0.01953125
0 0.8484375 0.013671875 0.015625 0.01953125
0 0.0609375 0.728515625 0.015625 0.01953125
