0 0.253125 0.095703125 0.015625 0.01953125
0 0.165625 0.03515625 0.015625 0.01953125
0 0.1890625 0.330078125 0.015625 0.01953125
0 0.1046875 0.3359375 0.015625 0.01953125
0 0.109375 0.376953125 0.015625 0.01953125
0 0.1890625 0.3828125 0.015625 0.01953125
0 0.16875 0.40625 0.015625 0.01953125
0 0.0203125 0.26953125 0.015625 0.01953125
0 0.0046875 0.2734375 0.015625 0.01953125
0 0.0921875 0.48828125 0.015625 0.01953125
0 0.05625 0.54296875 0.015625 0.01953125
0 0.015625 0.6171875 0.015625 0.01953125
0 0.028125 0.650390625 0.015625 0.01953125
0 0.04375 0.68359375 0.015625 0.01953125
0 0.0375 0.732421875 0.015625 0.01953125
0 0.103125 0.720703125 0.015625 0.01953125
0 0.1046875 0.703125 0.015625 0.01953125
0 0.1125 0.75 0.015625 0.01953125
0 0.1703125 0.751953125 0.015625 0.01953125
0 0.196875 0.685546875 0.015625 0.01953125
0 0.153125 0.64453125 0.015625 0.01953125
0 0.15625 0.62890625 0.015625 0.01953125
0 0.1953125 0.45703125 0.015625 0.01953125
0 0.1984375 0.43359375 0.015625 0.01953125
0 0.26875 0.4296875 0.015625 0.01953125
0 0.31875 0.40234375 0.015625 0.01953125
0 0.3578125 0.40234375 0.015625 0.01953125
0 0.30625 0.458984375 0.015625 0.01953125
0 0.328125 0.484375 0.015625 0.01953125
0 0.3546875 0.505859375 0.015625 0.01953125
0 0.346875 0.55078125 0.015625 0.01953125
0 0.2375 0.64453125 0.015625 0.01953125
0 0.2375 0.6953125 0.015625 0.01953125
0 0.2140625 0.693359375 0.015625 0.01953125
0 0.2796875 0.654296875 0.015625 0.01953125
0 0.290625 0.62890625 0.015625 0.01953125
0 0.3140625 0.646484375 0.015625 0.01953125
0 0.2796875 0.689453125 0.015625 0.01953125
0 0.2734375 0.712890625 0.015625 0.01953125
0 0.328125 0.662109375 0.015625 0.01953125
0 0.34375 0.701171875 0.015625 0.01953125
0 0.346875 0.640625 0.015625 0.01953125
0 0.296875 0.78515625 0.015625 0.01953125
0 0.2828125 0.8125 0.015625 0.01953125
0 0.228125 0.7578125 0.015625 0.01953125
0 0.359375 0.7734375 0.015625 0.01953125
0 0.390625 0.75390625 0.015625 0.01953125
0 0.3609375 0.794921875 0.015625 0.01953125
0 0.34375 0.84765625 0.015625 0.01953125
0 0.35625 0.81640625 0.015625 0.01953125
0 0.415625 0.693359375 0.015625 0.01953125
0 0.440625 0.669921875 0.015625 0.01953125
0 0.403125 0.6328125 0.015625 0.01953125
0 0.4328125 0.611328125 0.015625 0.01953125
0 0.3953125 0.603515625 0.015625 0.01953125
0 0.58125 0.765625 0.015625 0.01953125
0 0.6046875 0.736328125 0.015625 0.01953125
0 0.6046875 0.69140625 0.015625 0.01953125
0 0.5796875 0.6953125 0.015625 0.01953125
0 0.5296875 0.671875 0.015625 0.01953125
0 0.5296875 0.65234375 0.015625 0.01953125
0 0.6328125 0.853515625 0.015625 0.01953125
0 0.7203125 0.853515625 0.015625 0.01953125
0 0.759375 0.865234375 0.015625 0.01953125
0 0.7890625 0.86328125 0.015625 0.01953125
0 0.7953125 0.833984375 0.015625 0.01953125
0 0.846875 0.82421875 0.015625 0.01953125
0 0.8296875 0.767578125 0.015625 0.01953125
0 0.803125 0.759765625 0.015625 0.01953125
0 0.9359375 0.70703125 0.015625 0.01953125
0 0.9296875 0.65234375 0.015625 0.01953125
0 0.9328125 0.634765625 0.015625 0.01953125
0 0.915625 0.62109375 0.015625 0.01953125
0 0.8765625 0.666015625 0.015625 0.01953125
0 0.8921875 0.70703125 0.015625 0.01953125
0 0.934375 0.537109375 0.015625 0.01953125
0 0.921875 0.53515625 0.015625 0.01953125
0 0.809375 0.591796875 0.015625 0.01953125
0 0.7875 0.591796875 0.015625 0.01953125
0 0.775 0.60546875 0.015625 0.01953125
0 0.70625 0.6328125 0.015625 0.01953125
0 0.65625 0.62109375 0.015625 0.01953125
0 0.5390625 0.619140625 0.015625 0.01953125
0 0.5578125 0.599609375 0.015625 0.01953125
0 0.5578125 0.578125 0.015625 0.01953125
0 0.5734375 0.556640625 0.015625 0.01953125
0 0.565625 0.5390625 0.015625 0.01953125
0 0.5640625 0.501953125 0.015625 0.01953125
0 0.5625 0.474609375 0.015625 0.01953125
0 0.5140625 0.48828125 0.015625 0.01953125
0 0.534375 0.46484375 0.015625 0.01953125
0 0.4953125 0.44921875 0.015625 0.01953125
0 0.4890625 0.53515625 0.015625 0.01953125
0 0.64375 0.51171875 0.015625 0.01953125
0 0.740625 0.419921875 0.015625 0.01953125
0 0.8 0.404296875 0.015625 0.01953125
0 0.940625 0.404296875 0.015625 0.01953125
0 0.975 0.3515625 0.015625 0.01953125
0 0.9328125 0.3203125 0.015625 0.01953125
0 0.8 0.169921875 0.015625 0.01953125
0 0.990625 0.232421875 0.015625 0.01953125
0 0.54375 0.291015625 0.015625 0.01953125
0 0.8171875 0.43359375 0.015625 0.01953125
0 0.7875 0.462890625 0.015625 0.01953125
0 0.975 0.72265625 0.015625 0.01953125
0 0.84375 0.859375 0.015625 0.01953125
