0 0.259375 0.103515625 0.015625 0.01953125
0 0.178125 0.04296875 0.015625 0.01953125
0 0.021875 0.126953125 0.015625 0.01953125
0 0.021875 0.306640625 0.015625 0.01953125
0 0.125 0.35546875 0.015625 0.01953125
0 0.1328125 0.38671875 0.015625 0.01953125
0 0.1796875 0.32421875 0.015625 0.01953125
0 0.1890625 0.421875 0.015625 0.01953125
0 0.2203125 0.44921875 0.015625 0.01953125
0 0.2125 0.478515625 0.015625 0.01953125
0 0.0953125 0.490234375 0.015625 0.01953125
0 0.059375 0.560546875 0.015625 0.01953125
0 0.021875 0.625 0.015625 0.01953125
0 0.0421875 0.654296875 0.015625 0.01953125
0 0.0421875 0.689453125 0.015625 0.01953125
0 0.040625 0.732421875 0.015625 0.01953125
0 0.1109375 0.720703125 0.015625 0.01953125
0 0.1203125 0.763671875 0.015625 0.01953125
0 0.140625 0.646484375 0.015625 0.01953125
0 0.1421875 0.626953125 0.015625 0.01953125
0 0.2015625 0.6953125 0.015625 0.01953125
0 0.1703125 0.7109375 0.015625 0.01953125
0 0.175 0.7578125 0.015625 0.01953125
0 0.2265625 0.75390625 0.015625 0.01953125
0 0.2375 0.703125 0.015625 0.01953125
0 0.278125 0.7109375 0.015625 0.01953125
0 0.253125 0.650390625 0.015625 0.01953125
0 0.3109375 0.65234375 0.015625 0.01953125
0 0.35 0.689453125 0.015625 0.01953125
0 0.334375 0.677734375 0.015625 0.01953125
0 0.290625 0.693359375 0.015625 0.01953125
0 0.3515625 0.646484375 0.015625 0.01953125
0 0.2390625 0.662109375 0.015625 0.01953125
0 0.303125 0.7890625 0.015625 0.01953125
0 0.2921875 0.82421875 0.015625 0.01953125
0 0.346875 0.85546875 0.015625 0.01953125
0 0.353125 0.82421875 0.015625 0.01953125
0 0.375 0.802734375 0.015625 0.01953125
0 0.3578125 0.783203125 0.015625 0.01953125
0 0.3953125 0.78515625 0.015625 0.01953125
0 0.4390625 0.681640625 0.015625 0.01953125
0 0.4203125 0.703125 0.015625 0.01953125
0 0.40625 0.64453125 0.015625 0.01953125
0 0.4265625 0.625 0.015625 0.01953125
0 0.39375 0.611328125 0.015625 0.01953125
0 0.371875 0.55859375 0.015625 0.01953125
0 0.3828125 0.5234375 0.015625 0.01953125
0 0.365625 0.4921875 0.015625 0.01953125
0 0.3203125 0.462890625 0.015625 0.01953125
0 0.290625 0.44921875 0.015625 0.01953125
0 0.3484375 0.408203125 0.015625 0.01953125
0 0.3984375 0.4140625 0.015625 0.01953125
0 0.3953125 0.38671875 0.015625 0.01953125
0 0.5171875 0.453125 0.015625 0.01953125
0 0.553125 0.470703125 0.015625 0.01953125
0 0.5359375 0.486328125 0.015625 0.01953125
0 0.5375 0.529296875 0.015625 0.01953125
0 0.578125 0.5078125 0.015625 0.01953125
0 0.6125 0.46484375 0.015625 0.01953125
0 0.665625 0.51171875 0.015625 0.01953125
0 0.5890625 0.54296875 0.015625 0.01953125
0 0.596875 0.56640625 0.015625 0.01953125
0 0.578125 0.591796875 0.015625 0.01953125
0 0.578125 0.607421875 0.015625 0.01953125
0 0.5359375 0.62890625 0.015625 0.01953125
0 0.534375 0.681640625 0.015625 0.01953125
0 0.534375 0.681640625 0.015625 0.01953125
0 0.7140625 0.646484375 0.015625 0.01953125
0 0.7234375 0.63671875 0.015625 0.01953125
0 0.765625 0.42578125 0.015625 0.01953125
0 0.8203125 0.40234375 0.015625 0.01953125
0 0.95625 0.39453125 0.015625 0.01953125
0 0.990625 0.34765625 0.015625 0.01953125
0 0.9578125 0.310546875 0.015625 0.01953125
0 0.8140625 0.181640625 0.015625 0.01953125
0 0.9046875 0.0078125 0.015625 0.01953125
0 0.965625 0.00390625 0.015625 0.01953125
0 0.83125 0.021484375 0.015625 0.01953125
0 0.9265625 0.5390625 0.015625 0.01953125
0 0.790625 0.59765625 0.015625 0.01953125
0 0.7796875 0.61328125 0.015625 0.01953125
0 0.8078125 0.59765625 0.015625 0.01953125
0 0.8125 0.4609375 0.015625 0.01953125
0 0.8484375 0.4296875 0.015625 0.01953125
0 0.9140625 0.630859375 0.015625 0.01953125
0 0.9390625 0.54296875 0.015625 0.01953125
0 0.9296875 0.6640625 0.015625 0.01953125
0 0.8984375 0.70703125 0.015625 0.01953125
0 0.9484375 0.732421875 0.015625 0.01953125
0 0.984375 0.7265625 0.015625 0.01953125
0 0.8140625 0.779296875 0.015625 0.01953125
0 0.7953125 0.822265625 0.015625 0.01953125
0 0.728125 0.857421875 0.015625 0.01953125
0 0.8609375 0.8359375 0.015625 0.01953125
0 0.85 0.865234375 0.015625 0.01953125
0 0.7984375 0.869140625 0.015625 0.01953125
0 0.7640625 0.87109375 0.015625 0.01953125
0 0.5390625 0.75390625 0.015625 0.01953125
0 0.584375 0.771484375 0.015625 0.01953125
0 0.5828125 0.708984375 0.015625 0.01953125
0 0.6109375 0.74609375 0.015625 0.01953125
0 0.6109375 0.708984375 0.015625 0.01953125
0 0.8796875 0.693359375 0.015625 0.01953125
0 0.8375 0.728515625 0.015625 0.01953125
0 0.8375 0.78515625 0.015625 0.01953125
0 0.634375 0.86328125 0.015625 0.01953125
0 0.6125 0.865234375 0.015625 0.01953125
0 0.5515625 0.8203125 0.015625 0.01953125
0 0.4703125 0.72265625 0.015625 0.01953125
0 0.4484375 0.720703125 0.015625 0.01953125
0 0.5109375 0.71875 0.015625 0.01953125
0 0.665625 0.630859375 0.015625 0.01953125
0 0.9328125 0.8515625 0.015625 0.01953125
