0 0.0875 0.26953125 0.015625 0.01953125
0 0.415625 0.033203125 0.015625 0.01953125
0 0.5375 0.0546875 0.015625 0.01953125
0 0.625 0.03125 0.015625 0.01953125
0 0.5046875 0.123046875 0.015625 0.01953125
0 0.46875 0.1796875 0.015625 0.01953125
0 0.4203125 0.259765625 0.015625 0.01953125
0 0.4140625 0.302734375 0.015625 0.01953125
0 0.2875 0.34765625 0.015625 0.01953125
0 0.25625 0.44921875 0.015625 0.01953125
0 0.171875 0.517578125 0.015625 0.01953125
0 0.165625 0.486328125 0.015625 0.01953125
0 0.0390625 0.5546875 0.015625 0.01953125
0 0.0109375 0.525390625 0.015625 0.01953125
0 0.034375 0.58984375 0.015625 0.01953125
0 0.0484375 0.615234375 0.015625 0.01953125
0 0.0234375 0.640625 0.015625 0.01953125
0 0.0171875 0.720703125 0.015625 0.01953125
0 0.0921875 0.73828125 0.015625 0.01953125
0 0.0625 0.748046875 0.015625 0.01953125
0 0.18125 0.728515625 0.015625 0.01953125
0 0.078125 0.837890625 0.015625 0.01953125
0 0.1359375 0.91015625 0.015625 0.01953125
0 0.209375 0.84765625 0.015625 0.01953125
0 0.23125 0.83203125 0.015625 0.01953125
0 0.265625 0.869140625 0.015625 0.01953125
0 0.2671875 0.93359375 0.015625 0.01953125
0 0.3171875 0.939453125 0.015625 0.01953125
0 0.371875 0.947265625 0.015625 0.01953125
0 0.3125 0.79296875 0.015625 0.01953125
0 0.3515625 0.73828125 0.015625 0.01953125
0 0.275 0.671875 0.015625 0.01953125
0 0.2921875 0.677734375 0.015625 0.01953125
0 0.453125 0.640625 0.015625 0.01953125
0 0.50625 0.71484375 0.015625 0.01953125
0 0.490625 0.841796875 0.015625 0.01953125
0 0.578125 0.849609375 0.015625 0.01953125
0 0.6421875 0.716796875 0.015625 0.01953125
0 0.6578125 0.603515625 0.015625 0.01953125
0 0.7140625 0.451171875 0.015625 0.01953125
0 0.8171875 0.37109375 0.015625 0.01953125
0 0.765625 0.478515625 0.015625 0.01953125
0 0.75625 0.677734375 0.015625 0.01953125
0 0.721875 0.740234375 0.015625 0.01953125
0 0.6296875 0.76953125 0.015625 0.01953125
0 0.878125 0.576171875 0.015625 0.01953125
0 0.8859375 0.607421875 0.015625 0.01953125
0 0.903125 0.595703125 0.015625 0.01953125
0 0.91875 0.576171875 0.015625 0.01953125
0 0.9296875 0.546875 0.015625 0.01953125
0 0.9390625 0.52734375 0.015625 0.01953125
0 0.9484375 0.486328125 0.015625 0.01953125
0 0.946875 0.453125 0.015625 0.01953125
0 0.928125 0.3203125 0.015625 0.01953125
0 0.9375 0.298828125 0.015625 0.01953125
0 0.7328125 0.060546875 0.015625 0.01953125
0 0.5390625 0.158203125 0.015625 0.01953125
0 0.8375 0.42578125 0.015625 0.01953125
0 0.8328125 0.45703125 0.015625 0.01953125
0 0.9046875 0.44921875 0.015625 0.01953125
0 0.9640625 0.521484375 0.015625 0.01953125
0 0.96875 0.544921875 0.015625 0.01953125
0 0.99375 0.525390625 0.015625 0.01953125
0 0.4515625 0.65625 0.015625 0.01953125
0 0.225 0.62109375 0.015625 0.01953125
0 0.0609375 0.712890625 0.015625 0.01953125
0 0.0859375 0.66796875 0.015625 0.01953125
0 0.1078125 0.634765625 0.015625 0.01953125
0 0.1046875 0.56640625 0.015625 0.01953125
0 0.13125 0.494140625 0.015625 0.01953125
0 0.034375 0.443359375 0.015625 0.01953125
0 0.078125 0.8671875 0.015625 0.01953125
0 0.7953125 0.71484375 0.015625 0.01953125
0 0.7421875 0.74609375 0.015625 0.01953125
0 0.625 0.8203125 0.015625 0.01953125
0 0.659375 0.78125 0.015625 0.01953125
0 0.5125 0.404296875 0.015625 0.01953125
