0 0.275 0.056640625 0.015625 0.01953125
0 0.396875 0.22265625 0.015625 0.01953125
0 0.346875 0.326171875 0.015625 0.01953125
0 0.2859375 0.34765625 0.015625 0.01953125
0 0.2546875 0.32421875 0.015625 0.01953125
0 0.15 0.283203125 0.015625 0.01953125
0 0.134375 0.3125 0.015625 0.01953125
0 0.1328125 0.3515625 0.015625 0.01953125
0 0.178125 0.404296875 0.015625 0.01953125
0 0.23125 0.396484375 0.015625 0.01953125
0 0.08125 0.3828125 0.015625 0.01953125
0 0.125 0.43359375 0.015625 0.01953125
0 0.10625 0.4609375 0.015625 0.01953125
0 0.084375 0.486328125 0.015625 0.01953125
0 0.009375 0.45703125 0.015625 0.01953125
0 0.0578125 0.595703125 0.015625 0.01953125
0 0.015625 0.556640625 0.015625 0.01953125
0 0.10625 0.58203125 0.015625 0.01953125
0 0.1046875 0.599609375 0.015625 0.01953125
0 0.090625 0.6015625 0.015625 0.01953125
0 0.05625 0.6953125 0.015625 0.01953125
0 0.0734375 0.79296875 0.015625 0.01953125
0 0.10625 0.798828125 0.015625 0.01953125
0 0.16875 0.748046875 0.015625 0.01953125
0 0.1703125 0.716796875 0.015625 0.01953125
0 0.1828125 0.607421875 0.015625 0.01953125
0 0.290625 0.580078125 0.015625 0.01953125
0 0.3484375 0.55078125 0.015625 0.01953125
0 0.2390625 0.435546875 0.015625 0.01953125
0 0.3078125 0.435546875 0.015625 0.01953125
0 0.425 0.4296875 0.015625 0.01953125
0 0.4640625 0.326171875 0.015625 0.01953125
0 0.4390625 0.29296875 0.015625 0.01953125
0 0.65625 0.125 0.015625 0.01953125
0 0.65625 0.083984375 0.015625 0.01953125
0 0.7328125 0.0234375 0.015625 0.01953125
0 0.8 0.083984375 0.015625 0.01953125
0 0.7609375 0.162109375 0.015625 0.01953125
0 0.6390625 0.291015625 0.015625 0.01953125
0 0.7421875 0.48046875 0.015625 0.01953125
0 0.7734375 0.501953125 0.015625 0.01953125
0 0.65625 0.5859375 0.015625 0.01953125
0 0.746875 0.7109375 0.015625 0.01953125
0 0.3171875 0.86328125 0.015625 0.01953125
0 0.2921875 0.857421875 0.015625 0.01953125
0 0.23125 0.8203125 0.015625 0.01953125
0 0.2875 0.70703125 0.015625 0.01953125
0 0.3359375 0.66015625 0.015625 0.01953125
0 0.465625 0.79296875 0.015625 0.01953125
0 0.5140625 0.716796875 0.015625 0.01953125
0 0.5375 0.822265625 0.015625 0.01953125
0 0.5984375 0.802734375 0.015625 0.01953125
0 0.6984375 0.75390625 0.015625 0.01953125
0 0.715625 0.765625 0.015625 0.01953125
0 0.7796875 0.744140625 0.015625 0.01953125
0 0.884375 0.62890625 0.015625 0.01953125
0 0.9296875 0.51171875 0.015625 0.01953125
0 0.9828125 0.580078125 0.015625 0.01953125
0 0.9171875 0.646484375 0.015625 0.01953125
0 0.896875 0.658203125 0.015625 0.01953125
0 0.8796875 0.669921875 0.015625 0.01953125
0 0.9265625 0.611328125 0.015625 0.01953125
0 0.8921875 0.59765625 0.015625 0.01953125
0 0.8515625 0.501953125 0.015625 0.01953125
0 0.8640625 0.470703125 0.015625 0.01953125
0 0.8921875 0.486328125 0.015625 0.01953125
0 0.8796875 0.5078125 0.015625 0.01953125
0 0.3578125 0.564453125 0.015625 0.01953125
0 0.26875 0.57421875 0.015625 0.01953125
0 0.165625 0.33984375 0.015625 0.01953125
0 0.284375 0.416015625 0.015625 0.01953125
0 0.6703125 0.171875 0.015625 0.01953125
0 0.571875 0.1328125 0.015625 0.01953125
0 0.7953125 0.021484375 0.015625 0.01953125
0 0.828125 0.02734375 0.015625 0.01953125
0 0.9625 0.388671875 0.015625 0.01953125
0 0.990625 0.376953125 0.015625 0.01953125
0 0.959375 0.431640625 0.015625 0.01953125
0 0.965625 0.52734375 0.015625 0.01953125
0 0.1484375 0.90234375 0.015625 0.01953125
0 0.1109375 0.896484375 0.015625 0.01953125
0 0.53125 0.6640625 0.015625 0.01953125
0 0.6140625 0.7734375 0.015625 0.01953125
0 0.6328125 0.78515625 0.015625 0.01953125
0 0.9734375 0.603515625 0.015625 0.01953125
