0 0.31875 0.05078125 0.015625 0.01953125
0 0.209375 0.29296875 0.015625 0.01953125
0 0.221875 0.310546875 0.015625 0.01953125
0 0.1890625 0.36328125 0.015625 0.01953125
0 0.14375 0.39453125 0.015625 0.01953125
0 0.0625 0.322265625 0.015625 0.01953125
0 0.046875 0.349609375 0.015625 0.01953125
0 0.0578125 0.439453125 0.015625 0.01953125
0 0.05625 0.46875 0.015625 0.01953125
0 0.1109375 0.501953125 0.015625 0.01953125
0 0.1765625 0.44921875 0.015625 0.01953125
0 0.1984375 0.41015625 0.015625 0.01953125
0 0.28125 0.380859375 0.015625 0.01953125
0 0.2921875 0.41796875 0.015625 0.01953125
0 0.3609375 0.357421875 0.015625 0.01953125
0 0.35625 0.287109375 0.015625 0.01953125
0 0.403125 0.31640625 0.015625 0.01953125
0 0.48125 0.283203125 0.015625 0.01953125
0 0.5453125 0.2890625 0.015625 0.01953125
0 0.50625 0.177734375 0.015625 0.01953125
0 0.6234375 0.09765625 0.015625 0.01953125
0 0.7 0.0390625 0.015625 0.01953125
0 0.7609375 0.00390625 0.015625 0.01953125
0 0.8140625 0.06640625 0.015625 0.01953125
0 0.8125 0.099609375 0.015625 0.01953125
0 0.715625 0.087890625 0.015625 0.01953125
0 0.71875 0.126953125 0.015625 0.01953125
0 0.784375 0.18359375 0.015625 0.01953125
0 0.7671875 0.197265625 0.015625 0.01953125
0 0.8625 0.484375 0.015625 0.01953125
0 0.74375 0.486328125 0.015625 0.01953125
0 0.7765625 0.51953125 0.015625 0.01953125
0 0.653125 0.603515625 0.015625 0.01953125
0 0.7453125 0.7109375 0.015625 0.01953125
0 0.775 0.75390625 0.015625 0.01953125
0 0.7125 0.78125 0.015625 0.01953125
0 0.684375 0.748046875 0.015625 0.01953125
0 0.5328125 0.673828125 0.015625 0.01953125
0 0.309375 0.55859375 0.015625 0.01953125
0 0.4453125 0.478515625 0.015625 0.01953125
0 0.10625 0.591796875 0.015625 0.01953125
0 0.10625 0.609375 0.015625 0.01953125
0 0.178125 0.62109375 0.015625 0.01953125
0 0.0890625 0.537109375 0.015625 0.01953125
0 0.015625 0.56640625 0.015625 0.01953125
0 0.00625 0.59375 0.015625 0.01953125
0 0.0578125 0.60546875 0.015625 0.01953125
0 0.084375 0.609375 0.015625 0.01953125
0 0.18125 0.7265625 0.015625 0.01953125
0 0.16875 0.75 0.015625 0.01953125
0 0.2875 0.71484375 0.015625 0.01953125
0 0.240625 0.794921875 0.015625 0.01953125
0 0.2265625 0.826171875 0.015625 0.01953125
0 0.140625 0.912109375 0.015625 0.01953125
0 0.08125 0.80078125 0.015625 0.01953125
0 0.0328125 0.7421875 0.015625 0.01953125
0 0.2953125 0.89453125 0.015625 0.01953125
0 0.315625 0.876953125 0.015625 0.01953125
0 0.3359375 0.67578125 0.015625 0.01953125
0 0.0421875 0.728515625 0.015625 0.01953125
0 0.525 0.724609375 0.015625 0.01953125
0 0.45625 0.81640625 0.015625 0.01953125
0 0.571875 0.76953125 0.015625 0.01953125
0 0.559375 0.771484375 0.015625 0.01953125
0 0.5390625 0.833984375 0.015625 0.01953125
0 0.590625 0.810546875 0.015625 0.01953125
0 0.5984375 0.775390625 0.015625 0.01953125
0 0.9234375 0.525390625 0.015625 0.01953125
0 0.8515625 0.5078125 0.015625 0.01953125
0 0.9609375 0.3984375 0.015625 0.01953125
0 0.9875 0.390625 0.015625 0.01953125
0 0.984375 0.4375 0.015625 0.01953125
0 0.96875 0.5390625 0.015625 0.01953125
0 0.990625 0.59765625 0.015625 0.01953125
0 0.9734375 0.619140625 0.015625 0.01953125
0 0.98125 0.640625 0.015625 0.01953125
0 0.91875 0.65625 0.015625 0.01953125
0 0.8984375 0.666015625 0.015625 0.01953125
0 0.88125 0.6796875 0.015625 0.01953125
0 0.8765625 0.646484375 0.015625 0.01953125
0 0.8921875 0.59375 0.015625 0.01953125
0 0.665625 0.27734375 0.015625 0.01953125
0 0.3453125 0.4296875 0.015625 0.01953125
0 0.3484375 0.46484375 0.015625 0.01953125
0 0.225 0.33984375 0.015625 0.01953125
0 0.1328125 0.515625 0.015625 0.01953125
0 0.0703125 0.818359375 0.015625 0.01953125
0 0.6109375 0.7421875 0.015625 0.01953125
0 0.265625 0.583984375 0.015625 0.01953125
0 0.284375 0.6015625 0.015625 0.01953125
