0 0.1125 0.322265625 0.015625 0.01953125
0 0.178125 0.392578125 0.015625 0.01953125
0 0.21875 0.35546875 0.015625 0.01953125
0 0.315625 0.3828125 0.015625 0.01953125
0 0.6546875 0.611328125 0.015625 0.01953125
0 0.7328125 0.484375 0.015625 0.01953125
0 0.425 0.30859375 0.015625 0.01953125
0 0.4125 0.2578125 0.015625 0.01953125
0 0.5109375 0.26953125 0.015625 0.01953125
0 0.590625 0.25390625 0.015625 0.01953125
0 0.684375 0.263671875 0.015625 0.01953125
0 0.7671875 0.216796875 0.015625 0.01953125
0 0.55625 0.146484375 0.015625 0.01953125
0 0.65 0.08203125 0.015625 0.01953125
0 0.7390625 0.0546875 0.015625 0.01953125
0 0.721875 0.01171875 0.015625 0.01953125
0 0.3359375 0.052734375 0.015625 0.01953125
0 0.7515625 0.09375 0.015625 0.01953125
0 0.80625 0.083984375 0.015625 0.01953125
0 0.8140625 0.125 0.015625 0.01953125
0 0.784375 0.19140625 0.015625 0.01953125
0 0.13125 0.5 0.015625 0.01953125
0 0.0859375 0.47265625 0.015625 0.01953125
0 0.0265625 0.439453125 0.015625 0.01953125
0 0.0140625 0.564453125 0.015625 0.01953125
0 0.0203125 0.595703125 0.015625 0.01953125
0 0.053125 0.60546875 0.015625 0.01953125
0 0.10625 0.615234375 0.015625 0.01953125
0 0.0328125 0.74609375 0.015625 0.01953125
0 0.059375 0.8125 0.015625 0.01953125
0 0.1796875 0.73828125 0.015625 0.01953125
0 0.1375 0.921875 0.015625 0.01953125
0 0.2203125 0.833984375 0.015625 0.01953125
0 0.2296875 0.798828125 0.015625 0.01953125
0 0.28125 0.716796875 0.015625 0.01953125
0 0.2859375 0.91015625 0.015625 0.01953125
0 0.315625 0.8828125 0.015625 0.01953125
0 0.2875 0.59765625 0.015625 0.01953125
0 0.2640625 0.5859375 0.015625 0.01953125
0 0.1765625 0.62109375 0.015625 0.01953125
0 0.2859375 0.548828125 0.015625 0.01953125
0 0.45625 0.8125 0.015625 0.01953125
0 0.6 0.779296875 0.015625 0.01953125
0 0.5890625 0.8046875 0.015625 0.01953125
0 0.59375 0.826171875 0.015625 0.01953125
0 0.6921875 0.771484375 0.015625 0.01953125
0 0.709375 0.775390625 0.015625 0.01953125
0 0.7390625 0.716796875 0.015625 0.01953125
0 0.9046875 0.587890625 0.015625 0.01953125
0 0.959375 0.541015625 0.015625 0.01953125
0 0.934375 0.662109375 0.015625 0.01953125
0 0.971875 0.6171875 0.015625 0.01953125
0 0.85625 0.486328125 0.015625 0.01953125
0 0.778125 0.5234375 0.015625 0.01953125
0 0.8484375 0.509765625 0.015625 0.01953125
0 0.4640625 0.505859375 0.015625 0.01953125
0 0.2515625 0.328125 0.015625 0.01953125
0 0.2390625 0.28515625 0.015625 0.01953125
0 0.2671875 0.302734375 0.015625 0.01953125
0 0.525 0.677734375 0.015625 0.01953125
0 0.5515625 0.7734375 0.015625 0.01953125
0 0.7734375 0.763671875 0.015625 0.01953125
0 0.9609375 0.40234375 0.015625 0.01953125
0 0.984375 0.392578125 0.015625 0.01953125
0 0.9984375 0.4296875 0.015625 0.01953125
0 0.0875 0.8125 0.015625 0.01953125
0 0.0984375 0.591796875 0.015625 0.01953125
0 0.2046875 0.419921875 0.015625 0.01953125
0 0.2125 0.455078125 0.015625 0.01953125
0 0.3296875 0.41015625 0.015625 0.01953125
0 0.415625 0.349609375 0.015625 0.01953125
0 0.5375 0.71875 0.015625 0.01953125
0 0.515625 0.00390625 0.015625 0.01953125
0 0.078125 0.34375 0.015625 0.01953125
0 0.609375 0.740234375 0.015625 0.01953125
0 0.334375 0.671875 0.015625 0.01953125
0 0.871875 0.646484375 0.015625 0.01953125
0 0.9078125 0.67578125 0.015625 0.01953125
0 0.5328125 0.8359375 0.015625 0.01953125
0 0.9234375 0.525390625 0.015625 0.01953125
