0 0.1578125 0.32421875 0.015625 0.01953125
0 0.2046875 0.38671875 0.015625 0.01953125
0 0.34375 0.37109375 0.015625 0.01953125
0 0.4484375 0.296875 0.015625 0.01953125
0 0.4453125 0.345703125 0.015625 0.01953125
0 0.5296875 0.259765625 0.015625 0.01953125
0 0.6125 0.23046875 0.015625 0.01953125
0 0.6859375 0.251953125 0.015625 0.01953125
0 0.7765625 0.234375 0.015625 0.01953125
0 0.8015625 0.201171875 0.015625 0.01953125
0 0.815625 0.1328125 0.015625 0.01953125
0 0.809375 0.1015625 0.015625 0.01953125
0 0.7625 0.03125 0.015625 0.01953125
0 0.6671875 0.0546875 0.015625 0.01953125
0 0.5953125 0.11328125 0.015625 0.01953125
0 0.4578125 0.234375 0.015625 0.01953125
0 0.359375 0.046875 0.015625 0.01953125
0 0.5140625 0.0078125 0.015625 0.01953125
0 0.4796875 0.51953125 0.015625 0.01953125
0 0.51875 0.677734375 0.015625 0.01953125
0 0.5375 0.712890625 0.015625 0.01953125
0 0.5890625 0.822265625 0.015625 0.01953125
0 0.70625 0.77734375 0.015625 0.01953125
0 0.7640625 0.763671875 0.015625 0.01953125
0 0.7375 0.712890625 0.015625 0.01953125
0 0.646875 0.615234375 0.015625 0.01953125
0 0.73125 0.490234375 0.015625 0.01953125
0 0.853125 0.482421875 0.015625 0.01953125
0 0.84375 0.513671875 0.015625 0.01953125
0 0.91875 0.5234375 0.015625 0.01953125
0 0.909375 0.583984375 0.015625 0.01953125
0 0.93125 0.66796875 0.015625 0.01953125
0 0.9640625 0.6171875 0.015625 0.01953125
0 0.9859375 0.591796875 0.015625 0.01953125
0 0.9859375 0.63671875 0.015625 0.01953125
0 0.959375 0.544921875 0.015625 0.01953125
0 0.959375 0.416015625 0.015625 0.01953125
0 0.9828125 0.396484375 0.015625 0.01953125
0 0.7734375 0.517578125 0.015625 0.01953125
0 0.4515625 0.802734375 0.015625 0.01953125
0 0.3125 0.875 0.015625 0.01953125
0 0.2796875 0.904296875 0.015625 0.01953125
0 0.2140625 0.833984375 0.015625 0.01953125
0 0.1359375 0.919921875 0.015625 0.01953125
0 0.071875 0.798828125 0.015625 0.01953125
0 0.1 0.611328125 0.015625 0.01953125
0 0.10625 0.58984375 0.015625 0.01953125
0 0.1453125 0.490234375 0.015625 0.01953125
0 0.1828125 0.501953125 0.015625 0.01953125
0 0.234375 0.443359375 0.015625 0.01953125
0 0.2421875 0.3515625 0.015625 0.01953125
0 0.275 0.322265625 0.015625 0.01953125
0 0.296875 0.283203125 0.015625 0.01953125
0 0.2640625 0.271484375 0.015625 0.01953125
0 0.1078125 0.46484375 0.015625 0.01953125
0 0.0046875 0.421875 0.015625 0.01953125
0 0.0078125 0.564453125 0.015625 0.01953125
0 0.0234375 0.583984375 0.015625 0.01953125
0 0.0421875 0.609375 0.015625 0.01953125
0 0.0359375 0.751953125 0.015625 0.01953125
0 0.1625 0.744140625 0.015625 0.01953125
0 0.1734375 0.62109375 0.015625 0.01953125
0 0.290625 0.556640625 0.015625 0.01953125
0 0.2703125 0.54296875 0.015625 0.01953125
0 0.346875 0.396484375 0.015625 0.01953125
0 0.2 0.416015625 0.015625 0.01953125
0 0.1015625 0.341796875 0.015625 0.01953125
0 0.55 0.77734375 0.015625 0.01953125
0 0.2796875 0.71875 0.015625 0.01953125
0 0.328125 0.673828125 0.015625 0.01953125
0 0.18125 0.73828125 0.015625 0.01953125
0 0.678125 0.771484375 0.015625 0.01953125
0 0.8703125 0.6796875 0.015625 0.01953125
0 0.78125 0.064453125 0.015625 0.01953125
0 0.0390625 0.716796875 0.015625 0.01953125
0 0.2796875 0.603515625 0.015625 0.01953125
0 0.3859375 0.4921875 0.015625 0.01953125
0 0.2578125 0.583984375 0.015625 0.01953125
0 0.603125 0.734375 0.015625 0.01953125
0 0.08125 0.61328125 0.015625 0.01953125
0 0.8734375 0.650390625 0.015625 0.01953125
