0 0.2859375 0.26953125 0.015625 0.01953125
0 0.3296875 0.2734375 0.015625 0.01953125
0 0.296875 0.3125 0.015625 0.01953125
0 0.2734375 0.34375 0.015625 0.01953125
0 0.2328125 0.380859375 0.015625 0.01953125
0 0.3625 0.3515625 0.015625 0.01953125
0 0.459375 0.275390625 0.015625 0.01953125
0 0.5046875 0.205078125 0.015625 0.01953125
0 0.5484375 0.244140625 0.015625 0.01953125
0 0.646875 0.201171875 0.015625 0.01953125
0 0.7 0.232421875 0.015625 0.01953125
0 0.784375 0.240234375 0.015625 0.01953125
0 0.79375 0.21484375 0.015625 0.01953125
0 0.8046875 0.119140625 0.015625 0.01953125
0 0.8171875 0.126953125 0.015625 0.01953125
0 0.7921875 0.0390625 0.015625 0.01953125
0 0.7859375 0.0078125 0.015625 0.01953125
0 0.6828125 0.029296875 0.015625 0.01953125
0 0.6328125 0.0625 0.015625 0.01953125
0 0.5109375 0.001953125 0.015625 0.01953125
0 0.3734375 0.05078125 0.015625 0.01953125
0 0.190625 0.314453125 0.015625 0.01953125
0 0.1203125 0.462890625 0.015625 0.01953125
0 0.1609375 0.48828125 0.015625 0.01953125
0 0.2 0.419921875 0.015625 0.01953125
0 0.36875 0.390625 0.015625 0.01953125
0 0.4796875 0.328125 0.015625 0.01953125
0 0.40625 0.505859375 0.015625 0.01953125
0 0.4859375 0.52734375 0.015625 0.01953125
0 0.646875 0.59765625 0.015625 0.01953125
0 0.7328125 0.486328125 0.015625 0.01953125
0 0.8515625 0.482421875 0.015625 0.01953125
0 0.8484375 0.51171875 0.015625 0.01953125
0 0.7734375 0.51953125 0.015625 0.01953125
0 0.921875 0.57421875 0.015625 0.01953125
0 0.921875 0.52734375 0.015625 0.01953125
0 0.959375 0.5390625 0.015625 0.01953125
0 0.9625 0.416015625 0.015625 0.01953125
0 0.975 0.390625 0.015625 0.01953125
0 0.965625 0.60546875 0.015625 0.01953125
0 0.934375 0.662109375 0.015625 0.01953125
0 0.984375 0.6328125 0.015625 0.01953125
0 0.7375 0.71875 0.015625 0.01953125
0 0.59375 0.775390625 0.015625 0.01953125
0 0.565625 0.767578125 0.015625 0.01953125
0 0.5421875 0.703125 0.015625 0.01953125
0 0.45 0.810546875 0.015625 0.01953125
0 0.3171875 0.875 0.015625 0.01953125
0 0.2765625 0.900390625 0.015625 0.01953125
0 0.2171875 0.837890625 0.015625 0.01953125
0 0.1671875 0.724609375 0.015625 0.01953125
0 0.2796875 0.591796875 0.015625 0.01953125
0 0.2515625 0.578125 0.015625 0.01953125
0 0.25625 0.431640625 0.015625 0.01953125
0 0.1890625 0.48828125 0.015625 0.01953125
0 0.0953125 0.61328125 0.015625 0.01953125
0 0.078125 0.61328125 0.015625 0.01953125
0 0.1078125 0.58984375 0.015625 0.01953125
0 0.0484375 0.599609375 0.015625 0.01953125
0 0.0265625 0.58203125 0.015625 0.01953125
0 0.00625 0.564453125 0.015625 0.01953125
0 0.0265625 0.748046875 0.015625 0.01953125
0 0.040625 0.728515625 0.015625 0.01953125
0 0.175 0.6171875 0.015625 0.01953125
0 0.278125 0.712890625 0.015625 0.01953125
0 0.1328125 0.91796875 0.015625 0.01953125
0 0.546875 0.771484375 0.015625 0.01953125
0 0.7671875 0.7578125 0.015625 0.01953125
0 0.275 0.548828125 0.015625 0.01953125
0 0.2609375 0.533203125 0.015625 0.01953125
0 0.5203125 0.673828125 0.015625 0.01953125
0 0.959375 0.580078125 0.015625 0.01953125
0 0.4125 0.40234375 0.015625 0.01953125
0 0.328125 0.666015625 0.015625 0.01953125
0 0.5828125 0.802734375 0.015625 0.01953125
0 0.58125 0.822265625 0.015625 0.01953125
0 0.7078125 0.771484375 0.015625 0.01953125
0 0.684375 0.765625 0.015625 0.01953125
0 0.18125 0.75 0.015625 0.01953125
0 0.0859375 0.7890625 0.015625 0.01953125
0 0.0828125 0.80859375 0.015625 0.01953125
0 0.6078125 0.734375 0.015625 0.01953125
0 0.5296875 0.833984375 0.015625 0.01953125
0 0.871875 0.64453125 0.015625 0.01953125
0 0.946875 0.626953125 0.015625 0.01953125
