0 0.603125 0.005859375 0.015625 0.01953125
0 0.659375 0.02734375 0.015625 0.01953125
0 0.6921875 0.017578125 0.015625 0.01953125
0 0.68125 0.0390625 0.015625 0.01953125
0 0.721875 0.0625 0.015625 0.01953125
0 0.753125 0.0625 0.015625 0.01953125
0 0.7609375 0.078125 0.015625 0.01953125
0 0.6921875 0.0546875 0.015625 0.01953125
0 0.7171875 0.078125 0.015625 0.01953125
0 0.7234375 0.037109375 0.015625 0.01953125
0 0.7328125 0.0078125 0.015625 0.01953125
0 0.709375 0.013671875 0.015625 0.01953125
0 0.703125 0.05078125 0.015625 0.01953125
0 0.671875 0.09765625 0.015625 0.01953125
0 0.6078125 0.1171875 0.015625 0.01953125
0 0.6609375 0.3125 0.015625 0.01953125
0 0.7109375 0.375 0.015625 0.01953125
0 0.7484375 0.310546875 0.015625 0.01953125
0 0.8015625 0.2109375 0.015625 0.01953125
0 0.9171875 0.240234375 0.015625 0.01953125
0 0.93125 0.126953125 0.015625 0.01953125
0 0.9421875 0.07421875 0.015625 0.01953125
0 0.99375 0.0703125 0.015625 0.01953125
0 0.8546875 0.3515625 0.015625 0.01953125
0 0.934375 0.365234375 0.015625 0.01953125
0 0.8859375 0.451171875 0.015625 0.01953125
0 0.8921875 0.498046875 0.015625 0.01953125
0 0.8890625 0.681640625 0.015625 0.01953125
0 0.875 0.69921875 0.015625 0.01953125
0 0.9484375 0.802734375 0.015625 0.01953125
0 0.978125 0.865234375 0.015625 0.01953125
0 0.9890625 0.908203125 0.015625 0.01953125
0 0.9453125 0.84765625 0.015625 0.01953125
0 0.725 0.86328125 0.015625 0.01953125
0 0.7421875 0.90625 0.015625 0.01953125
0 0.6828125 0.912109375 0.015625 0.01953125
0 0.6640625 0.892578125 0.015625 0.01953125
0 0.553125 0.9140625 0.015625 0.01953125
0 0.58125 0.853515625 0.015625 0.01953125
0 0.5875 0.8359375 0.015625 0.01953125
0 0.6671875 0.728515625 0.015625 0.01953125
0 0.8109375 0.68359375 0.015625 0.01953125
0 0.775 0.638671875 0.015625 0.01953125
0 0.578125 0.666015625 0.015625 0.01953125
0 0.5109375 0.609375 0.015625 0.01953125
0 0.5640625 0.419921875 0.015625 0.01953125
0 0.5890625 0.451171875 0.015625 0.01953125
0 0.3203125 0.58203125 0.015625 0.01953125
0 0.3484375 0.66796875 0.015625 0.01953125
0 0.290625 0.693359375 0.015625 0.01953125
0 0.28125 0.86328125 0.015625 0.01953125
0 0.225 0.876953125 0.015625 0.01953125
0 0.203125 0.69140625 0.015625 0.01953125
0 0.0734375 0.697265625 0.015625 0.01953125
0 0.2125 0.568359375 0.015625 0.01953125
0 0.14375 0.533203125 0.015625 0.01953125
0 0.153125 0.5 0.015625 0.01953125
0 0.128125 0.52734375 0.015625 0.01953125
0 0.0984375 0.50390625 0.015625 0.01953125
0 0.1109375 0.4765625 0.015625 0.01953125
0 0.2796875 0.44140625 0.015625 0.01953125
0 0.3140625 0.431640625 0.015625 0.01953125
0 0.3328125 0.46875 0.015625 0.01953125
0 0.4390625 0.392578125 0.015625 0.01953125
0 0.475 0.3515625 0.015625 0.01953125
0 0.5578125 0.384765625 0.015625 0.01953125
0 0.5859375 0.279296875 0.015625 0.01953125
0 0.4671875 0.298828125 0.015625 0.01953125
0 0.50625 0.31640625 0.015625 0.01953125
0 0.5046875 0.26953125 0.015625 0.01953125
0 0.140625 0.279296875 0.015625 0.01953125
0 0.0953125 0.359375 0.015625 0.01953125
0 0.015625 0.240234375 0.015625 0.01953125
0 0.0671875 0.453125 0.015625 0.01953125
0 0.184375 0.703125 0.015625 0.01953125
0 0.98125 0.771484375 0.015625 0.01953125
0 0.9359375 0.7578125 0.015625 0.01953125
0 0.9484375 0.7421875 0.015625 0.01953125
0 0.5875 0.87890625 0.015625 0.01953125
0 0.434375 0.845703125 0.015625 0.01953125
0 0.5296875 0.740234375 0.015625 0.01953125
0 0.58125 0.76953125 0.015625 0.01953125
0 0.2234375 0.78125 0.015625 0.01953125
0 0.1765625 0.791015625 0.015625 0.01953125
0 0.2875 0.384765625 0.015625 0.01953125
0 0.5015625 0.900390625 0.015625 0.01953125
0 0.1 0.830078125 0.015625 0.01953125
0 0.0484375 0.625 0.015625 0.01953125
0 0.871875 0.84375 0.015625 0.01953125
0 0.5359375 0.841796875 0.015625 0.01953125
