0 0.6 0.001953125 0.015625 0.01953125
0 0.65625 0.0234375 0.015625 0.01953125
0 0.6796875 0.037109375 0.015625 0.01953125
0 0.6953125 0.048828125 0.015625 0.01953125
0 0.6703125 0.087890625 0.015625 0.01953125
0 0.6203125 0.115234375 0.015625 0.01953125
0 0.61875 0.265625 0.015625 0.01953125
0 0.68125 0.310546875 0.015625 0.01953125
0 0.746875 0.35546875 0.015625 0.01953125
0 0.7625 0.296875 0.015625 0.01953125
0 0.84375 0.185546875 0.015625 0.01953125
0 0.9453125 0.208984375 0.015625 0.01953125
0 0.86875 0.3359375 0.015625 0.01953125
0 0.95 0.3671875 0.015625 0.01953125
0 0.8765625 0.462890625 0.015625 0.01953125
0 0.8890625 0.5078125 0.015625 0.01953125
0 0.76875 0.638671875 0.015625 0.01953125
0 0.8078125 0.685546875 0.015625 0.01953125
0 0.884375 0.673828125 0.015625 0.01953125
0 0.9734375 0.767578125 0.015625 0.01953125
0 0.665625 0.732421875 0.015625 0.01953125
0 0.590625 0.68359375 0.015625 0.01953125
0 0.51875 0.625 0.015625 0.01953125
0 0.3109375 0.578125 0.015625 0.01953125
0 0.4625 0.390625 0.015625 0.01953125
0 0.58125 0.376953125 0.015625 0.01953125
0 0.590625 0.412109375 0.015625 0.01953125
0 0.4921875 0.345703125 0.015625 0.01953125
0 0.340625 0.42578125 0.015625 0.01953125
0 0.2953125 0.439453125 0.015625 0.01953125
0 0.284375 0.6875 0.015625 0.01953125
0 0.2296875 0.775390625 0.015625 0.01953125
0 0.278125 0.857421875 0.015625 0.01953125
0 0.234375 0.873046875 0.015625 0.01953125
0 0.184375 0.6796875 0.015625 0.01953125
0 0.1953125 0.69921875 0.015625 0.01953125
0 0.096875 0.837890625 0.015625 0.01953125
0 0.1359375 0.53125 0.015625 0.01953125
0 0.1546875 0.498046875 0.015625 0.01953125
0 0.1125 0.47265625 0.015625 0.01953125
0 0.0953125 0.5 0.015625 0.01953125
0 0.0640625 0.44921875 0.015625 0.01953125
0 0.3484375 0.47265625 0.015625 0.01953125
0 0.4578125 0.416015625 0.015625 0.01953125
0 0.6078125 0.451171875 0.015625 0.01953125
0 0.50625 0.2890625 0.015625 0.01953125
0 0.2828125 0.3828125 0.015625 0.01953125
0 0.359375 0.3046875 0.015625 0.01953125
0 0.53125 0.740234375 0.015625 0.01953125
0 0.5875 0.759765625 0.015625 0.01953125
0 0.4296875 0.841796875 0.015625 0.01953125
0 0.078125 0.708984375 0.015625 0.01953125
0 0.2046875 0.560546875 0.015625 0.01953125
0 0.0140625 0.021484375 0.015625 0.01953125
0 0.009375 0.0390625 0.015625 0.01953125
0 0.159375 0.294921875 0.015625 0.01953125
0 0.11875 0.3671875 0.015625 0.01953125
0 0.3359375 0.662109375 0.015625 0.01953125
0 0.5859375 0.830078125 0.015625 0.01953125
0 0.58125 0.853515625 0.015625 0.01953125
0 0.546875 0.90234375 0.015625 0.01953125
0 0.7203125 0.0546875 0.015625 0.01953125
0 0.94375 0.103515625 0.015625 0.01953125
0 0.978125 0.03125 0.015625 0.01953125
0 0.759375 0.072265625 0.015625 0.01953125
0 0.71875 0.029296875 0.015625 0.01953125
0 0.7296875 0.0078125 0.015625 0.01953125
0 0.6921875 0.017578125 0.015625 0.01953125
0 0.70625 0.009765625 0.015625 0.01953125
0 0.70625 0.009765625 0.015625 0.01953125
0 0.8765625 0.697265625 0.015625 0.01953125
0 0.7234375 0.853515625 0.015625 0.01953125
0 0.7421875 0.908203125 0.015625 0.01953125
0 0.684375 0.904296875 0.015625 0.01953125
0 0.6609375 0.880859375 0.015625 0.01953125
0 0.94375 0.85546875 0.015625 0.01953125
0 0.9984375 0.90625 0.015625 0.01953125
0 0.95 0.80078125 0.015625 0.01953125
0 0.95625 0.82421875 0.015625 0.01953125
0 0.9421875 0.728515625 0.015625 0.01953125
0 0.9390625 0.73828125 0.015625 0.01953125
0 0.21875 0.474609375 0.015625 0.01953125
0 0.2390625 0.455078125 0.015625 0.01953125
0 0.1625 0.798828125 0.015625 0.01953125
0 0.4921875 0.896484375 0.015625 0.01953125
0 0.0421875 0.615234375 0.015625 0.01953125
0 0.009375 0.2265625 0.015625 0.01953125
0 0.0203125 0.134765625 0.015625 0.01953125
0 0.86875 0.841796875 0.015625 0.01953125
0 0.5390625 0.841796875 0.015625 0.01953125
