0 0.734375 0.23828125 0.015625 0.01953125
0 0.7640625 0.291015625 0.015625 0.01953125
0 0.8375 0.28515625 0.015625 0.01953125
0 0.8578125 0.32421875 0.015625 0.01953125
0 0.91875 0.337890625 0.015625 0.01953125
0 0.9890625 0.13671875 0.015625 0.01953125
0 0.671875 0.384765625 0.015625 0.01953125
0 0.6671875 0.416015625 0.015625 0.01953125
0 0.765625 0.6484375 0.015625 0.01953125
0 0.7953125 0.703125 0.015625 0.01953125
0 0.878125 0.693359375 0.015625 0.01953125
0 0.865625 0.720703125 0.015625 0.01953125
0 0.9609375 0.79296875 0.015625 0.01953125
0 0.946875 0.826171875 0.015625 0.01953125
0 0.990625 0.9453125 0.015625 0.01953125
0 0.6515625 0.7421875 0.015625 0.01953125
0 0.5859375 0.751953125 0.015625 0.01953125
0 0.609375 0.75390625 0.015625 0.01953125
0 0.6625 0.9140625 0.015625 0.01953125
0 0.721875 0.919921875 0.015625 0.01953125
0 0.709375 0.865234375 0.015625 0.01953125
0 0.6421875 0.890625 0.015625 0.01953125
0 0.559375 0.857421875 0.015625 0.01953125
0 0.5703125 0.833984375 0.015625 0.01953125
0 0.534375 0.90625 0.015625 0.01953125
0 0.5140625 0.740234375 0.015625 0.01953125
0 0.553125 0.6953125 0.015625 0.01953125
0 0.4140625 0.837890625 0.015625 0.01953125
0 0.2609375 0.84765625 0.015625 0.01953125
0 0.221875 0.84375 0.015625 0.01953125
0 0.275 0.6796875 0.015625 0.01953125
0 0.190625 0.673828125 0.015625 0.01953125
0 0.175 0.6796875 0.015625 0.01953125
0 0.0828125 0.693359375 0.015625 0.01953125
0 0.1359375 0.515625 0.015625 0.01953125
0 0.1515625 0.48046875 0.015625 0.01953125
0 0.15 0.4609375 0.015625 0.01953125
0 0.203125 0.544921875 0.015625 0.01953125
0 0.0578125 0.677734375 0.015625 0.01953125
0 0.053125 0.58203125 0.015625 0.01953125
0 0.0921875 0.48046875 0.015625 0.01953125
0 0.11875 0.44921875 0.015625 0.01953125
0 0.040625 0.271484375 0.015625 0.01953125
0 0.075 0.248046875 0.015625 0.01953125
0 0.1984375 0.37890625 0.015625 0.01953125
0 0.36875 0.451171875 0.015625 0.01953125
0 0.4078125 0.439453125 0.015625 0.01953125
0 0.41875 0.48046875 0.015625 0.01953125
0 0.5625 0.39453125 0.015625 0.01953125
0 0.5828125 0.34375 0.015625 0.01953125
0 0.6140625 0.3125 0.015625 0.01953125
0 0.61875 0.26953125 0.015625 0.01953125
0 0.453125 0.3125 0.015625 0.01953125
0 0.2921875 0.373046875 0.015625 0.01953125
0 0.2546875 0.306640625 0.015625 0.01953125
0 0.1625 0.0703125 0.015625 0.01953125
0 0.15 0.091796875 0.015625 0.01953125
0 0.015625 0.173828125 0.015625 0.01953125
0 0.7 0.126953125 0.015625 0.01953125
0 0.6859375 0.103515625 0.015625 0.01953125
0 0.7703125 0.08984375 0.015625 0.01953125
0 0.73125 0.07421875 0.015625 0.01953125
0 0.7109375 0.0625 0.015625 0.01953125
0 0.7296875 0.041015625 0.015625 0.01953125
0 0.740625 0.021484375 0.015625 0.01953125
0 0.703125 0.0078125 0.015625 0.01953125
0 0.7015625 0.029296875 0.015625 0.01953125
0 0.671875 0.033203125 0.015625 0.01953125
0 0.646875 0.009765625 0.015625 0.01953125
0 0.725 0.0078125 0.015625 0.01953125
0 0.75625 0.013671875 0.015625 0.01953125
0 0.7953125 0.029296875 0.015625 0.01953125
0 0.6875 0.451171875 0.015625 0.01953125
0 0.8546875 0.564453125 0.015625 0.01953125
0 0.8609375 0.52734375 0.015625 0.01953125
0 0.940625 0.701171875 0.015625 0.01953125
0 0.959375 0.888671875 0.015625 0.01953125
0 0.8609375 0.892578125 0.015625 0.01953125
0 0.3375 0.666015625 0.015625 0.01953125
0 0.5125 0.845703125 0.015625 0.01953125
0 0.09375 0.142578125 0.015625 0.01953125
0 0.0640625 0.30859375 0.015625 0.01953125
0 0.053125 0.388671875 0.015625 0.01953125
0 0.0625 0.423828125 0.015625 0.01953125
0 0.321875 0.490234375 0.015625 0.01953125
0 0.290625 0.546875 0.015625 0.01953125
0 0.3109375 0.568359375 0.015625 0.01953125
0 0.2203125 0.78515625 0.015625 0.01953125
0 0.165625 0.771484375 0.015625 0.01953125
0 0.0765625 0.806640625 0.015625 0.01953125
0 0.0875 0.8125 0.015625 0.01953125
0 0.4796875 0.896484375 0.015625 0.01953125
0 0.93125 0.890625 0.015625 0.01953125
0 0.8515625 0.861328125 0.015625 0.01953125
0 0.0421875 0.224609375 0.015625 0.01953125
