0 0.7109375 0.134765625 0.015625 0.01953125
0 0.7328125 0.076171875 0.015625 0.01953125
0 0.765625 0.091796875 0.015625 0.01953125
0 0.73125 0.046875 0.015625 0.01953125
0 0.74375 0.0234375 0.015625 0.01953125
0 0.7046875 0.00390625 0.015625 0.01953125
0 0.690625 0.052734375 0.015625 0.01953125
0 0.7046875 0.0703125 0.015625 0.01953125
0 0.6703125 0.037109375 0.015625 0.01953125
0 0.609375 0.005859375 0.015625 0.01953125
0 0.75625 0.240234375 0.015625 0.01953125
0 0.771875 0.287109375 0.015625 0.01953125
0 0.85 0.28515625 0.015625 0.01953125
0 0.8703125 0.3125 0.015625 0.01953125
0 0.9296875 0.3359375 0.015625 0.01953125
0 0.68125 0.376953125 0.015625 0.01953125
0 0.678125 0.41015625 0.015625 0.01953125
0 0.5796875 0.39453125 0.015625 0.01953125
0 0.59375 0.345703125 0.015625 0.01953125
0 0.6734375 0.28515625 0.015625 0.01953125
0 0.63125 0.2734375 0.015625 0.01953125
0 0.4671875 0.326171875 0.015625 0.01953125
0 0.553125 0.416015625 0.015625 0.01953125
0 0.425 0.458984375 0.015625 0.01953125
0 0.6953125 0.455078125 0.015625 0.01953125
0 0.3796875 0.451171875 0.015625 0.01953125
0 0.2796875 0.376953125 0.015625 0.01953125
0 0.26875 0.314453125 0.015625 0.01953125
0 0.1765625 0.10546875 0.015625 0.01953125
0 0.1828125 0.087890625 0.015625 0.01953125
0 0.0875 0.255859375 0.015625 0.01953125
0 0.1125 0.154296875 0.015625 0.01953125
0 0.0296875 0.1796875 0.015625 0.01953125
0 0.053125 0.275390625 0.015625 0.01953125
0 0.0703125 0.310546875 0.015625 0.01953125
0 0.2109375 0.388671875 0.015625 0.01953125
0 0.109375 0.455078125 0.015625 0.01953125
0 0.1359375 0.451171875 0.015625 0.01953125
0 0.153125 0.490234375 0.015625 0.01953125
0 0.1359375 0.513671875 0.015625 0.01953125
0 0.090625 0.482421875 0.015625 0.01953125
0 0.0625 0.4296875 0.015625 0.01953125
0 0.0484375 0.58203125 0.015625 0.01953125
0 0.03125 0.609375 0.015625 0.01953125
0 0.0546875 0.673828125 0.015625 0.01953125
0 0.071875 0.69921875 0.015625 0.01953125
0 0.1765625 0.666015625 0.015625 0.01953125
0 0.2875 0.541015625 0.015625 0.01953125
0 0.309375 0.5703125 0.015625 0.01953125
0 0.275 0.67578125 0.015625 0.01953125
0 0.3359375 0.673828125 0.015625 0.01953125
0 0.5921875 0.744140625 0.015625 0.01953125
0 0.6171875 0.763671875 0.015625 0.01953125
0 0.653125 0.736328125 0.015625 0.01953125
0 0.7953125 0.701171875 0.015625 0.01953125
0 0.759375 0.65234375 0.015625 0.01953125
0 0.559375 0.70703125 0.015625 0.01953125
0 0.5625 0.85546875 0.015625 0.01953125
0 0.7046875 0.87109375 0.015625 0.01953125
0 0.721875 0.919921875 0.015625 0.01953125
0 0.9953125 0.9375 0.015625 0.01953125
0 0.9609375 0.89453125 0.015625 0.01953125
0 0.9234375 0.8828125 0.015625 0.01953125
0 0.9453125 0.822265625 0.015625 0.01953125
0 0.959375 0.8359375 0.015625 0.01953125
0 0.9640625 0.798828125 0.015625 0.01953125
0 0.840625 0.568359375 0.015625 0.01953125
0 0.8609375 0.5390625 0.015625 0.01953125
0 0.5109375 0.73828125 0.015625 0.01953125
0 0.4125 0.837890625 0.015625 0.01953125
0 0.5296875 0.908203125 0.015625 0.01953125
0 0.5140625 0.8515625 0.015625 0.01953125
0 0.2640625 0.845703125 0.015625 0.01953125
0 0.2234375 0.84375 0.015625 0.01953125
0 0.0796875 0.814453125 0.015625 0.01953125
0 0.1609375 0.7734375 0.015625 0.01953125
0 0.2015625 0.54296875 0.015625 0.01953125
0 0.678125 0.107421875 0.015625 0.01953125
0 0.7953125 0.03125 0.015625 0.01953125
0 0.7265625 0.009765625 0.015625 0.01953125
0 0.8984375 0.9140625 0.015625 0.01953125
0 0.6421875 0.8984375 0.015625 0.01953125
0 0.2171875 0.7890625 0.015625 0.01953125
0 0.478125 0.89453125 0.015625 0.01953125
0 0.85 0.865234375 0.015625 0.01953125
0 0.865625 0.71875 0.015625 0.01953125
0 0.875 0.693359375 0.015625 0.01953125
0 0.9328125 0.673828125 0.015625 0.01953125
0 0.890625 0.740234375 0.015625 0.01953125
0 0.0640625 0.2265625 0.015625 0.01953125
