0 0.6078125 0.005859375 0.015625 0.01953125
0 0.7015625 0.060546875 0.015625 0.01953125
0 0.6875 0.052734375 0.015625 0.01953125
0 0.73125 0.072265625 0.015625 0.01953125
0 0.725 0.087890625 0.015625 0.01953125
0 0.7625 0.076171875 0.015625 0.01953125
0 0.7671875 0.09375 0.015625 0.01953125
0 0.7890625 0.033203125 0.015625 0.01953125
0 0.734375 0.029296875 0.015625 0.01953125
0 0.7265625 0.044921875 0.015625 0.01953125
0 0.728125 0.044921875 0.015625 0.01953125
0 0.6984375 0.029296875 0.015625 0.01953125
0 0.71875 0.025390625 0.015625 0.01953125
0 0.7484375 0.015625 0.015625 0.01953125
0 0.728125 0.009765625 0.015625 0.01953125
0 0.7046875 0.005859375 0.015625 0.01953125
0 0.7171875 0.064453125 0.015625 0.01953125
0 0.6671875 0.033203125 0.015625 0.01953125
0 0.725 0.123046875 0.015625 0.01953125
0 0.675 0.10546875 0.015625 0.01953125
0 0.784375 0.23046875 0.015625 0.01953125
0 0.7875 0.283203125 0.015625 0.01953125
0 0.865625 0.2734375 0.015625 0.01953125
0 0.8921875 0.3046875 0.015625 0.01953125
0 0.934375 0.33203125 0.015625 0.01953125
0 0.7 0.404296875 0.015625 0.01953125
0 0.703125 0.37890625 0.015625 0.01953125
0 0.709375 0.2734375 0.015625 0.01953125
0 0.6515625 0.26953125 0.015625 0.01953125
0 0.6484375 0.3046875 0.015625 0.01953125
0 0.615625 0.341796875 0.015625 0.01953125
0 0.6015625 0.390625 0.015625 0.01953125
0 0.5703125 0.41796875 0.015625 0.01953125
0 0.4921875 0.318359375 0.015625 0.01953125
0 0.4375 0.4609375 0.015625 0.01953125
0 0.39375 0.451171875 0.015625 0.01953125
0 0.2796875 0.369140625 0.015625 0.01953125
0 0.290625 0.326171875 0.015625 0.01953125
0 0.3375 0.677734375 0.015625 0.01953125
0 0.2703125 0.685546875 0.015625 0.01953125
0 0.1984375 0.546875 0.015625 0.01953125
0 0.1515625 0.48828125 0.015625 0.01953125
0 0.1375 0.521484375 0.015625 0.01953125
0 0.1140625 0.50390625 0.015625 0.01953125
0 0.08125 0.484375 0.015625 0.01953125
0 0.109375 0.451171875 0.015625 0.01953125
0 0.065625 0.2890625 0.015625 0.01953125
0 0.0828125 0.326171875 0.015625 0.01953125
0 0.103125 0.26953125 0.015625 0.01953125
0 0.109375 0.25390625 0.015625 0.01953125
0 0.09375 0.23828125 0.015625 0.01953125
0 0.121875 0.1640625 0.015625 0.01953125
0 0.2140625 0.119140625 0.015625 0.01953125
0 0.221875 0.099609375 0.015625 0.01953125
0 0.040625 0.193359375 0.015625 0.01953125
0 0.00625 0.103515625 0.015625 0.01953125
0 0.0609375 0.427734375 0.015625 0.01953125
0 0.0296875 0.611328125 0.015625 0.01953125
0 0.0484375 0.587890625 0.015625 0.01953125
0 0.071875 0.8125 0.015625 0.01953125
0 0.065625 0.705078125 0.015625 0.01953125
0 0.053125 0.67578125 0.015625 0.01953125
0 0.1703125 0.658203125 0.015625 0.01953125
0 0.1859375 0.69921875 0.015625 0.01953125
0 0.2265625 0.83984375 0.015625 0.01953125
0 0.2578125 0.85546875 0.015625 0.01953125
0 0.5109375 0.7421875 0.015625 0.01953125
0 0.4140625 0.83984375 0.015625 0.01953125
0 0.5609375 0.72265625 0.015625 0.01953125
0 0.5953125 0.7421875 0.015625 0.01953125
0 0.6171875 0.78515625 0.015625 0.01953125
0 0.6484375 0.736328125 0.015625 0.01953125
0 0.5609375 0.85546875 0.015625 0.01953125
0 0.5296875 0.90234375 0.015625 0.01953125
0 0.70625 0.876953125 0.015625 0.01953125
0 0.721875 0.92578125 0.015625 0.01953125
0 0.665625 0.923828125 0.015625 0.01953125
0 0.6390625 0.900390625 0.015625 0.01953125
0 0.79375 0.70703125 0.015625 0.01953125
0 0.7625 0.658203125 0.015625 0.01953125
0 0.8265625 0.560546875 0.015625 0.01953125
0 0.8515625 0.544921875 0.015625 0.01953125
0 0.9890625 0.681640625 0.015625 0.01953125
0 0.9609375 0.794921875 0.015625 0.01953125
0 0.953125 0.83203125 0.015625 0.01953125
0 0.9328125 0.888671875 0.015625 0.01953125
0 0.984375 0.947265625 0.015625 0.01953125
0 0.859375 0.72265625 0.015625 0.01953125
0 0.878125 0.703125 0.015625 0.01953125
0 0.9453125 0.6796875 0.015625 0.01953125
0 0.8953125 0.919921875 0.015625 0.01953125
0 0.8640625 0.890625 0.015625 0.01953125
0 0.7125 0.447265625 0.015625 0.01953125
0 0.23125 0.3984375 0.015625 0.01953125
0 0.3109375 0.494140625 0.015625 0.01953125
0 0.9515625 0.85546875 0.015625 0.01953125
0 0.290625 0.552734375 0.015625 0.01953125
0 0.30625 0.5703125 0.015625 0.01953125
0 0.475 0.90234375 0.015625 0.01953125
0 0.515625 0.8515625 0.015625 0.01953125
0 0.1640625 0.771484375 0.015625 0.01953125
0 0.21875 0.783203125 0.015625 0.01953125
0 0.8484375 0.8671875 0.015625 0.01953125
