0 0.6875 0.0546875 0.015625 0.01953125
0 0.7125 0.060546875 0.015625 0.01953125
0 0.728125 0.046875 0.015625 0.01953125
0 0.7390625 0.0234375 0.015625 0.01953125
0 0.7515625 0.01171875 0.015625 0.01953125
0 0.70625 0.0078125 0.015625 0.01953125
0 0.7015625 0.029296875 0.015625 0.01953125
0 0.6671875 0.03125 0.015625 0.01953125
0 0.734375 0.072265625 0.015625 0.01953125
0 0.7625 0.078125 0.015625 0.01953125
0 0.675 0.1015625 0.015625 0.01953125
0 0.728125 0.1328125 0.015625 0.01953125
0 0.6078125 0.00390625 0.015625 0.01953125
0 0.8 0.21875 0.015625 0.01953125
0 0.8015625 0.275390625 0.015625 0.01953125
0 0.8734375 0.267578125 0.015625 0.01953125
0 0.915625 0.294921875 0.015625 0.01953125
0 0.946875 0.330078125 0.015625 0.01953125
0 0.7140625 0.37109375 0.015625 0.01953125
0 0.715625 0.40234375 0.015625 0.01953125
0 0.6296875 0.341796875 0.015625 0.01953125
0 0.615625 0.384765625 0.015625 0.01953125
0 0.6609375 0.298828125 0.015625 0.01953125
0 0.665625 0.265625 0.015625 0.01953125
0 0.7265625 0.4453125 0.015625 0.01953125
0 0.5859375 0.416015625 0.015625 0.01953125
0 0.4453125 0.474609375 0.015625 0.01953125
0 0.4078125 0.443359375 0.015625 0.01953125
0 0.278125 0.373046875 0.015625 0.01953125
0 0.3046875 0.330078125 0.015625 0.01953125
0 0.2453125 0.404296875 0.015625 0.01953125
0 0.2359375 0.1328125 0.015625 0.01953125
0 0.24375 0.10546875 0.015625 0.01953125
0 0.1125 0.26953125 0.015625 0.01953125
0 0.134375 0.16796875 0.015625 0.01953125
0 0.040625 0.197265625 0.015625 0.01953125
0 0.078125 0.29296875 0.015625 0.01953125
0 0.0140625 0.11328125 0.015625 0.01953125
0 0.003125 0.1328125 0.015625 0.01953125
0 0.1125 0.45703125 0.015625 0.01953125
0 0.1203125 0.431640625 0.015625 0.01953125
0 0.1484375 0.490234375 0.015625 0.01953125
0 0.1328125 0.513671875 0.015625 0.01953125
0 0.1125 0.505859375 0.015625 0.01953125
0 0.0890625 0.484375 0.015625 0.01953125
0 0.059375 0.4296875 0.015625 0.01953125
0 0.0265625 0.60546875 0.015625 0.01953125
0 0.0625 0.69921875 0.015625 0.01953125
0 0.0609375 0.67578125 0.015625 0.01953125
0 0.19375 0.548828125 0.015625 0.01953125
0 0.175 0.658203125 0.015625 0.01953125
0 0.1859375 0.69921875 0.015625 0.01953125
0 0.16875 0.767578125 0.015625 0.01953125
0 0.215625 0.783203125 0.015625 0.01953125
0 0.2265625 0.83984375 0.015625 0.01953125
0 0.2625 0.845703125 0.015625 0.01953125
0 0.2703125 0.68359375 0.015625 0.01953125
0 0.3296875 0.693359375 0.015625 0.01953125
0 0.409375 0.8359375 0.015625 0.01953125
0 0.53125 0.900390625 0.015625 0.01953125
0 0.471875 0.896484375 0.015625 0.01953125
0 0.596875 0.7421875 0.015625 0.01953125
0 0.6515625 0.74609375 0.015625 0.01953125
0 0.6234375 0.7890625 0.015625 0.01953125
0 0.5125 0.748046875 0.015625 0.01953125
0 0.665625 0.92578125 0.015625 0.01953125
0 0.6421875 0.900390625 0.015625 0.01953125
0 0.70625 0.873046875 0.015625 0.01953125
0 0.7171875 0.923828125 0.015625 0.01953125
0 0.7953125 0.703125 0.015625 0.01953125
0 0.7546875 0.650390625 0.015625 0.01953125
0 0.8609375 0.71875 0.015625 0.01953125
0 0.8765625 0.69921875 0.015625 0.01953125
0 0.815625 0.55859375 0.015625 0.01953125
0 0.8484375 0.55078125 0.015625 0.01953125
0 0.99375 0.681640625 0.015625 0.01953125
0 0.959375 0.796875 0.015625 0.01953125
0 0.95 0.837890625 0.015625 0.01953125
0 0.9765625 0.94140625 0.015625 0.01953125
0 0.9515625 0.89453125 0.015625 0.01953125
0 0.8953125 0.916015625 0.015625 0.01953125
0 0.85625 0.892578125 0.015625 0.01953125
0 0.559375 0.85546875 0.015625 0.01953125
0 0.565625 0.833984375 0.015625 0.01953125
0 0.2984375 0.572265625 0.015625 0.01953125
0 0.50625 0.32421875 0.015625 0.01953125
0 0.734375 0.265625 0.015625 0.01953125
