0 0.6671875 0.03125 0.015625 0.01953125
0 0.6890625 0.04296875 0.015625 0.01953125
0 0.7 0.056640625 0.015625 0.01953125
0 0.8296875 0.1328125 0.015625 0.01953125
0 0.703125 0.037109375 0.015625 0.01953125
0 0.728125 0.0390625 0.015625 0.01953125
0 0.7390625 0.017578125 0.015625 0.01953125
0 0.73125 0.064453125 0.015625 0.01953125
0 0.721875 0.080078125 0.015625 0.01953125
0 0.790625 0.107421875 0.015625 0.01953125
0 0.7890625 0.029296875 0.015625 0.01953125
0 0.7640625 0.087890625 0.015625 0.01953125
0 0.6796875 0.09765625 0.015625 0.01953125
0 0.903125 0.16015625 0.015625 0.01953125
0 0.940625 0.23828125 0.015625 0.01953125
0 0.984375 0.298828125 0.015625 0.01953125
0 0.8609375 0.23828125 0.015625 0.01953125
0 0.8625 0.203125 0.015625 0.01953125
0 0.7375 0.240234375 0.015625 0.01953125
0 0.7421875 0.28515625 0.015625 0.01953125
0 0.7953125 0.34765625 0.015625 0.01953125
0 0.7921875 0.37890625 0.015625 0.01953125
0 0.709375 0.369140625 0.015625 0.01953125
0 0.70625 0.30859375 0.015625 0.01953125
0 0.8125 0.560546875 0.015625 0.01953125
0 0.7796875 0.5703125 0.015625 0.01953125
0 0.7578125 0.646484375 0.015625 0.01953125
0 0.7890625 0.69921875 0.015625 0.01953125
0 0.8703125 0.689453125 0.015625 0.01953125
0 0.8625 0.71875 0.015625 0.01953125
0 0.9625 0.796875 0.015625 0.01953125
0 0.91875 0.87890625 0.015625 0.01953125
0 0.9390625 0.91796875 0.015625 0.01953125
0 0.975 0.828125 0.015625 0.01953125
0 0.990625 0.83984375 0.015625 0.01953125
0 0.703125 0.859375 0.015625 0.01953125
0 0.7171875 0.923828125 0.015625 0.01953125
0 0.64375 0.892578125 0.015625 0.01953125
0 0.646875 0.736328125 0.015625 0.01953125
0 0.615625 0.712890625 0.015625 0.01953125
0 0.653125 0.71875 0.015625 0.01953125
0 0.56875 0.82421875 0.015625 0.01953125
0 0.55625 0.84765625 0.015625 0.01953125
0 0.596875 0.79296875 0.015625 0.01953125
0 0.53125 0.89453125 0.015625 0.01953125
0 0.5078125 0.73828125 0.015625 0.01953125
0 0.409375 0.830078125 0.015625 0.01953125
0 0.3265625 0.748046875 0.015625 0.01953125
0 0.2578125 0.837890625 0.015625 0.01953125
0 0.234375 0.837890625 0.015625 0.01953125
0 0.203125 0.775390625 0.015625 0.01953125
0 0.265625 0.673828125 0.015625 0.01953125
0 0.3046875 0.56640625 0.015625 0.01953125
0 0.1828125 0.6640625 0.015625 0.01953125
0 0.1671875 0.64453125 0.015625 0.01953125
0 0.190625 0.5546875 0.015625 0.01953125
0 0.121875 0.501953125 0.015625 0.01953125
0 0.1515625 0.478515625 0.015625 0.01953125
0 0.1125 0.451171875 0.015625 0.01953125
0 0.090625 0.470703125 0.015625 0.01953125
0 0.0515625 0.41796875 0.015625 0.01953125
0 0.0359375 0.599609375 0.015625 0.01953125
0 0.0546875 0.658203125 0.015625 0.01953125
0 0.0203125 0.81640625 0.015625 0.01953125
0 0.078125 0.810546875 0.015625 0.01953125
0 0.5140625 0.447265625 0.015625 0.01953125
0 0.478125 0.416015625 0.015625 0.01953125
0 0.39375 0.33203125 0.015625 0.01953125
0 0.275 0.359375 0.015625 0.01953125
0 0.178125 0.376953125 0.015625 0.01953125
0 0.1515625 0.310546875 0.015625 0.01953125
0 0.196875 0.283203125 0.015625 0.01953125
0 0.2375 0.259765625 0.015625 0.01953125
0 0.2 0.193359375 0.015625 0.01953125
0 0.109375 0.171875 0.015625 0.01953125
0 0.0921875 0.220703125 0.015625 0.01953125
0 0.0234375 0.2421875 0.015625 0.01953125
0 0.0234375 0.208984375 0.015625 0.01953125
0 0.059375 0.130859375 0.015625 0.01953125
0 0.375 0.166015625 0.015625 0.01953125
0 0.3796875 0.142578125 0.015625 0.01953125
0 0.325 0.41796875 0.015625 0.01953125
0 0.665625 0.388671875 0.015625 0.01953125
0 0.79375 0.4140625 0.015625 0.01953125
0 0.590625 0.30859375 0.015625 0.01953125
0 0.703125 0.01953125 0.015625 0.01953125
0 0.721875 0.0078125 0.015625 0.01953125
0 0.70625 0.0 0.015625 0.01953125
0 0.521875 0.48046875 0.015625 0.01953125
0 0.3109375 0.484375 0.015625 0.01953125
0 0.9578125 0.880859375 0.015625 0.01953125
0 0.9625 0.6171875 0.015625 0.01953125
