0 0.5484375 0.046875 0.015625 0.01953125
0 0.5640625 0.060546875 0.015625 0.01953125
0 0.55625 0.02734375 0.015625 0.01953125
0 0.5875 0.04296875 0.015625 0.01953125
0 0.5859375 0.07421875 0.015625 0.01953125
0 0.5796875 0.025390625 0.015625 0.01953125
0 0.578125 0.025390625 0.015625 0.01953125
0 0.5671875 0.00390625 0.015625 0.01953125
0 0.6 0.021484375 0.015625 0.01953125
0 0.625 0.095703125 0.015625 0.01953125
0 0.625 0.095703125 0.015625 0.01953125
0 0.721875 0.078125 0.015625 0.01953125
0 0.8078125 0.203125 0.015625 0.01953125
0 0.8890625 0.185546875 0.015625 0.01953125
0 0.8984375 0.142578125 0.015625 0.01953125
0 0.8953125 0.076171875 0.015625 0.01953125
0 0.909375 0.263671875 0.015625 0.01953125
0 0.7640625 0.33203125 0.015625 0.01953125
0 0.7609375 0.302734375 0.015625 0.01953125
0 0.6875 0.32421875 0.015625 0.01953125
0 0.665625 0.29296875 0.015625 0.01953125
0 0.4625 0.455078125 0.015625 0.01953125
0 0.43125 0.39453125 0.015625 0.01953125
0 0.371875 0.345703125 0.015625 0.01953125
0 0.4125 0.201171875 0.015625 0.01953125
0 0.4203125 0.173828125 0.015625 0.01953125
0 0.2640625 0.3046875 0.015625 0.01953125
0 0.2890625 0.431640625 0.015625 0.01953125
0 0.15 0.419921875 0.015625 0.01953125
0 0.1328125 0.39453125 0.015625 0.01953125
0 0.153125 0.310546875 0.015625 0.01953125
0 0.159375 0.224609375 0.015625 0.01953125
0 0.1171875 0.234375 0.015625 0.01953125
0 0.109375 0.314453125 0.015625 0.01953125
0 0.1015625 0.34375 0.015625 0.01953125
0 0.0046875 0.3515625 0.015625 0.01953125
0 0.0484375 0.6171875 0.015625 0.01953125
0 0.0203125 0.662109375 0.015625 0.01953125
0 0.0078125 0.642578125 0.015625 0.01953125
0 0.053125 0.755859375 0.015625 0.01953125
0 0.0578125 0.837890625 0.015625 0.01953125
0 0.090625 0.8359375 0.015625 0.01953125
0 0.1296875 0.8515625 0.015625 0.01953125
0 0.1046875 0.66015625 0.015625 0.01953125
0 0.3484375 0.732421875 0.015625 0.01953125
0 0.240625 0.830078125 0.015625 0.01953125
0 0.30625 0.888671875 0.015625 0.01953125
0 0.359375 0.841796875 0.015625 0.01953125
0 0.3921875 0.857421875 0.015625 0.01953125
0 0.4015625 0.826171875 0.015625 0.01953125
0 0.365625 0.900390625 0.015625 0.01953125
0 0.4640625 0.85546875 0.015625 0.01953125
0 0.45 0.80078125 0.015625 0.01953125
0 0.4828125 0.701171875 0.015625 0.01953125
0 0.4921875 0.724609375 0.015625 0.01953125
0 0.4734375 0.90234375 0.015625 0.01953125
0 0.490625 0.919921875 0.015625 0.01953125
0 0.5578125 0.92578125 0.015625 0.01953125
0 0.540625 0.8671875 0.015625 0.01953125
0 0.6328125 0.712890625 0.015625 0.01953125
0 0.709375 0.703125 0.015625 0.01953125
0 0.7875 0.826171875 0.015625 0.01953125
0 0.8171875 0.853515625 0.015625 0.01953125
0 0.7984375 0.861328125 0.015625 0.01953125
0 0.7640625 0.931640625 0.015625 0.01953125
0 0.7375 0.927734375 0.015625 0.01953125
0 0.715625 0.8984375 0.015625 0.01953125
0 0.6890625 0.896484375 0.015625 0.01953125
0 0.671875 0.90234375 0.015625 0.01953125
0 0.8953125 0.732421875 0.015625 0.01953125
0 0.9078125 0.701171875 0.015625 0.01953125
0 0.8734375 0.712890625 0.015625 0.01953125
0 0.8796875 0.689453125 0.015625 0.01953125
0 0.8546875 0.640625 0.015625 0.01953125
0 0.90625 0.58984375 0.015625 0.01953125
0 0.946875 0.841796875 0.015625 0.01953125
0 0.9921875 0.427734375 0.015625 0.01953125
0 0.753125 0.384765625 0.015625 0.01953125
0 0.6296875 0.359375 0.015625 0.01953125
0 0.5609375 0.2890625 0.015625 0.01953125
0 0.8234375 0.912109375 0.015625 0.01953125
0 0.16875 0.48046875 0.015625 0.01953125
0 0.5234375 0.029296875 0.015625 0.01953125
0 0.4546875 0.0 0.015625 0.01953125
