0 0.5359375 0.048828125 0.015625 0.01953125
0 0.5453125 0.0 0.015625 0.01953125
0 0.525 0.005859375 0.015625 0.01953125
0 0.5046875 0.015625 0.015625 0.01953125
0 0.5 0.0390625 0.015625 0.01953125
0 0.5359375 0.0234375 0.015625 0.01953125
0 0.484375 0.083984375 0.015625 0.01953125
0 0.5609375 0.060546875 0.015625 0.01953125
0 0.471875 0.017578125 0.015625 0.01953125
0 0.4078125 0.162109375 0.015625 0.01953125
0 0.396875 0.19140625 0.015625 0.01953125
0 0.35 0.326171875 0.015625 0.01953125
0 0.4078125 0.380859375 0.015625 0.01953125
0 0.4296875 0.451171875 0.015625 0.01953125
0 0.5421875 0.263671875 0.015625 0.01953125
0 0.60625 0.33203125 0.015625 0.01953125
0 0.6609375 0.296875 0.015625 0.01953125
0 0.6375 0.259765625 0.015625 0.01953125
0 0.734375 0.279296875 0.015625 0.01953125
0 0.7421875 0.3046875 0.015625 0.01953125
0 0.771875 0.173828125 0.015625 0.01953125
0 0.8546875 0.162109375 0.015625 0.01953125
0 0.8765625 0.255859375 0.015625 0.01953125
0 0.9765625 0.107421875 0.015625 0.01953125
0 0.8875 0.1015625 0.015625 0.01953125
0 0.878125 0.0390625 0.015625 0.01953125
0 0.675 0.18359375 0.015625 0.01953125
0 0.6765625 0.21484375 0.015625 0.01953125
0 0.2625 0.41015625 0.015625 0.01953125
0 0.2546875 0.2890625 0.015625 0.01953125
0 0.1328125 0.3046875 0.015625 0.01953125
0 0.15 0.412109375 0.015625 0.01953125
0 0.078125 0.37890625 0.015625 0.01953125
0 0.0828125 0.314453125 0.015625 0.01953125
0 0.1015625 0.236328125 0.015625 0.01953125
0 0.1234375 0.212890625 0.015625 0.01953125
0 0.00625 0.62109375 0.015625 0.01953125
0 0.0515625 0.650390625 0.015625 0.01953125
0 0.00625 0.736328125 0.015625 0.01953125
0 0.0078125 0.822265625 0.015625 0.01953125
0 0.0390625 0.818359375 0.015625 0.01953125
0 0.06875 0.85546875 0.015625 0.01953125
0 0.196875 0.8125 0.015625 0.01953125
0 0.2546875 0.873046875 0.015625 0.01953125
0 0.315625 0.83203125 0.015625 0.01953125
0 0.3453125 0.833984375 0.015625 0.01953125
0 0.3109375 0.890625 0.015625 0.01953125
0 0.403125 0.802734375 0.015625 0.01953125
0 0.440625 0.70703125 0.015625 0.01953125
0 0.440625 0.68359375 0.015625 0.01953125
0 0.2984375 0.720703125 0.015625 0.01953125
0 0.421875 0.841796875 0.015625 0.01953125
0 0.4234375 0.87890625 0.015625 0.01953125
0 0.4453125 0.90234375 0.015625 0.01953125
0 0.48125 0.892578125 0.015625 0.01953125
0 0.5046875 0.91015625 0.015625 0.01953125
0 0.4875 0.857421875 0.015625 0.01953125
0 0.6671875 0.6875 0.015625 0.01953125
0 0.5875 0.69140625 0.015625 0.01953125
0 0.5484375 0.642578125 0.015625 0.01953125
0 0.553125 0.595703125 0.015625 0.01953125
0 0.5296875 0.607421875 0.015625 0.01953125
0 0.6375 0.876953125 0.015625 0.01953125
0 0.665625 0.884765625 0.015625 0.01953125
0 0.653125 0.7109375 0.015625 0.01953125
0 0.734375 0.806640625 0.015625 0.01953125
0 0.7625 0.8359375 0.015625 0.01953125
0 0.7171875 0.876953125 0.015625 0.01953125
0 0.7453125 0.89453125 0.015625 0.01953125
0 0.7125 0.91796875 0.015625 0.01953125
0 0.790625 0.892578125 0.015625 0.01953125
0 0.85 0.69921875 0.015625 0.01953125
0 0.8625 0.66796875 0.015625 0.01953125
0 0.8265625 0.69921875 0.015625 0.01953125
0 0.8328125 0.6796875 0.015625 0.01953125
0 0.8046875 0.63671875 0.015625 0.01953125
0 0.8515625 0.578125 0.015625 0.01953125
0 0.959375 0.421875 0.015625 0.01953125
0 0.9859375 0.384765625 0.015625 0.01953125
0 0.903125 0.826171875 0.015625 0.01953125
0 0.6890625 0.90625 0.015625 0.01953125
0 0.63125 0.84375 0.015625 0.01953125
0 0.71875 0.36328125 0.015625 0.01953125
0 0.6859375 0.056640625 0.015625 0.01953125
