0 0.7109375 0.267578125 0.015625 0.01953125
0 0.0125 0.1953125 0.015625 0.01953125
0 0.021875 0.2265625 0.015625 0.01953125
0 0.00625 0.265625 0.015625 0.01953125
0 0.0453125 0.326171875 0.015625 0.01953125
0 0.034375 0.34765625 0.015625 0.01953125
0 0.175 0.30859375 0.015625 0.01953125
0 0.1515625 0.244140625 0.015625 0.01953125
0 0.4015625 0.318359375 0.015625 0.01953125
0 0.1234375 0.31640625 0.015625 0.01953125
0 0.1234375 0.3359375 0.015625 0.01953125
0 0.4625 0.17578125 0.015625 0.01953125
0 0.471875 0.15625 0.015625 0.01953125
0 0.715625 0.03515625 0.015625 0.01953125
0 0.803125 0.1484375 0.015625 0.01953125
0 0.8828125 0.13671875 0.015625 0.01953125
0 0.896875 0.2265625 0.015625 0.01953125
0 0.7859375 0.275390625 0.015625 0.01953125
0 0.778125 0.244140625 0.015625 0.01953125
0 0.678125 0.228515625 0.015625 0.01953125
0 0.85625 0.5625 0.015625 0.01953125
0 0.865625 0.625 0.015625 0.01953125
0 0.859375 0.669921875 0.015625 0.01953125
0 0.828125 0.685546875 0.015625 0.01953125
0 0.7953125 0.638671875 0.015625 0.01953125
0 0.3046875 0.708984375 0.015625 0.01953125
0 0.45 0.685546875 0.015625 0.01953125
0 0.0625 0.63671875 0.015625 0.01953125
0 0.2015625 0.8046875 0.015625 0.01953125
0 0.446875 0.36328125 0.015625 0.01953125
0 0.4671875 0.43359375 0.015625 0.01953125
0 0.128125 0.462890625 0.015625 0.01953125
0 0.015625 0.802734375 0.015625 0.01953125
0 0.3203125 0.880859375 0.015625 0.01953125
0 0.3953125 0.81640625 0.015625 0.01953125
0 0.3515625 0.828125 0.015625 0.01953125
0 0.3578125 0.802734375 0.015625 0.01953125
0 0.45 0.890625 0.015625 0.01953125
0 0.4390625 0.83984375 0.015625 0.01953125
0 0.496875 0.849609375 0.015625 0.01953125
0 0.509375 0.900390625 0.015625 0.01953125
0 0.734375 0.8125 0.015625 0.01953125
0 0.746875 0.83984375 0.015625 0.01953125
0 0.9078125 0.818359375 0.015625 0.01953125
0 0.4875 0.076171875 0.015625 0.01953125
0 0.325 0.27734375 0.015625 0.01953125
0 0.7578125 0.3359375 0.015625 0.01953125
0 0.64375 0.302734375 0.015625 0.01953125
0 0.5859375 0.240234375 0.015625 0.01953125
0 0.9796875 0.4140625 0.015625 0.01953125
0 0.571875 0.048828125 0.015625 0.01953125
0 0.5140625 0.00390625 0.015625 0.01953125
0 0.9453125 0.046875 0.015625 0.01953125
0 0.6703125 0.677734375 0.015625 0.01953125
0 0.584375 0.6796875 0.015625 0.01953125
0 0.55625 0.6328125 0.015625 0.01953125
0 0.5390625 0.6015625 0.015625 0.01953125
0 0.515625 0.61328125 0.015625 0.01953125
0 0.6359375 0.83984375 0.015625 0.01953125
0 0.790625 0.896484375 0.015625 0.01953125
0 0.753125 0.87890625 0.015625 0.01953125
0 0.7203125 0.875 0.015625 0.01953125
0 0.6734375 0.875 0.015625 0.01953125
0 0.653125 0.875 0.015625 0.01953125
0 0.63125 0.875 0.015625 0.01953125
0 0.4265625 0.873046875 0.015625 0.01953125
0 0.0453125 0.810546875 0.015625 0.01953125
0 0.071875 0.86328125 0.015625 0.01953125
0 0.1625 0.21484375 0.015625 0.01953125
0 0.090625 0.38671875 0.015625 0.01953125
0 0.71875 0.15625 0.015625 0.01953125
0 0.71875 0.189453125 0.015625 0.01953125
