0 0.05 0.802734375 0.015625 0.01953125
0 0.00625 0.81640625 0.015625 0.01953125
0 0.325 0.875 0.015625 0.01953125
0 0.4453125 0.8359375 0.015625 0.01953125
0 0.4484375 0.890625 0.015625 0.01953125
0 0.5 0.83984375 0.015625 0.01953125
0 0.5109375 0.89453125 0.015625 0.01953125
0 0.7328125 0.818359375 0.015625 0.01953125
0 0.740625 0.84765625 0.015625 0.01953125
0 0.85625 0.55859375 0.015625 0.01953125
0 0.871875 0.609375 0.015625 0.01953125
0 0.8671875 0.642578125 0.015625 0.01953125
0 0.825 0.68359375 0.015625 0.01953125
0 0.7890625 0.6328125 0.015625 0.01953125
0 0.909375 0.8125 0.015625 0.01953125
0 0.9109375 0.212890625 0.015625 0.01953125
0 0.9859375 0.416015625 0.015625 0.01953125
0 0.8234375 0.123046875 0.015625 0.01953125
0 0.7375 0.017578125 0.015625 0.01953125
0 0.8015625 0.228515625 0.015625 0.01953125
0 0.8046875 0.26171875 0.015625 0.01953125
0 0.7375 0.25 0.015625 0.01953125
0 0.703125 0.2109375 0.015625 0.01953125
0 0.66875 0.2890625 0.015625 0.01953125
0 0.6125 0.2265625 0.015625 0.01953125
0 0.5 0.173828125 0.015625 0.01953125
0 0.50625 0.150390625 0.015625 0.01953125
0 0.571875 0.046875 0.015625 0.01953125
0 0.490625 0.072265625 0.015625 0.01953125
0 0.734375 0.134765625 0.015625 0.01953125
0 0.746875 0.16796875 0.015625 0.01953125
0 0.9046875 0.11328125 0.015625 0.01953125
0 0.7859375 0.32421875 0.015625 0.01953125
0 0.5859375 0.673828125 0.015625 0.01953125
0 0.5578125 0.62890625 0.015625 0.01953125
0 0.4546875 0.6796875 0.015625 0.01953125
0 0.3078125 0.705078125 0.015625 0.01953125
0 0.096875 0.39453125 0.015625 0.01953125
0 0.1484375 0.326171875 0.015625 0.01953125
0 0.2015625 0.31640625 0.015625 0.01953125
0 0.1890625 0.248046875 0.015625 0.01953125
0 0.2796875 0.388671875 0.015625 0.01953125
0 0.334375 0.412109375 0.015625 0.01953125
0 0.4953125 0.423828125 0.015625 0.01953125
0 0.46875 0.357421875 0.015625 0.01953125
0 0.4359375 0.306640625 0.015625 0.01953125
0 0.021875 0.267578125 0.015625 0.01953125
0 0.03125 0.234375 0.015625 0.01953125
0 0.0515625 0.205078125 0.015625 0.01953125
0 0.0078125 0.294921875 0.015625 0.01953125
0 0.0796875 0.3359375 0.015625 0.01953125
0 0.0703125 0.361328125 0.015625 0.01953125
0 0.190625 0.21484375 0.015625 0.01953125
0 0.3625 0.265625 0.015625 0.01953125
0 0.2046875 0.8046875 0.015625 0.01953125
0 0.06875 0.640625 0.015625 0.01953125
0 0.35625 0.822265625 0.015625 0.01953125
0 0.4890625 0.875 0.015625 0.01953125
0 0.6328125 0.87109375 0.015625 0.01953125
0 0.7125 0.89453125 0.015625 0.01953125
0 0.790625 0.89453125 0.015625 0.01953125
0 0.6359375 0.833984375 0.015625 0.01953125
0 0.6734375 0.673828125 0.015625 0.01953125
0 0.6546875 0.87109375 0.015625 0.01953125
0 0.678125 0.8671875 0.015625 0.01953125
0 0.6953125 0.869140625 0.015625 0.01953125
0 0.8375 0.666015625 0.015625 0.01953125
0 0.7734375 0.5703125 0.015625 0.01953125
0 0.7453125 0.611328125 0.015625 0.01953125
0 0.521875 0.0234375 0.015625 0.01953125
0 0.5390625 0.037109375 0.015625 0.01953125
