0 0.1390625 0.04296875 0.015625 0.01953125
0 0.125 0.083984375 0.015625 0.01953125
0 0.2328125 0.171875 0.015625 0.01953125
0 0.1515625 0.134765625 0.015625 0.01953125
0 0.14375 0.1640625 0.015625 0.01953125
0 0.08125 0.166015625 0.015625 0.01953125
0 0.1203125 0.25390625 0.015625 0.01953125
0 0.325 0.53515625 0.015625 0.01953125
0 0.3453125 0.650390625 0.015625 0.01953125
0 0.459375 0.44921875 0.015625 0.01953125
0 0.4671875 0.51953125 0.015625 0.01953125
0 0.6515625 0.529296875 0.015625 0.01953125
0 0.6875 0.50390625 0.015625 0.01953125
0 0.5125 0.669921875 0.015625 0.01953125
0 0.3734375 0.650390625 0.015625 0.01953125
0 0.65625 0.66796875 0.015625 0.01953125
0 0.65 0.69921875 0.015625 0.01953125
0 0.6671875 0.69921875 0.015625 0.01953125
0 0.6875 0.697265625 0.015625 0.01953125
0 0.93125 0.64453125 0.015625 0.01953125
0 0.9515625 0.345703125 0.015625 0.01953125
0 0.9375 0.30859375 0.015625 0.01953125
0 0.909375 0.306640625 0.015625 0.01953125
0 0.675 0.248046875 0.015625 0.01953125
0 0.6765625 0.26953125 0.015625 0.01953125
0 0.6703125 0.16796875 0.015625 0.01953125
0 0.6734375 0.158203125 0.015625 0.01953125
0 0.6796875 0.076171875 0.015625 0.01953125
0 0.684375 0.037109375 0.015625 0.01953125
0 0.478125 0.06640625 0.015625 0.01953125
0 0.4515625 0.021484375 0.015625 0.01953125
0 0.4125 0.146484375 0.015625 0.01953125
0 0.4484375 0.251953125 0.015625 0.01953125
0 0.3828125 0.1015625 0.015625 0.01953125
0 0.3671875 0.1875 0.015625 0.01953125
0 0.315625 0.240234375 0.015625 0.01953125
0 0.4015625 0.0546875 0.015625 0.01953125
0 0.08125 0.470703125 0.015625 0.01953125
0 0.065625 0.634765625 0.015625 0.01953125
0 0.0234375 0.658203125 0.015625 0.01953125
0 0.346875 0.705078125 0.015625 0.01953125
0 0.384375 0.71484375 0.015625 0.01953125
0 0.459375 0.666015625 0.015625 0.01953125
0 0.45 0.703125 0.015625 0.01953125
0 0.4671875 0.71875 0.015625 0.01953125
0 0.7609375 0.662109375 0.015625 0.01953125
0 0.75 0.6484375 0.015625 0.01953125
0 0.734375 0.64453125 0.015625 0.01953125
0 0.71875 0.642578125 0.015625 0.01953125
0 0.71875 0.666015625 0.015625 0.01953125
0 0.740625 0.705078125 0.015625 0.01953125
0 0.84375 0.515625 0.015625 0.01953125
0 0.8515625 0.494140625 0.015625 0.01953125
0 0.7984375 0.498046875 0.015625 0.01953125
0 0.853125 0.271484375 0.015625 0.01953125
0 0.840625 0.25390625 0.015625 0.01953125
0 0.9609375 0.0546875 0.015625 0.01953125
0 0.865625 0.037109375 0.015625 0.01953125
0 0.5390625 0.212890625 0.015625 0.01953125
0 0.15 0.291015625 0.015625 0.01953125
0 0.0984375 0.3359375 0.015625 0.01953125
0 0.1171875 0.359375 0.015625 0.01953125
0 0.028125 0.51171875 0.015625 0.01953125
0 0.2203125 0.6328125 0.015625 0.01953125
0 0.2875 0.697265625 0.015625 0.01953125
0 0.5734375 0.45703125 0.015625 0.01953125
0 0.7640625 0.74609375 0.015625 0.01953125
0 0.11875 0.857421875 0.015625 0.01953125
