0 0.0671875 0.06640625 0.015625 0.01953125
0 0.19375 0.087890625 0.015625 0.01953125
0 0.325 0.1171875 0.015625 0.01953125
0 0.371875 0.083984375 0.015625 0.01953125
0 0.475 0.171875 0.015625 0.01953125
0 0.5796875 0.23046875 0.015625 0.01953125
0 0.6078125 0.125 0.015625 0.01953125
0 0.771875 0.09765625 0.015625 0.01953125
0 0.7359375 0.251953125 0.015625 0.01953125
0 0.7609375 0.26171875 0.015625 0.01953125
0 0.7640625 0.296875 0.015625 0.01953125
0 0.5765625 0.54296875 0.015625 0.01953125
0 0.646875 0.697265625 0.015625 0.01953125
0 0.9578125 0.205078125 0.015625 0.01953125
0 0.14375 0.455078125 0.015625 0.01953125
0 0.225 0.630859375 0.015625 0.01953125
0 0.4390625 0.5703125 0.015625 0.01953125
0 0.4578125 0.638671875 0.015625 0.01953125
0 0.4625 0.654296875 0.015625 0.01953125
0 0.4484375 0.603515625 0.015625 0.01953125
0 0.4515625 0.62109375 0.015625 0.01953125
0 0.2109375 0.67578125 0.015625 0.01953125
0 0.2328125 0.685546875 0.015625 0.01953125
0 0.1734375 0.61328125 0.015625 0.01953125
0 0.171875 0.666015625 0.015625 0.01953125
0 0.096875 0.564453125 0.015625 0.01953125
0 0.0875 0.576171875 0.015625 0.01953125
0 0.09375 0.646484375 0.015625 0.01953125
0 0.16875 0.5078125 0.015625 0.01953125
0 0.2015625 0.45703125 0.015625 0.01953125
0 0.1953125 0.474609375 0.015625 0.01953125
0 0.0515625 0.462890625 0.015625 0.01953125
0 0.0484375 0.095703125 0.015625 0.01953125
0 0.040625 0.11328125 0.015625 0.01953125
0 0.459375 0.056640625 0.015625 0.01953125
0 0.490625 0.02734375 0.015625 0.01953125
0 0.728125 0.19140625 0.015625 0.01953125
0 0.7234375 0.15234375 0.015625 0.01953125
0 0.365625 0.0078125 0.015625 0.01953125
0 0.4203125 0.5 0.015625 0.01953125
0 0.4015625 0.517578125 0.015625 0.01953125
0 0.465625 0.57421875 0.015625 0.01953125
0 0.95 0.29296875 0.015625 0.01953125
0 0.9625 0.349609375 0.015625 0.01953125
0 0.8296875 0.375 0.015625 0.01953125
0 0.290625 0.197265625 0.015625 0.01953125
0 0.29375 0.169921875 0.015625 0.01953125
0 0.340625 0.16015625 0.015625 0.01953125
0 0.040625 0.5703125 0.015625 0.01953125
0 0.0515625 0.6328125 0.015625 0.01953125
0 0.3171875 0.4296875 0.015625 0.01953125
0 0.3703125 0.654296875 0.015625 0.01953125
0 0.9046875 0.173828125 0.015625 0.01953125
0 0.45 0.70703125 0.015625 0.01953125
0 0.5015625 0.71875 0.015625 0.01953125
0 0.51875 0.728515625 0.015625 0.01953125
