0 0.0046875 0.009765625 0.015625 0.01953125
0 0.225 0.03125 0.015625 0.01953125
0 0.2375 0.166015625 0.015625 0.01953125
0 0.4 0.1171875 0.015625 0.01953125
0 0.5765625 0.1015625 0.015625 0.01953125
0 0.6734375 0.18359375 0.015625 0.01953125
0 0.5375 0.13671875 0.015625 0.01953125
0 0.5234375 0.19921875 0.015625 0.01953125
0 0.740625 0.20703125 0.015625 0.01953125
0 0.7890625 0.119140625 0.015625 0.01953125
0 0.7140625 0.029296875 0.015625 0.01953125
0 0.859375 0.232421875 0.015625 0.01953125
0 0.8546875 0.267578125 0.015625 0.01953125
0 0.7625 0.2265625 0.015625 0.01953125
0 0.9921875 0.345703125 0.015625 0.01953125
0 0.88125 0.423828125 0.015625 0.01953125
0 0.965625 0.21875 0.015625 0.01953125
0 0.8765625 0.125 0.015625 0.01953125
0 0.63125 0.587890625 0.015625 0.01953125
0 0.6875 0.734375 0.015625 0.01953125
0 0.43125 0.505859375 0.015625 0.01953125
0 0.321875 0.4375 0.015625 0.01953125
0 0.2265625 0.640625 0.015625 0.01953125
0 0.215625 0.6953125 0.015625 0.01953125
0 0.2734375 0.662109375 0.015625 0.01953125
0 0.2625 0.705078125 0.015625 0.01953125
0 0.284375 0.720703125 0.015625 0.01953125
0 0.41875 0.68359375 0.015625 0.01953125
0 0.546875 0.630859375 0.015625 0.01953125
0 0.5046875 0.623046875 0.015625 0.01953125
0 0.515625 0.64453125 0.015625 0.01953125
0 0.50625 0.669921875 0.015625 0.01953125
0 0.509375 0.693359375 0.015625 0.01953125
0 0.4828125 0.68359375 0.015625 0.01953125
0 0.496875 0.740234375 0.015625 0.01953125
0 0.5390625 0.755859375 0.015625 0.01953125
0 0.5625 0.76171875 0.015625 0.01953125
0 0.4375 0.734375 0.015625 0.01953125
0 0.1359375 0.60546875 0.015625 0.01953125
0 0.1453125 0.66796875 0.015625 0.01953125
0 0.103125 0.482421875 0.015625 0.01953125
0 0.1875 0.216796875 0.015625 0.01953125
0 0.18125 0.154296875 0.015625 0.01953125
0 0.128125 0.18359375 0.015625 0.01953125
0 0.00625 0.14453125 0.015625 0.01953125
0 0.575 0.021484375 0.015625 0.01953125
0 0.7484375 0.01171875 0.015625 0.01953125
0 0.8625 0.103515625 0.015625 0.01953125
0 0.8390625 0.212890625 0.015625 0.01953125
0 0.5859375 0.55078125 0.015625 0.01953125
0 0.2109375 0.546875 0.015625 0.01953125
0 0.2296875 0.5546875 0.015625 0.01953125
0 0.2515625 0.48828125 0.015625 0.01953125
0 0.2453125 0.505859375 0.015625 0.01953125
0 0.040625 0.640625 0.015625 0.01953125
0 0.096875 0.662109375 0.015625 0.01953125
0 0.090625 0.59375 0.015625 0.01953125
0 0.365625 0.45703125 0.015625 0.01953125
