0 0.421875 0.1953125 0.015625 0.01953125
0 0.503125 0.009765625 0.015625 0.01953125
0 0.684375 0.220703125 0.015625 0.01953125
0 0.8265625 0.27734375 0.015625 0.01953125
0 0.8546875 0.41015625 0.015625 0.01953125
0 0.865625 0.470703125 0.015625 0.01953125
0 0.871875 0.49609375 0.015625 0.01953125
0 0.865625 0.517578125 0.015625 0.01953125
0 0.80625 0.703125 0.015625 0.01953125
0 0.8234375 0.705078125 0.015625 0.01953125
0 0.671875 0.57421875 0.015625 0.01953125
0 0.3625 0.744140625 0.015625 0.01953125
0 0.40625 0.537109375 0.015625 0.01953125
0 0.284375 0.638671875 0.015625 0.01953125
0 0.28125 0.556640625 0.015625 0.01953125
0 0.29375 0.53125 0.015625 0.01953125
0 0.240625 0.572265625 0.015625 0.01953125
0 0.253125 0.669921875 0.015625 0.01953125
0 0.2375 0.6640625 0.015625 0.01953125
0 0.215625 0.60546875 0.015625 0.01953125
0 0.1796875 0.548828125 0.015625 0.01953125
0 0.1671875 0.53125 0.015625 0.01953125
0 0.08125 0.361328125 0.015625 0.01953125
0 0.0625 0.404296875 0.015625 0.01953125
0 0.046875 0.380859375 0.015625 0.01953125
0 0.046875 0.3046875 0.015625 0.01953125
0 0.0890625 0.234375 0.015625 0.01953125
0 0.134375 0.212890625 0.015625 0.01953125
0 0.14375 0.248046875 0.015625 0.01953125
0 0.15625 0.197265625 0.015625 0.01953125
0 0.0484375 0.09375 0.015625 0.01953125
0 0.878125 0.8359375 0.015625 0.01953125
0 0.8484375 0.642578125 0.015625 0.01953125
0 0.834375 0.576171875 0.015625 0.01953125
0 0.965625 0.416015625 0.015625 0.01953125
0 0.7921875 0.302734375 0.015625 0.01953125
0 0.7734375 0.357421875 0.015625 0.01953125
0 0.7671875 0.375 0.015625 0.01953125
0 0.7640625 0.384765625 0.015625 0.01953125
0 0.3515625 0.01953125 0.015625 0.01953125
0 0.325 0.078125 0.015625 0.01953125
0 0.875 0.224609375 0.015625 0.01953125
0 0.8703125 0.375 0.015625 0.01953125
0 0.665625 0.662109375 0.015625 0.01953125
0 0.3953125 0.576171875 0.015625 0.01953125
0 0.3453125 0.57421875 0.015625 0.01953125
0 0.25625 0.27734375 0.015625 0.01953125
0 0.2953125 0.203125 0.015625 0.01953125
0 0.01875 0.341796875 0.015625 0.01953125
0 0.009375 0.208984375 0.015625 0.01953125
0 0.578125 0.61328125 0.015625 0.01953125
0 0.16875 0.501953125 0.015625 0.01953125
