0 0.0484375 0.111328125 0.015625 0.01953125
0 0.30625 0.0234375 0.015625 0.01953125
0 0.5171875 0.0546875 0.015625 0.01953125
0 0.4296875 0.2578125 0.015625 0.01953125
0 0.40625 0.5546875 0.015625 0.01953125
0 0.3953125 0.595703125 0.015625 0.01953125
0 0.340625 0.595703125 0.015625 0.01953125
0 0.3609375 0.767578125 0.015625 0.01953125
0 0.6875 0.640625 0.015625 0.01953125
0 0.6671875 0.6875 0.015625 0.01953125
0 0.578125 0.64453125 0.015625 0.01953125
0 0.80625 0.720703125 0.015625 0.01953125
0 0.8703125 0.859375 0.015625 0.01953125
0 0.8484375 0.658203125 0.015625 0.01953125
0 0.828125 0.59765625 0.015625 0.01953125
0 0.9890625 0.447265625 0.015625 0.01953125
0 0.9 0.404296875 0.015625 0.01953125
0 0.7140625 0.2578125 0.015625 0.01953125
0 0.85625 0.3125 0.015625 0.01953125
0 0.83125 0.3359375 0.015625 0.01953125
0 0.7953125 0.419921875 0.015625 0.01953125
0 0.8765625 0.435546875 0.015625 0.01953125
0 0.8796875 0.46484375 0.015625 0.01953125
0 0.8734375 0.5 0.015625 0.01953125
0 0.884375 0.517578125 0.015625 0.01953125
0 0.88125 0.541015625 0.015625 0.01953125
0 0.3640625 0.060546875 0.015625 0.01953125
0 0.325 0.12109375 0.015625 0.01953125
0 0.2984375 0.25 0.015625 0.01953125
0 0.2515625 0.298828125 0.015625 0.01953125
0 0.375 0.546875 0.015625 0.01953125
0 0.3078125 0.552734375 0.015625 0.01953125
0 0.290625 0.58203125 0.015625 0.01953125
0 0.24375 0.595703125 0.015625 0.01953125
0 0.2765625 0.66015625 0.015625 0.01953125
0 0.246875 0.693359375 0.015625 0.01953125
0 0.23125 0.685546875 0.015625 0.01953125
0 0.0765625 0.3828125 0.015625 0.01953125
0 0.0609375 0.423828125 0.015625 0.01953125
0 0.04375 0.400390625 0.015625 0.01953125
0 0.04375 0.326171875 0.015625 0.01953125
0 0.0796875 0.26953125 0.015625 0.01953125
0 0.1265625 0.259765625 0.015625 0.01953125
0 0.134375 0.234375 0.015625 0.01953125
0 0.153125 0.228515625 0.015625 0.01953125
0 0.01875 0.36328125 0.015625 0.01953125
0 0.1703125 0.515625 0.015625 0.01953125
0 0.1625 0.568359375 0.015625 0.01953125
0 0.209375 0.6328125 0.015625 0.01953125
0 0.90625 0.2578125 0.015625 0.01953125
