0 0.5359375 0.06640625 0.015625 0.01953125
0 0.48125 0.037109375 0.015625 0.01953125
0 0.321875 0.078125 0.015625 0.01953125
0 0.4234375 0.32421875 0.015625 0.01953125
0 0.771875 0.25 0.015625 0.01953125
0 0.95625 0.064453125 0.015625 0.01953125
0 0.9796875 0.0546875 0.015625 0.01953125
0 0.9078125 0.283203125 0.015625 0.01953125
0 0.8921875 0.318359375 0.015625 0.01953125
0 0.946875 0.380859375 0.015625 0.01953125
0 0.9046875 0.408203125 0.015625 0.01953125
0 0.9078125 0.4375 0.015625 0.01953125
0 0.865625 0.44921875 0.015625 0.01953125
0 0.871875 0.474609375 0.015625 0.01953125
0 0.884375 0.501953125 0.015625 0.01953125
0 0.771875 0.55859375 0.015625 0.01953125
0 0.7328125 0.68359375 0.015625 0.01953125
0 0.6171875 0.6328125 0.015625 0.01953125
0 0.4125 0.541015625 0.015625 0.01953125
0 0.315625 0.515625 0.015625 0.01953125
0 0.3265625 0.556640625 0.015625 0.01953125
0 0.26875 0.529296875 0.015625 0.01953125
0 0.275 0.564453125 0.015625 0.01953125
0 0.2953125 0.724609375 0.015625 0.01953125
0 0.2171875 0.62109375 0.015625 0.01953125
0 0.1796875 0.548828125 0.015625 0.01953125
0 0.140625 0.57421875 0.015625 0.01953125
0 0.1796875 0.6328125 0.015625 0.01953125
0 0.175 0.64453125 0.015625 0.01953125
0 0.10625 0.47265625 0.015625 0.01953125
0 0.215625 0.330078125 0.015625 0.01953125
0 0.190625 0.26171875 0.015625 0.01953125
0 0.0625 0.26953125 0.015625 0.01953125
0 0.05 0.29296875 0.015625 0.01953125
0 0.090625 0.177734375 0.015625 0.01953125
0 0.071875 0.193359375 0.015625 0.01953125
0 0.0515625 0.216796875 0.015625 0.01953125
0 0.0171875 0.33984375 0.015625 0.01953125
0 0.275 0.15234375 0.015625 0.01953125
0 0.375 0.078125 0.015625 0.01953125
0 0.6421875 0.109375 0.015625 0.01953125
0 0.9015625 0.33984375 0.015625 0.01953125
0 0.8859375 0.3671875 0.015625 0.01953125
0 0.8734375 0.390625 0.015625 0.01953125
0 0.9625 0.232421875 0.015625 0.01953125
0 0.6359375 0.650390625 0.015625 0.01953125
