0 0.6984375 0.736328125 0.015625 0.01953125
0 0.7265625 0.68359375 0.015625 0.01953125
0 0.7421875 0.55859375 0.015625 0.01953125
0 0.44375 0.556640625 0.015625 0.01953125
0 0.421875 0.396484375 0.015625 0.01953125
0 0.559375 0.103515625 0.015625 0.01953125
0 0.5765625 0.14453125 0.015625 0.01953125
0 0.7234375 0.275390625 0.015625 0.01953125
0 0.815625 0.259765625 0.015625 0.01953125
0 0.9875 0.109375 0.015625 0.01953125
0 0.9828125 0.126953125 0.015625 0.01953125
0 0.971875 0.197265625 0.015625 0.01953125
0 0.9515625 0.29296875 0.015625 0.01953125
0 0.9421875 0.328125 0.015625 0.01953125
0 0.9328125 0.427734375 0.015625 0.01953125
0 0.8734375 0.453125 0.015625 0.01953125
0 0.884375 0.46875 0.015625 0.01953125
0 0.903125 0.509765625 0.015625 0.01953125
0 0.60625 0.640625 0.015625 0.01953125
0 0.40625 0.115234375 0.015625 0.01953125
0 0.4234375 0.041015625 0.015625 0.01953125
0 0.815625 0.03515625 0.015625 0.01953125
0 0.346875 0.12890625 0.015625 0.01953125
0 0.0625 0.173828125 0.015625 0.01953125
0 0.0265625 0.216796875 0.015625 0.01953125
0 0.0453125 0.1953125 0.015625 0.01953125
0 0.084375 0.478515625 0.015625 0.01953125
0 0.11875 0.58984375 0.015625 0.01953125
0 0.15625 0.638671875 0.015625 0.01953125
0 0.1515625 0.552734375 0.015625 0.01953125
0 0.2015625 0.501953125 0.015625 0.01953125
0 0.2703125 0.72265625 0.015625 0.01953125
0 0.2921875 0.509765625 0.015625 0.01953125
0 0.2734375 0.533203125 0.015625 0.01953125
0 0.265625 0.546875 0.015625 0.01953125
0 0.2484375 0.56640625 0.015625 0.01953125
0 0.159375 0.666015625 0.015625 0.01953125
0 0.2578125 0.189453125 0.015625 0.01953125
0 0.2359375 0.0078125 0.015625 0.01953125
0 0.1921875 0.01171875 0.015625 0.01953125
0 0.046875 0.310546875 0.015625 0.01953125
0 0.765625 0.6171875 0.015625 0.01953125
0 0.9359375 0.396484375 0.015625 0.01953125
0 0.946875 0.373046875 0.015625 0.01953125
0 0.946875 0.373046875 0.015625 0.01953125
0 0.9578125 0.34765625 0.015625 0.01953125
0 0.9890625 0.39453125 0.015625 0.01953125
0 0.165625 0.255859375 0.015625 0.01953125
0 0.9734375 0.552734375 0.015625 0.01953125
0 0.99375 0.552734375 0.015625 0.01953125
0 0.1609375 0.38671875 0.015625 0.01953125
