0 0.746875 0.23046875 0.015625 0.01953125
0 0.8984375 0.28515625 0.015625 0.01953125
0 0.9078125 0.447265625 0.015625 0.01953125
0 0.915625 0.470703125 0.015625 0.01953125
0 0.921875 0.50390625 0.015625 0.01953125
0 0.9890625 0.42578125 0.015625 0.01953125
0 0.9875 0.447265625 0.015625 0.01953125
0 0.8734375 0.365234375 0.015625 0.01953125
0 0.8546875 0.181640625 0.015625 0.01953125
0 0.990625 0.017578125 0.015625 0.01953125
0 0.6046875 0.14453125 0.015625 0.01953125
0 0.7171875 0.556640625 0.015625 0.01953125
0 0.6546875 0.673828125 0.015625 0.01953125
0 0.6609375 0.73046875 0.015625 0.01953125
0 0.675 0.6796875 0.015625 0.01953125
0 0.55625 0.630859375 0.015625 0.01953125
0 0.478125 0.5625 0.015625 0.01953125
0 0.4140625 0.43359375 0.015625 0.01953125
0 0.29375 0.529296875 0.015625 0.01953125
0 0.2203125 0.546875 0.015625 0.01953125
0 0.1171875 0.54296875 0.015625 0.01953125
0 0.15 0.51171875 0.015625 0.01953125
0 0.184375 0.48828125 0.015625 0.01953125
0 0.4015625 0.19921875 0.015625 0.01953125
0 0.625 0.12890625 0.015625 0.01953125
0 0.565625 0.59765625 0.015625 0.01953125
0 0.240625 0.716796875 0.015625 0.01953125
0 0.0765625 0.556640625 0.015625 0.01953125
0 0.1 0.47265625 0.015625 0.01953125
0 0.2765625 0.5390625 0.015625 0.01953125
0 0.23125 0.193359375 0.015625 0.01953125
0 0.0671875 0.66796875 0.015625 0.01953125
0 0.8953125 0.150390625 0.015625 0.01953125
0 0.0515625 0.46875 0.015625 0.01953125
0 0.065625 0.3515625 0.015625 0.01953125
0 0.1296875 0.25390625 0.015625 0.01953125
0 0.028125 0.171875 0.015625 0.01953125
0 0.009375 0.19140625 0.015625 0.01953125
0 0.8328125 0.080078125 0.015625 0.01953125
0 0.965625 0.546875 0.015625 0.01953125
0 0.94375 0.55078125 0.015625 0.01953125
0 0.24375 0.095703125 0.015625 0.01953125
0 0.3375 0.18359375 0.015625 0.01953125
0 0.7328125 0.603515625 0.015625 0.01953125
