0 0.2828125 0.0625 0.015625 0.01953125
0 0.3125 0.07421875 0.015625 0.01953125
0 0.3125 0.046875 0.015625 0.01953125
0 0.31875 0.017578125 0.015625 0.01953125
0 0.58125 0.1875 0.015625 0.01953125
0 0.69375 0.146484375 0.015625 0.01953125
0 0.7078125 0.125 0.015625 0.01953125
0 0.78125 0.126953125 0.015625 0.01953125
0 0.8265625 0.27734375 0.015625 0.01953125
0 0.915625 0.29296875 0.015625 0.01953125
0 0.9703125 0.26953125 0.015625 0.01953125
0 0.89375 0.109375 0.015625 0.01953125
0 0.8796875 0.017578125 0.015625 0.01953125
0 0.9 0.357421875 0.015625 0.01953125
0 0.8796875 0.482421875 0.015625 0.01953125
0 0.8796875 0.505859375 0.015625 0.01953125
0 0.875 0.451171875 0.015625 0.01953125
0 0.9859375 0.427734375 0.015625 0.01953125
0 0.9796875 0.453125 0.015625 0.01953125
0 0.971875 0.25 0.015625 0.01953125
0 0.975 0.552734375 0.015625 0.01953125
0 0.9328125 0.546875 0.015625 0.01953125
0 0.5359375 0.681640625 0.015625 0.01953125
0 0.5625 0.73046875 0.015625 0.01953125
0 0.609375 0.556640625 0.015625 0.01953125
0 0.8640625 0.548828125 0.015625 0.01953125
0 0.8375 0.55078125 0.015625 0.01953125
0 0.4484375 0.6328125 0.015625 0.01953125
0 0.321875 0.439453125 0.015625 0.01953125
0 0.19375 0.529296875 0.015625 0.01953125
0 0.1796875 0.548828125 0.015625 0.01953125
0 0.134375 0.71875 0.015625 0.01953125
0 0.109375 0.552734375 0.015625 0.01953125
0 0.3921875 0.267578125 0.015625 0.01953125
0 0.4078125 0.212890625 0.015625 0.01953125
0 0.1265625 0.189453125 0.015625 0.01953125
0 0.7640625 0.224609375 0.015625 0.01953125
0 0.56875 0.681640625 0.015625 0.01953125
0 0.428125 0.54296875 0.015625 0.01953125
0 0.0609375 0.455078125 0.015625 0.01953125
0 0.0015625 0.375 0.015625 0.01953125
0 0.015625 0.546875 0.015625 0.01953125
0 0.01875 0.626953125 0.015625 0.01953125
0 0.028125 0.248046875 0.015625 0.01953125
0 0.2234375 0.1796875 0.015625 0.01953125
0 0.7109375 0.138671875 0.015625 0.01953125
0 0.0828125 0.41796875 0.015625 0.01953125
0 0.628125 0.60546875 0.015625 0.01953125
