0 0.675 0.505859375 0.015625 0.01953125
0 0.6859375 0.48046875 0.015625 0.01953125
0 0.6921875 0.451171875 0.015625 0.01953125
0 0.753125 0.375 0.015625 0.01953125
0 0.78125 0.294921875 0.015625 0.01953125
0 0.7765625 0.26171875 0.015625 0.01953125
0 0.834375 0.435546875 0.015625 0.01953125
0 0.9015625 0.41796875 0.015625 0.01953125
0 0.9265625 0.2890625 0.015625 0.01953125
0 0.940625 0.01953125 0.015625 0.01953125
0 0.8265625 0.046875 0.015625 0.01953125
0 0.71875 0.046875 0.015625 0.01953125
0 0.5921875 0.103515625 0.015625 0.01953125
0 0.415625 0.23046875 0.015625 0.01953125
0 0.325 0.24609375 0.015625 0.01953125
0 0.2171875 0.6328125 0.015625 0.01953125
0 0.2875 0.73828125 0.015625 0.01953125
0 0.175 0.640625 0.015625 0.01953125
0 0.184375 0.578125 0.015625 0.01953125
0 0.0390625 0.43359375 0.015625 0.01953125
0 0.128125 0.11328125 0.015625 0.01953125
0 0.7546875 0.486328125 0.015625 0.01953125
0 0.7859375 0.564453125 0.015625 0.01953125
0 0.75 0.56640625 0.015625 0.01953125
0 0.709375 0.55078125 0.015625 0.01953125
0 0.6859375 0.55859375 0.015625 0.01953125
0 0.6625 0.5546875 0.015625 0.01953125
0 0.5921875 0.556640625 0.015625 0.01953125
0 0.5546875 0.55859375 0.015625 0.01953125
0 0.9875 0.486328125 0.015625 0.01953125
0 0.9140625 0.345703125 0.015625 0.01953125
0 0.921875 0.365234375 0.015625 0.01953125
0 0.9703125 0.423828125 0.015625 0.01953125
0 0.975 0.3984375 0.015625 0.01953125
0 0.9921875 0.349609375 0.015625 0.01953125
0 0.2484375 0.33984375 0.015625 0.01953125
0 0.9875 0.26953125 0.015625 0.01953125
0 0.5828125 0.17578125 0.015625 0.01953125
0 0.2265625 0.265625 0.015625 0.01953125
0 0.0609375 0.279296875 0.015625 0.01953125
0 0.334375 0.564453125 0.015625 0.01953125
0 0.1109375 0.5546875 0.015625 0.01953125
0 0.3578125 0.099609375 0.015625 0.01953125
0 0.7375 0.11328125 0.015625 0.01953125
0 0.821875 0.28125 0.015625 0.01953125
0 0.815625 0.263671875 0.015625 0.01953125
0 0.8015625 0.2421875 0.015625 0.01953125
0 0.346875 0.076171875 0.015625 0.01953125
0 0.325 0.09765625 0.015625 0.01953125
0 0.1890625 0.146484375 0.015625 0.01953125
0 0.3640625 0.42578125 0.015625 0.01953125
0 0.8359375 0.4609375 0.015625 0.01953125
0 0.9875 0.46875 0.015625 0.01953125
0 0.5984375 0.0078125 0.015625 0.01953125
0 0.9921875 0.0078125 0.015625 0.01953125
0 0.3578125 0.60546875 0.015625 0.01953125
0 0.11875 0.138671875 0.015625 0.01953125
