0 0.6421875 0.458984375 0.015625 0.01953125
0 0.7109375 0.3515625 0.015625 0.01953125
0 0.7234375 0.279296875 0.015625 0.01953125
0 0.775 0.408203125 0.015625 0.01953125
0 0.771875 0.435546875 0.015625 0.01953125
0 0.8328125 0.458984375 0.015625 0.01953125
0 0.8421875 0.408203125 0.015625 0.01953125
0 0.8578125 0.34375 0.015625 0.01953125
0 0.85625 0.32421875 0.015625 0.01953125
0 0.8734375 0.26953125 0.015625 0.01953125
0 0.5859375 0.474609375 0.015625 0.01953125
0 0.35625 0.26171875 0.015625 0.01953125
0 0.34375 0.216796875 0.015625 0.01953125
0 0.4953125 0.083984375 0.015625 0.01953125
0 0.6171875 0.02734375 0.015625 0.01953125
0 0.63125 0.099609375 0.015625 0.01953125
0 0.725 0.0234375 0.015625 0.01953125
0 0.8421875 0.0078125 0.015625 0.01953125
0 0.184375 0.337890625 0.015625 0.01953125
0 0.1734375 0.71484375 0.015625 0.01953125
0 0.14375 0.15625 0.015625 0.01953125
0 0.2109375 0.064453125 0.015625 0.01953125
0 0.203125 0.041015625 0.015625 0.01953125
0 0.1765625 0.056640625 0.015625 0.01953125
0 0.75 0.267578125 0.015625 0.01953125
0 0.7515625 0.24609375 0.015625 0.01953125
0 0.7484375 0.21875 0.015625 0.01953125
0 0.946875 0.408203125 0.015625 0.01953125
0 0.921875 0.3984375 0.015625 0.01953125
0 0.9296875 0.38671875 0.015625 0.01953125
0 0.9234375 0.375 0.015625 0.01953125
0 0.93125 0.36328125 0.015625 0.01953125
0 0.934375 0.330078125 0.015625 0.01953125
0 0.9515625 0.310546875 0.015625 0.01953125
0 0.8703125 0.1484375 0.015625 0.01953125
0 0.5921875 0.453125 0.015625 0.01953125
0 0.6015625 0.419921875 0.015625 0.01953125
0 0.225 0.541015625 0.015625 0.01953125
0 0.1484375 0.267578125 0.015625 0.01953125
0 0.50625 0.16796875 0.015625 0.01953125
0 0.0453125 0.146484375 0.015625 0.01953125
0 0.0484375 0.115234375 0.015625 0.01953125
0 0.25 0.796875 0.015625 0.01953125
0 0.81875 0.22265625 0.015625 0.01953125
0 0.9421875 0.244140625 0.015625 0.01953125
0 0.35 0.4140625 0.015625 0.01953125
0 0.6703125 0.537109375 0.015625 0.01953125
0 0.5984375 0.5390625 0.015625 0.01953125
0 0.55 0.53125 0.015625 0.01953125
0 0.478125 0.533203125 0.015625 0.01953125
0 0.45 0.533203125 0.015625 0.01953125
0 0.634375 0.537109375 0.015625 0.01953125
0 0.328125 0.5625 0.015625 0.01953125
0 0.08125 0.58984375 0.015625 0.01953125
0 0.0546875 0.615234375 0.015625 0.01953125
