0 0.6015625 0.033203125 0.015625 0.01953125
0 0.61875 0.111328125 0.015625 0.01953125
0 0.715625 0.033203125 0.015625 0.01953125
0 0.8109375 0.0078125 0.015625 0.01953125
0 0.559375 0.29296875 0.015625 0.01953125
0 0.384375 0.224609375 0.015625 0.01953125
0 0.4796875 0.09765625 0.015625 0.01953125
0 0.2203125 0.21484375 0.015625 0.01953125
0 0.175 0.2890625 0.015625 0.01953125
0 0.2359375 0.375 0.015625 0.01953125
0 0.184375 0.55078125 0.015625 0.01953125
0 0.04375 0.35546875 0.015625 0.01953125
0 0.0703125 0.1796875 0.015625 0.01953125
0 0.075 0.154296875 0.015625 0.01953125
0 0.1203125 0.029296875 0.015625 0.01953125
0 0.609375 0.423828125 0.015625 0.01953125
0 0.79375 0.361328125 0.015625 0.01953125
0 0.7890625 0.30078125 0.015625 0.01953125
0 0.875 0.2578125 0.015625 0.01953125
0 0.934375 0.2890625 0.015625 0.01953125
0 0.9078125 0.333984375 0.015625 0.01953125
0 0.8984375 0.408203125 0.015625 0.01953125
0 0.95 0.517578125 0.015625 0.01953125
0 0.990625 0.431640625 0.015625 0.01953125
0 0.7390625 0.443359375 0.015625 0.01953125
0 0.6015625 0.451171875 0.015625 0.01953125
0 0.60625 0.478515625 0.015625 0.01953125
0 0.5828125 0.466796875 0.015625 0.01953125
0 0.8234375 0.419921875 0.015625 0.01953125
0 0.821875 0.44140625 0.015625 0.01953125
0 0.9015625 0.349609375 0.015625 0.01953125
0 0.965625 0.333984375 0.015625 0.01953125
0 0.6265625 0.546875 0.015625 0.01953125
0 0.603125 0.537109375 0.015625 0.01953125
0 0.4359375 0.54296875 0.015625 0.01953125
0 0.409375 0.54296875 0.015625 0.01953125
0 0.509375 0.544921875 0.015625 0.01953125
0 0.559375 0.54296875 0.015625 0.01953125
0 0.603125 0.537109375 0.015625 0.01953125
0 0.5828125 0.55078125 0.015625 0.01953125
0 0.5296875 0.20703125 0.015625 0.01953125
0 0.4703125 0.005859375 0.015625 0.01953125
0 0.0765625 0.017578125 0.015625 0.01953125
0 0.1375 0.162109375 0.015625 0.01953125
0 0.475 0.41796875 0.015625 0.01953125
0 0.790625 0.265625 0.015625 0.01953125
0 0.790625 0.25 0.015625 0.01953125
0 0.9671875 0.541015625 0.015625 0.01953125
0 0.221875 0.802734375 0.015625 0.01953125
0 0.2015625 0.59765625 0.015625 0.01953125
0 0.0328125 0.58984375 0.015625 0.01953125
0 0.021875 0.626953125 0.015625 0.01953125
