0 0.025 0.01171875 0.015625 0.01953125
0 0.134375 0.0625 0.015625 0.01953125
0 0.225 0.046875 0.015625 0.01953125
0 0.31875 0.119140625 0.015625 0.01953125
0 0.34375 0.318359375 0.015625 0.01953125
0 0.4609375 0.267578125 0.015625 0.01953125
0 0.4609375 0.166015625 0.015625 0.01953125
0 0.475 0.0625 0.015625 0.01953125
0 0.5703125 0.00390625 0.015625 0.01953125
0 0.61875 0.056640625 0.015625 0.01953125
0 0.6046875 0.150390625 0.015625 0.01953125
0 0.68125 0.25390625 0.015625 0.01953125
0 0.7375 0.220703125 0.015625 0.01953125
0 0.69375 0.130859375 0.015625 0.01953125
0 0.8078125 0.119140625 0.015625 0.01953125
0 0.8328125 0.04296875 0.015625 0.01953125
0 0.9140625 0.10546875 0.015625 0.01953125
0 0.984375 0.044921875 0.015625 0.01953125
0 0.921875 0.224609375 0.015625 0.01953125
0 0.8921875 0.212890625 0.015625 0.01953125
0 0.8921875 0.271484375 0.015625 0.01953125
0 0.865625 0.298828125 0.015625 0.01953125
0 0.8734375 0.498046875 0.015625 0.01953125
0 0.9421875 0.560546875 0.015625 0.01953125
0 0.91875 0.66796875 0.015625 0.01953125
0 0.9140625 0.697265625 0.015625 0.01953125
0 0.628125 0.662109375 0.015625 0.01953125
0 0.59375 0.48046875 0.015625 0.01953125
0 0.5578125 0.27734375 0.015625 0.01953125
0 0.471875 0.33984375 0.015625 0.01953125
0 0.45 0.451171875 0.015625 0.01953125
0 0.3890625 0.490234375 0.015625 0.01953125
0 0.403125 0.525390625 0.015625 0.01953125
0 0.36875 0.615234375 0.015625 0.01953125
0 0.20625 0.58984375 0.015625 0.01953125
0 0.33125 0.25 0.015625 0.01953125
0 0.1625 0.6171875 0.015625 0.01953125
0 0.1265625 0.419921875 0.015625 0.01953125
0 0.4640625 0.689453125 0.015625 0.01953125
0 0.465625 0.71484375 0.015625 0.01953125
0 0.5515625 0.7109375 0.015625 0.01953125
0 0.5875 0.736328125 0.015625 0.01953125
0 0.5921875 0.671875 0.015625 0.01953125
0 0.3609375 0.76171875 0.015625 0.01953125
0 0.2734375 0.751953125 0.015625 0.01953125
0 0.3046875 0.7578125 0.015625 0.01953125
0 0.446875 0.771484375 0.015625 0.01953125
0 0.484375 0.767578125 0.015625 0.01953125
0 0.4109375 0.7578125 0.015625 0.01953125
0 0.053125 0.806640625 0.015625 0.01953125
0 0.0421875 0.755859375 0.015625 0.01953125
0 0.3421875 0.462890625 0.015625 0.01953125
0 0.23125 0.544921875 0.015625 0.01953125
0 0.128125 0.4453125 0.015625 0.01953125
0 0.2828125 0.755859375 0.015625 0.01953125
0 0.2265625 0.783203125 0.015625 0.01953125
0 0.9046875 0.8203125 0.015625 0.01953125
0 0.828125 0.78515625 0.015625 0.01953125
0 0.875 0.513671875 0.015625 0.01953125
0 0.81875 0.640625 0.015625 0.01953125
0 0.3953125 0.470703125 0.015625 0.01953125
0 0.5953125 0.7109375 0.015625 0.01953125
