0 0.3296875 0.255859375 0.015625 0.01953125
0 0.4609375 0.2734375 0.015625 0.01953125
0 0.4625 0.16015625 0.015625 0.01953125
0 0.553125 0.27734375 0.015625 0.01953125
0 0.6765625 0.259765625 0.015625 0.01953125
0 0.7328125 0.23046875 0.015625 0.01953125
0 0.915625 0.234375 0.015625 0.01953125
0 0.8921875 0.279296875 0.015625 0.01953125
0 0.8625 0.33984375 0.015625 0.01953125
0 0.8921875 0.5 0.015625 0.01953125
0 0.6453125 0.66796875 0.015625 0.01953125
0 0.946875 0.669921875 0.015625 0.01953125
0 0.9515625 0.705078125 0.015625 0.01953125
0 0.5640625 0.740234375 0.015625 0.01953125
0 0.5765625 0.70703125 0.015625 0.01953125
0 0.4734375 0.693359375 0.015625 0.01953125
0 0.4640625 0.720703125 0.015625 0.01953125
0 0.4 0.6171875 0.015625 0.01953125
0 0.4484375 0.544921875 0.015625 0.01953125
0 0.475 0.45703125 0.015625 0.01953125
0 0.465625 0.349609375 0.015625 0.01953125
0 0.46875 0.072265625 0.015625 0.01953125
0 0.565625 0.01171875 0.015625 0.01953125
0 0.60625 0.05859375 0.015625 0.01953125
0 0.8328125 0.04296875 0.015625 0.01953125
0 0.9125 0.123046875 0.015625 0.01953125
0 0.984375 0.04296875 0.015625 0.01953125
0 0.8015625 0.126953125 0.015625 0.01953125
0 0.6984375 0.1328125 0.015625 0.01953125
0 0.603125 0.154296875 0.015625 0.01953125
0 0.334375 0.32421875 0.015625 0.01953125
0 0.3796875 0.47265625 0.015625 0.01953125
0 0.3171875 0.119140625 0.015625 0.01953125
0 0.2234375 0.048828125 0.015625 0.01953125
0 0.1328125 0.060546875 0.015625 0.01953125
0 0.021875 0.0234375 0.015625 0.01953125
0 0.15 0.427734375 0.015625 0.01953125
0 0.159375 0.453125 0.015625 0.01953125
0 0.1953125 0.630859375 0.015625 0.01953125
0 0.275 0.6015625 0.015625 0.01953125
0 0.265625 0.552734375 0.015625 0.01953125
0 0.0359375 0.7578125 0.015625 0.01953125
0 0.0546875 0.8125 0.015625 0.01953125
0 0.296875 0.751953125 0.015625 0.01953125
0 0.26875 0.7578125 0.015625 0.01953125
0 0.3609375 0.767578125 0.015625 0.01953125
0 0.415625 0.765625 0.015625 0.01953125
0 0.4515625 0.771484375 0.015625 0.01953125
0 0.4875 0.77734375 0.015625 0.01953125
0 0.9703125 0.560546875 0.015625 0.01953125
0 0.4265625 0.7734375 0.015625 0.01953125
0 0.7 0.392578125 0.015625 0.01953125
0 0.6203125 0.484375 0.015625 0.01953125
0 0.9 0.51953125 0.015625 0.01953125
0 0.8765625 0.64453125 0.015625 0.01953125
0 0.6140625 0.677734375 0.015625 0.01953125
0 0.978125 0.7890625 0.015625 0.01953125
0 0.3796875 0.470703125 0.015625 0.01953125
0 0.365625 0.486328125 0.015625 0.01953125
