0 0.240625 0.068359375 0.015625 0.01953125
0 0.3359375 0.1953125 0.015625 0.01953125
0 0.4390625 0.181640625 0.015625 0.01953125
0 0.3703125 0.078125 0.015625 0.01953125
0 0.4625 0.0703125 0.015625 0.01953125
0 0.496875 0.16796875 0.015625 0.01953125
0 0.578125 0.0703125 0.015625 0.01953125
0 0.64375 0.236328125 0.015625 0.01953125
0 0.6328125 0.3046875 0.015625 0.01953125
0 0.678125 0.087890625 0.015625 0.01953125
0 0.690625 0.166015625 0.015625 0.01953125
0 0.6578125 0.173828125 0.015625 0.01953125
0 0.4609375 0.341796875 0.015625 0.01953125
0 0.4953125 0.43359375 0.015625 0.01953125
0 0.4015625 0.498046875 0.015625 0.01953125
0 0.3515625 0.5546875 0.015625 0.01953125
0 0.45625 0.625 0.015625 0.01953125
0 0.4828125 0.640625 0.015625 0.01953125
0 0.425 0.66015625 0.015625 0.01953125
0 0.8421875 0.658203125 0.015625 0.01953125
0 0.8890625 0.515625 0.015625 0.01953125
0 0.7578125 0.431640625 0.015625 0.01953125
0 0.73125 0.451171875 0.015625 0.01953125
0 0.990625 0.658203125 0.015625 0.01953125
0 0.9171875 0.240234375 0.015625 0.01953125
0 0.34375 0.408203125 0.015625 0.01953125
0 0.2265625 0.18359375 0.015625 0.01953125
0 0.10625 0.2265625 0.015625 0.01953125
0 0.034375 0.384765625 0.015625 0.01953125
0 0.015625 0.302734375 0.015625 0.01953125
0 0.1046875 0.587890625 0.015625 0.01953125
0 0.01875 0.697265625 0.015625 0.01953125
0 0.04375 0.6953125 0.015625 0.01953125
0 0.11875 0.693359375 0.015625 0.01953125
0 0.1625 0.705078125 0.015625 0.01953125
0 0.2 0.7109375 0.015625 0.01953125
0 0.2265625 0.646484375 0.015625 0.01953125
0 0.2125 0.591796875 0.015625 0.01953125
0 0.1421875 0.498046875 0.015625 0.01953125
0 0.5734375 0.74609375 0.015625 0.01953125
0 0.625 0.72265625 0.015625 0.01953125
0 0.2359375 0.271484375 0.015625 0.01953125
0 0.2203125 0.662109375 0.015625 0.01953125
0 0.234375 0.716796875 0.015625 0.01953125
0 0.784375 0.779296875 0.015625 0.01953125
0 0.925 0.787109375 0.015625 0.01953125
0 0.9078125 0.662109375 0.015625 0.01953125
0 0.1046875 0.1640625 0.015625 0.01953125
0 0.1046875 0.041015625 0.015625 0.01953125
0 0.6578125 0.787109375 0.015625 0.01953125
0 0.8421875 0.68359375 0.015625 0.01953125
0 0.9765625 0.51953125 0.015625 0.01953125
0 0.33125 0.44921875 0.015625 0.01953125
