0 0.446875 0.185546875 0.015625 0.01953125
0 0.5015625 0.1640625 0.015625 0.01953125
0 0.690625 0.1640625 0.015625 0.01953125
0 0.6671875 0.177734375 0.015625 0.01953125
0 0.6515625 0.25 0.015625 0.01953125
0 0.6359375 0.3046875 0.015625 0.01953125
0 0.7484375 0.455078125 0.015625 0.01953125
0 0.7703125 0.431640625 0.015625 0.01953125
0 0.8578125 0.658203125 0.015625 0.01953125
0 0.85625 0.689453125 0.015625 0.01953125
0 0.9046875 0.513671875 0.015625 0.01953125
0 0.99375 0.525390625 0.015625 0.01953125
0 0.9140625 0.236328125 0.015625 0.01953125
0 0.95625 0.16015625 0.015625 0.01953125
0 0.6828125 0.0859375 0.015625 0.01953125
0 0.5796875 0.0546875 0.015625 0.01953125
0 0.4625 0.06640625 0.015625 0.01953125
0 0.371875 0.078125 0.015625 0.01953125
0 0.3359375 0.1953125 0.015625 0.01953125
0 0.2296875 0.185546875 0.015625 0.01953125
0 0.2453125 0.068359375 0.015625 0.01953125
0 0.240625 0.27734375 0.015625 0.01953125
0 0.3546875 0.4140625 0.015625 0.01953125
0 0.4203125 0.5 0.015625 0.01953125
0 0.4671875 0.62109375 0.015625 0.01953125
0 0.4953125 0.642578125 0.015625 0.01953125
0 0.61875 0.728515625 0.015625 0.01953125
0 0.5765625 0.74609375 0.015625 0.01953125
0 0.4359375 0.6640625 0.015625 0.01953125
0 0.3796875 0.560546875 0.015625 0.01953125
0 0.2296875 0.646484375 0.015625 0.01953125
0 0.2046875 0.712890625 0.015625 0.01953125
0 0.1609375 0.7109375 0.015625 0.01953125
0 0.1171875 0.697265625 0.015625 0.01953125
0 0.0484375 0.6953125 0.015625 0.01953125
0 0.01875 0.69921875 0.015625 0.01953125
0 0.2390625 0.720703125 0.015625 0.01953125
0 0.1984375 0.591796875 0.015625 0.01953125
0 0.1171875 0.587890625 0.015625 0.01953125
0 0.153125 0.50390625 0.015625 0.01953125
0 0.0421875 0.388671875 0.015625 0.01953125
0 0.1109375 0.23828125 0.015625 0.01953125
0 0.1125 0.1640625 0.015625 0.01953125
0 0.0046875 0.291015625 0.015625 0.01953125
0 0.7875 0.775390625 0.015625 0.01953125
0 0.6640625 0.791015625 0.015625 0.01953125
0 0.9359375 0.669921875 0.015625 0.01953125
0 0.3546875 0.453125 0.015625 0.01953125
0 0.3265625 0.58203125 0.015625 0.01953125
0 0.109375 0.044921875 0.015625 0.01953125
