0 0.2234375 0.1015625 0.015625 0.01953125
0 0.346875 0.095703125 0.015625 0.01953125
0 0.321875 0.21484375 0.015625 0.01953125
0 0.4265625 0.197265625 0.015625 0.01953125
0 0.221875 0.21484375 0.015625 0.01953125
0 0.3921875 0.4375 0.015625 0.01953125
0 0.4625 0.361328125 0.015625 0.01953125
0 0.6484375 0.16796875 0.015625 0.01953125
0 0.675 0.15234375 0.015625 0.01953125
0 0.9125 0.625 0.015625 0.01953125
0 0.9140625 0.658203125 0.015625 0.01953125
0 0.959375 0.4765625 0.015625 0.01953125
0 0.79375 0.421875 0.015625 0.01953125
0 0.7859375 0.439453125 0.015625 0.01953125
0 0.5109375 0.63671875 0.015625 0.01953125
0 0.5375 0.658203125 0.015625 0.01953125
0 0.609375 0.71875 0.015625 0.01953125
0 0.4890625 0.6796875 0.015625 0.01953125
0 0.4765625 0.595703125 0.015625 0.01953125
0 0.4859375 0.525390625 0.015625 0.01953125
0 0.625 0.228515625 0.015625 0.01953125
0 0.4078125 0.486328125 0.015625 0.01953125
0 0.246875 0.703125 0.015625 0.01953125
0 0.2515625 0.685546875 0.015625 0.01953125
0 0.1484375 0.7578125 0.015625 0.01953125
0 0.0734375 0.763671875 0.015625 0.01953125
0 0.0453125 0.765625 0.015625 0.01953125
0 0.178125 0.6796875 0.015625 0.01953125
0 0.1734375 0.638671875 0.015625 0.01953125
0 0.08125 0.46875 0.015625 0.01953125
0 0.10625 0.291015625 0.015625 0.01953125
0 0.234375 0.310546875 0.015625 0.01953125
0 0.0890625 0.22265625 0.015625 0.01953125
0 0.0796875 0.09375 0.015625 0.01953125
0 0.203125 0.55078125 0.015625 0.01953125
0 0.1890625 0.7578125 0.015625 0.01953125
0 0.2125 0.759765625 0.015625 0.01953125
0 0.234375 0.75390625 0.015625 0.01953125
0 0.690625 0.78515625 0.015625 0.01953125
0 0.63125 0.302734375 0.015625 0.01953125
0 0.4875 0.1640625 0.015625 0.01953125
0 0.4390625 0.078125 0.015625 0.01953125
0 0.871875 0.1796875 0.015625 0.01953125
0 0.23125 0.0 0.015625 0.01953125
0 0.38125 0.611328125 0.015625 0.01953125
0 0.25625 0.765625 0.015625 0.01953125
0 0.6046875 0.751953125 0.015625 0.01953125
0 0.1796875 0.654296875 0.015625 0.01953125
0 0.55625 0.0625 0.015625 0.01953125
0 0.65625 0.078125 0.015625 0.01953125
0 0.8140625 0.74609375 0.015625 0.01953125
0 0.9578125 0.74609375 0.015625 0.01953125
