0 0.1453125 0.060546875 0.015625 0.01953125
0 0.30625 0.171875 0.015625 0.01953125
0 0.3171875 0.025390625 0.015625 0.01953125
0 0.4125 0.013671875 0.015625 0.01953125
0 0.446875 0.09375 0.015625 0.01953125
0 0.484375 0.083984375 0.015625 0.01953125
0 0.5671875 0.171875 0.015625 0.01953125
0 0.6609375 0.287109375 0.015625 0.01953125
0 0.7453125 0.34765625 0.015625 0.01953125
0 0.73125 0.18359375 0.015625 0.01953125
0 0.675 0.369140625 0.015625 0.01953125
0 0.64375 0.384765625 0.015625 0.01953125
0 0.6390625 0.48046875 0.015625 0.01953125
0 0.63125 0.509765625 0.015625 0.01953125
0 0.9296875 0.455078125 0.015625 0.01953125
0 0.8984375 0.6640625 0.015625 0.01953125
0 0.734375 0.8203125 0.015625 0.01953125
0 0.6515625 0.72265625 0.015625 0.01953125
0 0.5953125 0.83984375 0.015625 0.01953125
0 0.621875 0.853515625 0.015625 0.01953125
0 0.51875 0.931640625 0.015625 0.01953125
0 0.5875 0.880859375 0.015625 0.01953125
0 0.5078125 0.806640625 0.015625 0.01953125
0 0.303125 0.755859375 0.015625 0.01953125
0 0.4953125 0.65234375 0.015625 0.01953125
0 0.4296875 0.40625 0.015625 0.01953125
0 0.4890625 0.376953125 0.015625 0.01953125
0 0.4359375 0.294921875 0.015625 0.01953125
0 0.2234375 0.306640625 0.015625 0.01953125
0 0.35 0.302734375 0.015625 0.01953125
0 0.3203125 0.416015625 0.015625 0.01953125
0 0.2171875 0.443359375 0.015625 0.01953125
0 0.234375 0.51953125 0.015625 0.01953125
0 0.4625 0.5703125 0.015625 0.01953125
0 0.1875 0.671875 0.015625 0.01953125
0 0.10625 0.6875 0.015625 0.01953125
0 0.03125 0.658203125 0.015625 0.01953125
0 0.0359375 0.7578125 0.015625 0.01953125
0 0.0796875 0.8671875 0.015625 0.01953125
0 0.2515625 0.892578125 0.015625 0.01953125
0 0.6015625 0.958984375 0.015625 0.01953125
0 0.94375 0.962890625 0.015625 0.01953125
0 0.35 0.21484375 0.015625 0.01953125
0 0.221875 0.197265625 0.015625 0.01953125
0 0.23125 0.1328125 0.015625 0.01953125
0 0.0796875 0.294921875 0.015625 0.01953125
0 0.0890625 0.416015625 0.015625 0.01953125
0 0.0890625 0.5078125 0.015625 0.01953125
0 0.3875 0.044921875 0.015625 0.01953125
0 0.06875 0.064453125 0.015625 0.01953125
0 0.6421875 0.650390625 0.015625 0.01953125
0 0.578125 0.6875 0.015625 0.01953125
0 0.5578125 0.271484375 0.015625 0.01953125
0 0.4828125 0.201171875 0.015625 0.01953125
0 0.3078125 0.8515625 0.015625 0.01953125
0 0.2671875 0.96875 0.015625 0.01953125
0 0.2265625 0.96484375 0.015625 0.01953125
0 0.1921875 0.962890625 0.015625 0.01953125
0 0.1453125 0.962890625 0.015625 0.01953125
0 0.0765625 0.958984375 0.015625 0.01953125
0 0.0828125 0.9375 0.015625 0.01953125
0 0.0515625 0.962890625 0.015625 0.01953125
0 0.6890625 0.98828125 0.015625 0.01953125
0 0.815625 0.958984375 0.015625 0.01953125
