0 0.6046875 0.96875 0.015625 0.01953125
0 0.5 0.943359375 0.015625 0.01953125
0 0.0609375 0.775390625 0.015625 0.01953125
0 0.196875 0.689453125 0.015625 0.01953125
0 0.321875 0.763671875 0.015625 0.01953125
0 0.609375 0.853515625 0.015625 0.01953125
0 0.6328125 0.8671875 0.015625 0.01953125
0 0.6 0.89453125 0.015625 0.01953125
0 0.775 0.833984375 0.015625 0.01953125
0 0.9125 0.66796875 0.015625 0.01953125
0 0.9515625 0.97265625 0.015625 0.01953125
0 0.8171875 0.970703125 0.015625 0.01953125
0 0.6796875 0.734375 0.015625 0.01953125
0 0.6609375 0.6640625 0.015625 0.01953125
0 0.6265625 0.525390625 0.015625 0.01953125
0 0.6359375 0.498046875 0.015625 0.01953125
0 0.33125 0.86328125 0.015625 0.01953125
0 0.3234375 0.4296875 0.015625 0.01953125
0 0.4265625 0.41015625 0.015625 0.01953125
0 0.4859375 0.390625 0.015625 0.01953125
0 0.6671875 0.376953125 0.015625 0.01953125
0 0.6578125 0.294921875 0.015625 0.01953125
0 0.734375 0.361328125 0.015625 0.01953125
0 0.64375 0.392578125 0.015625 0.01953125
0 0.728125 0.20703125 0.015625 0.01953125
0 0.5484375 0.283203125 0.015625 0.01953125
0 0.4796875 0.212890625 0.015625 0.01953125
0 0.4375 0.298828125 0.015625 0.01953125
0 0.3546875 0.32421875 0.015625 0.01953125
0 0.346875 0.23046875 0.015625 0.01953125
0 0.30625 0.1796875 0.015625 0.01953125
0 0.3171875 0.0390625 0.015625 0.01953125
0 0.4515625 0.11328125 0.015625 0.01953125
0 0.4859375 0.09375 0.015625 0.01953125
0 0.4140625 0.03125 0.015625 0.01953125
0 0.221875 0.134765625 0.015625 0.01953125
0 0.1375 0.0625 0.015625 0.01953125
0 0.0578125 0.07421875 0.015625 0.01953125
0 0.0703125 0.3046875 0.015625 0.01953125
0 0.2265625 0.3203125 0.015625 0.01953125
0 0.234375 0.2109375 0.015625 0.01953125
0 0.4609375 0.580078125 0.015625 0.01953125
0 0.5078125 0.6640625 0.015625 0.01953125
0 0.225 0.98046875 0.015625 0.01953125
0 0.1875 0.9765625 0.015625 0.01953125
0 0.0171875 0.736328125 0.015625 0.01953125
0 0.0515625 0.669921875 0.015625 0.01953125
0 0.1375 0.703125 0.015625 0.01953125
0 0.0875 0.513671875 0.015625 0.01953125
0 0.23125 0.525390625 0.015625 0.01953125
0 0.209375 0.44921875 0.015625 0.01953125
0 0.0828125 0.431640625 0.015625 0.01953125
0 0.6171875 0.705078125 0.015625 0.01953125
0 0.5359375 0.826171875 0.015625 0.01953125
0 0.9 0.470703125 0.015625 0.01953125
0 0.3796875 0.052734375 0.015625 0.01953125
0 0.2421875 0.001953125 0.015625 0.01953125
0 0.2625 0.978515625 0.015625 0.01953125
0 0.140625 0.978515625 0.015625 0.01953125
0 0.0765625 0.96875 0.015625 0.01953125
0 0.0453125 0.92578125 0.015625 0.01953125
0 0.059375 0.880859375 0.015625 0.01953125
0 0.2515625 0.90234375 0.015625 0.01953125
0 0.24375 0.923828125 0.015625 0.01953125
0 0.91875 0.685546875 0.015625 0.01953125
