0 0.0625 0.037109375 0.015625 0.01953125
0 0.1265625 0.0625 0.015625 0.01953125
0 0.1921875 0.078125 0.015625 0.01953125
0 0.253125 0.056640625 0.015625 0.01953125
0 0.259375 0.166015625 0.015625 0.01953125
0 0.3046875 0.125 0.015625 0.01953125
0 0.2875 0.2421875 0.015625 0.01953125
0 0.378125 0.203125 0.015625 0.01953125
0 0.25625 0.328125 0.015625 0.01953125
0 0.24375 0.4453125 0.015625 0.01953125
0 0.165625 0.34375 0.015625 0.01953125
0 0.1640625 0.267578125 0.015625 0.01953125
0 0.1265625 0.208984375 0.015625 0.01953125
0 0.0453125 0.2578125 0.015625 0.01953125
0 0.046875 0.173828125 0.015625 0.01953125
0 0.0359375 0.3515625 0.015625 0.01953125
0 0.1375 0.44921875 0.015625 0.01953125
0 0.2953125 0.412109375 0.015625 0.01953125
0 0.3625 0.306640625 0.015625 0.01953125
0 0.4515625 0.40625 0.015625 0.01953125
0 0.4515625 0.298828125 0.015625 0.01953125
0 0.54375 0.216796875 0.015625 0.01953125
0 0.1078125 0.6875 0.015625 0.01953125
0 0.2234375 0.77734375 0.015625 0.01953125
0 0.2671875 0.876953125 0.015625 0.01953125
0 0.4625 0.818359375 0.015625 0.01953125
0 0.6421875 0.736328125 0.015625 0.01953125
0 0.8375 0.6953125 0.015625 0.01953125
0 0.834375 0.669921875 0.015625 0.01953125
0 0.978125 0.849609375 0.015625 0.01953125
0 0.9703125 0.876953125 0.015625 0.01953125
0 0.7875 0.828125 0.015625 0.01953125
0 0.7421875 0.41015625 0.015625 0.01953125
0 0.878125 0.2265625 0.015625 0.01953125
0 0.5296875 0.3671875 0.015625 0.01953125
0 0.5453125 0.369140625 0.015625 0.01953125
0 0.4578125 0.505859375 0.015625 0.01953125
0 0.4359375 0.55078125 0.015625 0.01953125
0 0.4203125 0.67578125 0.015625 0.01953125
0 0.2765625 0.591796875 0.015625 0.01953125
0 0.0859375 0.734375 0.015625 0.01953125
0 0.11875 0.71875 0.015625 0.01953125
0 0.034375 0.54296875 0.015625 0.01953125
0 0.034375 0.484375 0.015625 0.01953125
0 0.6703125 0.0390625 0.015625 0.01953125
0 0.6796875 0.01953125 0.015625 0.01953125
0 0.846875 0.025390625 0.015625 0.01953125
0 0.8015625 0.037109375 0.015625 0.01953125
0 0.6140625 0.451171875 0.015625 0.01953125
0 0.4765625 0.408203125 0.015625 0.01953125
0 0.81875 0.0234375 0.015625 0.01953125
0 0.8953125 0.2578125 0.015625 0.01953125
0 0.5734375 0.71484375 0.015625 0.01953125
0 0.5671875 0.681640625 0.015625 0.01953125
0 0.4828125 0.900390625 0.015625 0.01953125
0 0.478125 0.87109375 0.015625 0.01953125
0 0.234375 0.919921875 0.015625 0.01953125
0 0.41875 0.98046875 0.015625 0.01953125
0 0.0765625 0.98828125 0.015625 0.01953125
0 0.0375 0.98046875 0.015625 0.01953125
0 0.0140625 0.9765625 0.015625 0.01953125
0 0.6265625 0.98046875 0.015625 0.01953125
