0 0.05 0.962890625 0.015625 0.01953125
0 0.0140625 0.9609375 0.015625 0.01953125
0 0.18125 0.900390625 0.015625 0.01953125
0 0.3828125 0.9609375 0.015625 0.01953125
0 0.5953125 0.962890625 0.015625 0.01953125
0 0.7375 0.9609375 0.015625 0.01953125
0 0.453125 0.884765625 0.015625 0.01953125
0 0.45 0.859375 0.015625 0.01953125
0 0.4609375 0.794921875 0.015625 0.01953125
0 0.5875 0.6875 0.015625 0.01953125
0 0.5625 0.658203125 0.015625 0.01953125
0 0.6515625 0.716796875 0.015625 0.01953125
0 0.7953125 0.810546875 0.015625 0.01953125
0 0.9703125 0.861328125 0.015625 0.01953125
0 0.9796875 0.833984375 0.015625 0.01953125
0 0.8328125 0.673828125 0.015625 0.01953125
0 0.6796875 0.38671875 0.015625 0.01953125
0 0.8328125 0.65625 0.015625 0.01953125
0 0.703125 0.337890625 0.015625 0.01953125
0 0.4140625 0.560546875 0.015625 0.01953125
0 0.4125 0.658203125 0.015625 0.01953125
0 0.26875 0.86328125 0.015625 0.01953125
0 0.221875 0.759765625 0.015625 0.01953125
0 0.209375 0.419921875 0.015625 0.01953125
0 0.265625 0.392578125 0.015625 0.01953125
0 0.3328125 0.279296875 0.015625 0.01953125
0 0.421875 0.27734375 0.015625 0.01953125
0 0.4390625 0.39453125 0.015625 0.01953125
0 0.5078125 0.1953125 0.015625 0.01953125
0 0.340625 0.185546875 0.015625 0.01953125
0 0.26875 0.107421875 0.015625 0.01953125
0 0.228125 0.046875 0.015625 0.01953125
0 0.2328125 0.138671875 0.015625 0.01953125
0 0.2484375 0.216796875 0.015625 0.01953125
0 0.221875 0.302734375 0.015625 0.01953125
0 0.1375 0.31640625 0.015625 0.01953125
0 0.125 0.228515625 0.015625 0.01953125
0 0.0953125 0.1796875 0.015625 0.01953125
0 0.0125 0.15234375 0.015625 0.01953125
0 0.0140625 0.2265625 0.015625 0.01953125
0 0.0078125 0.318359375 0.015625 0.01953125
0 0.10625 0.419921875 0.015625 0.01953125
0 0.00625 0.4609375 0.015625 0.01953125
0 0.0828125 0.666015625 0.015625 0.01953125
0 0.1109375 0.6953125 0.015625 0.01953125
0 0.09375 0.72265625 0.015625 0.01953125
0 0.046875 0.884765625 0.015625 0.01953125
0 0.6640625 0.013671875 0.015625 0.01953125
0 0.8203125 0.01953125 0.015625 0.01953125
0 0.846875 0.197265625 0.015625 0.01953125
0 0.7859375 0.025390625 0.015625 0.01953125
0 0.55625 0.412109375 0.015625 0.01953125
0 0.5 0.341796875 0.015625 0.01953125
0 0.425 0.494140625 0.015625 0.01953125
0 0.24375 0.57421875 0.015625 0.01953125
0 0.1640625 0.060546875 0.015625 0.01953125
0 0.1 0.041015625 0.015625 0.01953125
0 0.0296875 0.015625 0.015625 0.01953125
0 0.0046875 0.521484375 0.015625 0.01953125
0 0.8671875 0.220703125 0.015625 0.01953125
0 0.4125 0.390625 0.015625 0.01953125
