0 0.25625 0.7578125 0.015625 0.01953125
0 0.4484375 0.65625 0.015625 0.01953125
0 0.428125 0.599609375 0.015625 0.01953125
0 0.4296875 0.490234375 0.015625 0.01953125
0 0.446875 0.37890625 0.015625 0.01953125
0 0.65625 0.37890625 0.015625 0.01953125
0 0.640625 0.681640625 0.015625 0.01953125
0 0.7015625 0.71875 0.015625 0.01953125
0 0.846875 0.8125 0.015625 0.01953125
0 0.4625 0.86328125 0.015625 0.01953125
0 0.3125 0.869140625 0.015625 0.01953125
0 0.0765625 0.91015625 0.015625 0.01953125
0 0.1421875 0.7265625 0.015625 0.01953125
0 0.121875 0.693359375 0.015625 0.01953125
0 0.0890625 0.669921875 0.015625 0.01953125
0 0.2203125 0.419921875 0.015625 0.01953125
0 0.26875 0.3828125 0.015625 0.01953125
0 0.228125 0.302734375 0.015625 0.01953125
0 0.4265625 0.28515625 0.015625 0.01953125
0 0.3375 0.279296875 0.015625 0.01953125
0 0.3484375 0.181640625 0.015625 0.01953125
0 0.275 0.09765625 0.015625 0.01953125
0 0.2328125 0.12109375 0.015625 0.01953125
0 0.234375 0.052734375 0.015625 0.01953125
0 0.16875 0.0546875 0.015625 0.01953125
0 0.103125 0.1796875 0.015625 0.01953125
0 0.0171875 0.224609375 0.015625 0.01953125
0 0.0171875 0.14453125 0.015625 0.01953125
0 0.0109375 0.314453125 0.015625 0.01953125
0 0.1125 0.419921875 0.015625 0.01953125
0 0.009375 0.4609375 0.015625 0.01953125
0 0.0078125 0.529296875 0.015625 0.01953125
0 0.046875 0.66796875 0.015625 0.01953125
0 0.009375 0.75 0.015625 0.01953125
0 0.0328125 0.78515625 0.015625 0.01953125
0 0.390625 0.966796875 0.015625 0.01953125
0 0.540625 0.40234375 0.015625 0.01953125
0 0.4828125 0.34375 0.015625 0.01953125
0 0.5171875 0.1953125 0.015625 0.01953125
0 0.69375 0.04296875 0.015625 0.01953125
0 0.809375 0.041015625 0.015625 0.01953125
0 0.846875 0.03125 0.015625 0.01953125
0 0.8625 0.18359375 0.015625 0.01953125
0 0.8859375 0.208984375 0.015625 0.01953125
0 0.59375 0.66015625 0.015625 0.01953125
0 0.5015625 0.79296875 0.015625 0.01953125
0 0.05625 0.96875 0.015625 0.01953125
0 0.0125 0.966796875 0.015625 0.01953125
0 0.0359375 0.951171875 0.015625 0.01953125
0 0.1421875 0.318359375 0.015625 0.01953125
0 0.1375 0.236328125 0.015625 0.01953125
0 0.1109375 0.04296875 0.015625 0.01953125
0 0.0390625 0.01953125 0.015625 0.01953125
0 0.159375 0.904296875 0.015625 0.01953125
0 0.4578125 0.888671875 0.015625 0.01953125
0 0.8671875 0.68359375 0.015625 0.01953125
0 0.86875 0.6640625 0.015625 0.01953125
0 0.246875 0.57421875 0.015625 0.01953125
0 0.25625 0.2265625 0.015625 0.01953125
0 0.4265625 0.390625 0.015625 0.01953125
0 0.6015625 0.96875 0.015625 0.01953125
