0 0.365625 0.505859375 0.015625 0.01953125
0 0.5125 0.36328125 0.015625 0.01953125
0 0.6515625 0.353515625 0.015625 0.01953125
0 0.6984375 0.11328125 0.015625 0.01953125
0 0.8265625 0.154296875 0.015625 0.01953125
0 0.840625 0.201171875 0.015625 0.01953125
0 0.9 0.666015625 0.015625 0.01953125
0 0.896875 0.697265625 0.015625 0.01953125
0 0.9453125 0.82421875 0.015625 0.01953125
0 0.7796875 0.74609375 0.015625 0.01953125
0 0.625 0.685546875 0.015625 0.01953125
0 0.471875 0.685546875 0.015625 0.01953125
0 0.43125 0.712890625 0.015625 0.01953125
0 0.3921875 0.869140625 0.015625 0.01953125
0 0.35 0.859375 0.015625 0.01953125
0 0.2015625 0.720703125 0.015625 0.01953125
0 0.0640625 0.765625 0.015625 0.01953125
0 0.08125 0.806640625 0.015625 0.01953125
0 0.0890625 0.72265625 0.015625 0.01953125
0 0.025 0.685546875 0.015625 0.01953125
0 0.059375 0.677734375 0.015625 0.01953125
0 0.053125 0.443359375 0.015625 0.01953125
0 0.15625 0.435546875 0.015625 0.01953125
0 0.2078125 0.3984375 0.015625 0.01953125
0 0.1671875 0.322265625 0.015625 0.01953125
0 0.075 0.3359375 0.015625 0.01953125
0 0.0703125 0.25390625 0.015625 0.01953125
0 0.046875 0.19140625 0.015625 0.01953125
0 0.271875 0.294921875 0.015625 0.01953125
0 0.3328125 0.35546875 0.015625 0.01953125
0 0.396875 0.41015625 0.015625 0.01953125
0 0.371875 0.291015625 0.015625 0.01953125
0 0.4484375 0.208984375 0.015625 0.01953125
0 0.1984375 0.23828125 0.015625 0.01953125
0 0.2890625 0.1953125 0.015625 0.01953125
0 0.175 0.072265625 0.015625 0.01953125
0 0.1828125 0.14453125 0.015625 0.01953125
0 0.2265625 0.119140625 0.015625 0.01953125
0 0.1015625 0.06640625 0.015625 0.01953125
0 0.05625 0.05859375 0.015625 0.01953125
0 0.784375 0.109375 0.015625 0.01953125
0 0.7921875 0.087890625 0.015625 0.01953125
0 0.81875 0.0859375 0.015625 0.01953125
0 0.6890625 0.1328125 0.015625 0.01953125
0 0.70625 0.68359375 0.015625 0.01953125
0 0.54375 0.8203125 0.015625 0.01953125
0 0.4109375 0.90625 0.015625 0.01953125
0 0.39375 0.904296875 0.015625 0.01953125
0 0.3546875 0.375 0.015625 0.01953125
0 0.3625 0.404296875 0.015625 0.01953125
0 0.275 0.775390625 0.015625 0.01953125
0 0.54375 0.982421875 0.015625 0.01953125
0 0.33125 0.9765625 0.015625 0.01953125
0 0.0328125 0.9140625 0.015625 0.01953125
0 0.01875 0.884765625 0.015625 0.01953125
0 0.190625 0.58984375 0.015625 0.01953125
