0 0.7875 0.119140625 0.015625 0.01953125
0 0.7984375 0.1015625 0.015625 0.01953125
0 0.8203125 0.09765625 0.015625 0.01953125
0 0.828125 0.15234375 0.015625 0.01953125
0 0.8359375 0.1875 0.015625 0.01953125
0 0.715625 0.130859375 0.015625 0.01953125
0 0.7046875 0.15234375 0.015625 0.01953125
0 0.478125 0.349609375 0.015625 0.01953125
0 0.4453125 0.205078125 0.015625 0.01953125
0 0.3640625 0.2890625 0.015625 0.01953125
0 0.378125 0.40234375 0.015625 0.01953125
0 0.3515625 0.3984375 0.015625 0.01953125
0 0.30625 0.349609375 0.015625 0.01953125
0 0.290625 0.34375 0.015625 0.01953125
0 0.365625 0.501953125 0.015625 0.01953125
0 0.196875 0.37109375 0.015625 0.01953125
0 0.1484375 0.416015625 0.015625 0.01953125
0 0.1828125 0.232421875 0.015625 0.01953125
0 0.2203125 0.111328125 0.015625 0.01953125
0 0.1734375 0.05078125 0.015625 0.01953125
0 0.10625 0.0546875 0.015625 0.01953125
0 0.053125 0.0390625 0.015625 0.01953125
0 0.034375 0.173828125 0.015625 0.01953125
0 0.059375 0.23828125 0.015625 0.01953125
0 0.0671875 0.330078125 0.015625 0.01953125
0 0.040625 0.419921875 0.015625 0.01953125
0 0.1765625 0.578125 0.015625 0.01953125
0 0.1140625 0.708984375 0.015625 0.01953125
0 0.2296875 0.708984375 0.015625 0.01953125
0 0.284375 0.767578125 0.015625 0.01953125
0 0.4421875 0.728515625 0.015625 0.01953125
0 0.48125 0.67578125 0.015625 0.01953125
0 0.6375 0.681640625 0.015625 0.01953125
0 0.7328125 0.689453125 0.015625 0.01953125
0 0.803125 0.751953125 0.015625 0.01953125
0 0.9140625 0.703125 0.015625 0.01953125
0 0.9078125 0.662109375 0.015625 0.01953125
0 0.975 0.82421875 0.015625 0.01953125
0 0.3796875 0.845703125 0.015625 0.01953125
0 0.3828125 0.87109375 0.015625 0.01953125
0 0.3796875 0.89453125 0.015625 0.01953125
0 0.3109375 0.970703125 0.015625 0.01953125
0 0.0890625 0.75390625 0.015625 0.01953125
0 0.096875 0.791015625 0.015625 0.01953125
0 0.00625 0.767578125 0.015625 0.01953125
0 0.009375 0.66015625 0.015625 0.01953125
0 0.2625 0.287109375 0.015625 0.01953125
0 0.0109375 0.8984375 0.015625 0.01953125
0 0.521875 0.97265625 0.015625 0.01953125
0 0.559375 0.818359375 0.015625 0.01953125
0 0.0453125 0.6640625 0.015625 0.01953125
0 0.159375 0.310546875 0.015625 0.01953125
0 0.175 0.12890625 0.015625 0.01953125
0 0.2890625 0.185546875 0.015625 0.01953125
0 0.3921875 0.916015625 0.015625 0.01953125
