0 0.2265625 0.212890625 0.015625 0.01953125
0 0.2453125 0.451171875 0.015625 0.01953125
0 0.16875 0.5390625 0.015625 0.01953125
0 0.090625 0.443359375 0.015625 0.01953125
0 0.03125 0.357421875 0.015625 0.01953125
0 0.0671875 0.533203125 0.015625 0.01953125
0 0.134375 0.6328125 0.015625 0.01953125
0 0.00625 0.625 0.015625 0.01953125
0 0.028125 0.703125 0.015625 0.01953125
0 0.2125 0.78515625 0.015625 0.01953125
0 0.1421875 0.94140625 0.015625 0.01953125
0 0.1140625 0.990234375 0.015625 0.01953125
0 0.2609375 0.955078125 0.015625 0.01953125
0 0.434375 0.923828125 0.015625 0.01953125
0 0.6515625 0.494140625 0.015625 0.01953125
0 0.678125 0.328125 0.015625 0.01953125
0 0.878125 0.28125 0.015625 0.01953125
0 0.9078125 0.2578125 0.015625 0.01953125
0 0.9078125 0.2578125 0.015625 0.01953125
0 0.8921875 0.267578125 0.015625 0.01953125
0 0.865625 0.259765625 0.015625 0.01953125
0 0.921875 0.421875 0.015625 0.01953125
0 0.884375 0.9375 0.015625 0.01953125
0 0.88125 0.91015625 0.015625 0.01953125
0 0.775 0.92578125 0.015625 0.01953125
0 0.609375 0.931640625 0.015625 0.01953125
0 0.8640625 0.236328125 0.015625 0.01953125
0 0.884375 0.21875 0.015625 0.01953125
0 0.909375 0.234375 0.015625 0.01953125
0 0.9453125 0.36328125 0.015625 0.01953125
0 0.1765625 0.662109375 0.015625 0.01953125
0 0.159375 0.64453125 0.015625 0.01953125
0 0.8953125 0.216796875 0.015625 0.01953125
0 0.5125 0.017578125 0.015625 0.01953125
0 0.9046875 0.04296875 0.015625 0.01953125
0 0.646875 0.44140625 0.015625 0.01953125
0 0.653125 0.4296875 0.015625 0.01953125
0 0.6671875 0.4140625 0.015625 0.01953125
0 0.6828125 0.375 0.015625 0.01953125
0 0.0203125 0.71875 0.015625 0.01953125
0 0.640625 0.51171875 0.015625 0.01953125
0 0.703125 0.54296875 0.015625 0.01953125
0 0.93125 0.3515625 0.015625 0.01953125
0 0.15 0.052734375 0.015625 0.01953125
0 0.7 0.3828125 0.015625 0.01953125
