0 0.225 0.22265625 0.015625 0.01953125
0 0.2421875 0.46484375 0.015625 0.01953125
0 0.165625 0.552734375 0.015625 0.01953125
0 0.0828125 0.443359375 0.015625 0.01953125
0 0.025 0.3671875 0.015625 0.01953125
0 0.06875 0.55078125 0.015625 0.01953125
0 0.1234375 0.65234375 0.015625 0.01953125
0 0.153125 0.654296875 0.015625 0.01953125
0 0.1703125 0.67578125 0.015625 0.01953125
0 0.215625 0.806640625 0.015625 0.01953125
0 0.275 0.970703125 0.015625 0.01953125
0 0.4390625 0.935546875 0.015625 0.01953125
0 0.61875 0.9453125 0.015625 0.01953125
0 0.796875 0.9453125 0.015625 0.01953125
0 0.659375 0.515625 0.015625 0.01953125
0 0.153125 0.953125 0.015625 0.01953125
0 0.0125 0.71875 0.015625 0.01953125
0 0.9203125 0.43359375 0.015625 0.01953125
0 0.9421875 0.373046875 0.015625 0.01953125
0 0.8921875 0.94921875 0.015625 0.01953125
0 0.890625 0.923828125 0.015625 0.01953125
0 0.65 0.458984375 0.015625 0.01953125
0 0.659375 0.443359375 0.015625 0.01953125
0 0.6703125 0.4296875 0.015625 0.01953125
0 0.8765625 0.291015625 0.015625 0.01953125
0 0.8921875 0.27734375 0.015625 0.01953125
0 0.9046875 0.2734375 0.015625 0.01953125
0 0.90625 0.259765625 0.015625 0.01953125
0 0.8609375 0.2734375 0.015625 0.01953125
0 0.8625 0.248046875 0.015625 0.01953125
0 0.884375 0.234375 0.015625 0.01953125
0 0.903125 0.240234375 0.015625 0.01953125
0 0.9421875 0.373046875 0.015625 0.01953125
0 0.65 0.529296875 0.015625 0.01953125
0 0.6859375 0.556640625 0.015625 0.01953125
0 0.496875 0.0234375 0.015625 0.01953125
0 0.9015625 0.044921875 0.015625 0.01953125
0 0.684375 0.390625 0.015625 0.01953125
0 0.678125 0.345703125 0.015625 0.01953125
0 0.0109375 0.748046875 0.015625 0.01953125
0 0.9296875 0.361328125 0.015625 0.01953125
0 0.1453125 0.0625 0.015625 0.01953125
