0 0.9234375 0.95703125 0.015625 0.01953125
0 0.91875 0.93359375 0.015625 0.01953125
0 0.83125 0.943359375 0.015625 0.01953125
0 0.8390625 0.953125 0.015625 0.01953125
0 0.6453125 0.94921875 0.015625 0.01953125
0 0.459375 0.939453125 0.015625 0.01953125
0 0.3109375 0.9765625 0.015625 0.01953125
0 0.1859375 0.955078125 0.015625 0.01953125
0 0.1015625 0.671875 0.015625 0.01953125
0 0.175 0.677734375 0.015625 0.01953125
0 0.15625 0.658203125 0.015625 0.01953125
0 0.0203125 0.962890625 0.015625 0.01953125
0 0.1671875 0.560546875 0.015625 0.01953125
0 0.24375 0.47265625 0.015625 0.01953125
0 0.6625 0.57421875 0.015625 0.01953125
0 0.671875 0.55078125 0.015625 0.01953125
0 0.68125 0.53515625 0.015625 0.01953125
0 0.878125 0.29296875 0.015625 0.01953125
0 0.8921875 0.28515625 0.015625 0.01953125
0 0.6890625 0.3828125 0.015625 0.01953125
0 0.678125 0.337890625 0.015625 0.01953125
0 0.9046875 0.271484375 0.015625 0.01953125
0 0.8875 0.232421875 0.015625 0.01953125
0 0.8625 0.251953125 0.015625 0.01953125
0 0.8625 0.27734375 0.015625 0.01953125
0 0.909375 0.240234375 0.015625 0.01953125
0 0.934375 0.365234375 0.015625 0.01953125
0 0.9203125 0.439453125 0.015625 0.01953125
0 0.0609375 0.552734375 0.015625 0.01953125
0 0.08125 0.453125 0.015625 0.01953125
0 0.028125 0.37890625 0.015625 0.01953125
0 0.2265625 0.22265625 0.015625 0.01953125
0 0.4765625 0.025390625 0.015625 0.01953125
0 0.9171875 0.033203125 0.015625 0.01953125
0 0.659375 0.474609375 0.015625 0.01953125
0 0.675 0.45703125 0.015625 0.01953125
0 0.6875 0.4453125 0.015625 0.01953125
0 0.2265625 0.818359375 0.015625 0.01953125
