0 0.1984375 0.94921875 0.015625 0.01953125
0 0.325 0.970703125 0.015625 0.01953125
0 0.4734375 0.94140625 0.015625 0.01953125
0 0.6984375 0.533203125 0.015625 0.01953125
0 0.6875 0.552734375 0.015625 0.01953125
0 0.65 0.564453125 0.015625 0.01953125
0 0.8640625 0.2734375 0.015625 0.01953125
0 0.8796875 0.2890625 0.015625 0.01953125
0 0.9078125 0.265625 0.015625 0.01953125
0 0.90625 0.236328125 0.015625 0.01953125
0 0.8875 0.232421875 0.015625 0.01953125
0 0.86875 0.25 0.015625 0.01953125
0 0.940625 0.36328125 0.015625 0.01953125
0 0.9234375 0.435546875 0.015625 0.01953125
0 0.4640625 0.015625 0.015625 0.01953125
0 0.9296875 0.029296875 0.015625 0.01953125
0 0.175 0.673828125 0.015625 0.01953125
0 0.0921875 0.673828125 0.015625 0.01953125
0 0.1578125 0.65625 0.015625 0.01953125
0 0.165625 0.55859375 0.015625 0.01953125
0 0.246875 0.47265625 0.015625 0.01953125
0 0.2328125 0.224609375 0.015625 0.01953125
0 0.0890625 0.4453125 0.015625 0.01953125
0 0.034375 0.376953125 0.015625 0.01953125
0 0.0671875 0.546875 0.015625 0.01953125
0 0.2328125 0.8203125 0.015625 0.01953125
0 0.65625 0.94921875 0.015625 0.01953125
0 0.85 0.94140625 0.015625 0.01953125
0 0.9328125 0.9296875 0.015625 0.01953125
0 0.934375 0.947265625 0.015625 0.01953125
0 0.671875 0.478515625 0.015625 0.01953125
0 0.6921875 0.44921875 0.015625 0.01953125
0 0.678125 0.462890625 0.015625 0.01953125
0 0.0046875 0.64453125 0.015625 0.01953125
0 0.6921875 0.375 0.015625 0.01953125
0 0.68125 0.337890625 0.015625 0.01953125
0 0.040625 0.9609375 0.015625 0.01953125
0 0.896875 0.28125 0.015625 0.01953125
