0 0.690625 0.328125 0.015625 0.01953125
0 0.86875 0.267578125 0.015625 0.01953125
0 0.8828125 0.2890625 0.015625 0.01953125
0 0.9125 0.2578125 0.015625 0.01953125
0 0.9109375 0.236328125 0.015625 0.01953125
0 0.8953125 0.22265625 0.015625 0.01953125
0 0.86875 0.2421875 0.015625 0.01953125
0 0.9296875 0.4296875 0.015625 0.01953125
0 0.953125 0.92578125 0.015625 0.01953125
0 0.95625 0.947265625 0.015625 0.01953125
0 0.8796875 0.94140625 0.015625 0.01953125
0 0.6765625 0.943359375 0.015625 0.01953125
0 0.896875 0.275390625 0.015625 0.01953125
0 0.1796875 0.666015625 0.015625 0.01953125
0 0.1796875 0.544921875 0.015625 0.01953125
0 0.25 0.462890625 0.015625 0.01953125
0 0.2359375 0.216796875 0.015625 0.01953125
0 0.45 0.009765625 0.015625 0.01953125
0 0.9359375 0.021484375 0.015625 0.01953125
0 0.70625 0.564453125 0.015625 0.01953125
0 0.7140625 0.544921875 0.015625 0.01953125
0 0.640625 0.560546875 0.015625 0.01953125
0 0.4921875 0.931640625 0.015625 0.01953125
0 0.3546875 0.96484375 0.015625 0.01953125
0 0.0859375 0.681640625 0.015625 0.01953125
0 0.2421875 0.8125 0.015625 0.01953125
0 0.2265625 0.947265625 0.015625 0.01953125
0 0.096875 0.43359375 0.015625 0.01953125
0 0.0703125 0.537109375 0.015625 0.01953125
0 0.0375 0.36328125 0.015625 0.01953125
0 0.9484375 0.357421875 0.015625 0.01953125
0 0.6859375 0.48046875 0.015625 0.01953125
0 0.69375 0.46484375 0.015625 0.01953125
0 0.715625 0.4453125 0.015625 0.01953125
0 0.6953125 0.359375 0.015625 0.01953125
0 0.728125 0.3515625 0.015625 0.01953125
0 0.0609375 0.95703125 0.015625 0.01953125
0 0.159375 0.6484375 0.015625 0.01953125
0 0.0046875 0.40234375 0.015625 0.01953125
0 0.009375 0.638671875 0.015625 0.01953125
