0 0.2359375 0.216796875 0.015625 0.01953125
0 0.8703125 0.240234375 0.015625 0.01953125
0 0.871875 0.263671875 0.015625 0.01953125
0 0.8859375 0.28125 0.015625 0.01953125
0 0.9015625 0.2734375 0.015625 0.01953125
0 0.9140625 0.259765625 0.015625 0.01953125
0 0.8953125 0.220703125 0.015625 0.01953125
0 0.9109375 0.23046875 0.015625 0.01953125
0 0.9453125 0.357421875 0.015625 0.01953125
0 0.9296875 0.42578125 0.015625 0.01953125
0 0.690625 0.935546875 0.015625 0.01953125
0 0.5046875 0.9296875 0.015625 0.01953125
0 0.715625 0.57421875 0.015625 0.01953125
0 0.7234375 0.548828125 0.015625 0.01953125
0 0.690625 0.48046875 0.015625 0.01953125
0 0.7015625 0.45703125 0.015625 0.01953125
0 0.7203125 0.44921875 0.015625 0.01953125
0 0.6921875 0.326171875 0.015625 0.01953125
0 0.7 0.35546875 0.015625 0.01953125
0 0.3734375 0.9609375 0.015625 0.01953125
0 0.2546875 0.8203125 0.015625 0.01953125
0 0.1828125 0.658203125 0.015625 0.01953125
0 0.159375 0.6484375 0.015625 0.01953125
0 0.1796875 0.546875 0.015625 0.01953125
0 0.2515625 0.4609375 0.015625 0.01953125
0 0.08125 0.68359375 0.015625 0.01953125
0 0.075 0.5390625 0.015625 0.01953125
0 0.0984375 0.443359375 0.015625 0.01953125
0 0.0421875 0.357421875 0.015625 0.01953125
0 0.24375 0.94140625 0.015625 0.01953125
0 0.440625 0.0078125 0.015625 0.01953125
0 0.94375 0.01953125 0.015625 0.01953125
0 0.8921875 0.931640625 0.015625 0.01953125
0 0.965625 0.916015625 0.015625 0.01953125
0 0.9671875 0.943359375 0.015625 0.01953125
0 0.63125 0.55859375 0.015625 0.01953125
0 0.078125 0.955078125 0.015625 0.01953125
0 0.253125 0.23046875 0.015625 0.01953125
