0 0.0953125 0.435546875 0.015625 0.01953125
0 0.18125 0.544921875 0.015625 0.01953125
0 0.253125 0.4609375 0.015625 0.01953125
0 0.1828125 0.65625 0.015625 0.01953125
0 0.8859375 0.279296875 0.015625 0.01953125
0 0.8984375 0.267578125 0.015625 0.01953125
0 0.915625 0.2578125 0.015625 0.01953125
0 0.9171875 0.248046875 0.015625 0.01953125
0 0.9125 0.2265625 0.015625 0.01953125
0 0.89375 0.21875 0.015625 0.01953125
0 0.8765625 0.224609375 0.015625 0.01953125
0 0.871875 0.2421875 0.015625 0.01953125
0 0.871875 0.26171875 0.015625 0.01953125
0 0.703125 0.328125 0.015625 0.01953125
0 0.69375 0.3203125 0.015625 0.01953125
0 0.7015625 0.345703125 0.015625 0.01953125
0 0.928125 0.423828125 0.015625 0.01953125
0 0.734375 0.552734375 0.015625 0.01953125
0 0.725 0.576171875 0.015625 0.01953125
0 0.5171875 0.931640625 0.015625 0.01953125
0 0.7 0.931640625 0.015625 0.01953125
0 0.453125 0.599609375 0.015625 0.01953125
0 0.2703125 0.8125 0.015625 0.01953125
0 0.2703125 0.8125 0.015625 0.01953125
0 0.2625 0.9375 0.015625 0.01953125
0 0.3921875 0.958984375 0.015625 0.01953125
0 0.16875 0.9921875 0.015625 0.01953125
0 0.0734375 0.69140625 0.015625 0.01953125
0 0.0734375 0.541015625 0.015625 0.01953125
0 0.00625 0.630859375 0.015625 0.01953125
0 0.040625 0.36328125 0.015625 0.01953125
0 0.153125 0.048828125 0.015625 0.01953125
0 0.421875 0.001953125 0.015625 0.01953125
0 0.940625 0.34765625 0.015625 0.01953125
0 0.728125 0.447265625 0.015625 0.01953125
0 0.703125 0.48046875 0.015625 0.01953125
0 0.615625 0.5625 0.015625 0.01953125
0 0.978125 0.91796875 0.015625 0.01953125
0 0.98125 0.94140625 0.015625 0.01953125
0 0.9125 0.927734375 0.015625 0.01953125
0 0.090625 0.9609375 0.015625 0.01953125
0 0.70625 0.46484375 0.015625 0.01953125
0 0.1609375 0.650390625 0.015625 0.01953125
0 0.234375 0.208984375 0.015625 0.01953125
0 0.259375 0.23046875 0.015625 0.01953125
0 0.9515625 0.0078125 0.015625 0.01953125
0 0.953125 0.361328125 0.015625 0.01953125
