0 0.4390625 0.283203125 0.015625 0.01953125
0 0.4578125 0.310546875 0.015625 0.01953125
0 0.665625 0.349609375 0.015625 0.01953125
0 0.6546875 0.42578125 0.015625 0.01953125
0 0.609375 0.271484375 0.015625 0.01953125
0 0.628125 0.26171875 0.015625 0.01953125
0 0.6421875 0.232421875 0.015625 0.01953125
0 0.625 0.21875 0.015625 0.01953125
0 0.5984375 0.236328125 0.015625 0.01953125
0 0.6 0.259765625 0.015625 0.01953125
0 0.828125 0.3046875 0.015625 0.01953125
0 0.5453125 0.6171875 0.015625 0.01953125
0 0.53125 0.638671875 0.015625 0.01953125
0 0.5234375 0.921875 0.015625 0.01953125
0 0.809375 0.955078125 0.015625 0.01953125
0 0.815625 0.92578125 0.015625 0.01953125
0 0.3265625 0.931640625 0.015625 0.01953125
0 0.2390625 0.96484375 0.015625 0.01953125
0 0.1078125 0.93359375 0.015625 0.01953125
0 0.121875 0.935546875 0.015625 0.01953125
0 0.0875 0.994140625 0.015625 0.01953125
0 0.034375 0.9765625 0.015625 0.01953125
0 0.003125 0.884765625 0.015625 0.01953125
0 0.25625 0.55859375 0.015625 0.01953125
0 0.5203125 0.4765625 0.015625 0.01953125
0 0.48125 0.51171875 0.015625 0.01953125
0 0.8890625 0.205078125 0.015625 0.01953125
0 0.9484375 0.9921875 0.015625 0.01953125
0 0.784375 0.8984375 0.015625 0.01953125
0 0.76875 0.896484375 0.015625 0.01953125
0 0.48125 0.490234375 0.015625 0.01953125
0 0.6453125 0.255859375 0.015625 0.01953125
0 0.671875 0.546875 0.015625 0.01953125
0 0.7328125 0.537109375 0.015625 0.01953125
0 0.00625 0.234375 0.015625 0.01953125
0 0.0125 0.216796875 0.015625 0.01953125
