0 0.5390625 0.255859375 0.015625 0.01953125
0 0.53125 0.23828125 0.015625 0.01953125
0 0.53125 0.2109375 0.015625 0.01953125
0 0.5515625 0.1953125 0.015625 0.01953125
0 0.56875 0.228515625 0.015625 0.01953125
0 0.5640625 0.244140625 0.015625 0.01953125
0 0.6 0.330078125 0.015625 0.01953125
0 0.6078125 0.341796875 0.015625 0.01953125
0 0.5890625 0.40234375 0.015625 0.01953125
0 0.765625 0.28515625 0.015625 0.01953125
0 0.3734375 0.25390625 0.015625 0.01953125
0 0.4921875 0.607421875 0.015625 0.01953125
0 0.48125 0.6328125 0.015625 0.01953125
0 0.478125 0.90234375 0.015625 0.01953125
0 0.7734375 0.939453125 0.015625 0.01953125
0 0.775 0.9140625 0.015625 0.01953125
0 0.903125 0.966796875 0.015625 0.01953125
0 0.284375 0.91015625 0.015625 0.01953125
0 0.209375 0.9375 0.015625 0.01953125
0 0.0734375 0.916015625 0.015625 0.01953125
0 0.05 0.9765625 0.015625 0.01953125
0 0.0953125 0.986328125 0.015625 0.01953125
0 0.0015625 0.962890625 0.015625 0.01953125
0 0.1609375 0.541015625 0.015625 0.01953125
0 0.978125 0.7890625 0.015625 0.01953125
0 0.7453125 0.875 0.015625 0.01953125
0 0.459375 0.474609375 0.015625 0.01953125
0 0.4265625 0.486328125 0.015625 0.01953125
0 0.81875 0.1796875 0.015625 0.01953125
0 0.953125 0.07421875 0.015625 0.01953125
0 0.9875 0.52734375 0.015625 0.01953125
0 0.8171875 0.984375 0.015625 0.01953125
0 0.5796875 0.5234375 0.015625 0.01953125
0 0.653125 0.5078125 0.015625 0.01953125
0 0.4234375 0.501953125 0.015625 0.01953125
0 0.396875 0.283203125 0.015625 0.01953125
0 0.571875 0.203125 0.015625 0.01953125
