0 0.515625 0.65625 0.015625 0.01953125
0 0.5234375 0.6328125 0.015625 0.01953125
0 0.265625 0.943359375 0.015625 0.01953125
0 0.3203125 0.9140625 0.015625 0.01953125
0 0.128125 0.986328125 0.015625 0.01953125
0 0.1234375 0.91796875 0.015625 0.01953125
0 0.0984375 0.970703125 0.015625 0.01953125
0 0.05 0.953125 0.015625 0.01953125
0 0.1390625 0.55859375 0.015625 0.01953125
0 0.878125 0.98046875 0.015625 0.01953125
0 0.946875 0.95703125 0.015625 0.01953125
0 0.978125 0.76953125 0.015625 0.01953125
0 0.9921875 0.525390625 0.015625 0.01953125
0 0.8171875 0.9453125 0.015625 0.01953125
0 0.390625 0.244140625 0.015625 0.01953125
0 0.4078125 0.271484375 0.015625 0.01953125
0 0.44375 0.515625 0.015625 0.01953125
0 0.6390625 0.505859375 0.015625 0.01953125
0 0.765625 0.291015625 0.015625 0.01953125
0 0.95625 0.076171875 0.015625 0.01953125
0 0.81875 0.181640625 0.015625 0.01953125
0 0.590625 0.404296875 0.015625 0.01953125
0 0.565625 0.51953125 0.015625 0.01953125
0 0.8203125 0.919921875 0.015625 0.01953125
0 0.8140625 0.87109375 0.015625 0.01953125
0 0.796875 0.869140625 0.015625 0.01953125
0 0.515625 0.8984375 0.015625 0.01953125
0 0.453125 0.498046875 0.015625 0.01953125
0 0.6046875 0.330078125 0.015625 0.01953125
0 0.603125 0.330078125 0.015625 0.01953125
0 0.6109375 0.34375 0.015625 0.01953125
0 0.5453125 0.255859375 0.015625 0.01953125
0 0.5734375 0.23046875 0.015625 0.01953125
0 0.5609375 0.22265625 0.015625 0.01953125
0 0.534375 0.21484375 0.015625 0.01953125
0 0.534375 0.236328125 0.015625 0.01953125
0 0.559375 0.201171875 0.015625 0.01953125
0 0.559375 0.2421875 0.015625 0.01953125
0 0.4796875 0.5 0.015625 0.01953125
