0 0.14375 0.171875 0.015625 0.01953125
0 0.1609375 0.1796875 0.015625 0.01953125
0 0.15 0.193359375 0.015625 0.01953125
0 0.0671875 0.15234375 0.015625 0.01953125
0 0.059375 0.0859375 0.015625 0.01953125
0 0.209375 0.287109375 0.015625 0.01953125
0 0.1875 0.365234375 0.015625 0.01953125
0 0.2703125 0.671875 0.015625 0.01953125
0 0.071875 0.853515625 0.015625 0.01953125
0 0.1046875 0.8984375 0.015625 0.01953125
0 0.36875 0.25390625 0.015625 0.01953125
0 0.1375 0.43359375 0.015625 0.01953125
0 0.1375 0.537109375 0.015625 0.01953125
0 0.1875 0.5234375 0.015625 0.01953125
0 0.2859375 0.8671875 0.015625 0.01953125
0 0.4265625 0.15234375 0.015625 0.01953125
0 0.51875 0.2578125 0.015625 0.01953125
0 0.609375 0.5 0.015625 0.01953125
0 0.646875 0.314453125 0.015625 0.01953125
0 0.684375 0.306640625 0.015625 0.01953125
0 0.7484375 0.435546875 0.015625 0.01953125
0 0.8609375 0.513671875 0.015625 0.01953125
0 0.85625 0.54296875 0.015625 0.01953125
0 0.6734375 0.62109375 0.015625 0.01953125
0 0.5984375 0.76953125 0.015625 0.01953125
0 0.60625 0.916015625 0.015625 0.01953125
0 0.60625 0.939453125 0.015625 0.01953125
0 0.671875 0.873046875 0.015625 0.01953125
0 0.7171875 0.921875 0.015625 0.01953125
0 0.7421875 0.9609375 0.015625 0.01953125
0 0.8625 0.9296875 0.015625 0.01953125
0 0.8671875 0.953125 0.015625 0.01953125
0 0.921875 0.857421875 0.015625 0.01953125
0 0.8984375 0.650390625 0.015625 0.01953125
0 0.9265625 0.720703125 0.015625 0.01953125
0 0.578125 0.046875 0.015625 0.01953125
0 0.65625 0.080078125 0.015625 0.01953125
0 0.6984375 0.171875 0.015625 0.01953125
0 0.775 0.224609375 0.015625 0.01953125
0 0.753125 0.265625 0.015625 0.01953125
0 0.859375 0.162109375 0.015625 0.01953125
0 0.88125 0.1796875 0.015625 0.01953125
0 0.871875 0.099609375 0.015625 0.01953125
0 0.890625 0.005859375 0.015625 0.01953125
0 0.9421875 0.365234375 0.015625 0.01953125
0 0.9296875 0.40625 0.015625 0.01953125
0 0.95625 0.4296875 0.015625 0.01953125
0 0.9796875 0.435546875 0.015625 0.01953125
0 0.9484375 0.388671875 0.015625 0.01953125
0 0.96875 0.375 0.015625 0.01953125
0 0.9890625 0.40234375 0.015625 0.01953125
0 0.990625 0.37109375 0.015625 0.01953125
0 0.940625 0.34765625 0.015625 0.01953125
0 0.959375 0.5625 0.015625 0.01953125
