0 0.0484375 0.0390625 0.015625 0.01953125
0 0.1640625 0.341796875 0.015625 0.01953125
0 0.121875 0.546875 0.015625 0.01953125
0 0.2671875 0.642578125 0.015625 0.01953125
0 0.2640625 0.666015625 0.015625 0.01953125
0 0.0703125 0.84765625 0.015625 0.01953125
0 0.059375 0.970703125 0.015625 0.01953125
0 0.18125 0.509765625 0.015625 0.01953125
0 0.1015625 0.41796875 0.015625 0.01953125
0 0.05625 0.115234375 0.015625 0.01953125
0 0.1828125 0.27734375 0.015625 0.01953125
0 0.121875 0.154296875 0.015625 0.01953125
0 0.1421875 0.162109375 0.015625 0.01953125
0 0.128125 0.173828125 0.015625 0.01953125
0 0.128125 0.53125 0.015625 0.01953125
0 0.015625 0.88671875 0.015625 0.01953125
0 0.1234375 0.880859375 0.015625 0.01953125
0 0.2890625 0.859375 0.015625 0.01953125
0 0.3421875 0.240234375 0.015625 0.01953125
0 0.465625 0.228515625 0.015625 0.01953125
0 0.5546875 0.03515625 0.015625 0.01953125
0 0.6640625 0.06640625 0.015625 0.01953125
0 0.6546875 0.296875 0.015625 0.01953125
0 0.58125 0.486328125 0.015625 0.01953125
0 0.71875 0.4296875 0.015625 0.01953125
0 0.40625 0.134765625 0.015625 0.01953125
0 0.565625 0.064453125 0.015625 0.01953125
0 0.8453125 0.1015625 0.015625 0.01953125
0 0.74375 0.2109375 0.015625 0.01953125
0 0.740625 0.234375 0.015625 0.01953125
0 0.6234375 0.271484375 0.015625 0.01953125
0 0.64375 0.6171875 0.015625 0.01953125
0 0.5921875 0.76171875 0.015625 0.01953125
0 0.6078125 0.904296875 0.015625 0.01953125
0 0.6078125 0.927734375 0.015625 0.01953125
0 0.71875 0.92578125 0.015625 0.01953125
0 0.7109375 0.9765625 0.015625 0.01953125
0 0.759375 0.958984375 0.015625 0.01953125
0 0.6875 0.85546875 0.015625 0.01953125
0 0.871875 0.9296875 0.015625 0.01953125
0 0.878125 0.953125 0.015625 0.01953125
0 0.91875 0.875 0.015625 0.01953125
0 0.8359375 0.509765625 0.015625 0.01953125
0 0.825 0.533203125 0.015625 0.01953125
0 0.8734375 0.1640625 0.015625 0.01953125
0 0.89375 0.171875 0.015625 0.01953125
0 0.846875 0.650390625 0.015625 0.01953125
0 0.8765625 0.71484375 0.015625 0.01953125
0 0.921875 0.341796875 0.015625 0.01953125
0 0.965625 0.40234375 0.015625 0.01953125
0 0.94375 0.373046875 0.015625 0.01953125
0 0.965625 0.365234375 0.015625 0.01953125
0 0.95 0.4140625 0.015625 0.01953125
0 0.925 0.427734375 0.015625 0.01953125
0 0.9015625 0.400390625 0.015625 0.01953125
