0 0.0703125 0.01171875 0.015625 0.01953125
0 0.075 0.091796875 0.015625 0.01953125
0 0.134375 0.146484375 0.015625 0.01953125
0 0.1515625 0.146484375 0.015625 0.01953125
0 0.134375 0.166015625 0.015625 0.01953125
0 0.190625 0.26171875 0.015625 0.01953125
0 0.1671875 0.337890625 0.015625 0.01953125
0 0.3546875 0.236328125 0.015625 0.01953125
0 0.4390625 0.212890625 0.015625 0.01953125
0 0.10625 0.40625 0.015625 0.01953125
0 0.415625 0.1328125 0.015625 0.01953125
0 0.0125 0.421875 0.015625 0.01953125
0 0.2078125 0.517578125 0.015625 0.01953125
0 0.1453125 0.552734375 0.015625 0.01953125
0 0.2984375 0.646484375 0.015625 0.01953125
0 0.1390625 0.568359375 0.015625 0.01953125
0 0.290625 0.666015625 0.015625 0.01953125
0 0.00625 0.82421875 0.015625 0.01953125
0 0.1015625 0.837890625 0.015625 0.01953125
0 0.15 0.962890625 0.015625 0.01953125
0 0.1109375 0.880859375 0.015625 0.01953125
0 0.1703125 0.8828125 0.015625 0.01953125
0 0.321875 0.861328125 0.015625 0.01953125
0 0.5640625 0.037109375 0.015625 0.01953125
0 0.5828125 0.490234375 0.015625 0.01953125
0 0.646875 0.615234375 0.015625 0.01953125
0 0.64375 0.912109375 0.015625 0.01953125
0 0.64375 0.931640625 0.015625 0.01953125
0 0.7546875 0.943359375 0.015625 0.01953125
0 0.746875 0.974609375 0.015625 0.01953125
0 0.634375 0.267578125 0.015625 0.01953125
0 0.5875 0.74609375 0.015625 0.01953125
0 0.7171875 0.427734375 0.015625 0.01953125
0 0.8203125 0.666015625 0.015625 0.01953125
0 0.8515625 0.71875 0.015625 0.01953125
0 0.840625 0.521484375 0.015625 0.01953125
0 0.8328125 0.546875 0.015625 0.01953125
0 0.74375 0.865234375 0.015625 0.01953125
0 0.809375 0.970703125 0.015625 0.01953125
0 0.9078125 0.94140625 0.015625 0.01953125
0 0.915625 0.978515625 0.015625 0.01953125
0 0.94375 0.904296875 0.015625 0.01953125
0 0.74375 0.208984375 0.015625 0.01953125
0 0.9234375 0.16796875 0.015625 0.01953125
0 0.859375 0.111328125 0.015625 0.01953125
0 0.909375 0.416015625 0.015625 0.01953125
0 0.9328125 0.44140625 0.015625 0.01953125
0 0.946875 0.408203125 0.015625 0.01953125
0 0.928125 0.3984375 0.015625 0.01953125
0 0.9734375 0.3828125 0.015625 0.01953125
0 0.96875 0.416015625 0.015625 0.01953125
