0 0.403125 0.056640625 0.015625 0.01953125
0 0.259375 0.15625 0.015625 0.01953125
0 0.2578125 0.216796875 0.015625 0.01953125
0 0.196875 0.26171875 0.015625 0.01953125
0 0.534375 0.388671875 0.015625 0.01953125
0 0.0171875 0.373046875 0.015625 0.01953125
0 0.0390625 0.30078125 0.015625 0.01953125
0 0.0015625 0.1875 0.015625 0.01953125
0 0.15 0.587890625 0.015625 0.01953125
0 0.209375 0.703125 0.015625 0.01953125
0 0.08125 0.87890625 0.015625 0.01953125
0 0.0484375 0.861328125 0.015625 0.01953125
0 0.0265625 0.9140625 0.015625 0.01953125
0 0.03125 0.955078125 0.015625 0.01953125
0 0.03125 0.978515625 0.015625 0.01953125
0 0.221875 0.93359375 0.015625 0.01953125
0 0.31875 0.904296875 0.015625 0.01953125
0 0.3015625 0.962890625 0.015625 0.01953125
0 0.0515625 0.67578125 0.015625 0.01953125
0 0.425 0.615234375 0.015625 0.01953125
0 0.6453125 0.947265625 0.015625 0.01953125
0 0.759375 0.955078125 0.015625 0.01953125
0 0.759375 0.982421875 0.015625 0.01953125
0 0.6953125 0.548828125 0.015625 0.01953125
0 0.6921875 0.521484375 0.015625 0.01953125
0 0.58125 0.630859375 0.015625 0.01953125
0 0.9421875 0.521484375 0.015625 0.01953125
0 0.978125 0.53125 0.015625 0.01953125
0 0.4578125 0.26953125 0.015625 0.01953125
0 0.4859375 0.244140625 0.015625 0.01953125
0 0.5015625 0.25390625 0.015625 0.01953125
0 0.609375 0.193359375 0.015625 0.01953125
0 0.9265625 0.146484375 0.015625 0.01953125
0 0.9234375 0.103515625 0.015625 0.01953125
0 0.8578125 0.32421875 0.015625 0.01953125
0 0.784375 0.435546875 0.015625 0.01953125
0 0.75625 0.361328125 0.015625 0.01953125
0 0.81875 0.87890625 0.015625 0.01953125
0 0.8640625 0.919921875 0.015625 0.01953125
0 0.9203125 0.939453125 0.015625 0.01953125
0 0.8984375 0.966796875 0.015625 0.01953125
0 0.9203125 0.9921875 0.015625 0.01953125
0 0.4140625 0.759765625 0.015625 0.01953125
0 0.85625 0.408203125 0.015625 0.01953125
0 0.784375 0.384765625 0.015625 0.01953125
0 0.7609375 0.41015625 0.015625 0.01953125
0 0.5078125 0.630859375 0.015625 0.01953125
0 0.5953125 0.66796875 0.015625 0.01953125
0 0.821875 0.376953125 0.015625 0.01953125
0 0.80625 0.39453125 0.015625 0.01953125
0 0.8171875 0.412109375 0.015625 0.01953125
