0 0.409375 0.0703125 0.015625 0.01953125
0 0.2640625 0.166015625 0.015625 0.01953125
0 0.253125 0.22265625 0.015625 0.01953125
0 0.2046875 0.279296875 0.015625 0.01953125
0 0.4859375 0.2578125 0.015625 0.01953125
0 0.5046875 0.240234375 0.015625 0.01953125
0 0.4640625 0.28125 0.015625 0.01953125
0 0.5421875 0.3984375 0.015625 0.01953125
0 0.7328125 0.015625 0.015625 0.01953125
0 0.046875 0.3125 0.015625 0.01953125
0 0.0234375 0.3828125 0.015625 0.01953125
0 0.0296875 0.466796875 0.015625 0.01953125
0 0.115625 0.494140625 0.015625 0.01953125
0 0.1875 0.619140625 0.015625 0.01953125
0 0.21875 0.71484375 0.015625 0.01953125
0 0.0875 0.708984375 0.015625 0.01953125
0 0.121875 0.87109375 0.015625 0.01953125
0 0.1296875 0.900390625 0.015625 0.01953125
0 0.103125 0.923828125 0.015625 0.01953125
0 0.096875 0.97265625 0.015625 0.01953125
0 0.2953125 0.95703125 0.015625 0.01953125
0 0.371875 0.916015625 0.015625 0.01953125
0 0.425 0.978515625 0.015625 0.01953125
0 0.703125 0.953125 0.015625 0.01953125
0 0.7015625 0.970703125 0.015625 0.01953125
0 0.8203125 0.96484375 0.015625 0.01953125
0 0.8078125 0.986328125 0.015625 0.01953125
0 0.8953125 0.89453125 0.015625 0.01953125
0 0.9421875 0.908203125 0.015625 0.01953125
0 0.9765625 0.953125 0.015625 0.01953125
0 0.390625 0.78125 0.015625 0.01953125
0 0.4203125 0.6484375 0.015625 0.01953125
0 0.5109375 0.634765625 0.015625 0.01953125
0 0.54375 0.599609375 0.015625 0.01953125
0 0.5578125 0.6328125 0.015625 0.01953125
0 0.7 0.529296875 0.015625 0.01953125
0 0.7015625 0.560546875 0.015625 0.01953125
0 0.925 0.537109375 0.015625 0.01953125
0 0.7703125 0.375 0.015625 0.01953125
0 0.928125 0.119140625 0.015625 0.01953125
0 0.9953125 0.173828125 0.015625 0.01953125
0 0.6171875 0.20703125 0.015625 0.01953125
0 0.79375 0.44140625 0.015625 0.01953125
0 0.7921875 0.40234375 0.015625 0.01953125
0 0.8265625 0.388671875 0.015625 0.01953125
0 0.8671875 0.3671875 0.015625 0.01953125
