0 0.3875 0.06640625 0.015625 0.01953125
0 0.240625 0.166015625 0.015625 0.01953125
0 0.21875 0.21484375 0.015625 0.01953125
0 0.18125 0.26953125 0.015625 0.01953125
0 0.484375 0.216796875 0.015625 0.01953125
0 0.4625 0.2421875 0.015625 0.01953125
0 0.440625 0.271484375 0.015625 0.01953125
0 0.5140625 0.380859375 0.015625 0.01953125
0 0.5984375 0.19140625 0.015625 0.01953125
0 0.0265625 0.3125 0.015625 0.01953125
0 0.0109375 0.384765625 0.015625 0.01953125
0 0.0171875 0.47265625 0.015625 0.01953125
0 0.125 0.48828125 0.015625 0.01953125
0 0.1875 0.6171875 0.015625 0.01953125
0 0.084375 0.712890625 0.015625 0.01953125
0 0.084375 0.732421875 0.015625 0.01953125
0 0.209375 0.716796875 0.015625 0.01953125
0 0.1328125 0.87109375 0.015625 0.01953125
0 0.1296875 0.89453125 0.015625 0.01953125
0 0.109375 0.927734375 0.015625 0.01953125
0 0.1125 0.97265625 0.015625 0.01953125
0 0.3078125 0.947265625 0.015625 0.01953125
0 0.3734375 0.91015625 0.015625 0.01953125
0 0.4640625 0.96875 0.015625 0.01953125
0 0.709375 0.94921875 0.015625 0.01953125
0 0.821875 0.9453125 0.015625 0.01953125
0 0.8171875 0.974609375 0.015625 0.01953125
0 0.909375 0.873046875 0.015625 0.01953125
0 0.9546875 0.884765625 0.015625 0.01953125
0 0.990625 0.94140625 0.015625 0.01953125
0 0.9796875 0.98828125 0.015625 0.01953125
0 0.3765625 0.787109375 0.015625 0.01953125
0 0.4015625 0.642578125 0.015625 0.01953125
0 0.5171875 0.580078125 0.015625 0.01953125
0 0.5296875 0.61328125 0.015625 0.01953125
0 0.4953125 0.625 0.015625 0.01953125
0 0.6890625 0.55078125 0.015625 0.01953125
0 0.6828125 0.521484375 0.015625 0.01953125
0 0.8984375 0.103515625 0.015625 0.01953125
0 0.753125 0.36328125 0.015625 0.01953125
0 0.8515625 0.369140625 0.015625 0.01953125
0 0.846875 0.4609375 0.015625 0.01953125
0 0.775 0.431640625 0.015625 0.01953125
0 0.8984375 0.087890625 0.015625 0.01953125
0 0.75 0.400390625 0.015625 0.01953125
0 0.7703125 0.388671875 0.015625 0.01953125
0 0.8140625 0.373046875 0.015625 0.01953125
0 0.8125 0.408203125 0.015625 0.01953125
0 0.796875 0.380859375 0.015625 0.01953125
0 0.796875 0.40234375 0.015625 0.01953125
0 0.8984375 0.52734375 0.015625 0.01953125
0 0.91875 0.537109375 0.015625 0.01953125
