0 0.803125 0.404296875 0.015625 0.01953125
0 0.825 0.40625 0.015625 0.01953125
0 0.8515625 0.412109375 0.015625 0.01953125
0 0.03125 0.3125 0.015625 0.01953125
0 0.3890625 0.05859375 0.015625 0.01953125
0 0.246875 0.16796875 0.015625 0.01953125
0 0.215625 0.212890625 0.015625 0.01953125
0 0.1875 0.27734375 0.015625 0.01953125
0 0.0140625 0.388671875 0.015625 0.01953125
0 0.053125 0.486328125 0.015625 0.01953125
0 0.1875 0.5078125 0.015625 0.01953125
0 0.2265625 0.630859375 0.015625 0.01953125
0 0.2359375 0.751953125 0.015625 0.01953125
0 0.1171875 0.73828125 0.015625 0.01953125
0 0.2125 0.8828125 0.015625 0.01953125
0 0.1828125 0.900390625 0.015625 0.01953125
0 0.190625 0.94140625 0.015625 0.01953125
0 0.1828125 0.984375 0.015625 0.01953125
0 0.015625 0.974609375 0.015625 0.01953125
0 0.39375 0.95703125 0.015625 0.01953125
0 0.4265625 0.908203125 0.015625 0.01953125
0 0.590625 0.96484375 0.015625 0.01953125
0 0.759375 0.943359375 0.015625 0.01953125
0 0.8859375 0.94140625 0.015625 0.01953125
0 0.8796875 0.978515625 0.015625 0.01953125
0 0.390625 0.794921875 0.015625 0.01953125
0 0.403125 0.64453125 0.015625 0.01953125
0 0.4765625 0.556640625 0.015625 0.01953125
0 0.4953125 0.591796875 0.015625 0.01953125
0 0.5 0.634765625 0.015625 0.01953125
0 0.684375 0.517578125 0.015625 0.01953125
0 0.696875 0.55078125 0.015625 0.01953125
0 0.86875 0.552734375 0.015625 0.01953125
0 0.8921875 0.54296875 0.015625 0.01953125
0 0.4859375 0.19140625 0.015625 0.01953125
0 0.465625 0.25 0.015625 0.01953125
0 0.446875 0.294921875 0.015625 0.01953125
0 0.51875 0.34765625 0.015625 0.01953125
0 0.6 0.1953125 0.015625 0.01953125
0 0.759375 0.3671875 0.015625 0.01953125
0 0.853125 0.462890625 0.015625 0.01953125
0 0.771875 0.439453125 0.015625 0.01953125
0 0.753125 0.400390625 0.015625 0.01953125
0 0.8203125 0.365234375 0.015625 0.01953125
0 0.871875 0.10546875 0.015625 0.01953125
0 0.85625 0.091796875 0.015625 0.01953125
0 0.790625 0.560546875 0.015625 0.01953125
