0 0.3984375 0.05859375 0.015625 0.01953125
0 0.465625 0.24609375 0.015625 0.01953125
0 0.446875 0.291015625 0.015625 0.01953125
0 0.2453125 0.166015625 0.015625 0.01953125
0 0.165625 0.201171875 0.015625 0.01953125
0 0.1890625 0.275390625 0.015625 0.01953125
0 0.0390625 0.314453125 0.015625 0.01953125
0 0.00625 0.390625 0.015625 0.01953125
0 0.08125 0.490234375 0.015625 0.01953125
0 0.2203125 0.490234375 0.015625 0.01953125
0 0.253125 0.63671875 0.015625 0.01953125
0 0.15 0.75390625 0.015625 0.01953125
0 0.2671875 0.798828125 0.015625 0.01953125
0 0.25 0.798828125 0.015625 0.01953125
0 0.275 0.89453125 0.015625 0.01953125
0 0.225 0.90234375 0.015625 0.01953125
0 0.1453125 0.9921875 0.015625 0.01953125
0 0.2453125 0.982421875 0.015625 0.01953125
0 0.2625 0.947265625 0.015625 0.01953125
0 0.4609375 0.958984375 0.015625 0.01953125
0 0.484375 0.908203125 0.015625 0.01953125
0 0.390625 0.810546875 0.015625 0.01953125
0 0.4140625 0.666015625 0.015625 0.01953125
0 0.50625 0.625 0.015625 0.01953125
0 0.453125 0.5390625 0.015625 0.01953125
0 0.4640625 0.5703125 0.015625 0.01953125
0 0.5171875 0.296875 0.015625 0.01953125
0 0.6015625 0.185546875 0.015625 0.01953125
0 0.85625 0.09765625 0.015625 0.01953125
0 0.6921875 0.513671875 0.015625 0.01953125
0 0.6984375 0.546875 0.015625 0.01953125
0 0.7984375 0.556640625 0.015625 0.01953125
0 0.840625 0.5625 0.015625 0.01953125
0 0.8703125 0.564453125 0.015625 0.01953125
0 0.8125 0.94140625 0.015625 0.01953125
0 0.9390625 0.921875 0.015625 0.01953125
0 0.9359375 0.962890625 0.015625 0.01953125
0 0.70625 0.9609375 0.015625 0.01953125
0 0.7734375 0.4296875 0.015625 0.01953125
0 0.8484375 0.47265625 0.015625 0.01953125
0 0.7484375 0.390625 0.015625 0.01953125
0 0.7640625 0.359375 0.015625 0.01953125
0 0.7859375 0.37890625 0.015625 0.01953125
0 0.840625 0.078125 0.015625 0.01953125
0 0.809375 0.365234375 0.015625 0.01953125
0 0.80625 0.400390625 0.015625 0.01953125
0 0.778125 0.392578125 0.015625 0.01953125
0 0.8234375 0.396484375 0.015625 0.01953125
0 0.821875 0.359375 0.015625 0.01953125
0 0.46875 0.150390625 0.015625 0.01953125
