0 0.790625 0.099609375 0.015625 0.01953125
0 0.853125 0.017578125 0.015625 0.01953125
0 0.8734375 0.01171875 0.015625 0.01953125
0 0.325 0.03125 0.015625 0.01953125
0 0.3609375 0.09375 0.015625 0.01953125
0 0.0234375 0.134765625 0.015625 0.01953125
0 0.1234375 0.248046875 0.015625 0.01953125
0 0.178125 0.146484375 0.015625 0.01953125
0 0.39375 0.240234375 0.015625 0.01953125
0 0.409375 0.26171875 0.015625 0.01953125
0 0.4546875 0.22265625 0.015625 0.01953125
0 0.5328125 0.17578125 0.015625 0.01953125
0 0.33125 0.505859375 0.015625 0.01953125
0 0.33125 0.53125 0.015625 0.01953125
0 0.43125 0.607421875 0.015625 0.01953125
0 0.328125 0.71484375 0.015625 0.01953125
0 0.028125 0.46875 0.015625 0.01953125
0 0.2140625 0.626953125 0.015625 0.01953125
0 0.1046875 0.763671875 0.015625 0.01953125
0 0.203125 0.84375 0.015625 0.01953125
0 0.2203125 0.841796875 0.015625 0.01953125
0 0.1953125 0.892578125 0.015625 0.01953125
0 0.2875 0.875 0.015625 0.01953125
0 0.278125 0.943359375 0.015625 0.01953125
0 0.1546875 0.98828125 0.015625 0.01953125
0 0.4609375 0.8984375 0.015625 0.01953125
0 0.46875 0.94140625 0.015625 0.01953125
0 0.2515625 0.97265625 0.015625 0.01953125
0 0.059375 0.912109375 0.015625 0.01953125
0 0.0484375 0.953125 0.015625 0.01953125
0 0.790625 0.958984375 0.015625 0.01953125
0 0.9265625 0.9296875 0.015625 0.01953125
0 0.9203125 0.96875 0.015625 0.01953125
0 0.61875 0.537109375 0.015625 0.01953125
0 0.6171875 0.509765625 0.015625 0.01953125
0 0.715625 0.591796875 0.015625 0.01953125
0 0.753125 0.609375 0.015625 0.01953125
0 0.75 0.490234375 0.015625 0.01953125
0 0.7640625 0.5234375 0.015625 0.01953125
0 0.6859375 0.361328125 0.015625 0.01953125
0 0.671875 0.400390625 0.015625 0.01953125
0 0.6953125 0.41796875 0.015625 0.01953125
0 0.7390625 0.36328125 0.015625 0.01953125
0 0.75625 0.3984375 0.015625 0.01953125
0 0.096875 0.447265625 0.015625 0.01953125
0 0.7859375 0.080078125 0.015625 0.01953125
0 0.7078125 0.3984375 0.015625 0.01953125
