0 0.30625 0.017578125 0.015625 0.01953125
0 0.334375 0.068359375 0.015625 0.01953125
0 0.1609375 0.126953125 0.015625 0.01953125
0 0.10625 0.234375 0.015625 0.01953125
0 0.3765625 0.2265625 0.015625 0.01953125
0 0.440625 0.185546875 0.015625 0.01953125
0 0.4140625 0.232421875 0.015625 0.01953125
0 0.0171875 0.462890625 0.015625 0.01953125
0 0.053125 0.419921875 0.015625 0.01953125
0 0.221875 0.6171875 0.015625 0.01953125
0 0.309375 0.732421875 0.015625 0.01953125
0 0.4109375 0.59765625 0.015625 0.01953125
0 0.2078125 0.88671875 0.015625 0.01953125
0 0.2296875 0.857421875 0.015625 0.01953125
0 0.3125 0.873046875 0.015625 0.01953125
0 0.3078125 0.93359375 0.015625 0.01953125
0 0.178125 0.982421875 0.015625 0.01953125
0 0.2796875 0.958984375 0.015625 0.01953125
0 0.334375 0.994140625 0.015625 0.01953125
0 0.0765625 0.89453125 0.015625 0.01953125
0 0.0671875 0.943359375 0.015625 0.01953125
0 0.1078125 0.765625 0.015625 0.01953125
0 0.1140625 0.75 0.015625 0.01953125
0 0.296875 0.517578125 0.015625 0.01953125
0 0.303125 0.490234375 0.015625 0.01953125
0 0.478125 0.890625 0.015625 0.01953125
0 0.4953125 0.921875 0.015625 0.01953125
0 0.5109375 0.994140625 0.015625 0.01953125
0 0.803125 0.947265625 0.015625 0.01953125
0 0.940625 0.919921875 0.015625 0.01953125
0 0.9328125 0.947265625 0.015625 0.01953125
0 0.684375 0.6015625 0.015625 0.01953125
0 0.7171875 0.611328125 0.015625 0.01953125
0 0.603125 0.498046875 0.015625 0.01953125
0 0.603125 0.5234375 0.015625 0.01953125
0 0.7390625 0.50390625 0.015625 0.01953125
0 0.75625 0.537109375 0.015625 0.01953125
0 0.675 0.349609375 0.015625 0.01953125
0 0.675 0.3984375 0.015625 0.01953125
0 0.740625 0.341796875 0.015625 0.01953125
0 0.721875 0.35546875 0.015625 0.01953125
0 0.7421875 0.380859375 0.015625 0.01953125
0 0.7796875 0.08203125 0.015625 0.01953125
0 0.521875 0.1796875 0.015625 0.01953125
0 0.8453125 0.033203125 0.015625 0.01953125
