0 0.3046875 0.009765625 0.015625 0.01953125
0 0.321875 0.046875 0.015625 0.01953125
0 0.1515625 0.12109375 0.015625 0.01953125
0 0.096875 0.2265625 0.015625 0.01953125
0 0.3765625 0.20703125 0.015625 0.01953125
0 0.44375 0.16015625 0.015625 0.01953125
0 0.4203125 0.220703125 0.015625 0.01953125
0 0.5171875 0.169921875 0.015625 0.01953125
0 0.6734375 0.34375 0.015625 0.01953125
0 0.7109375 0.34765625 0.015625 0.01953125
0 0.734375 0.33984375 0.015625 0.01953125
0 0.7390625 0.3828125 0.015625 0.01953125
0 0.240625 0.615234375 0.015625 0.01953125
0 0.40625 0.58984375 0.015625 0.01953125
0 0.2953125 0.771484375 0.015625 0.01953125
0 0.121875 0.7734375 0.015625 0.01953125
0 0.2515625 0.869140625 0.015625 0.01953125
0 0.2296875 0.890625 0.015625 0.01953125
0 0.2171875 0.984375 0.015625 0.01953125
0 0.3296875 0.95703125 0.015625 0.01953125
0 0.3640625 0.9296875 0.015625 0.01953125
0 0.3546875 0.873046875 0.015625 0.01953125
0 0.0203125 0.412109375 0.015625 0.01953125
0 0.2875 0.49609375 0.015625 0.01953125
0 0.2859375 0.517578125 0.015625 0.01953125
0 0.121875 0.904296875 0.015625 0.01953125
0 0.090625 0.951171875 0.015625 0.01953125
0 0.50625 0.888671875 0.015625 0.01953125
0 0.546875 0.921875 0.015625 0.01953125
0 0.5828125 0.98828125 0.015625 0.01953125
0 0.828125 0.96484375 0.015625 0.01953125
0 0.9703125 0.916015625 0.015625 0.01953125
0 0.971875 0.947265625 0.015625 0.01953125
0 0.5921875 0.490234375 0.015625 0.01953125
0 0.596875 0.515625 0.015625 0.01953125
0 0.6984375 0.537109375 0.015625 0.01953125
0 0.7734375 0.080078125 0.015625 0.01953125
0 0.7984375 0.03125 0.015625 0.01953125
0 0.8171875 0.0234375 0.015625 0.01953125
0 0.840625 0.064453125 0.015625 0.01953125
0 0.88125 0.029296875 0.015625 0.01953125
0 0.7296875 0.517578125 0.015625 0.01953125
0 0.7390625 0.55078125 0.015625 0.01953125
0 0.65 0.595703125 0.015625 0.01953125
0 0.678125 0.625 0.015625 0.01953125
