0 0.6625 0.0078125 0.015625 0.01953125
0 0.7109375 0.08984375 0.015625 0.01953125
0 0.796875 0.111328125 0.015625 0.01953125
0 0.80625 0.134765625 0.015625 0.01953125
0 0.2546875 0.09765625 0.015625 0.01953125
0 0.1234375 0.248046875 0.015625 0.01953125
0 0.3265625 0.275390625 0.015625 0.01953125
0 0.5875 0.166015625 0.015625 0.01953125
0 0.5765625 0.23046875 0.015625 0.01953125
0 0.625 0.37109375 0.015625 0.01953125
0 0.4546875 0.630859375 0.015625 0.01953125
0 0.31875 0.748046875 0.015625 0.01953125
0 0.059375 0.92578125 0.015625 0.01953125
0 0.171875 0.939453125 0.015625 0.01953125
0 0.290625 0.931640625 0.015625 0.01953125
0 0.4671875 0.9375 0.015625 0.01953125
0 0.5828125 0.982421875 0.015625 0.01953125
0 0.7734375 0.955078125 0.015625 0.01953125
0 0.73125 0.984375 0.015625 0.01953125
0 0.86875 0.974609375 0.015625 0.01953125
0 0.890625 0.806640625 0.015625 0.01953125
0 0.7171875 0.580078125 0.015625 0.01953125
0 0.7640625 0.396484375 0.015625 0.01953125
0 0.74375 0.3515625 0.015625 0.01953125
0 0.825 0.369140625 0.015625 0.01953125
0 0.953125 0.287109375 0.015625 0.01953125
0 0.9703125 0.2578125 0.015625 0.01953125
0 0.0296875 0.830078125 0.015625 0.01953125
0 0.4671875 0.9375 0.015625 0.01953125
0 0.46875 0.9140625 0.015625 0.01953125
0 0.4359375 0.35546875 0.015625 0.01953125
