0 0.6609375 0.005859375 0.015625 0.01953125
0 0.7140625 0.119140625 0.015625 0.01953125
0 0.8 0.1328125 0.015625 0.01953125
0 0.803125 0.11328125 0.015625 0.01953125
0 0.5765625 0.16015625 0.015625 0.01953125
0 0.56875 0.240234375 0.015625 0.01953125
0 0.334375 0.27734375 0.015625 0.01953125
0 0.4125 0.373046875 0.015625 0.01953125
0 0.4578125 0.6328125 0.015625 0.01953125
0 0.3171875 0.73828125 0.015625 0.01953125
0 0.08125 0.8125 0.015625 0.01953125
0 0.1 0.9296875 0.015625 0.01953125
0 0.21875 0.947265625 0.015625 0.01953125
0 0.3296875 0.939453125 0.015625 0.01953125
0 0.5015625 0.9140625 0.015625 0.01953125
0 0.496875 0.935546875 0.015625 0.01953125
0 0.0203125 0.396484375 0.015625 0.01953125
0 0.021875 0.560546875 0.015625 0.01953125
0 0.059375 0.814453125 0.015625 0.01953125
0 0.096875 0.89453125 0.015625 0.01953125
0 0.0421875 0.8671875 0.015625 0.01953125
0 0.6265625 0.984375 0.015625 0.01953125
0 0.8203125 0.95703125 0.015625 0.01953125
0 0.7703125 0.982421875 0.015625 0.01953125
0 0.9140625 0.97265625 0.015625 0.01953125
0 0.8515625 0.783203125 0.015625 0.01953125
0 0.6984375 0.564453125 0.015625 0.01953125
0 0.7765625 0.365234375 0.015625 0.01953125
0 0.74375 0.341796875 0.015625 0.01953125
0 0.8484375 0.376953125 0.015625 0.01953125
0 0.2515625 0.078125 0.015625 0.01953125
0 0.1234375 0.24609375 0.015625 0.01953125
0 0.653125 0.263671875 0.015625 0.01953125
0 0.4265625 0.046875 0.015625 0.01953125
