0 0.2859375 0.044921875 0.015625 0.01953125
0 0.240625 0.080078125 0.015625 0.01953125
0 0.1234375 0.23828125 0.015625 0.01953125
0 0.05 0.3828125 0.015625 0.01953125
0 0.7046875 0.228515625 0.015625 0.01953125
0 0.5796875 0.12890625 0.015625 0.01953125
0 0.565625 0.23828125 0.015625 0.01953125
0 0.8078125 0.130859375 0.015625 0.01953125
0 0.7984375 0.099609375 0.015625 0.01953125
0 0.7109375 0.107421875 0.015625 0.01953125
0 0.759375 0.279296875 0.015625 0.01953125
0 0.7859375 0.33203125 0.015625 0.01953125
0 0.8890625 0.388671875 0.015625 0.01953125
0 0.7109375 0.404296875 0.015625 0.01953125
0 0.6734375 0.56640625 0.015625 0.01953125
0 0.3875 0.361328125 0.015625 0.01953125
0 0.3515625 0.25390625 0.015625 0.01953125
0 0.4625 0.6171875 0.015625 0.01953125
0 0.3015625 0.708984375 0.015625 0.01953125
0 0.1328125 0.828125 0.015625 0.01953125
0 0.0625 0.841796875 0.015625 0.01953125
0 0.0953125 0.876953125 0.015625 0.01953125
0 0.159375 0.935546875 0.015625 0.01953125
0 0.284375 0.951171875 0.015625 0.01953125
0 0.3890625 0.943359375 0.015625 0.01953125
0 0.1 0.82421875 0.015625 0.01953125
0 0.0921875 0.560546875 0.015625 0.01953125
0 0.0140625 0.517578125 0.015625 0.01953125
0 0.190625 0.873046875 0.015625 0.01953125
0 0.428125 0.900390625 0.015625 0.01953125
0 0.5046875 0.892578125 0.015625 0.01953125
0 0.5375 0.91796875 0.015625 0.01953125
0 0.5359375 0.9375 0.015625 0.01953125
0 0.69375 0.98828125 0.015625 0.01953125
0 0.715625 0.96875 0.015625 0.01953125
0 0.81875 0.96875 0.015625 0.01953125
0 0.890625 0.9609375 0.015625 0.01953125
0 0.975 0.962890625 0.015625 0.01953125
0 0.790625 0.732421875 0.015625 0.01953125
0 0.1609375 0.115234375 0.015625 0.01953125
