0 0.234375 0.9140625 0.015625 0.01953125
0 0.2109375 0.94140625 0.015625 0.01953125
0 0.246875 0.966796875 0.015625 0.01953125
0 0.26875 0.9140625 0.015625 0.01953125
0 0.0625 0.77734375 0.015625 0.01953125
0 0.08125 0.755859375 0.015625 0.01953125
0 0.034375 0.62109375 0.015625 0.01953125
0 0.053125 0.49609375 0.015625 0.01953125
0 0.3671875 0.400390625 0.015625 0.01953125
0 0.3625 0.25390625 0.015625 0.01953125
0 0.1203125 0.314453125 0.015625 0.01953125
0 0.246875 0.13671875 0.015625 0.01953125
0 0.565625 0.08984375 0.015625 0.01953125
0 0.5765625 0.140625 0.015625 0.01953125
0 0.5578125 0.25 0.015625 0.01953125
0 0.625 0.560546875 0.015625 0.01953125
0 0.69375 0.4765625 0.015625 0.01953125
0 0.15625 0.65234375 0.015625 0.01953125
0 0.3171875 0.71875 0.015625 0.01953125
0 0.484375 0.654296875 0.015625 0.01953125
0 0.828125 0.43359375 0.015625 0.01953125
0 0.975 0.392578125 0.015625 0.01953125
0 0.6625 0.943359375 0.015625 0.01953125
0 0.778125 0.30859375 0.015625 0.01953125
0 0.7234375 0.267578125 0.015625 0.01953125
0 0.6640625 0.23046875 0.015625 0.01953125
0 0.6734375 0.091796875 0.015625 0.01953125
0 0.778125 0.09375 0.015625 0.01953125
0 0.7828125 0.11328125 0.015625 0.01953125
0 0.409375 0.93359375 0.015625 0.01953125
0 0.6609375 0.880859375 0.015625 0.01953125
0 0.54375 0.978515625 0.015625 0.01953125
0 0.875 0.98046875 0.015625 0.01953125
0 0.971875 0.94140625 0.015625 0.01953125
0 0.8890625 0.96484375 0.015625 0.01953125
0 0.4625 0.0234375 0.015625 0.01953125
0 0.63125 0.009765625 0.015625 0.01953125
