0 0.684375 0.427734375 0.015625 0.01953125
0 0.678125 0.470703125 0.015625 0.01953125
0 0.565625 0.5546875 0.015625 0.01953125
0 0.484375 0.59375 0.015625 0.01953125
0 0.45625 0.6015625 0.015625 0.01953125
0 0.85625 0.505859375 0.015625 0.01953125
0 0.8484375 0.40234375 0.015625 0.01953125
0 0.90625 0.111328125 0.015625 0.01953125
0 0.921875 0.138671875 0.015625 0.01953125
0 0.871875 0.19140625 0.015625 0.01953125
0 0.74375 0.09765625 0.015625 0.01953125
0 0.7296875 0.080078125 0.015625 0.01953125
0 0.6359375 0.017578125 0.015625 0.01953125
0 0.565625 0.138671875 0.015625 0.01953125
0 0.5578125 0.0234375 0.015625 0.01953125
0 0.3140625 0.07421875 0.015625 0.01953125
0 0.30625 0.052734375 0.015625 0.01953125
0 0.3078125 0.25390625 0.015625 0.01953125
0 0.2203125 0.060546875 0.015625 0.01953125
0 0.1078125 0.09765625 0.015625 0.01953125
0 0.0421875 0.11328125 0.015625 0.01953125
0 0.0796875 0.201171875 0.015625 0.01953125
0 0.0171875 0.2109375 0.015625 0.01953125
0 0.215625 0.369140625 0.015625 0.01953125
0 0.01875 0.83203125 0.015625 0.01953125
0 0.0109375 0.861328125 0.015625 0.01953125
0 0.0328125 0.935546875 0.015625 0.01953125
0 0.05625 0.951171875 0.015625 0.01953125
0 0.146875 0.97265625 0.015625 0.01953125
0 0.290625 0.978515625 0.015625 0.01953125
0 0.3421875 0.95703125 0.015625 0.01953125
0 0.3453125 0.908203125 0.015625 0.01953125
0 0.3796875 0.91015625 0.015625 0.01953125
0 0.375 0.927734375 0.015625 0.01953125
0 0.5140625 0.931640625 0.015625 0.01953125
0 0.4796875 0.8359375 0.015625 0.01953125
0 0.4828125 0.98828125 0.015625 0.01953125
0 0.7703125 0.84765625 0.015625 0.01953125
0 0.7484375 0.87890625 0.015625 0.01953125
0 0.7328125 0.90625 0.015625 0.01953125
0 0.734375 0.935546875 0.015625 0.01953125
0 0.8578125 0.88671875 0.015625 0.01953125
0 0.9140625 0.755859375 0.015625 0.01953125
0 0.9171875 0.779296875 0.015625 0.01953125
0 0.9671875 0.705078125 0.015625 0.01953125
0 0.9671875 0.384765625 0.015625 0.01953125
0 0.9640625 0.291015625 0.015625 0.01953125
0 0.959375 0.48828125 0.015625 0.01953125
0 0.975 0.466796875 0.015625 0.01953125
0 0.29375 0.833984375 0.015625 0.01953125
0 0.4234375 0.896484375 0.015625 0.01953125
