0 0.1171875 0.1015625 0.015625 0.01953125
0 0.0859375 0.20703125 0.015625 0.01953125
0 0.171875 0.2265625 0.015625 0.01953125
0 0.0609375 0.11328125 0.015625 0.01953125
0 0.059375 0.1328125 0.015625 0.01953125
0 0.221875 0.068359375 0.015625 0.01953125
0 0.2625 0.021484375 0.015625 0.01953125
0 0.2828125 0.052734375 0.015625 0.01953125
0 0.3109375 0.06640625 0.015625 0.01953125
0 0.3140625 0.248046875 0.015625 0.01953125
0 0.2234375 0.384765625 0.015625 0.01953125
0 0.034375 0.837890625 0.015625 0.01953125
0 0.0296875 0.8671875 0.015625 0.01953125
0 0.05625 0.939453125 0.015625 0.01953125
0 0.1765625 0.978515625 0.015625 0.01953125
0 0.0859375 0.947265625 0.015625 0.01953125
0 0.315625 0.9921875 0.015625 0.01953125
0 0.365625 0.8984375 0.015625 0.01953125
0 0.403125 0.9140625 0.015625 0.01953125
0 0.4 0.93359375 0.015625 0.01953125
0 0.36875 0.96875 0.015625 0.01953125
0 0.3578125 0.994140625 0.015625 0.01953125
0 0.5078125 0.986328125 0.015625 0.01953125
0 0.5578125 0.931640625 0.015625 0.01953125
0 0.46875 0.900390625 0.015625 0.01953125
0 0.503125 0.84375 0.015625 0.01953125
0 0.45 0.583984375 0.015625 0.01953125
0 0.471875 0.59375 0.015625 0.01953125
0 0.54375 0.55078125 0.015625 0.01953125
0 0.678125 0.478515625 0.015625 0.01953125
0 0.721875 0.443359375 0.015625 0.01953125
0 0.85625 0.509765625 0.015625 0.01953125
0 0.8515625 0.408203125 0.015625 0.01953125
0 0.5578125 0.150390625 0.015625 0.01953125
0 0.5609375 0.03125 0.015625 0.01953125
0 0.625 0.01953125 0.015625 0.01953125
0 0.7375 0.09375 0.015625 0.01953125
0 0.7484375 0.10546875 0.015625 0.01953125
0 0.9 0.095703125 0.015625 0.01953125
0 0.878125 0.181640625 0.015625 0.01953125
0 0.9 0.1875 0.015625 0.01953125
0 0.98125 0.333984375 0.015625 0.01953125
0 0.9375 0.31640625 0.015625 0.01953125
0 0.959375 0.35546875 0.015625 0.01953125
0 0.9546875 0.396484375 0.015625 0.01953125
0 0.9796875 0.447265625 0.015625 0.01953125
0 0.9890625 0.48046875 0.015625 0.01953125
0 0.975 0.49609375 0.015625 0.01953125
0 0.7921875 0.83984375 0.015625 0.01953125
0 0.7703125 0.876953125 0.015625 0.01953125
0 0.7640625 0.900390625 0.015625 0.01953125
0 0.7640625 0.923828125 0.015625 0.01953125
0 0.8796875 0.873046875 0.015625 0.01953125
0 0.9359375 0.755859375 0.015625 0.01953125
0 0.0171875 0.22265625 0.015625 0.01953125
0 0.328125 0.822265625 0.015625 0.01953125
