0 0.4296875 0.830078125 0.015625 0.01953125
0 0.4328125 0.90625 0.015625 0.01953125
0 0.4578125 0.953125 0.015625 0.01953125
0 0.4046875 0.978515625 0.015625 0.01953125
0 0.4578125 0.576171875 0.015625 0.01953125
0 0.4578125 0.615234375 0.015625 0.01953125
0 0.5328125 0.564453125 0.015625 0.01953125
0 0.090625 0.87109375 0.015625 0.01953125
0 0.0859375 0.900390625 0.015625 0.01953125
0 0.1234375 0.970703125 0.015625 0.01953125
0 0.171875 0.970703125 0.015625 0.01953125
0 0.0265625 0.642578125 0.015625 0.01953125
0 0.15 0.126953125 0.015625 0.01953125
0 0.2296875 0.15234375 0.015625 0.01953125
0 0.253125 0.171875 0.015625 0.01953125
0 0.2484375 0.091796875 0.015625 0.01953125
0 0.3390625 0.0859375 0.015625 0.01953125
0 0.3453125 0.107421875 0.015625 0.01953125
0 0.340625 0.173828125 0.015625 0.01953125
0 0.340625 0.255859375 0.015625 0.01953125
0 0.5703125 0.208984375 0.015625 0.01953125
0 0.5890625 0.048828125 0.015625 0.01953125
0 0.6515625 0.05078125 0.015625 0.01953125
0 0.778125 0.1328125 0.015625 0.01953125
0 0.7609375 0.12109375 0.015625 0.01953125
0 0.759375 0.021484375 0.015625 0.01953125
0 0.915625 0.166015625 0.015625 0.01953125
0 0.9375 0.072265625 0.015625 0.01953125
0 0.925 0.357421875 0.015625 0.01953125
0 0.875 0.435546875 0.015625 0.01953125
0 0.8765625 0.53515625 0.015625 0.01953125
0 0.840625 0.478515625 0.015625 0.01953125
0 0.9625 0.427734375 0.015625 0.01953125
0 0.875 0.369140625 0.015625 0.01953125
0 0.84375 0.369140625 0.015625 0.01953125
0 0.81875 0.28515625 0.015625 0.01953125
0 0.709375 0.505859375 0.015625 0.01953125
0 0.990625 0.51171875 0.015625 0.01953125
0 0.953125 0.880859375 0.015625 0.01953125
0 0.8578125 0.85546875 0.015625 0.01953125
0 0.8546875 0.880859375 0.015625 0.01953125
0 0.8453125 0.908203125 0.015625 0.01953125
0 0.840625 0.931640625 0.015625 0.01953125
0 0.6734375 0.93359375 0.015625 0.01953125
0 0.5796875 0.93359375 0.015625 0.01953125
0 0.5796875 0.861328125 0.015625 0.01953125
0 0.2421875 0.427734375 0.015625 0.01953125
0 0.1171875 0.234375 0.015625 0.01953125
0 0.084375 0.169921875 0.015625 0.01953125
0 0.0421875 0.271484375 0.015625 0.01953125
0 0.2953125 0.044921875 0.015625 0.01953125
0 0.23125 0.015625 0.015625 0.01953125
