0 0.0640625 0.119140625 0.015625 0.01953125
0 0.1140625 0.146484375 0.015625 0.01953125
0 0.0546875 0.216796875 0.015625 0.01953125
0 0.240625 0.14453125 0.015625 0.01953125
0 0.2046875 0.193359375 0.015625 0.01953125
0 0.3671875 0.119140625 0.015625 0.01953125
0 0.425 0.193359375 0.015625 0.01953125
0 0.40625 0.19140625 0.015625 0.01953125
0 0.284375 0.220703125 0.015625 0.01953125
0 0.2390625 0.275390625 0.015625 0.01953125
0 0.221875 0.376953125 0.015625 0.01953125
0 0.23125 0.40625 0.015625 0.01953125
0 0.2921875 0.416015625 0.015625 0.01953125
0 0.1140625 0.408203125 0.015625 0.01953125
0 0.0546875 0.408203125 0.015625 0.01953125
0 0.0203125 0.505859375 0.015625 0.01953125
0 0.059375 0.490234375 0.015625 0.01953125
0 0.0984375 0.49609375 0.015625 0.01953125
0 0.2359375 0.69921875 0.015625 0.01953125
0 0.025 0.806640625 0.015625 0.01953125
0 0.1234375 0.806640625 0.015625 0.01953125
0 0.1875 0.89453125 0.015625 0.01953125
0 0.6109375 0.888671875 0.015625 0.01953125
0 0.615625 0.93359375 0.015625 0.01953125
0 0.8078125 0.861328125 0.015625 0.01953125
0 0.9609375 0.947265625 0.015625 0.01953125
0 0.9328125 0.853515625 0.015625 0.01953125
0 0.8890625 0.794921875 0.015625 0.01953125
0 0.846875 0.802734375 0.015625 0.01953125
0 0.709375 0.732421875 0.015625 0.01953125
0 0.6109375 0.677734375 0.015625 0.01953125
0 0.55 0.55078125 0.015625 0.01953125
0 0.6703125 0.484375 0.015625 0.01953125
0 0.7125 0.474609375 0.015625 0.01953125
0 0.5921875 0.330078125 0.015625 0.01953125
0 0.6953125 0.990234375 0.015625 0.01953125
0 0.6375 0.994140625 0.015625 0.01953125
0 0.7890625 0.021484375 0.015625 0.01953125
0 0.9546875 0.021484375 0.015625 0.01953125
0 0.953125 0.19140625 0.015625 0.01953125
0 0.80625 0.201171875 0.015625 0.01953125
0 0.815625 0.22265625 0.015625 0.01953125
0 0.7765625 0.26171875 0.015625 0.01953125
0 0.86875 0.40234375 0.015625 0.01953125
0 0.9140625 0.3828125 0.015625 0.01953125
0 0.990625 0.462890625 0.015625 0.01953125
0 0.9328125 0.50390625 0.015625 0.01953125
0 0.9515625 0.54296875 0.015625 0.01953125
0 0.959375 0.568359375 0.015625 0.01953125
0 0.9921875 0.623046875 0.015625 0.01953125
0 0.9109375 0.546875 0.015625 0.01953125
0 0.9703125 0.26953125 0.015625 0.01953125
0 0.9890625 0.30078125 0.015625 0.01953125
0 0.840625 0.6875 0.015625 0.01953125
0 0.2328125 0.005859375 0.015625 0.01953125
0 0.2078125 0.4921875 0.015625 0.01953125
