0 0.25625 0.029296875 0.015625 0.01953125
0 0.35 0.28515625 0.015625 0.01953125
0 0.2734375 0.2265625 0.015625 0.01953125
0 0.11875 0.19140625 0.015625 0.01953125
0 0.171875 0.3203125 0.015625 0.01953125
0 0.2328125 0.35546875 0.015625 0.01953125
0 0.2078125 0.431640625 0.015625 0.01953125
0 0.1453125 0.375 0.015625 0.01953125
0 0.053125 0.388671875 0.015625 0.01953125
0 0.0171875 0.46875 0.015625 0.01953125
0 0.0921875 0.27734375 0.015625 0.01953125
0 0.0734375 0.25390625 0.015625 0.01953125
0 0.071875 0.638671875 0.015625 0.01953125
0 0.078125 0.66796875 0.015625 0.01953125
0 0.065625 0.705078125 0.015625 0.01953125
0 0.1203125 0.67578125 0.015625 0.01953125
0 0.1015625 0.724609375 0.015625 0.01953125
0 0.090625 0.83203125 0.015625 0.01953125
0 0.2671875 0.8359375 0.015625 0.01953125
0 0.309375 0.73828125 0.015625 0.01953125
0 0.2953125 0.548828125 0.015625 0.01953125
0 0.021875 0.927734375 0.015625 0.01953125
0 0.0046875 0.876953125 0.015625 0.01953125
0 0.578125 0.556640625 0.015625 0.01953125
0 0.5203125 0.314453125 0.015625 0.01953125
0 0.5859375 0.0859375 0.015625 0.01953125
0 0.678125 0.0859375 0.015625 0.01953125
0 0.6671875 0.443359375 0.015625 0.01953125
0 0.7421875 0.458984375 0.015625 0.01953125
0 0.7859375 0.55859375 0.015625 0.01953125
0 0.678125 0.62109375 0.015625 0.01953125
0 0.7484375 0.748046875 0.015625 0.01953125
0 0.76875 0.7734375 0.015625 0.01953125
0 0.7640625 0.9609375 0.015625 0.01953125
0 0.809375 0.8671875 0.015625 0.01953125
0 0.8234375 0.87890625 0.015625 0.01953125
0 0.871875 0.806640625 0.015625 0.01953125
0 0.9 0.833984375 0.015625 0.01953125
0 0.95 0.947265625 0.015625 0.01953125
0 0.93125 0.61328125 0.015625 0.01953125
0 0.9390625 0.5 0.015625 0.01953125
0 0.975 0.541015625 0.015625 0.01953125
0 0.9 0.390625 0.015625 0.01953125
0 0.85625 0.255859375 0.015625 0.01953125
0 0.909375 0.29296875 0.015625 0.01953125
0 0.8984375 0.046875 0.015625 0.01953125
0 0.953125 0.056640625 0.015625 0.01953125
0 0.9609375 0.171875 0.015625 0.01953125
0 0.9046875 0.173828125 0.015625 0.01953125
0 0.8828125 0.244140625 0.015625 0.01953125
0 0.915625 0.228515625 0.015625 0.01953125
0 0.9390625 0.244140625 0.015625 0.01953125
0 0.959375 0.259765625 0.015625 0.01953125
0 0.6625 0.09375 0.015625 0.01953125
