0 0.25 0.025390625 0.015625 0.01953125
0 0.353125 0.279296875 0.015625 0.01953125
0 0.521875 0.314453125 0.015625 0.01953125
0 0.58125 0.55859375 0.015625 0.01953125
0 0.66875 0.4375 0.015625 0.01953125
0 0.678125 0.623046875 0.015625 0.01953125
0 0.7921875 0.544921875 0.015625 0.01953125
0 0.7515625 0.4765625 0.015625 0.01953125
0 0.2953125 0.55078125 0.015625 0.01953125
0 0.1234375 0.66796875 0.015625 0.01953125
0 0.20625 0.43359375 0.015625 0.01953125
0 0.23125 0.357421875 0.015625 0.01953125
0 0.171875 0.3203125 0.015625 0.01953125
0 0.1484375 0.37890625 0.015625 0.01953125
0 0.75625 0.734375 0.015625 0.01953125
0 0.775 0.759765625 0.015625 0.01953125
0 0.909375 0.826171875 0.015625 0.01953125
0 0.875 0.796875 0.015625 0.01953125
0 0.8234375 0.87109375 0.015625 0.01953125
0 0.98125 0.52734375 0.015625 0.01953125
0 0.8953125 0.150390625 0.015625 0.01953125
0 0.909375 0.212890625 0.015625 0.01953125
0 0.846875 0.267578125 0.015625 0.01953125
0 0.8890625 0.25 0.015625 0.01953125
0 0.9 0.369140625 0.015625 0.01953125
0 0.940625 0.474609375 0.015625 0.01953125
0 0.909375 0.287109375 0.015625 0.01953125
0 0.9359375 0.23046875 0.015625 0.01953125
0 0.953125 0.24609375 0.015625 0.01953125
0 0.334375 0.287109375 0.015625 0.01953125
0 0.2796875 0.240234375 0.015625 0.01953125
0 0.0578125 0.3984375 0.015625 0.01953125
0 0.0484375 0.65234375 0.015625 0.01953125
0 0.053125 0.677734375 0.015625 0.01953125
0 0.065625 0.703125 0.015625 0.01953125
0 0.10625 0.720703125 0.015625 0.01953125
0 0.2609375 0.837890625 0.015625 0.01953125
0 0.325 0.759765625 0.015625 0.01953125
0 0.0203125 0.931640625 0.015625 0.01953125
0 0.0875 0.828125 0.015625 0.01953125
0 0.0234375 0.4765625 0.015625 0.01953125
0 0.1234375 0.1953125 0.015625 0.01953125
0 0.0859375 0.28125 0.015625 0.01953125
0 0.0703125 0.259765625 0.015625 0.01953125
0 0.665625 0.115234375 0.015625 0.01953125
0 0.6625 0.083984375 0.015625 0.01953125
0 0.5578125 0.064453125 0.015625 0.01953125
0 0.903125 0.044921875 0.015625 0.01953125
0 0.9515625 0.046875 0.015625 0.01953125
0 0.9546875 0.158203125 0.015625 0.01953125
0 0.934375 0.59765625 0.015625 0.01953125
0 0.7765625 0.931640625 0.015625 0.01953125
0 0.9578125 0.94140625 0.015625 0.01953125
0 0.9875 0.96875 0.015625 0.01953125
0 0.8125 0.853515625 0.015625 0.01953125
0 0.746875 0.9921875 0.015625 0.01953125
