0 0.2390625 0.0234375 0.015625 0.01953125
0 0.11875 0.1953125 0.015625 0.01953125
0 0.0703125 0.26171875 0.015625 0.01953125
0 0.090625 0.28125 0.015625 0.01953125
0 0.278125 0.2421875 0.015625 0.01953125
0 0.353125 0.287109375 0.015625 0.01953125
0 0.3390625 0.2890625 0.015625 0.01953125
0 0.521875 0.322265625 0.015625 0.01953125
0 0.6515625 0.091796875 0.015625 0.01953125
0 0.6578125 0.126953125 0.015625 0.01953125
0 0.5328125 0.025390625 0.015625 0.01953125
0 0.9484375 0.03125 0.015625 0.01953125
0 0.8875 0.107421875 0.015625 0.01953125
0 0.959375 0.134765625 0.015625 0.01953125
0 0.8921875 0.021484375 0.015625 0.01953125
0 0.9078125 0.1875 0.015625 0.01953125
0 0.9359375 0.201171875 0.015625 0.01953125
0 0.95625 0.216796875 0.015625 0.01953125
0 0.9 0.25390625 0.015625 0.01953125
0 0.8625 0.248046875 0.015625 0.01953125
0 0.915625 0.27734375 0.015625 0.01953125
0 0.9078125 0.3359375 0.015625 0.01953125
0 0.9421875 0.435546875 0.015625 0.01953125
0 0.98125 0.50390625 0.015625 0.01953125
0 0.9390625 0.572265625 0.015625 0.01953125
0 0.9234375 0.79296875 0.015625 0.01953125
0 0.884375 0.771484375 0.015625 0.01953125
0 0.7921875 0.521484375 0.015625 0.01953125
0 0.75625 0.48828125 0.015625 0.01953125
0 0.6671875 0.4375 0.015625 0.01953125
0 0.790625 0.88671875 0.015625 0.01953125
0 0.81875 0.845703125 0.015625 0.01953125
0 0.8390625 0.85546875 0.015625 0.01953125
0 0.9609375 0.93359375 0.015625 0.01953125
0 0.9828125 0.98046875 0.015625 0.01953125
0 0.5828125 0.55859375 0.015625 0.01953125
0 0.2984375 0.548828125 0.015625 0.01953125
0 0.3359375 0.779296875 0.015625 0.01953125
0 0.115625 0.658203125 0.015625 0.01953125
0 0.7578125 0.947265625 0.015625 0.01953125
0 0.778125 0.732421875 0.015625 0.01953125
0 0.7640625 0.712890625 0.015625 0.01953125
0 0.175 0.322265625 0.015625 0.01953125
0 0.2359375 0.3671875 0.015625 0.01953125
0 0.2140625 0.43359375 0.015625 0.01953125
0 0.1453125 0.384765625 0.015625 0.01953125
0 0.059375 0.41015625 0.015625 0.01953125
0 0.021875 0.673828125 0.015625 0.01953125
0 0.0328125 0.693359375 0.015625 0.01953125
0 0.06875 0.701171875 0.015625 0.01953125
0 0.1015625 0.73046875 0.015625 0.01953125
0 0.09375 0.826171875 0.015625 0.01953125
0 0.021875 0.935546875 0.015625 0.01953125
0 0.2453125 0.833984375 0.015625 0.01953125
0 0.678125 0.625 0.015625 0.01953125
0 0.990625 0.212890625 0.015625 0.01953125
