0 0.2234375 0.015625 0.015625 0.01953125
0 0.284375 0.2421875 0.015625 0.01953125
0 0.353125 0.291015625 0.015625 0.01953125
0 0.3390625 0.291015625 0.015625 0.01953125
0 0.525 0.302734375 0.015625 0.01953125
0 0.6640625 0.14453125 0.015625 0.01953125
0 0.646875 0.1015625 0.015625 0.01953125
0 0.6734375 0.44140625 0.015625 0.01953125
0 0.584375 0.55859375 0.015625 0.01953125
0 0.796875 0.490234375 0.015625 0.01953125
0 0.7640625 0.513671875 0.015625 0.01953125
0 0.6890625 0.611328125 0.015625 0.01953125
0 0.7703125 0.68359375 0.015625 0.01953125
0 0.7859375 0.69921875 0.015625 0.01953125
0 0.23125 0.380859375 0.015625 0.01953125
0 0.2125 0.435546875 0.015625 0.01953125
0 0.3 0.55078125 0.015625 0.01953125
0 0.2203125 0.828125 0.015625 0.01953125
0 0.359375 0.810546875 0.015625 0.01953125
0 0.0921875 0.82421875 0.015625 0.01953125
0 0.103125 0.724609375 0.015625 0.01953125
0 0.10625 0.6484375 0.015625 0.01953125
0 0.021875 0.4765625 0.015625 0.01953125
0 0.0609375 0.41015625 0.015625 0.01953125
0 0.1390625 0.400390625 0.015625 0.01953125
0 0.171875 0.32421875 0.015625 0.01953125
0 0.271875 0.95703125 0.015625 0.01953125
0 0.021875 0.939453125 0.015625 0.01953125
0 0.1234375 0.201171875 0.015625 0.01953125
0 0.065625 0.263671875 0.015625 0.01953125
0 0.0875 0.283203125 0.015625 0.01953125
0 0.8890625 0.740234375 0.015625 0.01953125
0 0.9296875 0.74609375 0.015625 0.01953125
0 0.9421875 0.53125 0.015625 0.01953125
0 0.9890625 0.478515625 0.015625 0.01953125
0 0.9484375 0.376953125 0.015625 0.01953125
0 0.840625 0.837890625 0.015625 0.01953125
0 0.8296875 0.822265625 0.015625 0.01953125
0 0.809375 0.814453125 0.015625 0.01953125
0 0.8484375 0.97265625 0.015625 0.01953125
0 0.78125 0.970703125 0.015625 0.01953125
0 0.7875 0.873046875 0.015625 0.01953125
0 0.965625 0.927734375 0.015625 0.01953125
0 0.9171875 0.298828125 0.015625 0.01953125
0 0.91875 0.259765625 0.015625 0.01953125
0 0.8734375 0.255859375 0.015625 0.01953125
0 0.9453125 0.1796875 0.015625 0.01953125
0 0.9265625 0.15625 0.015625 0.01953125
0 0.90625 0.146484375 0.015625 0.01953125
0 0.86875 0.041015625 0.015625 0.01953125
0 0.9453125 0.01171875 0.015625 0.01953125
0 0.953125 0.09765625 0.015625 0.01953125
0 0.990625 0.16015625 0.015625 0.01953125
