0 0.125 0.1953125 0.015625 0.01953125
0 0.0765625 0.26953125 0.015625 0.01953125
0 0.0953125 0.28515625 0.015625 0.01953125
0 0.284375 0.244140625 0.015625 0.01953125
0 0.3609375 0.2890625 0.015625 0.01953125
0 0.34375 0.2890625 0.015625 0.01953125
0 0.5125 0.2265625 0.015625 0.01953125
0 0.6828125 0.1875 0.015625 0.01953125
0 0.646875 0.09375 0.015625 0.01953125
0 0.803125 0.41015625 0.015625 0.01953125
0 0.6765625 0.439453125 0.015625 0.01953125
0 0.6046875 0.578125 0.015625 0.01953125
0 0.7046875 0.603515625 0.015625 0.01953125
0 0.771875 0.55078125 0.015625 0.01953125
0 0.7859375 0.611328125 0.015625 0.01953125
0 0.8125 0.619140625 0.015625 0.01953125
0 0.40625 0.861328125 0.015625 0.01953125
0 0.2796875 0.947265625 0.015625 0.01953125
0 0.0296875 0.9296875 0.015625 0.01953125
0 0.1703125 0.81640625 0.015625 0.01953125
0 0.0921875 0.833984375 0.015625 0.01953125
0 0.10625 0.728515625 0.015625 0.01953125
0 0.303125 0.548828125 0.015625 0.01953125
0 0.096875 0.634765625 0.015625 0.01953125
0 0.0484375 0.625 0.015625 0.01953125
0 0.209375 0.435546875 0.015625 0.01953125
0 0.23125 0.369140625 0.015625 0.01953125
0 0.1453125 0.40234375 0.015625 0.01953125
0 0.059375 0.4140625 0.015625 0.01953125
0 0.021875 0.474609375 0.015625 0.01953125
0 0.175 0.326171875 0.015625 0.01953125
0 0.859375 0.662109375 0.015625 0.01953125
0 0.8296875 0.712890625 0.015625 0.01953125
0 0.8609375 0.7890625 0.015625 0.01953125
0 0.840625 0.775390625 0.015625 0.01953125
0 0.8703125 0.90234375 0.015625 0.01953125
0 0.9515625 0.666015625 0.015625 0.01953125
0 0.90625 0.66796875 0.015625 0.01953125
0 0.9875 0.408203125 0.015625 0.01953125
0 0.9546875 0.447265625 0.015625 0.01953125
0 0.9859375 0.294921875 0.015625 0.01953125
0 0.95625 0.259765625 0.015625 0.01953125
0 0.9203125 0.310546875 0.015625 0.01953125
0 0.928125 0.0859375 0.015625 0.01953125
0 0.9046875 0.07421875 0.015625 0.01953125
0 0.8828125 0.06640625 0.015625 0.01953125
0 0.9375 0.033203125 0.015625 0.01953125
0 0.9875 0.05078125 0.015625 0.01953125
0 0.9015625 0.275390625 0.015625 0.01953125
0 0.8953125 0.2265625 0.015625 0.01953125
0 0.903125 0.1875 0.015625 0.01953125
