0 0.4859375 0.126953125 0.015625 0.01953125
0 0.646875 0.091796875 0.015625 0.01953125
0 0.684375 0.2109375 0.015625 0.01953125
0 0.7984375 0.30859375 0.015625 0.01953125
0 0.678125 0.439453125 0.015625 0.01953125
0 0.63125 0.5546875 0.015625 0.01953125
0 0.2828125 0.244140625 0.015625 0.01953125
0 0.3609375 0.279296875 0.015625 0.01953125
0 0.3421875 0.28125 0.015625 0.01953125
0 0.1296875 0.193359375 0.015625 0.01953125
0 0.0765625 0.25390625 0.015625 0.01953125
0 0.09375 0.27734375 0.015625 0.01953125
0 0.1734375 0.3203125 0.015625 0.01953125
0 0.23125 0.369140625 0.015625 0.01953125
0 0.1578125 0.388671875 0.015625 0.01953125
0 0.2109375 0.4296875 0.015625 0.01953125
0 0.30625 0.54296875 0.015625 0.01953125
0 0.059375 0.408203125 0.015625 0.01953125
0 0.0234375 0.46484375 0.015625 0.01953125
0 0.01875 0.548828125 0.015625 0.01953125
0 0.0890625 0.626953125 0.015625 0.01953125
0 0.11875 0.794921875 0.015625 0.01953125
0 0.1078125 0.82421875 0.015625 0.01953125
0 0.034375 0.927734375 0.015625 0.01953125
0 0.1625 0.955078125 0.015625 0.01953125
0 0.2953125 0.91796875 0.015625 0.01953125
0 0.4625 0.93359375 0.015625 0.01953125
0 0.1140625 0.732421875 0.015625 0.01953125
0 0.103125 0.712890625 0.015625 0.01953125
0 0.775 0.4921875 0.015625 0.01953125
0 0.790625 0.611328125 0.015625 0.01953125
0 0.9 0.810546875 0.015625 0.01953125
0 0.9921875 0.83984375 0.015625 0.01953125
0 0.875 0.73046875 0.015625 0.01953125
0 0.8578125 0.712890625 0.015625 0.01953125
0 0.9171875 0.572265625 0.015625 0.01953125
0 0.975 0.55078125 0.015625 0.01953125
0 0.8890625 0.453125 0.015625 0.01953125
0 0.825 0.517578125 0.015625 0.01953125
0 0.8078125 0.513671875 0.015625 0.01953125
0 0.9328125 0.1015625 0.015625 0.01953125
0 0.8890625 0.099609375 0.015625 0.01953125
0 0.85625 0.068359375 0.015625 0.01953125
0 0.9375 0.283203125 0.015625 0.01953125
0 0.865625 0.5078125 0.015625 0.01953125
0 0.83125 0.78515625 0.015625 0.01953125
0 0.803125 0.93359375 0.015625 0.01953125
0 0.8125 0.978515625 0.015625 0.01953125
0 0.9625 0.314453125 0.015625 0.01953125
0 0.93125 0.34765625 0.015625 0.01953125
0 0.9953125 0.32421875 0.015625 0.01953125
