0 0.19375 0.01171875 0.015625 0.01953125
0 0.134375 0.046875 0.015625 0.01953125
0 0.3765625 0.044921875 0.015625 0.01953125
0 0.603125 0.09765625 0.015625 0.01953125
0 0.5640625 0.146484375 0.015625 0.01953125
0 0.61875 0.203125 0.015625 0.01953125
0 0.65625 0.158203125 0.015625 0.01953125
0 0.771875 0.234375 0.015625 0.01953125
0 0.8921875 0.248046875 0.015625 0.01953125
0 0.9703125 0.36328125 0.015625 0.01953125
0 0.9515625 0.45703125 0.015625 0.01953125
0 0.9046875 0.51953125 0.015625 0.01953125
0 0.8296875 0.462890625 0.015625 0.01953125
0 0.7953125 0.451171875 0.015625 0.01953125
0 0.7015625 0.52734375 0.015625 0.01953125
0 0.6953125 0.501953125 0.015625 0.01953125
0 0.5875 0.8125 0.015625 0.01953125
0 0.2953125 0.80859375 0.015625 0.01953125
0 0.6640625 0.69921875 0.015625 0.01953125
0 0.09375 0.98046875 0.015625 0.01953125
0 0.353125 0.54296875 0.015625 0.01953125
0 0.334375 0.57421875 0.015625 0.01953125
0 0.284375 0.611328125 0.015625 0.01953125
0 0.26875 0.505859375 0.015625 0.01953125
0 0.1703125 0.58203125 0.015625 0.01953125
0 0.15625 0.74609375 0.015625 0.01953125
0 0.1078125 0.658203125 0.015625 0.01953125
0 0.0296875 0.642578125 0.015625 0.01953125
0 0.0203125 0.7109375 0.015625 0.01953125
0 0.0609375 0.5234375 0.015625 0.01953125
0 0.078125 0.54296875 0.015625 0.01953125
0 0.1125 0.45703125 0.015625 0.01953125
0 0.790625 0.068359375 0.015625 0.01953125
0 0.746875 0.0390625 0.015625 0.01953125
0 0.7703125 0.111328125 0.015625 0.01953125
0 0.8890625 0.69140625 0.015625 0.01953125
0 0.8625 0.69921875 0.015625 0.01953125
0 0.8484375 0.69140625 0.015625 0.01953125
0 0.8671875 0.787109375 0.015625 0.01953125
0 0.890625 0.77734375 0.015625 0.01953125
0 0.9078125 0.779296875 0.015625 0.01953125
0 0.946875 0.744140625 0.015625 0.01953125
0 0.8828125 0.96875 0.015625 0.01953125
0 0.6765625 0.53125 0.015625 0.01953125
