0 0.1421875 0.0078125 0.015625 0.01953125
0 0.178125 0.05859375 0.015625 0.01953125
0 0.128125 0.095703125 0.015625 0.01953125
0 0.103125 0.5 0.015625 0.01953125
0 0.05 0.5625 0.015625 0.01953125
0 0.075 0.583984375 0.015625 0.01953125
0 0.2640625 0.54296875 0.015625 0.01953125
0 0.1609375 0.630859375 0.015625 0.01953125
0 0.1078125 0.693359375 0.015625 0.01953125
0 0.0046875 0.66796875 0.015625 0.01953125
0 0.015625 0.75 0.015625 0.01953125
0 0.1515625 0.787109375 0.015625 0.01953125
0 0.28125 0.853515625 0.015625 0.01953125
0 0.290625 0.697265625 0.015625 0.01953125
0 0.321875 0.615234375 0.015625 0.01953125
0 0.3421875 0.578125 0.015625 0.01953125
0 0.5546875 0.19140625 0.015625 0.01953125
0 0.59375 0.138671875 0.015625 0.01953125
0 0.60625 0.2421875 0.015625 0.01953125
0 0.6484375 0.193359375 0.015625 0.01953125
0 0.7609375 0.25390625 0.015625 0.01953125
0 0.878125 0.26171875 0.015625 0.01953125
0 0.9546875 0.3828125 0.015625 0.01953125
0 0.9390625 0.46484375 0.015625 0.01953125
0 0.89375 0.537109375 0.015625 0.01953125
0 0.878125 0.6953125 0.015625 0.01953125
0 0.9375 0.76171875 0.015625 0.01953125
0 0.659375 0.75 0.015625 0.01953125
0 0.5734375 0.853515625 0.015625 0.01953125
0 0.771875 0.0859375 0.015625 0.01953125
0 0.7375 0.099609375 0.015625 0.01953125
0 0.7109375 0.041015625 0.015625 0.01953125
0 0.3625 0.0546875 0.015625 0.01953125
0 0.834375 0.751953125 0.015625 0.01953125
0 0.8671875 0.79296875 0.015625 0.01953125
0 0.884375 0.798828125 0.015625 0.01953125
0 0.9 0.806640625 0.015625 0.01953125
0 0.8796875 0.990234375 0.015625 0.01953125
0 0.78125 0.47265625 0.015625 0.01953125
0 0.8234375 0.48046875 0.015625 0.01953125
0 0.696875 0.560546875 0.015625 0.01953125
0 0.6875 0.58203125 0.015625 0.01953125
