0 0.228125 0.25390625 0.015625 0.01953125
0 0.2234375 0.26953125 0.015625 0.01953125
0 0.175 0.025390625 0.015625 0.01953125
0 0.071875 0.3203125 0.015625 0.01953125
0 0.134375 0.40234375 0.015625 0.01953125
0 0.209375 0.3984375 0.015625 0.01953125
0 0.328125 0.470703125 0.015625 0.01953125
0 0.3546875 0.46875 0.015625 0.01953125
0 0.3171875 0.408203125 0.015625 0.01953125
0 0.1984375 0.1875 0.015625 0.01953125
0 0.1625 0.267578125 0.015625 0.01953125
0 0.171875 0.30078125 0.015625 0.01953125
0 0.0546875 0.3671875 0.015625 0.01953125
0 0.021875 0.3671875 0.015625 0.01953125
0 0.11875 0.462890625 0.015625 0.01953125
0 0.19375 0.5078125 0.015625 0.01953125
0 0.190625 0.630859375 0.015625 0.01953125
0 0.1671875 0.861328125 0.015625 0.01953125
0 0.384375 0.830078125 0.015625 0.01953125
0 0.5375 0.767578125 0.015625 0.01953125
0 0.4953125 0.875 0.015625 0.01953125
0 0.5125 0.9453125 0.015625 0.01953125
0 0.5171875 0.96484375 0.015625 0.01953125
0 0.5171875 0.74609375 0.015625 0.01953125
0 0.7078125 0.837890625 0.015625 0.01953125
0 0.6828125 0.943359375 0.015625 0.01953125
0 0.6671875 0.923828125 0.015625 0.01953125
0 0.803125 0.947265625 0.015625 0.01953125
0 0.759375 0.875 0.015625 0.01953125
0 0.7453125 0.767578125 0.015625 0.01953125
0 0.803125 0.69140625 0.015625 0.01953125
0 0.8671875 0.65625 0.015625 0.01953125
0 0.896875 0.630859375 0.015625 0.01953125
0 0.7265625 0.447265625 0.015625 0.01953125
0 0.71875 0.376953125 0.015625 0.01953125
0 0.6671875 0.34375 0.015625 0.01953125
0 0.65625 0.4296875 0.015625 0.01953125
0 0.8453125 0.3984375 0.015625 0.01953125
0 0.8953125 0.462890625 0.015625 0.01953125
0 0.8703125 0.27734375 0.015625 0.01953125
0 0.9453125 0.2890625 0.015625 0.01953125
0 0.9296875 0.197265625 0.015625 0.01953125
0 0.9640625 0.109375 0.015625 0.01953125
0 0.9 0.119140625 0.015625 0.01953125
0 0.8828125 0.166015625 0.015625 0.01953125
0 0.86875 0.109375 0.015625 0.01953125
0 0.85 0.12890625 0.015625 0.01953125
0 0.5921875 0.076171875 0.015625 0.01953125
0 0.5578125 0.068359375 0.015625 0.01953125
0 0.475 0.021484375 0.015625 0.01953125
0 0.428125 0.017578125 0.015625 0.01953125
0 0.7890625 0.59765625 0.015625 0.01953125
0 0.7859375 0.556640625 0.015625 0.01953125
0 0.765625 0.564453125 0.015625 0.01953125
0 0.8265625 0.07421875 0.015625 0.01953125
0 0.796875 0.013671875 0.015625 0.01953125
0 0.046875 0.26171875 0.015625 0.01953125
0 0.059375 0.2578125 0.015625 0.01953125
0 0.9640625 0.9453125 0.015625 0.01953125
0 0.98125 0.744140625 0.015625 0.01953125
