0 0.1984375 0.041015625 0.015625 0.01953125
0 0.434375 0.033203125 0.015625 0.01953125
0 0.475 0.03125 0.015625 0.01953125
0 0.584375 0.091796875 0.015625 0.01953125
0 0.83125 0.091796875 0.015625 0.01953125
0 0.9390625 0.080078125 0.015625 0.01953125
0 0.871875 0.0859375 0.015625 0.01953125
0 0.8578125 0.140625 0.015625 0.01953125
0 0.90625 0.1640625 0.015625 0.01953125
0 0.9203125 0.259765625 0.015625 0.01953125
0 0.85 0.228515625 0.015625 0.01953125
0 0.8765625 0.408203125 0.015625 0.01953125
0 0.8328125 0.353515625 0.015625 0.01953125
0 0.7078125 0.35546875 0.015625 0.01953125
0 0.6546875 0.337890625 0.015625 0.01953125
0 0.65625 0.435546875 0.015625 0.01953125
0 0.7109375 0.4296875 0.015625 0.01953125
0 0.8828125 0.578125 0.015625 0.01953125
0 0.0734375 0.25 0.015625 0.01953125
0 0.06875 0.263671875 0.015625 0.01953125
0 0.215625 0.189453125 0.015625 0.01953125
0 0.184375 0.275390625 0.015625 0.01953125
0 0.0859375 0.310546875 0.015625 0.01953125
0 0.2203125 0.3828125 0.015625 0.01953125
0 0.159375 0.39453125 0.015625 0.01953125
0 0.140625 0.451171875 0.015625 0.01953125
0 0.2125 0.490234375 0.015625 0.01953125
0 0.209375 0.607421875 0.015625 0.01953125
0 0.325 0.3984375 0.015625 0.01953125
0 0.0109375 0.583984375 0.015625 0.01953125
0 0.2140625 0.86328125 0.015625 0.01953125
0 0.4 0.791015625 0.015625 0.01953125
0 0.525 0.74609375 0.015625 0.01953125
0 0.5453125 0.732421875 0.015625 0.01953125
0 0.5 0.8359375 0.015625 0.01953125
0 0.4953125 0.908203125 0.015625 0.01953125
0 0.503125 0.97265625 0.015625 0.01953125
0 0.640625 0.96875 0.015625 0.01953125
0 0.6625 0.970703125 0.015625 0.01953125
0 0.6890625 0.880859375 0.015625 0.01953125
0 0.66875 0.861328125 0.015625 0.01953125
0 0.7546875 0.8125 0.015625 0.01953125
0 0.7109375 0.775390625 0.015625 0.01953125
0 0.75 0.708984375 0.015625 0.01953125
0 0.8046875 0.875 0.015625 0.01953125
0 0.8 0.638671875 0.015625 0.01953125
0 0.85625 0.59765625 0.015625 0.01953125
0 0.78125 0.54296875 0.015625 0.01953125
0 0.8078125 0.5078125 0.015625 0.01953125
0 0.759375 0.515625 0.015625 0.01953125
0 0.3421875 0.46484375 0.015625 0.01953125
0 0.359375 0.45703125 0.015625 0.01953125
0 0.2359375 0.25390625 0.015625 0.01953125
0 0.2359375 0.267578125 0.015625 0.01953125
0 0.1828125 0.298828125 0.015625 0.01953125
0 0.4671875 0.005859375 0.015625 0.01953125
0 0.5546875 0.072265625 0.015625 0.01953125
0 0.8390625 0.078125 0.015625 0.01953125
0 0.9703125 0.416015625 0.015625 0.01953125
0 0.94375 0.91015625 0.015625 0.01953125
0 0.9828125 0.91015625 0.015625 0.01953125
0 0.4953125 0.921875 0.015625 0.01953125
0 0.95 0.71484375 0.015625 0.01953125
0 0.028125 0.798828125 0.015625 0.01953125
