0 0.20625 0.0390625 0.015625 0.01953125
0 0.4296875 0.033203125 0.015625 0.01953125
0 0.4796875 0.03515625 0.015625 0.01953125
0 0.4640625 0.0 0.015625 0.01953125
0 0.55 0.076171875 0.015625 0.01953125
0 0.571875 0.095703125 0.015625 0.01953125
0 0.2453125 0.248046875 0.015625 0.01953125
0 0.24375 0.263671875 0.015625 0.01953125
0 0.2265625 0.1875 0.015625 0.01953125
0 0.1890625 0.275390625 0.015625 0.01953125
0 0.1953125 0.294921875 0.015625 0.01953125
0 0.084375 0.240234375 0.015625 0.01953125
0 0.0984375 0.30859375 0.015625 0.01953125
0 0.08125 0.25390625 0.015625 0.01953125
0 0.0921875 0.349609375 0.015625 0.01953125
0 0.0390625 0.373046875 0.015625 0.01953125
0 0.175 0.375 0.015625 0.01953125
0 0.2296875 0.37109375 0.015625 0.01953125
0 0.33125 0.39453125 0.015625 0.01953125
0 0.3515625 0.451171875 0.015625 0.01953125
0 0.2203125 0.4765625 0.015625 0.01953125
0 0.1546875 0.44921875 0.015625 0.01953125
0 0.2140625 0.583984375 0.015625 0.01953125
0 0.0203125 0.572265625 0.015625 0.01953125
0 0.228125 0.84765625 0.015625 0.01953125
0 0.403125 0.775390625 0.015625 0.01953125
0 0.4890625 0.798828125 0.015625 0.01953125
0 0.4796875 0.884765625 0.015625 0.01953125
0 0.4859375 0.904296875 0.015625 0.01953125
0 0.5125 0.9375 0.015625 0.01953125
0 0.6484375 0.919921875 0.015625 0.01953125
0 0.5875 0.94921875 0.015625 0.01953125
0 0.7203125 0.9609375 0.015625 0.01953125
0 0.9484375 0.888671875 0.015625 0.01953125
0 0.8046875 0.822265625 0.015625 0.01953125
0 0.753125 0.765625 0.015625 0.01953125
0 0.7125 0.724609375 0.015625 0.01953125
0 0.7484375 0.66015625 0.015625 0.01953125
0 0.7953125 0.59765625 0.015625 0.01953125
0 0.85625 0.556640625 0.015625 0.01953125
0 0.878125 0.54296875 0.015625 0.01953125
0 0.7765625 0.50390625 0.015625 0.01953125
0 0.8671875 0.369140625 0.015625 0.01953125
0 0.8234375 0.314453125 0.015625 0.01953125
0 0.7 0.34375 0.015625 0.01953125
0 0.7046875 0.4140625 0.015625 0.01953125
0 0.6515625 0.42578125 0.015625 0.01953125
0 0.646875 0.330078125 0.015625 0.01953125
0 0.9015625 0.236328125 0.015625 0.01953125
0 0.83125 0.201171875 0.015625 0.01953125
0 0.8453125 0.119140625 0.015625 0.01953125
0 0.8890625 0.13671875 0.015625 0.01953125
0 0.9171875 0.05859375 0.015625 0.01953125
0 0.8515625 0.052734375 0.015625 0.01953125
0 0.81875 0.0546875 0.015625 0.01953125
0 0.8125 0.0703125 0.015625 0.01953125
0 0.546875 0.703125 0.015625 0.01953125
0 0.5296875 0.7109375 0.015625 0.01953125
0 0.5046875 0.974609375 0.015625 0.01953125
0 0.66875 0.908203125 0.015625 0.01953125
0 0.68125 0.833984375 0.015625 0.01953125
0 0.040625 0.78125 0.015625 0.01953125
0 0.94375 0.69140625 0.015625 0.01953125
0 0.9578125 0.37890625 0.015625 0.01953125
