0 0.215625 0.048828125 0.015625 0.01953125
0 0.2359375 0.1796875 0.015625 0.01953125
0 0.253125 0.24609375 0.015625 0.01953125
0 0.2015625 0.275390625 0.015625 0.01953125
0 0.096875 0.234375 0.015625 0.01953125
0 0.096875 0.25 0.015625 0.01953125
0 0.1203125 0.294921875 0.015625 0.01953125
0 0.103125 0.341796875 0.015625 0.01953125
0 0.053125 0.380859375 0.015625 0.01953125
0 0.009375 0.400390625 0.015625 0.01953125
0 0.2359375 0.361328125 0.015625 0.01953125
0 0.19375 0.37890625 0.015625 0.01953125
0 0.3375 0.375 0.015625 0.01953125
0 0.1703125 0.439453125 0.015625 0.01953125
0 0.2421875 0.455078125 0.015625 0.01953125
0 0.0421875 0.548828125 0.015625 0.01953125
0 0.2265625 0.5703125 0.015625 0.01953125
0 0.2625 0.845703125 0.015625 0.01953125
0 0.396875 0.751953125 0.015625 0.01953125
0 0.484375 0.75390625 0.015625 0.01953125
0 0.4625 0.861328125 0.015625 0.01953125
0 0.465625 0.875 0.015625 0.01953125
0 0.521875 0.888671875 0.015625 0.01953125
0 0.50625 0.921875 0.015625 0.01953125
0 0.625 0.876953125 0.015625 0.01953125
0 0.6515625 0.86328125 0.015625 0.01953125
0 0.7453125 0.88671875 0.015625 0.01953125
0 0.684375 0.828125 0.015625 0.01953125
0 0.6828125 0.79296875 0.015625 0.01953125
0 0.675 0.77734375 0.015625 0.01953125
0 0.81875 0.765625 0.015625 0.01953125
0 0.7515625 0.70703125 0.015625 0.01953125
0 0.7203125 0.67578125 0.015625 0.01953125
0 0.746875 0.603515625 0.015625 0.01953125
0 0.7875 0.55078125 0.015625 0.01953125
0 0.8671875 0.501953125 0.015625 0.01953125
0 0.846875 0.509765625 0.015625 0.01953125
0 0.8515625 0.328125 0.015625 0.01953125
0 0.640625 0.4140625 0.015625 0.01953125
0 0.646875 0.3203125 0.015625 0.01953125
0 0.69375 0.3359375 0.015625 0.01953125
0 0.7 0.3984375 0.015625 0.01953125
0 0.76875 0.44140625 0.015625 0.01953125
0 0.8828125 0.20703125 0.015625 0.01953125
0 0.81875 0.162109375 0.015625 0.01953125
0 0.871875 0.10546875 0.015625 0.01953125
0 0.89375 0.033203125 0.015625 0.01953125
0 0.8328125 0.1015625 0.015625 0.01953125
0 0.81875 0.09765625 0.015625 0.01953125
0 0.8015625 0.025390625 0.015625 0.01953125
0 0.8015625 0.025390625 0.015625 0.01953125
0 0.8203125 0.025390625 0.015625 0.01953125
0 0.56875 0.123046875 0.015625 0.01953125
0 0.5484375 0.080078125 0.015625 0.01953125
0 0.4390625 0.03515625 0.015625 0.01953125
0 0.4734375 0.048828125 0.015625 0.01953125
0 0.46875 0.005859375 0.015625 0.01953125
0 0.2546875 0.26171875 0.015625 0.01953125
0 0.5390625 0.669921875 0.015625 0.01953125
0 0.528125 0.677734375 0.015625 0.01953125
0 0.7796875 0.458984375 0.015625 0.01953125
0 0.8078125 0.279296875 0.015625 0.01953125
0 0.9375 0.34375 0.015625 0.01953125
0 0.990625 0.634765625 0.015625 0.01953125
0 0.9203125 0.666015625 0.015625 0.01953125
0 0.940625 0.857421875 0.015625 0.01953125
0 0.809375 0.470703125 0.015625 0.01953125
0 0.7921875 0.04296875 0.015625 0.01953125
0 0.00625 0.88671875 0.015625 0.01953125
