0 0.4671875 0.005859375 0.015625 0.01953125
0 0.4390625 0.0390625 0.015625 0.01953125
0 0.4734375 0.056640625 0.015625 0.01953125
0 0.5640625 0.1328125 0.015625 0.01953125
0 0.6921875 0.3359375 0.015625 0.01953125
0 0.646875 0.322265625 0.015625 0.01953125
0 0.640625 0.4140625 0.015625 0.01953125
0 0.69375 0.39453125 0.015625 0.01953125
0 0.25625 0.25 0.015625 0.01953125
0 0.2609375 0.263671875 0.015625 0.01953125
0 0.2359375 0.1796875 0.015625 0.01953125
0 0.1015625 0.23046875 0.015625 0.01953125
0 0.1046875 0.248046875 0.015625 0.01953125
0 0.125 0.2890625 0.015625 0.01953125
0 0.2046875 0.2734375 0.015625 0.01953125
0 0.2109375 0.291015625 0.015625 0.01953125
0 0.1046875 0.33984375 0.015625 0.01953125
0 0.2421875 0.361328125 0.015625 0.01953125
0 0.1984375 0.375 0.015625 0.01953125
0 0.1765625 0.443359375 0.015625 0.01953125
0 0.2546875 0.451171875 0.015625 0.01953125
0 0.0609375 0.373046875 0.015625 0.01953125
0 0.021875 0.3984375 0.015625 0.01953125
0 0.0453125 0.54296875 0.015625 0.01953125
0 0.475 0.751953125 0.015625 0.01953125
0 0.3984375 0.751953125 0.015625 0.01953125
0 0.459375 0.85546875 0.015625 0.01953125
0 0.4625 0.8671875 0.015625 0.01953125
0 0.528125 0.880859375 0.015625 0.01953125
0 0.2578125 0.83984375 0.015625 0.01953125
0 0.515625 0.919921875 0.015625 0.01953125
0 0.6515625 0.853515625 0.015625 0.01953125
0 0.628125 0.85546875 0.015625 0.01953125
0 0.6921875 0.80859375 0.015625 0.01953125
0 0.753125 0.869140625 0.015625 0.01953125
0 0.8125 0.74609375 0.015625 0.01953125
0 0.753125 0.69140625 0.015625 0.01953125
0 0.71875 0.662109375 0.015625 0.01953125
0 0.6859375 0.783203125 0.015625 0.01953125
0 0.6734375 0.775390625 0.015625 0.01953125
0 0.54375 0.669921875 0.015625 0.01953125
0 0.7484375 0.59765625 0.015625 0.01953125
0 0.7859375 0.537109375 0.015625 0.01953125
0 0.84375 0.49609375 0.015625 0.01953125
0 0.8671875 0.486328125 0.015625 0.01953125
0 0.7703125 0.44140625 0.015625 0.01953125
0 0.8484375 0.3125 0.015625 0.01953125
0 0.934375 0.3359375 0.015625 0.01953125
0 0.878125 0.201171875 0.015625 0.01953125
0 0.8140625 0.16015625 0.015625 0.01953125
0 0.809375 0.271484375 0.015625 0.01953125
0 0.3546875 0.423828125 0.015625 0.01953125
0 0.3734375 0.416015625 0.015625 0.01953125
0 0.3390625 0.37890625 0.015625 0.01953125
0 0.8859375 0.03125 0.015625 0.01953125
0 0.8296875 0.091796875 0.015625 0.01953125
0 0.815625 0.09375 0.015625 0.01953125
0 0.8125 0.021484375 0.015625 0.01953125
0 0.7984375 0.017578125 0.015625 0.01953125
0 0.7890625 0.03125 0.015625 0.01953125
0 0.546875 0.083984375 0.015625 0.01953125
0 0.20625 0.970703125 0.015625 0.01953125
0 0.015625 0.880859375 0.015625 0.01953125
0 0.0921875 0.76953125 0.015625 0.01953125
0 0.8671875 0.099609375 0.015625 0.01953125
0 0.809375 0.462890625 0.015625 0.01953125
0 0.215625 0.04296875 0.015625 0.01953125
0 0.9140625 0.666015625 0.015625 0.01953125
0 0.984375 0.6328125 0.015625 0.01953125
