0 0.4671875 0.0078125 0.015625 0.01953125
0 0.4640625 0.05859375 0.015625 0.01953125
0 0.434375 0.04296875 0.015625 0.01953125
0 0.5546875 0.1796875 0.015625 0.01953125
0 0.5421875 0.078125 0.015625 0.01953125
0 0.6390625 0.322265625 0.015625 0.01953125
0 0.6890625 0.33984375 0.015625 0.01953125
0 0.6375 0.40234375 0.015625 0.01953125
0 0.690625 0.404296875 0.015625 0.01953125
0 0.2578125 0.248046875 0.015625 0.01953125
0 0.2546875 0.259765625 0.015625 0.01953125
0 0.21875 0.044921875 0.015625 0.01953125
0 0.09375 0.228515625 0.015625 0.01953125
0 0.1 0.244140625 0.015625 0.01953125
0 0.1296875 0.24609375 0.015625 0.01953125
0 0.3703125 0.388671875 0.015625 0.01953125
0 0.35625 0.408203125 0.015625 0.01953125
0 0.2375 0.361328125 0.015625 0.01953125
0 0.1984375 0.373046875 0.015625 0.01953125
0 0.1078125 0.3359375 0.015625 0.01953125
0 0.1828125 0.4375 0.015625 0.01953125
0 0.2671875 0.45703125 0.015625 0.01953125
0 0.2265625 0.564453125 0.015625 0.01953125
0 0.059375 0.376953125 0.015625 0.01953125
0 0.0265625 0.384765625 0.015625 0.01953125
0 0.0515625 0.544921875 0.015625 0.01953125
0 0.284375 0.873046875 0.015625 0.01953125
0 0.3984375 0.744140625 0.015625 0.01953125
0 0.4671875 0.732421875 0.015625 0.01953125
0 0.5515625 0.69921875 0.015625 0.01953125
0 0.5453125 0.677734375 0.015625 0.01953125
0 0.546875 0.857421875 0.015625 0.01953125
0 0.5171875 0.89453125 0.015625 0.01953125
0 0.4375 0.853515625 0.015625 0.01953125
0 0.66875 0.826171875 0.015625 0.01953125
0 0.675 0.798828125 0.015625 0.01953125
0 0.775 0.79296875 0.015625 0.01953125
0 0.684375 0.74609375 0.015625 0.01953125
0 0.715625 0.73828125 0.015625 0.01953125
0 0.83125 0.69921875 0.015625 0.01953125
0 0.7640625 0.65234375 0.015625 0.01953125
0 0.7296875 0.625 0.015625 0.01953125
0 0.75625 0.548828125 0.015625 0.01953125
0 0.7890625 0.501953125 0.015625 0.01953125
0 0.8484375 0.455078125 0.015625 0.01953125
0 0.871875 0.455078125 0.015625 0.01953125
0 0.803125 0.455078125 0.015625 0.01953125
0 0.84375 0.271484375 0.015625 0.01953125
0 0.8765625 0.173828125 0.015625 0.01953125
0 0.8046875 0.1171875 0.015625 0.01953125
0 0.8015625 0.2265625 0.015625 0.01953125
0 0.85625 0.0625 0.015625 0.01953125
0 0.8171875 0.05859375 0.015625 0.01953125
0 0.7859375 0.400390625 0.015625 0.01953125
0 0.7671875 0.388671875 0.015625 0.01953125
0 0.803125 0.060546875 0.015625 0.01953125
0 0.9265625 0.296875 0.015625 0.01953125
0 0.4359375 0.8671875 0.015625 0.01953125
0 0.215625 0.90234375 0.015625 0.01953125
0 0.2234375 0.943359375 0.015625 0.01953125
0 0.1328125 0.822265625 0.015625 0.01953125
0 0.0375 0.890625 0.015625 0.01953125
0 0.259375 0.96484375 0.015625 0.01953125
0 0.203125 0.25390625 0.015625 0.01953125
0 0.209375 0.28125 0.015625 0.01953125
0 0.9078125 0.658203125 0.015625 0.01953125
0 0.98125 0.6328125 0.015625 0.01953125
0 0.9609375 0.845703125 0.015625 0.01953125
0 0.675 0.990234375 0.015625 0.01953125
