0 0.11875 0.21875 0.015625 0.01953125
0 0.090625 0.220703125 0.015625 0.01953125
0 0.0921875 0.240234375 0.015625 0.01953125
0 0.2484375 0.236328125 0.015625 0.01953125
0 0.196875 0.248046875 0.015625 0.01953125
0 0.2 0.2734375 0.015625 0.01953125
0 0.425 0.03515625 0.015625 0.01953125
0 0.465625 0.052734375 0.015625 0.01953125
0 0.55 0.193359375 0.015625 0.01953125
0 0.6375 0.318359375 0.015625 0.01953125
0 0.684375 0.328125 0.015625 0.01953125
0 0.6875 0.41015625 0.015625 0.01953125
0 0.6453125 0.408203125 0.015625 0.01953125
0 0.36875 0.376953125 0.015625 0.01953125
0 0.35 0.408203125 0.015625 0.01953125
0 0.33125 0.369140625 0.015625 0.01953125
0 0.23125 0.357421875 0.015625 0.01953125
0 0.196875 0.373046875 0.015625 0.01953125
0 0.1796875 0.431640625 0.015625 0.01953125
0 0.2640625 0.447265625 0.015625 0.01953125
0 0.2265625 0.560546875 0.015625 0.01953125
0 0.0546875 0.384765625 0.015625 0.01953125
0 0.10625 0.3359375 0.015625 0.01953125
0 0.7921875 0.0390625 0.015625 0.01953125
0 0.8078125 0.0390625 0.015625 0.01953125
0 0.846875 0.244140625 0.015625 0.01953125
0 0.7984375 0.203125 0.015625 0.01953125
0 0.871875 0.1484375 0.015625 0.01953125
0 0.8765625 0.427734375 0.015625 0.01953125
0 0.85625 0.427734375 0.015625 0.01953125
0 0.7921875 0.3671875 0.015625 0.01953125
0 0.7703125 0.365234375 0.015625 0.01953125
0 0.803125 0.4296875 0.015625 0.01953125
0 0.7921875 0.48046875 0.015625 0.01953125
0 0.7609375 0.521484375 0.015625 0.01953125
0 0.7375 0.603515625 0.015625 0.01953125
0 0.7671875 0.62890625 0.015625 0.01953125
0 0.8328125 0.677734375 0.015625 0.01953125
0 0.79375 0.755859375 0.015625 0.01953125
0 0.7234375 0.701171875 0.015625 0.01953125
0 0.6984375 0.73828125 0.015625 0.01953125
0 0.7 0.76953125 0.015625 0.01953125
0 0.6765625 0.798828125 0.015625 0.01953125
0 0.5546875 0.833984375 0.015625 0.01953125
0 0.51875 0.884765625 0.015625 0.01953125
0 0.4171875 0.8515625 0.015625 0.01953125
0 0.3890625 0.73828125 0.015625 0.01953125
0 0.4609375 0.73046875 0.015625 0.01953125
0 0.5484375 0.70703125 0.015625 0.01953125
0 0.2546875 0.96875 0.015625 0.01953125
0 0.2265625 0.908203125 0.015625 0.01953125
0 0.2421875 0.87109375 0.015625 0.01953125
0 0.2953125 0.890625 0.015625 0.01953125
0 0.1453125 0.8515625 0.015625 0.01953125
0 0.0453125 0.90234375 0.015625 0.01953125
0 0.034375 0.541015625 0.015625 0.01953125
0 0.015625 0.59765625 0.015625 0.01953125
0 0.021875 0.361328125 0.015625 0.01953125
0 0.2125 0.0390625 0.015625 0.01953125
0 0.25 0.25 0.015625 0.01953125
0 0.8515625 0.033203125 0.015625 0.01953125
0 0.9265625 0.275390625 0.015625 0.01953125
0 0.6796875 0.982421875 0.015625 0.01953125
0 0.4640625 0.0 0.015625 0.01953125
0 0.909375 0.658203125 0.015625 0.01953125
0 0.9796875 0.638671875 0.015625 0.01953125
0 0.975 0.83984375 0.015625 0.01953125
0 0.9828125 0.271484375 0.015625 0.01953125
0 0.9765625 0.107421875 0.015625 0.01953125
0 0.9859375 0.12109375 0.015625 0.01953125
