0 0.1078125 0.30859375 0.015625 0.01953125
0 0.1078125 0.265625 0.015625 0.01953125
0 0.2875 0.2265625 0.015625 0.01953125
0 0.2953125 0.19921875 0.015625 0.01953125
0 0.45625 0.12890625 0.015625 0.01953125
0 0.471875 0.1640625 0.015625 0.01953125
0 0.4640625 0.23828125 0.015625 0.01953125
0 0.525 0.251953125 0.015625 0.01953125
0 0.615625 0.2734375 0.015625 0.01953125
0 0.640625 0.24609375 0.015625 0.01953125
0 0.45625 0.287109375 0.015625 0.01953125
0 0.3875 0.298828125 0.015625 0.01953125
0 0.365625 0.283203125 0.015625 0.01953125
0 0.303125 0.294921875 0.015625 0.01953125
0 0.271875 0.31640625 0.015625 0.01953125
0 0.409375 0.396484375 0.015625 0.01953125
0 0.3578125 0.427734375 0.015625 0.01953125
0 0.3703125 0.494140625 0.015625 0.01953125
0 0.4140625 0.4765625 0.015625 0.01953125
0 0.3515625 0.630859375 0.015625 0.01953125
0 0.190625 0.7890625 0.015625 0.01953125
0 0.4921875 0.79296875 0.015625 0.01953125
0 0.525 0.794921875 0.015625 0.01953125
0 0.7828125 0.416015625 0.015625 0.01953125
0 0.7109375 0.37890625 0.015625 0.01953125
0 0.80625 0.19921875 0.015625 0.01953125
0 0.871875 0.349609375 0.015625 0.01953125
0 0.9 0.328125 0.015625 0.01953125
0 0.9328125 0.265625 0.015625 0.01953125
0 0.9375 0.216796875 0.015625 0.01953125
0 0.8921875 0.146484375 0.015625 0.01953125
0 0.840625 0.115234375 0.015625 0.01953125
0 0.8234375 0.08984375 0.015625 0.01953125
0 0.846875 0.068359375 0.015625 0.01953125
0 0.9484375 0.115234375 0.015625 0.01953125
0 0.9921875 0.251953125 0.015625 0.01953125
0 0.859375 0.634765625 0.015625 0.01953125
0 0.15625 0.330078125 0.015625 0.01953125
0 0.2265625 0.7890625 0.015625 0.01953125
0 0.2234375 0.837890625 0.015625 0.01953125
0 0.6953125 0.900390625 0.015625 0.01953125
0 0.76875 0.638671875 0.015625 0.01953125
0 0.73125 0.546875 0.015625 0.01953125
0 0.9671875 0.6015625 0.015625 0.01953125
0 0.9640625 0.71875 0.015625 0.01953125
0 0.9828125 0.833984375 0.015625 0.01953125
0 0.9484375 0.8203125 0.015625 0.01953125
0 0.5109375 0.833984375 0.015625 0.01953125
0 0.590625 0.900390625 0.015625 0.01953125
0 0.61875 0.951171875 0.015625 0.01953125
0 0.534375 0.955078125 0.015625 0.01953125
0 0.5609375 0.994140625 0.015625 0.01953125
0 0.078125 0.435546875 0.015625 0.01953125
0 0.0484375 0.45703125 0.015625 0.01953125
0 0.015625 0.40234375 0.015625 0.01953125
0 0.703125 0.4765625 0.015625 0.01953125
0 0.678125 0.478515625 0.015625 0.01953125
0 0.6171875 0.05859375 0.015625 0.01953125
0 0.53125 0.05859375 0.015625 0.01953125
0 0.83125 0.03125 0.015625 0.01953125
0 0.9125 0.021484375 0.015625 0.01953125
0 0.2140625 0.107421875 0.015625 0.01953125
0 0.146875 0.126953125 0.015625 0.01953125
0 0.09375 0.1640625 0.015625 0.01953125
0 0.1671875 0.208984375 0.015625 0.01953125
