0 0.4453125 0.126953125 0.015625 0.01953125
0 0.440625 0.15234375 0.015625 0.01953125
0 0.2765625 0.197265625 0.015625 0.01953125
0 0.26875 0.220703125 0.015625 0.01953125
0 0.35 0.283203125 0.015625 0.01953125
0 0.3671875 0.294921875 0.015625 0.01953125
0 0.4171875 0.388671875 0.015625 0.01953125
0 0.4203125 0.48046875 0.015625 0.01953125
0 0.3640625 0.421875 0.015625 0.01953125
0 0.365625 0.486328125 0.015625 0.01953125
0 0.3484375 0.62890625 0.015625 0.01953125
0 0.496875 0.791015625 0.015625 0.01953125
0 0.5296875 0.787109375 0.015625 0.01953125
0 0.5125 0.830078125 0.015625 0.01953125
0 0.696875 0.89453125 0.015625 0.01953125
0 0.5953125 0.90234375 0.015625 0.01953125
0 0.6140625 0.962890625 0.015625 0.01953125
0 0.565625 0.984375 0.015625 0.01953125
0 0.5359375 0.951171875 0.015625 0.01953125
0 0.475 0.986328125 0.015625 0.01953125
0 0.2265625 0.833984375 0.015625 0.01953125
0 0.228125 0.787109375 0.015625 0.01953125
0 0.190625 0.798828125 0.015625 0.01953125
0 0.0375 0.626953125 0.015625 0.01953125
0 0.015625 0.6171875 0.015625 0.01953125
0 0.028125 0.45703125 0.015625 0.01953125
0 0.15 0.3359375 0.015625 0.01953125
0 0.0703125 0.44921875 0.015625 0.01953125
0 0.0046875 0.416015625 0.015625 0.01953125
0 0.4921875 0.25 0.015625 0.01953125
0 0.6265625 0.240234375 0.015625 0.01953125
0 0.596875 0.265625 0.015625 0.01953125
0 0.7015625 0.36328125 0.015625 0.01953125
0 0.7765625 0.400390625 0.015625 0.01953125
0 0.6953125 0.44921875 0.015625 0.01953125
0 0.7046875 0.478515625 0.015625 0.01953125
0 0.678125 0.47265625 0.015625 0.01953125
0 0.7328125 0.54296875 0.015625 0.01953125
0 0.7703125 0.640625 0.015625 0.01953125
0 0.8609375 0.6328125 0.015625 0.01953125
0 0.9640625 0.59375 0.015625 0.01953125
0 0.96875 0.712890625 0.015625 0.01953125
0 0.9484375 0.806640625 0.015625 0.01953125
0 0.85625 0.341796875 0.015625 0.01953125
0 0.8828125 0.310546875 0.015625 0.01953125
0 0.796875 0.193359375 0.015625 0.01953125
0 0.93125 0.26171875 0.015625 0.01953125
0 0.9390625 0.208984375 0.015625 0.01953125
0 0.9 0.16015625 0.015625 0.01953125
0 0.8421875 0.107421875 0.015625 0.01953125
0 0.8203125 0.0859375 0.015625 0.01953125
0 0.8453125 0.05859375 0.015625 0.01953125
0 0.9078125 0.013671875 0.015625 0.01953125
0 0.9421875 0.123046875 0.015625 0.01953125
0 0.8984375 0.021484375 0.015625 0.01953125
0 0.8328125 0.02734375 0.015625 0.01953125
0 0.834375 0.0 0.015625 0.01953125
0 0.6046875 0.0546875 0.015625 0.01953125
0 0.53125 0.0546875 0.015625 0.01953125
0 0.209375 0.10546875 0.015625 0.01953125
0 0.153125 0.212890625 0.015625 0.01953125
0 0.1125 0.2734375 0.015625 0.01953125
0 0.0984375 0.3125 0.015625 0.01953125
0 0.28125 0.294921875 0.015625 0.01953125
0 0.2546875 0.314453125 0.015625 0.01953125
0 0.2578125 0.33984375 0.015625 0.01953125
0 0.2171875 0.689453125 0.015625 0.01953125
0 0.990625 0.046875 0.015625 0.01953125
0 0.9828125 0.05859375 0.015625 0.01953125
0 0.1453125 0.115234375 0.015625 0.01953125
0 0.0921875 0.15625 0.015625 0.01953125
