0 0.2203125 0.294921875 0.015625 0.01953125
0 0.178125 0.294921875 0.015625 0.01953125
0 0.209375 0.349609375 0.015625 0.01953125
0 0.4765625 0.416015625 0.015625 0.01953125
0 0.49375 0.423828125 0.015625 0.01953125
0 0.4703125 0.46484375 0.015625 0.01953125
0 0.45 0.49609375 0.015625 0.01953125
0 0.3609375 0.724609375 0.015625 0.01953125
0 0.3125 0.755859375 0.015625 0.01953125
0 0.3171875 0.861328125 0.015625 0.01953125
0 0.3828125 0.77734375 0.015625 0.01953125
0 0.3609375 0.84765625 0.015625 0.01953125
0 0.3953125 0.837890625 0.015625 0.01953125
0 0.3734375 0.875 0.015625 0.01953125
0 0.4078125 0.912109375 0.015625 0.01953125
0 0.29375 0.974609375 0.015625 0.01953125
0 0.5390625 0.904296875 0.015625 0.01953125
0 0.4453125 0.74609375 0.015625 0.01953125
0 0.4765625 0.62890625 0.015625 0.01953125
0 0.53125 0.61328125 0.015625 0.01953125
0 0.5109375 0.560546875 0.015625 0.01953125
0 0.625 0.59765625 0.015625 0.01953125
0 0.59375 0.75 0.015625 0.01953125
0 0.6078125 0.822265625 0.015625 0.01953125
0 0.5828125 0.9765625 0.015625 0.01953125
0 0.6 0.900390625 0.015625 0.01953125
0 0.69375 0.919921875 0.015625 0.01953125
0 0.73125 0.978515625 0.015625 0.01953125
0 0.8140625 0.732421875 0.015625 0.01953125
0 0.8453125 0.75390625 0.015625 0.01953125
0 0.8203125 0.587890625 0.015625 0.01953125
0 0.7640625 0.388671875 0.015625 0.01953125
0 0.7578125 0.275390625 0.015625 0.01953125
0 0.7421875 0.18359375 0.015625 0.01953125
0 0.7265625 0.185546875 0.015625 0.01953125
0 0.759375 0.126953125 0.015625 0.01953125
0 0.7203125 0.083984375 0.015625 0.01953125
0 0.7078125 0.091796875 0.015625 0.01953125
0 0.79375 0.048828125 0.015625 0.01953125
0 0.50625 0.033203125 0.015625 0.01953125
0 0.459375 0.00390625 0.015625 0.01953125
0 0.425 0.046875 0.015625 0.01953125
0 0.478125 0.08203125 0.015625 0.01953125
0 0.64375 0.01171875 0.015625 0.01953125
0 0.9625 0.044921875 0.015625 0.01953125
0 0.9265625 0.119140625 0.015625 0.01953125
0 0.9828125 0.033203125 0.015625 0.01953125
0 0.9734375 0.236328125 0.015625 0.01953125
0 0.965625 0.46484375 0.015625 0.01953125
0 0.9765625 0.48828125 0.015625 0.01953125
0 0.9796875 0.2734375 0.015625 0.01953125
0 0.8625 0.642578125 0.015625 0.01953125
0 0.978125 0.123046875 0.015625 0.01953125
