0 0.484375 0.0390625 0.015625 0.01953125
0 0.5046875 0.0546875 0.015625 0.01953125
0 0.759375 0.072265625 0.015625 0.01953125
0 0.878125 0.142578125 0.015625 0.01953125
0 0.88125 0.173828125 0.015625 0.01953125
0 0.8734375 0.193359375 0.015625 0.01953125
0 0.821875 0.341796875 0.015625 0.01953125
0 0.8453125 0.35546875 0.015625 0.01953125
0 0.8734375 0.3671875 0.015625 0.01953125
0 0.8671875 0.39453125 0.015625 0.01953125
0 0.759375 0.38671875 0.015625 0.01953125
0 0.465625 0.16015625 0.015625 0.01953125
0 0.440625 0.18359375 0.015625 0.01953125
0 0.46875 0.087890625 0.015625 0.01953125
0 0.446875 0.2578125 0.015625 0.01953125
0 0.50625 0.25390625 0.015625 0.01953125
0 0.6015625 0.248046875 0.015625 0.01953125
0 0.2765625 0.345703125 0.015625 0.01953125
0 0.184375 0.1875 0.015625 0.01953125
0 0.3125 0.322265625 0.015625 0.01953125
0 0.2921875 0.3671875 0.015625 0.01953125
0 0.328125 0.35546875 0.015625 0.01953125
0 0.403125 0.357421875 0.015625 0.01953125
0 0.421875 0.421875 0.015625 0.01953125
0 0.5609375 0.470703125 0.015625 0.01953125
0 0.60625 0.482421875 0.015625 0.01953125
0 0.6890625 0.50390625 0.015625 0.01953125
0 0.6703125 0.625 0.015625 0.01953125
0 0.5171875 0.625 0.015625 0.01953125
0 0.4765625 0.56640625 0.015625 0.01953125
0 0.54375 0.50390625 0.015625 0.01953125
0 0.3921875 0.48046875 0.015625 0.01953125
0 0.36875 0.59765625 0.015625 0.01953125
0 0.3203125 0.525390625 0.015625 0.01953125
0 0.2984375 0.48046875 0.015625 0.01953125
0 0.196875 0.46875 0.015625 0.01953125
0 0.23125 0.564453125 0.015625 0.01953125
0 0.2140625 0.66015625 0.015625 0.01953125
0 0.253125 0.587890625 0.015625 0.01953125
0 0.19375 0.68359375 0.015625 0.01953125
0 0.209375 0.70703125 0.015625 0.01953125
0 0.153125 0.736328125 0.015625 0.01953125
0 0.203125 0.763671875 0.015625 0.01953125
0 0.03125 0.9375 0.015625 0.01953125
0 0.2390625 0.828125 0.015625 0.01953125
0 0.2578125 0.8359375 0.015625 0.01953125
0 0.228125 0.859375 0.015625 0.01953125
0 0.4171875 0.71875 0.015625 0.01953125
0 0.334375 0.64453125 0.015625 0.01953125
0 0.4015625 0.787109375 0.015625 0.01953125
0 0.4171875 0.783203125 0.015625 0.01953125
0 0.509375 0.71484375 0.015625 0.01953125
0 0.475 0.74609375 0.015625 0.01953125
0 0.471875 0.775390625 0.015625 0.01953125
0 0.4953125 0.78125 0.015625 0.01953125
0 0.5609375 0.84765625 0.015625 0.01953125
0 0.6671875 0.796875 0.015625 0.01953125
0 0.66875 0.974609375 0.015625 0.01953125
0 0.5 0.978515625 0.015625 0.01953125
0 0.3125 0.373046875 0.015625 0.01953125
0 0.31875 0.396484375 0.015625 0.01953125
0 0.890625 0.728515625 0.015625 0.01953125
0 0.93125 0.705078125 0.015625 0.01953125
0 0.9875 0.919921875 0.015625 0.01953125
0 0.975 0.921875 0.015625 0.01953125
0 0.90625 0.98828125 0.015625 0.01953125
0 0.290625 0.197265625 0.015625 0.01953125
0 0.21875 0.23828125 0.015625 0.01953125
0 0.35625 0.16015625 0.015625 0.01953125
0 0.3765625 0.2265625 0.015625 0.01953125
0 0.3578125 0.248046875 0.015625 0.01953125
0 0.365625 0.205078125 0.015625 0.01953125
