0 0.515625 0.001953125 0.015625 0.01953125
0 0.471875 0.029296875 0.015625 0.01953125
0 0.76875 0.013671875 0.015625 0.01953125
0 0.875 0.080078125 0.015625 0.01953125
0 0.878125 0.115234375 0.015625 0.01953125
0 0.8671875 0.140625 0.015625 0.01953125
0 0.8484375 0.30078125 0.015625 0.01953125
0 0.890625 0.30078125 0.015625 0.01953125
0 0.8296875 0.28125 0.015625 0.01953125
0 0.7578125 0.341796875 0.015625 0.01953125
0 0.9421875 0.65234375 0.015625 0.01953125
0 0.896875 0.66015625 0.015625 0.01953125
0 0.99375 0.853515625 0.015625 0.01953125
0 0.65625 0.765625 0.015625 0.01953125
0 0.6734375 0.9140625 0.015625 0.01953125
0 0.6140625 0.943359375 0.015625 0.01953125
0 0.5875 0.76171875 0.015625 0.01953125
0 0.678125 0.560546875 0.015625 0.01953125
0 0.69375 0.447265625 0.015625 0.01953125
0 0.61875 0.421875 0.015625 0.01953125
0 0.5109375 0.201171875 0.015625 0.01953125
0 0.4765625 0.111328125 0.015625 0.01953125
0 0.4453125 0.12890625 0.015625 0.01953125
0 0.45 0.16015625 0.015625 0.01953125
0 0.325 0.2578125 0.015625 0.01953125
0 0.2828125 0.287109375 0.015625 0.01953125
0 0.2984375 0.30078125 0.015625 0.01953125
0 0.321875 0.296875 0.015625 0.01953125
0 0.20625 0.416015625 0.015625 0.01953125
0 0.3015625 0.421875 0.015625 0.01953125
0 0.3296875 0.466796875 0.015625 0.01953125
0 0.2390625 0.51171875 0.015625 0.01953125
0 0.259375 0.53125 0.015625 0.01953125
0 0.215625 0.611328125 0.015625 0.01953125
0 0.215625 0.650390625 0.015625 0.01953125
0 0.1640625 0.685546875 0.015625 0.01953125
0 0.2140625 0.708984375 0.015625 0.01953125
0 0.2484375 0.771484375 0.015625 0.01953125
0 0.2625 0.779296875 0.015625 0.01953125
0 0.23125 0.798828125 0.015625 0.01953125
0 0.4203125 0.658203125 0.015625 0.01953125
0 0.41875 0.865234375 0.015625 0.01953125
0 0.5171875 0.9140625 0.015625 0.01953125
0 0.609375 0.181640625 0.015625 0.01953125
0 0.409375 0.302734375 0.015625 0.01953125
0 0.409375 0.357421875 0.015625 0.01953125
0 0.3703125 0.533203125 0.015625 0.01953125
0 0.3421875 0.58203125 0.015625 0.01953125
0 0.521875 0.564453125 0.015625 0.01953125
0 0.4125 0.7265625 0.015625 0.01953125
0 0.478125 0.71875 0.015625 0.01953125
0 0.503125 0.724609375 0.015625 0.01953125
0 0.7296875 0.958984375 0.015625 0.01953125
0 0.028125 0.87890625 0.015625 0.01953125
0 0.2 0.65625 0.015625 0.01953125
0 0.565625 0.408203125 0.015625 0.01953125
0 0.19375 0.126953125 0.015625 0.01953125
0 0.2234375 0.181640625 0.015625 0.01953125
0 0.3 0.14453125 0.015625 0.01953125
0 0.3640625 0.107421875 0.015625 0.01953125
0 0.3796875 0.162109375 0.015625 0.01953125
0 0.3671875 0.18359375 0.015625 0.01953125
