0 0.8625 0.0390625 0.015625 0.01953125
0 0.8609375 0.080078125 0.015625 0.01953125
0 0.8546875 0.1015625 0.015625 0.01953125
0 0.834375 0.248046875 0.015625 0.01953125
0 0.8671875 0.267578125 0.015625 0.01953125
0 0.8890625 0.265625 0.015625 0.01953125
0 0.765625 0.322265625 0.015625 0.01953125
0 0.6078125 0.154296875 0.015625 0.01953125
0 0.490625 0.080078125 0.015625 0.01953125
0 0.5203125 0.16015625 0.015625 0.01953125
0 0.45625 0.169921875 0.015625 0.01953125
0 0.446875 0.1015625 0.015625 0.01953125
0 0.3203125 0.2265625 0.015625 0.01953125
0 0.3828125 0.28515625 0.015625 0.01953125
0 0.4109375 0.265625 0.015625 0.01953125
0 0.696875 0.416015625 0.015625 0.01953125
0 0.684375 0.517578125 0.015625 0.01953125
0 0.9046875 0.611328125 0.015625 0.01953125
0 0.9390625 0.6171875 0.015625 0.01953125
0 0.9265625 0.896484375 0.015625 0.01953125
0 0.7640625 0.970703125 0.015625 0.01953125
0 0.66875 0.873046875 0.015625 0.01953125
0 0.61875 0.91796875 0.015625 0.01953125
0 0.640625 0.974609375 0.015625 0.01953125
0 0.4953125 0.970703125 0.015625 0.01953125
0 0.5375 0.859375 0.015625 0.01953125
0 0.6140625 0.6953125 0.015625 0.01953125
0 0.634375 0.767578125 0.015625 0.01953125
0 0.2046875 0.95703125 0.015625 0.01953125
0 0.415625 0.69921875 0.015625 0.01953125
0 0.4828125 0.68359375 0.015625 0.01953125
0 0.5078125 0.69140625 0.015625 0.01953125
0 0.43125 0.615234375 0.015625 0.01953125
0 0.528125 0.5234375 0.015625 0.01953125
0 0.38125 0.505859375 0.015625 0.01953125
0 0.3421875 0.55078125 0.015625 0.01953125
0 0.340625 0.431640625 0.015625 0.01953125
0 0.3 0.380859375 0.015625 0.01953125
0 0.209375 0.375 0.015625 0.01953125
0 0.246875 0.482421875 0.015625 0.01953125
0 0.265625 0.5078125 0.015625 0.01953125
0 0.01875 0.83984375 0.015625 0.01953125
0 0.253125 0.736328125 0.015625 0.01953125
0 0.2375 0.767578125 0.015625 0.01953125
0 0.2640625 0.74609375 0.015625 0.01953125
0 0.225 0.578125 0.015625 0.01953125
0 0.2234375 0.6171875 0.015625 0.01953125
0 0.2015625 0.59765625 0.015625 0.01953125
0 0.2046875 0.619140625 0.015625 0.01953125
0 0.2171875 0.67578125 0.015625 0.01953125
0 0.1625 0.65234375 0.015625 0.01953125
0 0.196875 0.09765625 0.015625 0.01953125
0 0.6296875 0.376953125 0.015625 0.01953125
0 0.5765625 0.404296875 0.015625 0.01953125
0 0.5765625 0.37890625 0.015625 0.01953125
0 0.2296875 0.14453125 0.015625 0.01953125
0 0.303125 0.107421875 0.015625 0.01953125
0 0.371875 0.072265625 0.015625 0.01953125
0 0.390625 0.130859375 0.015625 0.01953125
0 0.365625 0.146484375 0.015625 0.01953125
0 0.284375 0.26171875 0.015625 0.01953125
0 0.3046875 0.275390625 0.015625 0.01953125
0 0.31875 0.25390625 0.015625 0.01953125
