0 0.1828125 0.107421875 0.015625 0.01953125
0 0.221875 0.16015625 0.015625 0.01953125
0 0.359375 0.078125 0.015625 0.01953125
0 0.3828125 0.140625 0.015625 0.01953125
0 0.4953125 0.111328125 0.015625 0.01953125
0 0.4453125 0.111328125 0.015625 0.01953125
0 0.4546875 0.1796875 0.015625 0.01953125
0 0.5125 0.171875 0.015625 0.01953125
0 0.6046875 0.166015625 0.015625 0.01953125
0 0.8703125 0.27734375 0.015625 0.01953125
0 0.8265625 0.255859375 0.015625 0.01953125
0 0.7609375 0.353515625 0.015625 0.01953125
0 0.6921875 0.421875 0.015625 0.01953125
0 0.6859375 0.517578125 0.015625 0.01953125
0 0.40625 0.28125 0.015625 0.01953125
0 0.3546875 0.267578125 0.015625 0.01953125
0 0.2046875 0.39453125 0.015625 0.01953125
0 0.28125 0.390625 0.015625 0.01953125
0 0.334375 0.423828125 0.015625 0.01953125
0 0.5640625 0.396484375 0.015625 0.01953125
0 0.63125 0.373046875 0.015625 0.01953125
0 0.525 0.53515625 0.015625 0.01953125
0 0.4703125 0.6953125 0.015625 0.01953125
0 0.625 0.666015625 0.015625 0.01953125
0 0.4203125 0.705078125 0.015625 0.01953125
0 0.5015625 0.69921875 0.015625 0.01953125
0 0.34375 0.55859375 0.015625 0.01953125
0 0.371875 0.517578125 0.015625 0.01953125
0 0.2359375 0.490234375 0.015625 0.01953125
0 0.259375 0.521484375 0.015625 0.01953125
0 0.2171875 0.583984375 0.015625 0.01953125
0 0.496875 0.974609375 0.015625 0.01953125
0 0.25625 0.759765625 0.015625 0.01953125
0 0.2484375 0.740234375 0.015625 0.01953125
0 0.23125 0.77734375 0.015625 0.01953125
0 0.2109375 0.68359375 0.015625 0.01953125
0 0.1609375 0.666015625 0.015625 0.01953125
0 0.00625 0.853515625 0.015625 0.01953125
0 0.215625 0.626953125 0.015625 0.01953125
0 0.2 0.63671875 0.015625 0.01953125
0 0.190625 0.611328125 0.015625 0.01953125
0 0.2796875 0.263671875 0.015625 0.01953125
0 0.3125 0.2578125 0.015625 0.01953125
0 0.3015625 0.265625 0.015625 0.01953125
0 0.6140625 0.927734375 0.015625 0.01953125
0 0.540625 0.84765625 0.015625 0.01953125
0 0.4203125 0.634765625 0.015625 0.01953125
0 0.8390625 0.056640625 0.015625 0.01953125
0 0.84375 0.078125 0.015625 0.01953125
0 0.8265625 0.115234375 0.015625 0.01953125
0 0.903125 0.59765625 0.015625 0.01953125
0 0.934375 0.630859375 0.015625 0.01953125
0 0.9859375 0.80078125 0.015625 0.01953125
0 0.921875 0.908203125 0.015625 0.01953125
0 0.6078125 0.822265625 0.015625 0.01953125
0 0.659375 0.880859375 0.015625 0.01953125
0 0.6234375 0.986328125 0.015625 0.01953125
0 0.759375 0.98046875 0.015625 0.01953125
0 0.58125 0.40625 0.015625 0.01953125
0 0.884375 0.2734375 0.015625 0.01953125
0 0.3625 0.158203125 0.015625 0.01953125
0 0.296875 0.1171875 0.015625 0.01953125
