0 0.1828125 0.11328125 0.015625 0.01953125
0 0.5984375 0.173828125 0.015625 0.01953125
0 0.5 0.1796875 0.015625 0.01953125
0 0.4609375 0.201171875 0.015625 0.01953125
0 0.490625 0.111328125 0.015625 0.01953125
0 0.4375 0.115234375 0.015625 0.01953125
0 0.634375 0.369140625 0.015625 0.01953125
0 0.690625 0.416015625 0.015625 0.01953125
0 0.7515625 0.3828125 0.015625 0.01953125
0 0.6828125 0.515625 0.015625 0.01953125
0 0.6296875 0.626953125 0.015625 0.01953125
0 0.5140625 0.5390625 0.015625 0.01953125
0 0.334375 0.56640625 0.015625 0.01953125
0 0.3625 0.517578125 0.015625 0.01953125
0 0.3234375 0.412109375 0.015625 0.01953125
0 0.2640625 0.3828125 0.015625 0.01953125
0 0.196875 0.40234375 0.015625 0.01953125
0 0.2640625 0.25390625 0.015625 0.01953125
0 0.284375 0.263671875 0.015625 0.01953125
0 0.359375 0.078125 0.015625 0.01953125
0 0.2171875 0.169921875 0.015625 0.01953125
0 0.4640625 0.015625 0.015625 0.01953125
0 0.815625 0.07421875 0.015625 0.01953125
0 0.8 0.119140625 0.015625 0.01953125
0 0.8140625 0.23046875 0.015625 0.01953125
0 0.8546875 0.275390625 0.015625 0.01953125
0 0.8890625 0.279296875 0.015625 0.01953125
0 0.2953125 0.28125 0.015625 0.01953125
0 0.3171875 0.267578125 0.015625 0.01953125
0 0.3125 0.240234375 0.015625 0.01953125
0 0.4 0.2890625 0.015625 0.01953125
0 0.5578125 0.396484375 0.015625 0.01953125
0 0.228125 0.50390625 0.015625 0.01953125
0 0.25625 0.53515625 0.015625 0.01953125
0 0.2109375 0.591796875 0.015625 0.01953125
0 0.20625 0.626953125 0.015625 0.01953125
0 0.203125 0.69140625 0.015625 0.01953125
0 0.2296875 0.779296875 0.015625 0.01953125
0 0.246875 0.7421875 0.015625 0.01953125
0 0.253125 0.765625 0.015625 0.01953125
0 0.4140625 0.65234375 0.015625 0.01953125
0 0.4109375 0.7109375 0.015625 0.01953125
0 0.4671875 0.697265625 0.015625 0.01953125
0 0.54375 0.818359375 0.015625 0.01953125
0 0.5015625 0.962890625 0.015625 0.01953125
0 0.640625 0.87890625 0.015625 0.01953125
0 0.9046875 0.9140625 0.015625 0.01953125
0 0.9796875 0.791015625 0.015625 0.01953125
0 0.584375 0.873046875 0.015625 0.01953125
0 0.60625 0.9296875 0.015625 0.01953125
0 0.634375 0.955078125 0.015625 0.01953125
0 0.6828125 0.89453125 0.015625 0.01953125
0 0.8890625 0.58203125 0.015625 0.01953125
0 0.93125 0.63671875 0.015625 0.01953125
0 0.4953125 0.703125 0.015625 0.01953125
0 0.1921875 0.611328125 0.015625 0.01953125
0 0.7484375 0.98828125 0.015625 0.01953125
0 0.2359375 0.9609375 0.015625 0.01953125
0 0.8109375 0.048828125 0.015625 0.01953125
0 0.35 0.173828125 0.015625 0.01953125
0 0.375 0.146484375 0.015625 0.01953125
0 0.2734375 0.126953125 0.015625 0.01953125
