0 0.0703125 0.1796875 0.015625 0.01953125
0 0.1828125 0.115234375 0.015625 0.01953125
0 0.23125 0.125 0.015625 0.01953125
0 0.2234375 0.361328125 0.015625 0.01953125
0 0.2171875 0.5546875 0.015625 0.01953125
0 0.25625 0.740234375 0.015625 0.01953125
0 0.271875 0.759765625 0.015625 0.01953125
0 0.2359375 0.748046875 0.015625 0.01953125
0 0.03125 0.9375 0.015625 0.01953125
0 0.178125 0.794921875 0.015625 0.01953125
0 0.140625 0.830078125 0.015625 0.01953125
0 0.09375 0.96875 0.015625 0.01953125
0 0.5265625 0.609375 0.015625 0.01953125
0 0.4703125 0.3671875 0.015625 0.01953125
0 0.5390625 0.126953125 0.015625 0.01953125
0 0.83125 0.00390625 0.015625 0.01953125
0 0.8359375 0.03125 0.015625 0.01953125
0 0.828125 0.06640625 0.015625 0.01953125
0 0.571875 0.181640625 0.015625 0.01953125
0 0.8375 0.19921875 0.015625 0.01953125
0 0.796875 0.193359375 0.015625 0.01953125
0 0.8515625 0.2421875 0.015625 0.01953125
0 0.94375 0.24609375 0.015625 0.01953125
0 0.990625 0.119140625 0.015625 0.01953125
0 0.975 0.53125 0.015625 0.01953125
0 0.8421875 0.49609375 0.015625 0.01953125
0 0.83125 0.603515625 0.015625 0.01953125
0 0.7703125 0.751953125 0.015625 0.01953125
0 0.715625 0.755859375 0.015625 0.01953125
0 0.8890625 0.9609375 0.015625 0.01953125
0 0.5328125 0.779296875 0.015625 0.01953125
0 0.5484375 0.791015625 0.015625 0.01953125
0 0.5234375 0.798828125 0.015625 0.01953125
0 0.5125 0.70703125 0.015625 0.01953125
0 0.525 0.65234375 0.015625 0.01953125
0 0.50625 0.6171875 0.015625 0.01953125
0 0.4625 0.681640625 0.015625 0.01953125
0 0.490625 0.63671875 0.015625 0.01953125
0 0.5015625 0.65234375 0.015625 0.01953125
0 0.5515625 0.51953125 0.015625 0.01953125
0 0.5734375 0.53515625 0.015625 0.01953125
0 0.64375 0.51171875 0.015625 0.01953125
0 0.6515625 0.591796875 0.015625 0.01953125
0 0.66875 0.501953125 0.015625 0.01953125
0 0.796875 0.759765625 0.015625 0.01953125
0 0.8390625 0.908203125 0.015625 0.01953125
0 0.8828125 0.916015625 0.015625 0.01953125
0 0.9109375 0.900390625 0.015625 0.01953125
0 0.93125 0.734375 0.015625 0.01953125
0 0.89375 0.462890625 0.015625 0.01953125
0 0.74375 0.333984375 0.015625 0.01953125
0 0.68125 0.294921875 0.015625 0.01953125
0 0.5484375 0.3515625 0.015625 0.01953125
0 0.615625 0.345703125 0.015625 0.01953125
0 0.640625 0.322265625 0.015625 0.01953125
0 0.6078125 0.298828125 0.015625 0.01953125
0 0.61875 0.30078125 0.015625 0.01953125
0 0.6296875 0.302734375 0.015625 0.01953125
0 0.63125 0.15234375 0.015625 0.01953125
0 0.71875 0.12890625 0.015625 0.01953125
0 0.7234375 0.16015625 0.015625 0.01953125
0 0.725 0.19921875 0.015625 0.01953125
0 0.1578125 0.626953125 0.015625 0.01953125
0 0.0109375 0.861328125 0.015625 0.01953125
