0 0.740625 0.169921875 0.015625 0.01953125
0 0.7375 0.193359375 0.015625 0.01953125
0 0.0109375 0.220703125 0.015625 0.01953125
0 0.0859375 0.201171875 0.015625 0.01953125
0 0.0109375 0.07421875 0.015625 0.01953125
0 0.5546875 0.12890625 0.015625 0.01953125
0 0.5875 0.1875 0.015625 0.01953125
0 0.7265625 0.130859375 0.015625 0.01953125
0 0.8453125 0.001953125 0.015625 0.01953125
0 0.8515625 0.037109375 0.015625 0.01953125
0 0.84375 0.080078125 0.015625 0.01953125
0 0.9921875 0.10546875 0.015625 0.01953125
0 0.9640625 0.248046875 0.015625 0.01953125
0 0.8625 0.251953125 0.015625 0.01953125
0 0.853125 0.197265625 0.015625 0.01953125
0 0.81875 0.19921875 0.015625 0.01953125
0 0.759375 0.33203125 0.015625 0.01953125
0 0.6921875 0.30078125 0.015625 0.01953125
0 0.4796875 0.37890625 0.015625 0.01953125
0 0.55625 0.353515625 0.015625 0.01953125
0 0.6359375 0.30078125 0.015625 0.01953125
0 0.6375 0.353515625 0.015625 0.01953125
0 0.684375 0.513671875 0.015625 0.01953125
0 0.65625 0.513671875 0.015625 0.01953125
0 0.6625 0.595703125 0.015625 0.01953125
0 0.5921875 0.53515625 0.015625 0.01953125
0 0.5671875 0.517578125 0.015625 0.01953125
0 0.5453125 0.61328125 0.015625 0.01953125
0 0.5375 0.64453125 0.015625 0.01953125
0 0.5296875 0.712890625 0.015625 0.01953125
0 0.4796875 0.681640625 0.015625 0.01953125
0 0.25 0.748046875 0.015625 0.01953125
0 0.271875 0.7421875 0.015625 0.01953125
0 0.1890625 0.798828125 0.015625 0.01953125
0 0.04375 0.927734375 0.015625 0.01953125
0 0.7328125 0.765625 0.015625 0.01953125
0 0.5625 0.7890625 0.015625 0.01953125
0 0.5484375 0.779296875 0.015625 0.01953125
0 0.7859375 0.759765625 0.015625 0.01953125
0 0.85 0.611328125 0.015625 0.01953125
0 0.89375 0.9140625 0.015625 0.01953125
0 0.85625 0.8984375 0.015625 0.01953125
0 0.9015625 0.9609375 0.015625 0.01953125
0 0.9265625 0.8984375 0.015625 0.01953125
0 0.85 0.490234375 0.015625 0.01953125
0 0.8140625 0.76953125 0.015625 0.01953125
0 0.546875 0.802734375 0.015625 0.01953125
0 0.5171875 0.638671875 0.015625 0.01953125
0 0.625 0.302734375 0.015625 0.01953125
0 0.646875 0.30859375 0.015625 0.01953125
0 0.6609375 0.3203125 0.015625 0.01953125
0 0.9125 0.46484375 0.015625 0.01953125
0 0.9421875 0.7265625 0.015625 0.01953125
0 0.2859375 0.767578125 0.015625 0.01953125
0 0.159375 0.828125 0.015625 0.01953125
0 0.178125 0.630859375 0.015625 0.01953125
0 0.2375 0.552734375 0.015625 0.01953125
0 0.2359375 0.369140625 0.015625 0.01953125
0 0.025 0.85546875 0.015625 0.01953125
0 0.0109375 0.02734375 0.015625 0.01953125
0 0.1921875 0.130859375 0.015625 0.01953125
0 0.253125 0.13671875 0.015625 0.01953125
0 0.2015625 0.67578125 0.015625 0.01953125
0 0.1453125 0.8359375 0.015625 0.01953125
