0 0.5390625 0.123046875 0.015625 0.01953125
0 0.825 0.029296875 0.015625 0.01953125
0 0.8328125 0.060546875 0.015625 0.01953125
0 0.8359375 0.1875 0.015625 0.01953125
0 0.796875 0.193359375 0.015625 0.01953125
0 0.846875 0.251953125 0.015625 0.01953125
0 0.446875 0.361328125 0.015625 0.01953125
0 0.23125 0.51171875 0.015625 0.01953125
0 0.2421875 0.74609375 0.015625 0.01953125
0 0.2578125 0.74609375 0.015625 0.01953125
0 0.15625 0.771484375 0.015625 0.01953125
0 0.5078125 0.703125 0.015625 0.01953125
0 0.4625 0.671875 0.015625 0.01953125
0 0.5265625 0.611328125 0.015625 0.01953125
0 0.5765625 0.525390625 0.015625 0.01953125
0 0.553125 0.509765625 0.015625 0.01953125
0 0.53125 0.337890625 0.015625 0.01953125
0 0.6078125 0.298828125 0.015625 0.01953125
0 0.6203125 0.30078125 0.015625 0.01953125
0 0.61875 0.341796875 0.015625 0.01953125
0 0.7453125 0.328125 0.015625 0.01953125
0 0.809375 0.451171875 0.015625 0.01953125
0 0.8296875 0.6015625 0.015625 0.01953125
0 0.6359375 0.517578125 0.015625 0.01953125
0 0.665625 0.5234375 0.015625 0.01953125
0 0.646875 0.587890625 0.015625 0.01953125
0 0.5234375 0.642578125 0.015625 0.01953125
0 0.5328125 0.771484375 0.015625 0.01953125
0 0.5484375 0.78515625 0.015625 0.01953125
0 0.5296875 0.794921875 0.015625 0.01953125
0 0.771875 0.7421875 0.015625 0.01953125
0 0.9515625 0.6796875 0.015625 0.01953125
0 0.8578125 0.875 0.015625 0.01953125
0 0.8734375 0.900390625 0.015625 0.01953125
0 0.8921875 0.947265625 0.015625 0.01953125
0 0.9171875 0.87890625 0.015625 0.01953125
0 0.8890625 0.458984375 0.015625 0.01953125
0 0.9484375 0.24609375 0.015625 0.01953125
0 0.9515625 0.0625 0.015625 0.01953125
0 0.625 0.15625 0.015625 0.01953125
0 0.5703125 0.177734375 0.015625 0.01953125
0 0.7140625 0.119140625 0.015625 0.01953125
0 0.1828125 0.146484375 0.015625 0.01953125
0 0.0671875 0.212890625 0.015625 0.01953125
0 0.2203125 0.34765625 0.015625 0.01953125
0 0.18125 0.630859375 0.015625 0.01953125
0 0.125 0.8046875 0.015625 0.01953125
0 0.2703125 0.7578125 0.015625 0.01953125
0 0.0265625 0.90234375 0.015625 0.01953125
0 0.171875 0.96875 0.015625 0.01953125
0 0.1390625 0.8125 0.015625 0.01953125
0 0.6984375 0.751953125 0.015625 0.01953125
0 0.728125 0.72265625 0.015625 0.01953125
0 0.7984375 0.751953125 0.015625 0.01953125
0 0.653125 0.291015625 0.015625 0.01953125
0 0.640625 0.314453125 0.015625 0.01953125
0 0.5 0.62890625 0.015625 0.01953125
