0 0.5265625 0.11328125 0.015625 0.01953125
0 0.5515625 0.173828125 0.015625 0.01953125
0 0.7015625 0.11328125 0.015625 0.01953125
0 0.6046875 0.173828125 0.015625 0.01953125
0 0.7046875 0.15234375 0.015625 0.01953125
0 0.7046875 0.185546875 0.015625 0.01953125
0 0.81875 0.046875 0.015625 0.01953125
0 0.9265625 0.236328125 0.015625 0.01953125
0 0.834375 0.248046875 0.015625 0.01953125
0 0.821875 0.166015625 0.015625 0.01953125
0 0.775 0.19140625 0.015625 0.01953125
0 0.65625 0.529296875 0.015625 0.01953125
0 0.6296875 0.576171875 0.015625 0.01953125
0 0.6140625 0.51171875 0.015625 0.01953125
0 0.8125 0.5859375 0.015625 0.01953125
0 0.7859375 0.423828125 0.015625 0.01953125
0 0.85 0.8515625 0.015625 0.01953125
0 0.8421875 0.89453125 0.015625 0.01953125
0 0.8765625 0.927734375 0.015625 0.01953125
0 0.903125 0.8671875 0.015625 0.01953125
0 0.5171875 0.603515625 0.015625 0.01953125
0 0.221875 0.740234375 0.015625 0.01953125
0 0.778125 0.736328125 0.015625 0.01953125
0 0.753125 0.736328125 0.015625 0.01953125
0 0.1671875 0.166015625 0.015625 0.01953125
0 0.0546875 0.216796875 0.015625 0.01953125
0 0.1984375 0.33203125 0.015625 0.01953125
0 0.215625 0.49609375 0.015625 0.01953125
0 0.1671875 0.62109375 0.015625 0.01953125
0 0.2375 0.740234375 0.015625 0.01953125
0 0.2546875 0.74609375 0.015625 0.01953125
0 0.415625 0.3515625 0.015625 0.01953125
0 0.509375 0.322265625 0.015625 0.01953125
0 0.725 0.322265625 0.015625 0.01953125
0 0.871875 0.44921875 0.015625 0.01953125
0 0.128125 0.759765625 0.015625 0.01953125
0 0.103125 0.78515625 0.015625 0.01953125
0 0.1203125 0.80078125 0.015625 0.01953125
0 0.15625 0.966796875 0.015625 0.01953125
0 0.5359375 0.509765625 0.015625 0.01953125
0 0.55625 0.51171875 0.015625 0.01953125
0 0.7 0.744140625 0.015625 0.01953125
0 0.94375 0.65234375 0.015625 0.01953125
0 0.975 0.455078125 0.015625 0.01953125
0 0.9875 0.44921875 0.015625 0.01953125
0 0.9171875 0.025390625 0.015625 0.01953125
0 0.803125 0.015625 0.015625 0.01953125
0 0.553125 0.130859375 0.015625 0.01953125
0 0.590625 0.294921875 0.015625 0.01953125
0 0.5984375 0.29296875 0.015625 0.01953125
0 0.6 0.337890625 0.015625 0.01953125
0 0.625 0.28125 0.015625 0.01953125
0 0.6109375 0.2890625 0.015625 0.01953125
0 0.975 0.072265625 0.015625 0.01953125
0 0.971875 0.099609375 0.015625 0.01953125
0 0.715625 0.71484375 0.015625 0.01953125
0 0.5296875 0.787109375 0.015625 0.01953125
0 0.51875 0.759765625 0.015625 0.01953125
0 0.50625 0.779296875 0.015625 0.01953125
0 0.4953125 0.697265625 0.015625 0.01953125
0 0.446875 0.662109375 0.015625 0.01953125
0 0.484375 0.611328125 0.015625 0.01953125
0 0.509375 0.6328125 0.015625 0.01953125
0 0.4859375 0.638671875 0.015625 0.01953125
