0 0.3578125 0.083984375 0.015625 0.01953125
0 0.371875 0.19140625 0.015625 0.01953125
0 0.3546875 0.330078125 0.015625 0.01953125
0 0.39375 0.552734375 0.015625 0.01953125
0 0.371875 0.560546875 0.015625 0.01953125
0 0.284375 0.4921875 0.015625 0.01953125
0 0.565625 0.455078125 0.015625 0.01953125
0 0.503125 0.578125 0.015625 0.01953125
0 0.73125 0.599609375 0.015625 0.01953125
0 0.7328125 0.625 0.015625 0.01953125
0 0.5875 0.845703125 0.015625 0.01953125
0 0.671875 0.861328125 0.015625 0.01953125
0 0.4890625 0.76953125 0.015625 0.01953125
0 0.2796875 0.619140625 0.015625 0.01953125
0 0.30625 0.630859375 0.015625 0.01953125
0 0.371875 0.611328125 0.015625 0.01953125
0 0.3234375 0.62890625 0.015625 0.01953125
0 0.334375 0.626953125 0.015625 0.01953125
0 0.834375 0.630859375 0.015625 0.01953125
0 0.7609375 0.62109375 0.015625 0.01953125
0 0.565625 0.5078125 0.015625 0.01953125
0 0.578125 0.509765625 0.015625 0.01953125
0 0.56875 0.525390625 0.015625 0.01953125
0 0.4046875 0.25390625 0.015625 0.01953125
0 0.428125 0.275390625 0.015625 0.01953125
0 0.3015625 0.265625 0.015625 0.01953125
0 0.275 0.28125 0.015625 0.01953125
0 0.3984375 0.359375 0.015625 0.01953125
0 0.48125 0.4765625 0.015625 0.01953125
0 0.3484375 0.65234375 0.015625 0.01953125
0 0.328125 0.658203125 0.015625 0.01953125
0 0.36875 0.703125 0.015625 0.01953125
0 0.3375 0.755859375 0.015625 0.01953125
0 0.2546875 0.78515625 0.015625 0.01953125
0 0.2765625 0.94140625 0.015625 0.01953125
0 0.309375 0.939453125 0.015625 0.01953125
0 0.3453125 0.994140625 0.015625 0.01953125
0 0.365625 0.923828125 0.015625 0.01953125
0 0.784375 0.1875 0.015625 0.01953125
0 0.709375 0.48828125 0.015625 0.01953125
0 0.853125 0.279296875 0.015625 0.01953125
0 0.9328125 0.1171875 0.015625 0.01953125
0 0.9453125 0.095703125 0.015625 0.01953125
0 0.928125 0.466796875 0.015625 0.01953125
0 0.9546875 0.533203125 0.015625 0.01953125
0 0.9921875 0.560546875 0.015625 0.01953125
0 0.9828125 0.794921875 0.015625 0.01953125
0 0.9515625 0.880859375 0.015625 0.01953125
0 0.35 0.755859375 0.015625 0.01953125
0 0.515625 0.5703125 0.015625 0.01953125
0 0.6578125 0.23046875 0.015625 0.01953125
0 0.559375 0.275390625 0.015625 0.01953125
0 0.5171875 0.861328125 0.015625 0.01953125
0 0.0796875 0.197265625 0.015625 0.01953125
0 0.2796875 0.029296875 0.015625 0.01953125
0 0.25 0.03125 0.015625 0.01953125
0 0.240625 0.03125 0.015625 0.01953125
