0 0.1078125 0.1640625 0.015625 0.01953125
0 0.3734375 0.208984375 0.015625 0.01953125
0 0.3875 0.2109375 0.015625 0.01953125
0 0.3671875 0.09375 0.015625 0.01953125
0 0.434375 0.01953125 0.015625 0.01953125
0 0.371875 0.353515625 0.015625 0.01953125
0 0.4171875 0.361328125 0.015625 0.01953125
0 0.403125 0.361328125 0.015625 0.01953125
0 0.31875 0.287109375 0.015625 0.01953125
0 0.7921875 0.19921875 0.015625 0.01953125
0 0.7453125 0.609375 0.015625 0.01953125
0 0.7453125 0.630859375 0.015625 0.01953125
0 0.7671875 0.611328125 0.015625 0.01953125
0 0.86875 0.60546875 0.015625 0.01953125
0 0.503125 0.7734375 0.015625 0.01953125
0 0.5234375 0.5703125 0.015625 0.01953125
0 0.5765625 0.45703125 0.015625 0.01953125
0 0.6078125 0.84375 0.015625 0.01953125
0 0.6078125 0.84375 0.015625 0.01953125
0 0.525 0.861328125 0.015625 0.01953125
0 0.684375 0.865234375 0.015625 0.01953125
0 0.578125 0.51171875 0.015625 0.01953125
0 0.590625 0.515625 0.015625 0.01953125
0 0.5796875 0.525390625 0.015625 0.01953125
0 0.4921875 0.482421875 0.015625 0.01953125
0 0.4 0.55078125 0.015625 0.01953125
0 0.3875 0.5859375 0.015625 0.01953125
0 0.3765625 0.625 0.015625 0.01953125
0 0.3921875 0.626953125 0.015625 0.01953125
0 0.346875 0.77734375 0.015625 0.01953125
0 0.365625 0.77734375 0.015625 0.01953125
0 0.3671875 0.71875 0.015625 0.01953125
0 0.3859375 0.72265625 0.015625 0.01953125
0 0.4234375 0.27734375 0.015625 0.01953125
0 0.4453125 0.291015625 0.015625 0.01953125
0 0.3625 0.6796875 0.015625 0.01953125
0 0.2921875 0.943359375 0.015625 0.01953125
0 0.334375 0.9765625 0.015625 0.01953125
0 0.30625 0.62109375 0.015625 0.01953125
0 0.321875 0.64453125 0.015625 0.01953125
0 0.3484375 0.64453125 0.015625 0.01953125
0 0.334375 0.64453125 0.015625 0.01953125
0 0.35 0.66796875 0.015625 0.01953125
0 0.340625 0.923828125 0.015625 0.01953125
0 0.5953125 0.8515625 0.015625 0.01953125
0 0.7265625 0.494140625 0.015625 0.01953125
0 0.5828125 0.30078125 0.015625 0.01953125
0 0.6734375 0.234375 0.015625 0.01953125
0 0.9484375 0.10546875 0.015625 0.01953125
0 0.940625 0.470703125 0.015625 0.01953125
0 0.9671875 0.541015625 0.015625 0.01953125
0 0.9484375 0.873046875 0.015625 0.01953125
0 0.415625 0.017578125 0.015625 0.01953125
0 0.2859375 0.30078125 0.015625 0.01953125
0 0.290625 0.5234375 0.015625 0.01953125
0 0.3078125 0.79296875 0.015625 0.01953125
0 0.871875 0.294921875 0.015625 0.01953125
0 0.2953125 0.046875 0.015625 0.01953125
0 0.2671875 0.0390625 0.015625 0.01953125
0 0.25625 0.033203125 0.015625 0.01953125
0 0.2671875 0.79296875 0.015625 0.01953125
