0 0.3140625 0.041015625 0.015625 0.01953125
0 0.334375 0.04296875 0.015625 0.01953125
0 0.4140625 0.1328125 0.015625 0.01953125
0 0.3234375 0.15234375 0.015625 0.01953125
0 0.365625 0.30078125 0.015625 0.01953125
0 0.365625 0.30078125 0.015625 0.01953125
0 0.35 0.298828125 0.015625 0.01953125
0 0.346875 0.45703125 0.015625 0.01953125
0 0.296875 0.375 0.015625 0.01953125
0 0.259375 0.396484375 0.015625 0.01953125
0 0.2578125 0.642578125 0.015625 0.01953125
0 0.26875 0.625 0.015625 0.01953125
0 0.2828125 0.630859375 0.015625 0.01953125
0 0.3703125 0.69140625 0.015625 0.01953125
0 0.2421875 0.84375 0.015625 0.01953125
0 0.4765625 0.79296875 0.015625 0.01953125
0 0.496875 0.876953125 0.015625 0.01953125
0 0.721875 0.685546875 0.015625 0.01953125
0 0.7234375 0.66015625 0.015625 0.01953125
0 0.7484375 0.666015625 0.015625 0.01953125
0 0.88125 0.55078125 0.015625 0.01953125
0 0.915625 0.51953125 0.015625 0.01953125
0 0.75 0.23828125 0.015625 0.01953125
0 0.5546875 0.3828125 0.015625 0.01953125
0 0.65 0.283203125 0.015625 0.01953125
0 0.928125 0.130859375 0.015625 0.01953125
0 0.9125 0.15234375 0.015625 0.01953125
0 0.546875 0.4765625 0.015625 0.01953125
0 0.46875 0.49609375 0.015625 0.01953125
0 0.484375 0.591796875 0.015625 0.01953125
0 0.55 0.54296875 0.015625 0.01953125
0 0.5515625 0.5546875 0.015625 0.01953125
0 0.5640625 0.537109375 0.015625 0.01953125
0 0.703125 0.541015625 0.015625 0.01953125
0 0.753125 0.677734375 0.015625 0.01953125
0 0.5640625 0.88671875 0.015625 0.01953125
0 0.6640625 0.927734375 0.015625 0.01953125
0 0.9125 0.90234375 0.015625 0.01953125
0 0.946875 0.595703125 0.015625 0.01953125
0 0.9828125 0.619140625 0.015625 0.01953125
0 0.996875 0.626953125 0.015625 0.01953125
0 0.425 0.392578125 0.015625 0.01953125
0 0.40625 0.375 0.015625 0.01953125
0 0.3921875 0.396484375 0.015625 0.01953125
0 0.29375 0.71484375 0.015625 0.01953125
0 0.3125 0.712890625 0.015625 0.01953125
0 0.325 0.71875 0.015625 0.01953125
0 0.3609375 0.712890625 0.015625 0.01953125
0 0.328125 0.748046875 0.015625 0.01953125
0 0.3390625 0.755859375 0.015625 0.01953125
0 0.3203125 0.869140625 0.015625 0.01953125
0 0.334375 0.875 0.015625 0.01953125
0 0.3421875 0.814453125 0.015625 0.01953125
0 0.3625 0.8203125 0.015625 0.01953125
0 0.3828125 0.001953125 0.015625 0.01953125
0 0.359375 0.068359375 0.015625 0.01953125
0 0.359375 0.5703125 0.015625 0.01953125
0 0.4984375 0.591796875 0.015625 0.01953125
0 0.575 0.875 0.015625 0.01953125
0 0.428125 0.072265625 0.015625 0.01953125
0 0.403125 0.052734375 0.015625 0.01953125
0 0.4140625 0.07421875 0.015625 0.01953125
0 0.3984375 0.130859375 0.015625 0.01953125
0 0.0890625 0.17578125 0.015625 0.01953125
0 0.2640625 0.001953125 0.015625 0.01953125
0 0.9765625 0.55078125 0.015625 0.01953125
0 0.9859375 0.564453125 0.015625 0.01953125
0 0.25625 0.015625 0.015625 0.01953125
0 0.2734375 0.029296875 0.015625 0.01953125
0 0.878125 0.392578125 0.015625 0.01953125
