0 0.371875 0.03515625 0.015625 0.01953125
0 0.3265625 0.029296875 0.015625 0.01953125
0 0.334375 0.044921875 0.015625 0.01953125
0 0.325 0.05859375 0.015625 0.01953125
0 0.3125 0.099609375 0.015625 0.01953125
0 0.30625 0.173828125 0.015625 0.01953125
0 0.4203125 0.103515625 0.015625 0.01953125
0 0.3875 0.181640625 0.015625 0.01953125
0 0.3875 0.181640625 0.015625 0.01953125
0 0.728125 0.255859375 0.015625 0.01953125
0 0.5515625 0.416015625 0.015625 0.01953125
0 0.5390625 0.4765625 0.015625 0.01953125
0 0.475 0.58984375 0.015625 0.01953125
0 0.715625 0.68359375 0.015625 0.01953125
0 0.734375 0.677734375 0.015625 0.01953125
0 0.7125 0.69921875 0.015625 0.01953125
0 0.5546875 0.888671875 0.015625 0.01953125
0 0.4671875 0.79296875 0.015625 0.01953125
0 0.4890625 0.876953125 0.015625 0.01953125
0 0.3140625 0.904296875 0.015625 0.01953125
0 0.3296875 0.908203125 0.015625 0.01953125
0 0.2375 0.861328125 0.015625 0.01953125
0 0.2890625 0.73828125 0.015625 0.01953125
0 0.371875 0.728515625 0.015625 0.01953125
0 0.303125 0.740234375 0.015625 0.01953125
0 0.31875 0.740234375 0.015625 0.01953125
0 0.328125 0.78125 0.015625 0.01953125
0 0.353125 0.74609375 0.015625 0.01953125
0 0.340625 0.5703125 0.015625 0.01953125
0 0.3421875 0.49609375 0.015625 0.01953125
0 0.35 0.861328125 0.015625 0.01953125
0 0.3328125 0.853515625 0.015625 0.01953125
0 0.365625 0.857421875 0.015625 0.01953125
0 0.275 0.630859375 0.015625 0.01953125
0 0.284375 0.412109375 0.015625 0.01953125
0 0.2671875 0.423828125 0.015625 0.01953125
0 0.253125 0.431640625 0.015625 0.01953125
0 0.353125 0.341796875 0.015625 0.01953125
0 0.340625 0.333984375 0.015625 0.01953125
0 0.409375 0.427734375 0.015625 0.01953125
0 0.384375 0.42578125 0.015625 0.01953125
0 0.384375 0.42578125 0.015625 0.01953125
0 0.3984375 0.41796875 0.015625 0.01953125
0 0.3625 0.4296875 0.015625 0.01953125
0 0.6453125 0.3046875 0.015625 0.01953125
0 0.55625 0.541015625 0.015625 0.01953125
0 0.5421875 0.5390625 0.015625 0.01953125
0 0.540625 0.556640625 0.015625 0.01953125
0 0.4859375 0.587890625 0.015625 0.01953125
0 0.496875 0.59375 0.015625 0.01953125
0 0.696875 0.564453125 0.015625 0.01953125
0 0.878125 0.546875 0.015625 0.01953125
0 0.9 0.537109375 0.015625 0.01953125
0 0.9328125 0.611328125 0.015625 0.01953125
0 0.975 0.63671875 0.015625 0.01953125
0 0.990625 0.64453125 0.015625 0.01953125
0 0.8953125 0.904296875 0.015625 0.01953125
0 0.659375 0.93359375 0.015625 0.01953125
0 0.56875 0.884765625 0.015625 0.01953125
0 0.9671875 0.564453125 0.015625 0.01953125
0 0.9796875 0.58203125 0.015625 0.01953125
0 0.4546875 0.501953125 0.015625 0.01953125
0 0.40625 0.17578125 0.015625 0.01953125
0 0.9140625 0.14453125 0.015625 0.01953125
0 0.2484375 0.69140625 0.015625 0.01953125
0 0.2640625 0.953125 0.015625 0.01953125
0 0.2765625 0.001953125 0.015625 0.01953125
0 0.271875 0.01953125 0.015625 0.01953125
0 0.2609375 0.03125 0.015625 0.01953125
0 0.271875 0.05078125 0.015625 0.01953125
0 0.403125 0.103515625 0.015625 0.01953125
0 0.3953125 0.08984375 0.015625 0.01953125
0 0.875 0.419921875 0.015625 0.01953125
0 0.7140625 0.068359375 0.015625 0.01953125
0 0.275 0.15625 0.015625 0.01953125
0 0.25 0.109375 0.015625 0.01953125
0 0.228125 0.109375 0.015625 0.01953125
0 0.0671875 0.28125 0.015625 0.01953125
