0 0.321875 0.15234375 0.015625 0.01953125
0 0.303125 0.1796875 0.015625 0.01953125
0 0.3484375 0.369140625 0.015625 0.01953125
0 0.334375 0.3671875 0.015625 0.01953125
0 0.2890625 0.435546875 0.015625 0.01953125
0 0.3421875 0.53515625 0.015625 0.01953125
0 0.328125 0.5625 0.015625 0.01953125
0 0.2859375 0.755859375 0.015625 0.01953125
0 0.3015625 0.759765625 0.015625 0.01953125
0 0.3171875 0.771484375 0.015625 0.01953125
0 0.246875 0.734375 0.015625 0.01953125
0 0.2734375 0.625 0.015625 0.01953125
0 0.2734375 0.625 0.015625 0.01953125
0 0.2625 0.619140625 0.015625 0.01953125
0 0.234375 0.873046875 0.015625 0.01953125
0 0.2578125 0.94140625 0.015625 0.01953125
0 0.3078125 0.939453125 0.015625 0.01953125
0 0.321875 0.94140625 0.015625 0.01953125
0 0.35 0.890625 0.015625 0.01953125
0 0.4609375 0.7890625 0.015625 0.01953125
0 0.5453125 0.888671875 0.015625 0.01953125
0 0.5609375 0.8828125 0.015625 0.01953125
0 0.7109375 0.71484375 0.015625 0.01953125
0 0.709375 0.689453125 0.015625 0.01953125
0 0.734375 0.69140625 0.015625 0.01953125
0 0.528125 0.47265625 0.015625 0.01953125
0 0.4515625 0.490234375 0.015625 0.01953125
0 0.5515625 0.44921875 0.015625 0.01953125
0 0.6421875 0.314453125 0.015625 0.01953125
0 0.7140625 0.265625 0.015625 0.01953125
0 0.9078125 0.138671875 0.015625 0.01953125
0 0.8984375 0.546875 0.015625 0.01953125
0 0.871875 0.544921875 0.015625 0.01953125
0 0.8890625 0.89453125 0.015625 0.01953125
0 0.9734375 0.6484375 0.015625 0.01953125
0 0.93125 0.6171875 0.015625 0.01953125
0 0.246875 0.45703125 0.015625 0.01953125
0 0.259375 0.45703125 0.015625 0.01953125
0 0.3921875 0.453125 0.015625 0.01953125
0 0.378125 0.451171875 0.015625 0.01953125
0 0.3625 0.439453125 0.015625 0.01953125
0 0.409375 0.46484375 0.015625 0.01953125
0 0.4046875 0.21875 0.015625 0.01953125
0 0.3171875 0.0703125 0.015625 0.01953125
0 0.3609375 0.064453125 0.015625 0.01953125
0 0.3875 0.1328125 0.015625 0.01953125
0 0.3984375 0.146484375 0.015625 0.01953125
0 0.4140625 0.140625 0.015625 0.01953125
0 0.375 0.091796875 0.015625 0.01953125
0 0.334375 0.0546875 0.015625 0.01953125
0 0.2796875 0.017578125 0.015625 0.01953125
0 0.3984375 0.36328125 0.015625 0.01953125
0 0.4703125 0.58984375 0.015625 0.01953125
0 0.48125 0.5859375 0.015625 0.01953125
0 0.490625 0.59375 0.015625 0.01953125
0 0.55 0.537109375 0.015625 0.01953125
0 0.534375 0.560546875 0.015625 0.01953125
0 0.534375 0.560546875 0.015625 0.01953125
0 0.5359375 0.541015625 0.015625 0.01953125
0 0.690625 0.572265625 0.015625 0.01953125
0 0.9953125 0.583984375 0.015625 0.01953125
0 0.978125 0.564453125 0.015625 0.01953125
0 0.975 0.591796875 0.015625 0.01953125
0 0.9875 0.732421875 0.015625 0.01953125
0 0.65 0.9453125 0.015625 0.01953125
0 0.4859375 0.87109375 0.015625 0.01953125
0 0.26875 0.818359375 0.015625 0.01953125
0 0.36875 0.76953125 0.015625 0.01953125
0 0.3578125 0.7734375 0.015625 0.01953125
0 0.3484375 0.76953125 0.015625 0.01953125
0 0.3328125 0.798828125 0.015625 0.01953125
0 0.321875 0.787109375 0.015625 0.01953125
0 0.3296875 0.896484375 0.015625 0.01953125
0 0.3640625 0.890625 0.015625 0.01953125
0 0.26875 0.05078125 0.015625 0.01953125
0 0.2796875 0.068359375 0.015625 0.01953125
0 0.7375 0.712890625 0.015625 0.01953125
0 0.9640625 0.578125 0.015625 0.01953125
0 0.8875 0.455078125 0.015625 0.01953125
0 0.0625 0.287109375 0.015625 0.01953125
