0 0.3421875 0.064453125 0.015625 0.01953125
0 0.3328125 0.087890625 0.015625 0.01953125
0 0.321875 0.07421875 0.015625 0.01953125
0 0.3109375 0.080078125 0.015625 0.01953125
0 0.3609375 0.091796875 0.015625 0.01953125
0 0.3921875 0.10546875 0.015625 0.01953125
0 0.709375 0.28125 0.015625 0.01953125
0 0.64375 0.32421875 0.015625 0.01953125
0 0.459375 0.783203125 0.015625 0.01953125
0 0.7109375 0.7265625 0.015625 0.01953125
0 0.7109375 0.705078125 0.015625 0.01953125
0 0.7328125 0.69921875 0.015625 0.01953125
0 0.740625 0.720703125 0.015625 0.01953125
0 0.5375 0.888671875 0.015625 0.01953125
0 0.5546875 0.8828125 0.015625 0.01953125
0 0.478125 0.861328125 0.015625 0.01953125
0 0.8796875 0.896484375 0.015625 0.01953125
0 0.9296875 0.6328125 0.015625 0.01953125
0 0.3171875 0.96875 0.015625 0.01953125
0 0.3171875 0.96875 0.015625 0.01953125
0 0.303125 0.970703125 0.015625 0.01953125
0 0.3484375 0.9296875 0.015625 0.01953125
0 0.2578125 0.931640625 0.015625 0.01953125
0 0.23125 0.880859375 0.015625 0.01953125
0 0.26875 0.845703125 0.015625 0.01953125
0 0.334375 0.92578125 0.015625 0.01953125
0 0.2859375 0.775390625 0.015625 0.01953125
0 0.3015625 0.78125 0.015625 0.01953125
0 0.3390625 0.5703125 0.015625 0.01953125
0 0.3234375 0.556640625 0.015625 0.01953125
0 0.26875 0.611328125 0.015625 0.01953125
0 0.259375 0.607421875 0.015625 0.01953125
0 0.2421875 0.490234375 0.015625 0.01953125
0 0.2578125 0.486328125 0.015625 0.01953125
0 0.284375 0.466796875 0.015625 0.01953125
0 0.334375 0.3984375 0.015625 0.01953125
0 0.3453125 0.396484375 0.015625 0.01953125
0 0.3234375 0.20703125 0.015625 0.01953125
0 0.303125 0.193359375 0.015625 0.01953125
0 0.3796875 0.162109375 0.015625 0.01953125
0 0.39375 0.171875 0.015625 0.01953125
0 0.409375 0.171875 0.015625 0.01953125
0 0.409375 0.251953125 0.015625 0.01953125
0 0.3890625 0.248046875 0.015625 0.01953125
0 0.403125 0.421875 0.015625 0.01953125
0 0.3578125 0.44921875 0.015625 0.01953125
0 0.3765625 0.45703125 0.015625 0.01953125
0 0.3875 0.490234375 0.015625 0.01953125
0 0.4046875 0.49609375 0.015625 0.01953125
0 0.45 0.486328125 0.015625 0.01953125
0 0.46875 0.587890625 0.015625 0.01953125
0 0.48125 0.583984375 0.015625 0.01953125
0 0.490625 0.5859375 0.015625 0.01953125
0 0.528125 0.470703125 0.015625 0.01953125
0 0.5484375 0.47265625 0.015625 0.01953125
0 0.5421875 0.537109375 0.015625 0.01953125
0 0.6890625 0.580078125 0.015625 0.01953125
0 0.6515625 0.955078125 0.015625 0.01953125
0 0.3625 0.9296875 0.015625 0.01953125
0 0.3703125 0.810546875 0.015625 0.01953125
0 0.3609375 0.798828125 0.015625 0.01953125
0 0.3375 0.8203125 0.015625 0.01953125
0 0.28125 0.021484375 0.015625 0.01953125
0 0.275 0.056640625 0.015625 0.01953125
0 0.89375 0.564453125 0.015625 0.01953125
0 0.8609375 0.55078125 0.015625 0.01953125
0 0.978125 0.603515625 0.015625 0.01953125
0 0.9625 0.587890625 0.015625 0.01953125
0 0.96875 0.658203125 0.015625 0.01953125
0 0.9921875 0.666015625 0.015625 0.01953125
0 0.990625 0.74609375 0.015625 0.01953125
0 0.3171875 0.783203125 0.015625 0.01953125
0 0.3265625 0.8046875 0.015625 0.01953125
0 0.315625 0.80078125 0.015625 0.01953125
0 0.3484375 0.796875 0.015625 0.01953125
0 0.2515625 0.779296875 0.015625 0.01953125
0 0.9015625 0.478515625 0.015625 0.01953125
0 0.9046875 0.146484375 0.015625 0.01953125
0 0.0640625 0.302734375 0.015625 0.01953125
0 0.7140625 0.095703125 0.015625 0.01953125
