0 0.6953125 0.29296875 0.015625 0.01953125
0 0.6953125 0.333984375 0.015625 0.01953125
0 0.896875 0.140625 0.015625 0.01953125
0 0.8390625 0.533203125 0.015625 0.01953125
0 0.9 0.5703125 0.015625 0.01953125
0 0.915625 0.529296875 0.015625 0.01953125
0 0.86875 0.876953125 0.015625 0.01953125
0 0.646875 0.966796875 0.015625 0.01953125
0 0.534375 0.884765625 0.015625 0.01953125
0 0.546875 0.876953125 0.015625 0.01953125
0 0.4578125 0.767578125 0.015625 0.01953125
0 0.46875 0.84375 0.015625 0.01953125
0 0.4625 0.576171875 0.015625 0.01953125
0 0.4734375 0.568359375 0.015625 0.01953125
0 0.484375 0.5703125 0.015625 0.01953125
0 0.5296875 0.45703125 0.015625 0.01953125
0 0.446875 0.47265625 0.015625 0.01953125
0 0.3984375 0.224609375 0.015625 0.01953125
0 0.3828125 0.23046875 0.015625 0.01953125
0 0.371875 0.216796875 0.015625 0.01953125
0 0.3484375 0.1328125 0.015625 0.01953125
0 0.403125 0.302734375 0.015625 0.01953125
0 0.55 0.513671875 0.015625 0.01953125
0 0.2875 0.212890625 0.015625 0.01953125
0 0.340625 0.095703125 0.015625 0.01953125
0 0.4109375 0.111328125 0.015625 0.01953125
0 0.6921875 0.59375 0.015625 0.01953125
0 0.709375 0.72265625 0.015625 0.01953125
0 0.7328125 0.70703125 0.015625 0.01953125
0 0.7359375 0.7265625 0.015625 0.01953125
0 0.9296875 0.64453125 0.015625 0.01953125
0 0.990625 0.68359375 0.015625 0.01953125
0 0.9921875 0.759765625 0.015625 0.01953125
0 0.95625 0.666015625 0.015625 0.01953125
0 0.34375 0.453125 0.015625 0.01953125
0 0.33125 0.44921875 0.015625 0.01953125
0 0.38125 0.548828125 0.015625 0.01953125
0 0.3109375 0.53515625 0.015625 0.01953125
0 0.284375 0.515625 0.015625 0.01953125
0 0.3390625 0.626953125 0.015625 0.01953125
0 0.540625 0.529296875 0.015625 0.01953125
0 0.5328125 0.541015625 0.015625 0.01953125
0 0.5296875 0.55859375 0.015625 0.01953125
0 0.371875 0.47265625 0.015625 0.01953125
0 0.35625 0.478515625 0.015625 0.01953125
0 0.309375 0.28125 0.015625 0.01953125
0 0.3640625 0.06640625 0.015625 0.01953125
0 0.30625 0.064453125 0.015625 0.01953125
0 0.3109375 0.123046875 0.015625 0.01953125
0 0.29375 0.09375 0.015625 0.01953125
0 0.3828125 0.310546875 0.015625 0.01953125
0 0.4015625 0.55078125 0.015625 0.01953125
0 0.246875 0.53515625 0.015625 0.01953125
0 0.2828125 0.8046875 0.015625 0.01953125
0 0.2984375 0.796875 0.015625 0.01953125
0 0.3640625 0.8671875 0.015625 0.01953125
0 0.2765625 0.900390625 0.015625 0.01953125
0 0.2671875 0.84765625 0.015625 0.01953125
0 0.25 0.9140625 0.015625 0.01953125
0 0.234375 0.888671875 0.015625 0.01953125
0 0.3171875 0.8046875 0.015625 0.01953125
0 0.3171875 0.8203125 0.015625 0.01953125
0 0.3625 0.83203125 0.015625 0.01953125
0 0.35 0.833984375 0.015625 0.01953125
0 0.334375 0.84375 0.015625 0.01953125
0 0.328125 0.828125 0.015625 0.01953125
0 0.346875 0.982421875 0.015625 0.01953125
0 0.3359375 0.978515625 0.015625 0.01953125
0 0.3484375 0.064453125 0.015625 0.01953125
0 0.9953125 0.611328125 0.015625 0.01953125
0 0.975 0.59765625 0.015625 0.01953125
0 0.0625 0.314453125 0.015625 0.01953125
0 0.0796875 0.046875 0.015625 0.01953125
0 0.2171875 0.150390625 0.015625 0.01953125
0 0.2328125 0.15234375 0.015625 0.01953125
0 0.2765625 0.04296875 0.015625 0.01953125
0 0.7125 0.103515625 0.015625 0.01953125
0 0.2265625 0.017578125 0.015625 0.01953125
