0 0.690625 0.296875 0.015625 0.01953125
0 0.7015625 0.33984375 0.015625 0.01953125
0 0.8859375 0.140625 0.015625 0.01953125
0 0.8890625 0.572265625 0.015625 0.01953125
0 0.93125 0.646484375 0.015625 0.01953125
0 0.9203125 0.55078125 0.015625 0.01953125
0 0.70625 0.73046875 0.015625 0.01953125
0 0.5234375 0.880859375 0.015625 0.01953125
0 0.5375 0.875 0.015625 0.01953125
0 0.6484375 0.974609375 0.015625 0.01953125
0 0.8609375 0.857421875 0.015625 0.01953125
0 0.990625 0.763671875 0.015625 0.01953125
0 0.465625 0.83203125 0.015625 0.01953125
0 0.4609375 0.7578125 0.015625 0.01953125
0 0.7359375 0.73828125 0.015625 0.01953125
0 0.728125 0.71484375 0.015625 0.01953125
0 0.6875 0.599609375 0.015625 0.01953125
0 0.528125 0.53515625 0.015625 0.01953125
0 0.528125 0.53515625 0.015625 0.01953125
0 0.5375 0.5234375 0.015625 0.01953125
0 0.525 0.552734375 0.015625 0.01953125
0 0.4390625 0.45703125 0.015625 0.01953125
0 0.5328125 0.451171875 0.015625 0.01953125
0 0.9546875 0.66796875 0.015625 0.01953125
0 0.990625 0.6171875 0.015625 0.01953125
0 0.9875 0.681640625 0.015625 0.01953125
0 0.971875 0.607421875 0.015625 0.01953125
0 0.8296875 0.521484375 0.015625 0.01953125
0 0.4765625 0.5625 0.015625 0.01953125
0 0.4640625 0.556640625 0.015625 0.01953125
0 0.7125 0.73828125 0.015625 0.01953125
0 0.403125 0.58203125 0.015625 0.01953125
0 0.378125 0.578125 0.015625 0.01953125
0 0.340625 0.658203125 0.015625 0.01953125
0 0.371875 0.501953125 0.015625 0.01953125
0 0.34375 0.4765625 0.015625 0.01953125
0 0.3328125 0.482421875 0.015625 0.01953125
0 0.3921875 0.255859375 0.015625 0.01953125
0 0.3796875 0.26171875 0.015625 0.01953125
0 0.365625 0.248046875 0.015625 0.01953125
0 0.28125 0.814453125 0.015625 0.01953125
0 0.3015625 0.51953125 0.015625 0.01953125
0 0.284375 0.537109375 0.015625 0.01953125
0 0.3578125 0.900390625 0.015625 0.01953125
0 0.3546875 0.859375 0.015625 0.01953125
0 0.275 0.9296875 0.015625 0.01953125
0 0.265625 0.88671875 0.015625 0.01953125
0 0.23125 0.896484375 0.015625 0.01953125
0 0.253125 0.900390625 0.015625 0.01953125
0 0.3 0.81640625 0.015625 0.01953125
0 0.315625 0.810546875 0.015625 0.01953125
0 0.33125 0.83984375 0.015625 0.01953125
0 0.3 0.330078125 0.015625 0.01953125
0 0.3984375 0.3359375 0.015625 0.01953125
0 0.340625 0.1640625 0.015625 0.01953125
0 0.35 0.107421875 0.015625 0.01953125
0 0.365625 0.068359375 0.015625 0.01953125
0 0.3546875 0.064453125 0.015625 0.01953125
0 0.3515625 0.49609375 0.015625 0.01953125
0 0.55 0.5390625 0.015625 0.01953125
0 0.3171875 0.826171875 0.015625 0.01953125
0 0.275 0.578125 0.015625 0.01953125
0 0.2390625 0.57421875 0.015625 0.01953125
0 0.2625 0.57421875 0.015625 0.01953125
0 0.290625 0.283203125 0.015625 0.01953125
0 0.26875 0.27734375 0.015625 0.01953125
0 0.315625 0.078125 0.015625 0.01953125
0 0.2953125 0.01171875 0.015625 0.01953125
0 0.2734375 0.04296875 0.015625 0.01953125
0 0.3125 0.09765625 0.015625 0.01953125
0 0.2796875 0.2265625 0.015625 0.01953125
0 0.2625 0.57421875 0.015625 0.01953125
0 0.2171875 0.150390625 0.015625 0.01953125
0 0.23125 0.15625 0.015625 0.01953125
0 0.228125 0.01953125 0.015625 0.01953125
0 0.7078125 0.11328125 0.015625 0.01953125
0 0.0578125 0.3203125 0.015625 0.01953125
