0 0.4078125 0.017578125 0.015625 0.01953125
0 0.3609375 0.107421875 0.015625 0.01953125
0 0.334375 0.1796875 0.015625 0.01953125
0 0.6875 0.30078125 0.015625 0.01953125
0 0.7 0.357421875 0.015625 0.01953125
0 0.8140625 0.517578125 0.015625 0.01953125
0 0.7265625 0.72265625 0.015625 0.01953125
0 0.7359375 0.73828125 0.015625 0.01953125
0 0.7140625 0.73828125 0.015625 0.01953125
0 0.7 0.736328125 0.015625 0.01953125
0 0.5359375 0.865234375 0.015625 0.01953125
0 0.5203125 0.875 0.015625 0.01953125
0 0.459375 0.744140625 0.015625 0.01953125
0 0.4640625 0.81640625 0.015625 0.01953125
0 0.6453125 0.984375 0.015625 0.01953125
0 0.853125 0.841796875 0.015625 0.01953125
0 0.9859375 0.765625 0.015625 0.01953125
0 0.925 0.654296875 0.015625 0.01953125
0 0.35625 0.927734375 0.015625 0.01953125
0 0.26875 0.94921875 0.015625 0.01953125
0 0.2640625 0.927734375 0.015625 0.01953125
0 0.2484375 0.8828125 0.015625 0.01953125
0 0.2265625 0.900390625 0.015625 0.01953125
0 0.34375 0.875 0.015625 0.01953125
0 0.3578125 0.87890625 0.015625 0.01953125
0 0.33125 0.845703125 0.015625 0.01953125
0 0.3140625 0.8203125 0.015625 0.01953125
0 0.29375 0.826171875 0.015625 0.01953125
0 0.28125 0.828125 0.015625 0.01953125
0 0.334375 0.69140625 0.015625 0.01953125
0 0.3921875 0.607421875 0.015625 0.01953125
0 0.459375 0.548828125 0.015625 0.01953125
0 0.378125 0.609375 0.015625 0.01953125
0 0.353125 0.5234375 0.015625 0.01953125
0 0.3015625 0.37109375 0.015625 0.01953125
0 0.2984375 0.5078125 0.015625 0.01953125
0 0.328125 0.50390625 0.015625 0.01953125
0 0.3421875 0.501953125 0.015625 0.01953125
0 0.2828125 0.556640625 0.015625 0.01953125
0 0.25625 0.55859375 0.015625 0.01953125
0 0.2703125 0.5625 0.015625 0.01953125
0 0.371875 0.52734375 0.015625 0.01953125
0 0.4328125 0.447265625 0.015625 0.01953125
0 0.396875 0.369140625 0.015625 0.01953125
0 0.3828125 0.3671875 0.015625 0.01953125
0 0.375 0.28125 0.015625 0.01953125
0 0.3953125 0.283203125 0.015625 0.01953125
0 0.3625 0.275390625 0.015625 0.01953125
0 0.265625 0.232421875 0.015625 0.01953125
0 0.3140625 0.166015625 0.015625 0.01953125
0 0.328125 0.078125 0.015625 0.01953125
0 0.3640625 0.072265625 0.015625 0.01953125
0 0.3734375 0.080078125 0.015625 0.01953125
0 0.2296875 0.0234375 0.015625 0.01953125
0 0.071875 0.162109375 0.015625 0.01953125
0 0.421875 0.9765625 0.015625 0.01953125
0 0.421875 0.9765625 0.015625 0.01953125
0 0.4078125 0.98046875 0.015625 0.01953125
0 0.5328125 0.443359375 0.015625 0.01953125
0 0.5390625 0.517578125 0.015625 0.01953125
0 0.54375 0.55859375 0.015625 0.01953125
0 0.521875 0.53125 0.015625 0.01953125
0 0.8828125 0.12890625 0.015625 0.01953125
0 0.875 0.587890625 0.015625 0.01953125
0 0.9203125 0.580078125 0.015625 0.01953125
0 0.94375 0.666015625 0.015625 0.01953125
0 0.990625 0.689453125 0.015625 0.01953125
0 0.990625 0.623046875 0.015625 0.01953125
0 0.9890625 0.587890625 0.015625 0.01953125
0 0.975 0.630859375 0.015625 0.01953125
0 0.9578125 0.611328125 0.015625 0.01953125
0 0.6875 0.607421875 0.015625 0.01953125
0 0.2453125 0.591796875 0.015625 0.01953125
0 0.23125 0.158203125 0.015625 0.01953125
0 0.221875 0.16015625 0.015625 0.01953125
0 0.70625 0.1171875 0.015625 0.01953125
