0 0.3546875 0.017578125 0.015625 0.01953125
0 0.3875 0.12890625 0.015625 0.01953125
0 0.4046875 0.166015625 0.015625 0.01953125
0 0.375 0.265625 0.015625 0.01953125
0 0.365625 0.34765625 0.015625 0.01953125
0 0.3390625 0.373046875 0.015625 0.01953125
0 0.290625 0.359375 0.015625 0.01953125
0 0.3078125 0.36328125 0.015625 0.01953125
0 0.2765625 0.2421875 0.015625 0.01953125
0 0.26875 0.3515625 0.015625 0.01953125
0 0.35 0.373046875 0.015625 0.01953125
0 0.35625 0.5234375 0.015625 0.01953125
0 0.3125 0.55078125 0.015625 0.01953125
0 0.290625 0.546875 0.015625 0.01953125
0 0.290625 0.69921875 0.015625 0.01953125
0 0.3859375 0.775390625 0.015625 0.01953125
0 0.4046875 0.765625 0.015625 0.01953125
0 0.4125 0.650390625 0.015625 0.01953125
0 0.44375 0.736328125 0.015625 0.01953125
0 0.2890625 0.482421875 0.015625 0.01953125
0 0.465625 0.44921875 0.015625 0.01953125
0 0.65625 0.068359375 0.015625 0.01953125
0 0.5890625 0.228515625 0.015625 0.01953125
0 0.753125 0.07421875 0.015625 0.01953125
0 0.665625 0.3515625 0.015625 0.01953125
0 0.6515625 0.392578125 0.015625 0.01953125
0 0.6375 0.431640625 0.015625 0.01953125
0 0.6609375 0.439453125 0.015625 0.01953125
0 0.6859375 0.392578125 0.015625 0.01953125
0 0.7328125 0.37890625 0.015625 0.01953125
0 0.7984375 0.462890625 0.015625 0.01953125
0 0.8265625 0.509765625 0.015625 0.01953125
0 0.8546875 0.5625 0.015625 0.01953125
0 0.70625 0.564453125 0.015625 0.01953125
0 0.690625 0.45703125 0.015625 0.01953125
0 0.7265625 0.466796875 0.015625 0.01953125
0 0.6890625 0.48828125 0.015625 0.01953125
0 0.684375 0.517578125 0.015625 0.01953125
0 0.625 0.517578125 0.015625 0.01953125
0 0.625 0.45703125 0.015625 0.01953125
0 0.5953125 0.4375 0.015625 0.01953125
0 0.5875 0.46484375 0.015625 0.01953125
0 0.56875 0.431640625 0.015625 0.01953125
0 0.5609375 0.3828125 0.015625 0.01953125
0 0.571875 0.380859375 0.015625 0.01953125
0 0.584375 0.37890625 0.015625 0.01953125
0 0.5171875 0.59765625 0.015625 0.01953125
0 0.5796875 0.57421875 0.015625 0.01953125
0 0.53125 0.591796875 0.015625 0.01953125
0 0.471875 0.60546875 0.015625 0.01953125
0 0.484375 0.603515625 0.015625 0.01953125
0 0.5890625 0.599609375 0.015625 0.01953125
0 0.7265625 0.638671875 0.015625 0.01953125
0 0.7703125 0.666015625 0.015625 0.01953125
0 0.840625 0.740234375 0.015625 0.01953125
0 0.765625 0.734375 0.015625 0.01953125
0 0.7484375 0.71875 0.015625 0.01953125
0 0.7078125 0.73828125 0.015625 0.01953125
0 0.690625 0.71875 0.015625 0.01953125
0 0.6484375 0.66015625 0.015625 0.01953125
0 0.6015625 0.65234375 0.015625 0.01953125
0 0.49375 0.630859375 0.015625 0.01953125
0 0.5109375 0.66796875 0.015625 0.01953125
0 0.5125 0.736328125 0.015625 0.01953125
0 0.5296875 0.779296875 0.015625 0.01953125
0 0.5515625 0.763671875 0.015625 0.01953125
0 0.565625 0.912109375 0.015625 0.01953125
0 0.6734375 0.93359375 0.015625 0.01953125
0 0.7 0.916015625 0.015625 0.01953125
0 0.690625 0.736328125 0.015625 0.01953125
0 0.253125 0.435546875 0.015625 0.01953125
