0 0.6640625 0.017578125 0.015625 0.01953125
0 0.390625 0.091796875 0.015625 0.01953125
0 0.6171875 0.16015625 0.015625 0.01953125
0 0.6125 0.1796875 0.015625 0.01953125
0 0.7609375 0.0234375 0.015625 0.01953125
0 0.3828125 0.24609375 0.015625 0.01953125
0 0.2984375 0.328125 0.015625 0.01953125
0 0.296875 0.49609375 0.015625 0.01953125
0 0.3609375 0.4921875 0.015625 0.01953125
0 0.3046875 0.451171875 0.015625 0.01953125
0 0.3234375 0.5234375 0.015625 0.01953125
0 0.296875 0.662109375 0.015625 0.01953125
0 0.3875 0.806640625 0.015625 0.01953125
0 0.3921875 0.744140625 0.015625 0.01953125
0 0.415625 0.73046875 0.015625 0.01953125
0 0.421875 0.6171875 0.015625 0.01953125
0 0.278125 0.330078125 0.015625 0.01953125
0 0.259375 0.35546875 0.015625 0.01953125
0 0.2890625 0.212890625 0.015625 0.01953125
0 0.31875 0.3359375 0.015625 0.01953125
0 0.3515625 0.328125 0.015625 0.01953125
0 0.3609375 0.328125 0.015625 0.01953125
0 0.38125 0.318359375 0.015625 0.01953125
0 0.365625 0.298828125 0.015625 0.01953125
0 0.475 0.40234375 0.015625 0.01953125
0 0.659375 0.341796875 0.015625 0.01953125
0 0.6984375 0.3359375 0.015625 0.01953125
0 0.74375 0.322265625 0.015625 0.01953125
0 0.8078125 0.40234375 0.015625 0.01953125
0 0.8359375 0.455078125 0.015625 0.01953125
0 0.8671875 0.5078125 0.015625 0.01953125
0 0.740625 0.58203125 0.015625 0.01953125
0 0.7171875 0.50390625 0.015625 0.01953125
0 0.6921875 0.462890625 0.015625 0.01953125
0 0.7 0.427734375 0.015625 0.01953125
0 0.7078125 0.40234375 0.015625 0.01953125
0 0.6875 0.37890625 0.015625 0.01953125
0 0.6703125 0.388671875 0.015625 0.01953125
0 0.6328125 0.458984375 0.015625 0.01953125
0 0.5859375 0.517578125 0.015625 0.01953125
0 0.5390625 0.54296875 0.015625 0.01953125
0 0.5234375 0.546875 0.015625 0.01953125
0 0.496875 0.548828125 0.015625 0.01953125
0 0.4796875 0.55078125 0.015625 0.01953125
0 0.5234375 0.6171875 0.015625 0.01953125
0 0.7140625 0.685546875 0.015625 0.01953125
0 0.7 0.6640625 0.015625 0.01953125
0 0.659375 0.611328125 0.015625 0.01953125
0 0.65625 0.5546875 0.015625 0.01953125
0 0.78125 0.681640625 0.015625 0.01953125
0 0.75625 0.671875 0.015625 0.01953125
0 0.853125 0.689453125 0.015625 0.01953125
0 0.7796875 0.61328125 0.015625 0.01953125
0 0.709375 0.876953125 0.015625 0.01953125
0 0.675 0.90625 0.015625 0.01953125
0 0.7109375 0.9921875 0.015625 0.01953125
0 0.521875 0.6796875 0.015625 0.01953125
0 0.5359375 0.720703125 0.015625 0.01953125
0 0.559375 0.712890625 0.015625 0.01953125
0 0.559375 0.849609375 0.015625 0.01953125
0 0.596875 0.55078125 0.015625 0.01953125
0 0.6296875 0.5546875 0.015625 0.01953125
0 0.609375 0.60546875 0.015625 0.01953125
0 0.625 0.341796875 0.015625 0.01953125
0 0.6484375 0.37109375 0.015625 0.01953125
0 0.6359375 0.408203125 0.015625 0.01953125
0 0.603125 0.416015625 0.015625 0.01953125
0 0.603125 0.3828125 0.015625 0.01953125
0 0.584375 0.390625 0.015625 0.01953125
0 0.5765625 0.380859375 0.015625 0.01953125
0 0.6765625 0.30078125 0.015625 0.01953125
0 0.871875 0.328125 0.015625 0.01953125
0 0.6984375 0.685546875 0.015625 0.01953125
0 0.425 0.951171875 0.015625 0.01953125
0 0.3046875 0.974609375 0.015625 0.01953125
0 0.5828125 0.326171875 0.015625 0.01953125
0 0.103125 0.865234375 0.015625 0.01953125
0 0.1171875 0.86328125 0.015625 0.01953125
