0 0.365625 0.01171875 0.015625 0.01953125
0 0.3828125 0.251953125 0.015625 0.01953125
0 0.3015625 0.673828125 0.015625 0.01953125
0 0.5390625 0.533203125 0.015625 0.01953125
0 0.528125 0.546875 0.015625 0.01953125
0 0.58125 0.517578125 0.015625 0.01953125
0 0.6 0.5546875 0.015625 0.01953125
0 0.659375 0.611328125 0.015625 0.01953125
0 0.7421875 0.580078125 0.015625 0.01953125
0 0.715625 0.685546875 0.015625 0.01953125
0 0.696875 0.65625 0.015625 0.01953125
0 0.7 0.69140625 0.015625 0.01953125
0 0.78125 0.615234375 0.015625 0.01953125
0 0.7578125 0.673828125 0.015625 0.01953125
0 0.7828125 0.67578125 0.015625 0.01953125
0 0.8625 0.51171875 0.015625 0.01953125
0 0.8078125 0.40234375 0.015625 0.01953125
0 0.740625 0.3203125 0.015625 0.01953125
0 0.63125 0.134765625 0.015625 0.01953125
0 0.628125 0.16015625 0.015625 0.01953125
0 0.759375 0.01953125 0.015625 0.01953125
0 0.3765625 0.3359375 0.015625 0.01953125
0 0.3546875 0.33203125 0.015625 0.01953125
0 0.3171875 0.345703125 0.015625 0.01953125
0 0.303125 0.34375 0.015625 0.01953125
0 0.584375 0.322265625 0.015625 0.01953125
0 0.6234375 0.337890625 0.015625 0.01953125
0 0.6625 0.3359375 0.015625 0.01953125
0 0.6984375 0.32421875 0.015625 0.01953125
0 0.6875 0.3828125 0.015625 0.01953125
0 0.6515625 0.373046875 0.015625 0.01953125
0 0.6734375 0.3828125 0.015625 0.01953125
0 0.63125 0.45703125 0.015625 0.01953125
0 0.7 0.880859375 0.015625 0.01953125
0 0.7046875 0.994140625 0.015625 0.01953125
0 0.8515625 0.69140625 0.015625 0.01953125
0 0.8359375 0.45703125 0.015625 0.01953125
0 0.709375 0.404296875 0.015625 0.01953125
0 0.7 0.427734375 0.015625 0.01953125
0 0.6921875 0.466796875 0.015625 0.01953125
0 0.7203125 0.50390625 0.015625 0.01953125
0 0.721875 0.541015625 0.015625 0.01953125
0 0.6671875 0.564453125 0.015625 0.01953125
0 0.6328125 0.546875 0.015625 0.01953125
0 0.4953125 0.548828125 0.015625 0.01953125
0 0.4796875 0.548828125 0.015625 0.01953125
0 0.3640625 0.50390625 0.015625 0.01953125
0 0.325 0.5234375 0.015625 0.01953125
0 0.2953125 0.50390625 0.015625 0.01953125
0 0.303125 0.466796875 0.015625 0.01953125
0 0.278125 0.357421875 0.015625 0.01953125
0 0.2578125 0.333984375 0.015625 0.01953125
0 0.39375 0.10546875 0.015625 0.01953125
0 0.478125 0.40234375 0.015625 0.01953125
0 0.578125 0.380859375 0.015625 0.01953125
0 0.5890625 0.38671875 0.015625 0.01953125
0 0.6046875 0.376953125 0.015625 0.01953125
0 0.5234375 0.615234375 0.015625 0.01953125
0 0.521875 0.67578125 0.015625 0.01953125
0 0.5484375 0.853515625 0.015625 0.01953125
0 0.5359375 0.7265625 0.015625 0.01953125
0 0.4203125 0.630859375 0.015625 0.01953125
0 0.415625 0.748046875 0.015625 0.01953125
0 0.3984375 0.759765625 0.015625 0.01953125
0 0.384375 0.830078125 0.015625 0.01953125
0 0.284375 0.705078125 0.015625 0.01953125
0 0.5625 0.708984375 0.015625 0.01953125
0 0.6140625 0.609375 0.015625 0.01953125
0 0.6359375 0.400390625 0.015625 0.01953125
0 0.6078125 0.408203125 0.015625 0.01953125
0 0.675 0.92578125 0.015625 0.01953125
0 0.7390625 0.3828125 0.015625 0.01953125
0 0.871875 0.322265625 0.015625 0.01953125
0 0.6640625 0.01953125 0.015625 0.01953125
0 0.1015625 0.87890625 0.015625 0.01953125
0 0.1203125 0.8828125 0.015625 0.01953125
