0 0.3515625 0.0625 0.015625 0.01953125
0 0.3890625 0.140625 0.015625 0.01953125
0 0.653125 0.12109375 0.015625 0.01953125
0 0.64375 0.15234375 0.015625 0.01953125
0 0.2515625 0.32421875 0.015625 0.01953125
0 0.296875 0.388671875 0.015625 0.01953125
0 0.375 0.302734375 0.015625 0.01953125
0 0.3484375 0.369140625 0.015625 0.01953125
0 0.315625 0.39453125 0.015625 0.01953125
0 0.3671875 0.390625 0.015625 0.01953125
0 0.2921875 0.71875 0.015625 0.01953125
0 0.5765625 0.54296875 0.015625 0.01953125
0 0.6265625 0.4765625 0.015625 0.01953125
0 0.684375 0.88671875 0.015625 0.01953125
0 0.85625 0.53515625 0.015625 0.01953125
0 0.8078125 0.423828125 0.015625 0.01953125
0 0.8296875 0.470703125 0.015625 0.01953125
0 0.7359375 0.337890625 0.015625 0.01953125
0 0.5953125 0.580078125 0.015625 0.01953125
0 0.5328125 0.560546875 0.015625 0.01953125
0 0.35625 0.55078125 0.015625 0.01953125
0 0.3125 0.537109375 0.015625 0.01953125
0 0.409375 0.79296875 0.015625 0.01953125
0 0.3875 0.802734375 0.015625 0.01953125
0 0.378125 0.900390625 0.015625 0.01953125
0 0.515625 0.638671875 0.015625 0.01953125
0 0.709375 0.521484375 0.015625 0.01953125
0 0.7078125 0.4296875 0.015625 0.01953125
0 0.6953125 0.44140625 0.015625 0.01953125
0 0.66875 0.40234375 0.015625 0.01953125
0 0.696875 0.35546875 0.015625 0.01953125
0 0.615625 0.365234375 0.015625 0.01953125
0 0.6515625 0.642578125 0.015625 0.01953125
0 0.6546875 0.587890625 0.015625 0.01953125
0 0.60625 0.640625 0.015625 0.01953125
0 0.5578125 0.728515625 0.015625 0.01953125
0 0.5171875 0.697265625 0.015625 0.01953125
0 0.5328125 0.736328125 0.015625 0.01953125
0 0.4484375 0.70703125 0.015625 0.01953125
0 0.4140625 0.671875 0.015625 0.01953125
0 0.2828125 0.525390625 0.015625 0.01953125
0 0.2671875 0.412109375 0.015625 0.01953125
0 0.3859375 0.380859375 0.015625 0.01953125
0 0.36875 0.357421875 0.015625 0.01953125
0 0.359375 0.3671875 0.015625 0.01953125
0 0.659375 0.03515625 0.015625 0.01953125
0 0.7546875 0.044921875 0.015625 0.01953125
0 0.88125 0.322265625 0.015625 0.01953125
0 0.7359375 0.6015625 0.015625 0.01953125
0 0.775 0.63671875 0.015625 0.01953125
0 0.7703125 0.703125 0.015625 0.01953125
0 0.7109375 0.705078125 0.015625 0.01953125
0 0.69375 0.673828125 0.015625 0.01953125
0 0.696875 0.708984375 0.015625 0.01953125
0 0.6671875 0.974609375 0.015625 0.01953125
0 0.5203125 0.56640625 0.015625 0.01953125
0 0.490625 0.5703125 0.015625 0.01953125
0 0.4734375 0.572265625 0.015625 0.01953125
0 0.46875 0.421875 0.015625 0.01953125
0 0.59375 0.39453125 0.015625 0.01953125
0 0.584375 0.408203125 0.015625 0.01953125
0 0.571875 0.396484375 0.015625 0.01953125
0 0.5765625 0.34765625 0.015625 0.01953125
0 0.6625 0.322265625 0.015625 0.01953125
0 0.65625 0.359375 0.015625 0.01953125
0 0.6421875 0.392578125 0.015625 0.01953125
0 0.63125 0.423828125 0.015625 0.01953125
0 0.6109375 0.4296875 0.015625 0.01953125
0 0.684375 0.484375 0.015625 0.01953125
0 0.740625 0.392578125 0.015625 0.01953125
0 0.846875 0.708984375 0.015625 0.01953125
0 0.7546875 0.69140625 0.015625 0.01953125
0 0.6640625 0.705078125 0.015625 0.01953125
0 0.0890625 0.923828125 0.015625 0.01953125
0 0.1109375 0.92578125 0.015625 0.01953125
