0 0.353125 0.083984375 0.015625 0.01953125
0 0.384375 0.16015625 0.015625 0.01953125
0 0.25 0.30859375 0.015625 0.01953125
0 0.371875 0.3359375 0.015625 0.01953125
0 0.290625 0.41015625 0.015625 0.01953125
0 0.3140625 0.408203125 0.015625 0.01953125
0 0.34375 0.380859375 0.015625 0.01953125
0 0.36875 0.404296875 0.015625 0.01953125
0 0.646875 0.1484375 0.015625 0.01953125
0 0.6765625 0.099609375 0.015625 0.01953125
0 0.65625 0.033203125 0.015625 0.01953125
0 0.53125 0.560546875 0.015625 0.01953125
0 0.5171875 0.56640625 0.015625 0.01953125
0 0.4828125 0.5703125 0.015625 0.01953125
0 0.4734375 0.576171875 0.015625 0.01953125
0 0.6546875 0.65234375 0.015625 0.01953125
0 0.571875 0.34765625 0.015625 0.01953125
0 0.7328125 0.34375 0.015625 0.01953125
0 0.8 0.423828125 0.015625 0.01953125
0 0.8296875 0.48046875 0.015625 0.01953125
0 0.853125 0.53125 0.015625 0.01953125
0 0.7109375 0.529296875 0.015625 0.01953125
0 0.7296875 0.603515625 0.015625 0.01953125
0 0.7703125 0.638671875 0.015625 0.01953125
0 0.7484375 0.693359375 0.015625 0.01953125
0 0.76875 0.69921875 0.015625 0.01953125
0 0.6859375 0.892578125 0.015625 0.01953125
0 0.3765625 0.9375 0.015625 0.01953125
0 0.3828125 0.8203125 0.015625 0.01953125
0 0.4046875 0.810546875 0.015625 0.01953125
0 0.2953125 0.734375 0.015625 0.01953125
0 0.35 0.57421875 0.015625 0.01953125
0 0.3 0.548828125 0.015625 0.01953125
0 0.296875 0.515625 0.015625 0.01953125
0 0.275 0.53515625 0.015625 0.01953125
0 0.384375 0.40234375 0.015625 0.01953125
0 0.46875 0.421875 0.015625 0.01953125
0 0.4078125 0.685546875 0.015625 0.01953125
0 0.446875 0.712890625 0.015625 0.01953125
0 0.534375 0.87109375 0.015625 0.01953125
0 0.5546875 0.728515625 0.015625 0.01953125
0 0.528125 0.7421875 0.015625 0.01953125
0 0.5140625 0.705078125 0.015625 0.01953125
0 0.5125 0.640625 0.015625 0.01953125
0 0.5875 0.580078125 0.015625 0.01953125
0 0.571875 0.544921875 0.015625 0.01953125
0 0.6171875 0.576171875 0.015625 0.01953125
0 0.6265625 0.4765625 0.015625 0.01953125
0 0.6828125 0.482421875 0.015625 0.01953125
0 0.7125 0.43359375 0.015625 0.01953125
0 0.6921875 0.44921875 0.015625 0.01953125
0 0.690625 0.359375 0.015625 0.01953125
0 0.6984375 0.33984375 0.015625 0.01953125
0 0.6609375 0.408203125 0.015625 0.01953125
0 0.753125 0.041015625 0.015625 0.01953125
0 0.9640625 0.103515625 0.015625 0.01953125
0 0.6515625 0.328125 0.015625 0.01953125
0 0.646875 0.3515625 0.015625 0.01953125
0 0.640625 0.390625 0.015625 0.01953125
0 0.6078125 0.369140625 0.015625 0.01953125
0 0.5890625 0.39453125 0.015625 0.01953125
0 0.56875 0.404296875 0.015625 0.01953125
0 0.58125 0.408203125 0.015625 0.01953125
0 0.6296875 0.421875 0.015625 0.01953125
0 0.6078125 0.42578125 0.015625 0.01953125
0 0.678125 0.400390625 0.015625 0.01953125
0 0.746875 0.38671875 0.015625 0.01953125
0 0.690625 0.673828125 0.015625 0.01953125
0 0.7109375 0.7109375 0.015625 0.01953125
0 0.69375 0.703125 0.015625 0.01953125
0 0.603125 0.64453125 0.015625 0.01953125
0 0.3546875 0.375 0.015625 0.01953125
0 0.403125 0.322265625 0.015625 0.01953125
0 0.2796875 0.296875 0.015625 0.01953125
0 0.0890625 0.947265625 0.015625 0.01953125
0 0.1015625 0.9453125 0.015625 0.01953125
