0 0.34375 0.103515625 0.015625 0.01953125
0 0.3875 0.166015625 0.015625 0.01953125
0 0.3859375 0.009765625 0.015625 0.01953125
0 0.659375 0.0390625 0.015625 0.01953125
0 0.6890625 0.0859375 0.015625 0.01953125
0 0.65625 0.138671875 0.015625 0.01953125
0 0.9546875 0.099609375 0.015625 0.01953125
0 0.7296875 0.34765625 0.015625 0.01953125
0 0.7421875 0.37890625 0.015625 0.01953125
0 0.796875 0.421875 0.015625 0.01953125
0 0.825 0.478515625 0.015625 0.01953125
0 0.8546875 0.53515625 0.015625 0.01953125
0 0.678125 0.884765625 0.015625 0.01953125
0 0.375 0.955078125 0.015625 0.01953125
0 0.38125 0.83984375 0.015625 0.01953125
0 0.4046875 0.826171875 0.015625 0.01953125
0 0.403125 0.697265625 0.015625 0.01953125
0 0.290625 0.744140625 0.015625 0.01953125
0 0.353125 0.5859375 0.015625 0.01953125
0 0.2921875 0.427734375 0.015625 0.01953125
0 0.3703125 0.34765625 0.015625 0.01953125
0 0.3390625 0.388671875 0.015625 0.01953125
0 0.309375 0.421875 0.015625 0.01953125
0 0.253125 0.30078125 0.015625 0.01953125
0 0.278125 0.314453125 0.015625 0.01953125
0 0.3546875 0.390625 0.015625 0.01953125
0 0.3640625 0.421875 0.015625 0.01953125
0 0.365625 0.3984375 0.015625 0.01953125
0 0.3859375 0.42578125 0.015625 0.01953125
0 0.465625 0.427734375 0.015625 0.01953125
0 0.528125 0.5703125 0.015625 0.01953125
0 0.515625 0.568359375 0.015625 0.01953125
0 0.571875 0.556640625 0.015625 0.01953125
0 0.5828125 0.583984375 0.015625 0.01953125
0 0.7078125 0.537109375 0.015625 0.01953125
0 0.7703125 0.634765625 0.015625 0.01953125
0 0.7265625 0.603515625 0.015625 0.01953125
0 0.746875 0.693359375 0.015625 0.01953125
0 0.70625 0.708984375 0.015625 0.01953125
0 0.684375 0.677734375 0.015625 0.01953125
0 0.65 0.650390625 0.015625 0.01953125
0 0.6484375 0.595703125 0.015625 0.01953125
0 0.625 0.48046875 0.015625 0.01953125
0 0.7171875 0.4375 0.015625 0.01953125
0 0.6625 0.408203125 0.015625 0.01953125
0 0.3015625 0.556640625 0.015625 0.01953125
0 0.2921875 0.5234375 0.015625 0.01953125
0 0.278125 0.5390625 0.015625 0.01953125
0 0.46875 0.572265625 0.015625 0.01953125
0 0.4875 0.572265625 0.015625 0.01953125
0 0.5109375 0.638671875 0.015625 0.01953125
0 0.509375 0.703125 0.015625 0.01953125
0 0.53125 0.744140625 0.015625 0.01953125
0 0.55 0.73046875 0.015625 0.01953125
0 0.5328125 0.869140625 0.015625 0.01953125
0 0.765625 0.703125 0.015625 0.01953125
0 0.678125 0.49609375 0.015625 0.01953125
0 0.684375 0.44921875 0.015625 0.01953125
0 0.68125 0.36328125 0.015625 0.01953125
0 0.678125 0.400390625 0.015625 0.01953125
0 0.6390625 0.396484375 0.015625 0.01953125
0 0.6265625 0.42578125 0.015625 0.01953125
0 0.6078125 0.4296875 0.015625 0.01953125
0 0.6953125 0.341796875 0.015625 0.01953125
0 0.575 0.349609375 0.015625 0.01953125
0 0.609375 0.369140625 0.015625 0.01953125
0 0.640625 0.35546875 0.015625 0.01953125
0 0.6515625 0.326171875 0.015625 0.01953125
0 0.5859375 0.396484375 0.015625 0.01953125
0 0.565625 0.404296875 0.015625 0.01953125
0 0.5796875 0.4140625 0.015625 0.01953125
0 0.74375 0.046875 0.015625 0.01953125
0 0.6015625 0.650390625 0.015625 0.01953125
0 0.44375 0.716796875 0.015625 0.01953125
0 0.8390625 0.7109375 0.015625 0.01953125
0 0.8828125 0.3203125 0.015625 0.01953125
0 0.61875 0.57421875 0.015625 0.01953125
0 0.2625 0.46875 0.015625 0.01953125
0 0.0828125 0.9609375 0.015625 0.01953125
0 0.0953125 0.955078125 0.015625 0.01953125
