0 0.2875 0.03125 0.015625 0.01953125
0 0.3859375 0.03515625 0.015625 0.01953125
0 0.34375 0.126953125 0.015625 0.01953125
0 0.38125 0.181640625 0.015625 0.01953125
0 0.6515625 0.033203125 0.015625 0.01953125
0 0.7125 0.060546875 0.015625 0.01953125
0 0.665625 0.123046875 0.015625 0.01953125
0 0.94375 0.087890625 0.015625 0.01953125
0 0.884375 0.30859375 0.015625 0.01953125
0 0.3609375 0.373046875 0.015625 0.01953125
0 0.30625 0.4453125 0.015625 0.01953125
0 0.2875 0.443359375 0.015625 0.01953125
0 0.3578125 0.44140625 0.015625 0.01953125
0 0.3828125 0.439453125 0.015625 0.01953125
0 0.4609375 0.427734375 0.015625 0.01953125
0 0.465625 0.572265625 0.015625 0.01953125
0 0.4796875 0.572265625 0.015625 0.01953125
0 0.5109375 0.568359375 0.015625 0.01953125
0 0.5265625 0.5703125 0.015625 0.01953125
0 0.5640625 0.55078125 0.015625 0.01953125
0 0.58125 0.583984375 0.015625 0.01953125
0 0.25625 0.50390625 0.015625 0.01953125
0 0.2953125 0.5625 0.015625 0.01953125
0 0.290625 0.759765625 0.015625 0.01953125
0 0.3953125 0.712890625 0.015625 0.01953125
0 0.4015625 0.84765625 0.015625 0.01953125
0 0.3765625 0.859375 0.015625 0.01953125
0 0.5390625 0.869140625 0.015625 0.01953125
0 0.678125 0.880859375 0.015625 0.01953125
0 0.54375 0.734375 0.015625 0.01953125
0 0.51875 0.74609375 0.015625 0.01953125
0 0.5109375 0.703125 0.015625 0.01953125
0 0.50625 0.642578125 0.015625 0.01953125
0 0.65 0.63671875 0.015625 0.01953125
0 0.5921875 0.640625 0.015625 0.01953125
0 0.7 0.7109375 0.015625 0.01953125
0 0.6828125 0.677734375 0.015625 0.01953125
0 0.684375 0.705078125 0.015625 0.01953125
0 0.759375 0.705078125 0.015625 0.01953125
0 0.7375 0.6875 0.015625 0.01953125
0 0.7625 0.634765625 0.015625 0.01953125
0 0.7203125 0.603515625 0.015625 0.01953125
0 0.846875 0.5390625 0.015625 0.01953125
0 0.61875 0.48046875 0.015625 0.01953125
0 0.696875 0.53125 0.015625 0.01953125
0 0.6734375 0.4921875 0.015625 0.01953125
0 0.6734375 0.490234375 0.015625 0.01953125
0 0.7109375 0.4375 0.015625 0.01953125
0 0.6296875 0.34765625 0.015625 0.01953125
0 0.7875 0.423828125 0.015625 0.01953125
0 0.81875 0.4765625 0.015625 0.01953125
0 0.7265625 0.34765625 0.015625 0.01953125
0 0.68125 0.361328125 0.015625 0.01953125
0 0.5609375 0.408203125 0.015625 0.01953125
0 0.6828125 0.453125 0.015625 0.01953125
0 0.6609375 0.4140625 0.015625 0.01953125
0 0.6078125 0.373046875 0.015625 0.01953125
0 0.6359375 0.396484375 0.015625 0.01953125
0 0.5796875 0.388671875 0.015625 0.01953125
0 0.746875 0.36328125 0.015625 0.01953125
0 0.646875 0.58984375 0.015625 0.01953125
0 0.615625 0.5703125 0.015625 0.01953125
0 0.565625 0.349609375 0.015625 0.01953125
0 0.609375 0.4296875 0.015625 0.01953125
0 0.44375 0.7265625 0.015625 0.01953125
0 0.3421875 0.3984375 0.015625 0.01953125
0 0.3546875 0.419921875 0.015625 0.01953125
0 0.253125 0.27734375 0.015625 0.01953125
0 0.090625 0.982421875 0.015625 0.01953125
0 0.075 0.982421875 0.015625 0.01953125
