0 0.3375 0.4140625 0.015625 0.01953125
0 0.3609375 0.408203125 0.015625 0.01953125
0 0.3484375 0.44921875 0.015625 0.01953125
0 0.35625 0.470703125 0.015625 0.01953125
0 0.3015625 0.470703125 0.015625 0.01953125
0 0.2875 0.474609375 0.015625 0.01953125
0 0.5078125 0.564453125 0.015625 0.01953125
0 0.5234375 0.56640625 0.015625 0.01953125
0 0.475 0.568359375 0.015625 0.01953125
0 0.5640625 0.5390625 0.015625 0.01953125
0 0.575 0.572265625 0.015625 0.01953125
0 0.6140625 0.482421875 0.015625 0.01953125
0 0.721875 0.4453125 0.015625 0.01953125
0 0.7921875 0.4296875 0.015625 0.01953125
0 0.8453125 0.533203125 0.015625 0.01953125
0 0.815625 0.478515625 0.015625 0.01953125
0 0.759375 0.638671875 0.015625 0.01953125
0 0.7 0.70703125 0.015625 0.01953125
0 0.646875 0.623046875 0.015625 0.01953125
0 0.721875 0.603515625 0.015625 0.01953125
0 0.6984375 0.517578125 0.015625 0.01953125
0 0.7109375 0.0546875 0.015625 0.01953125
0 0.3796875 0.197265625 0.015625 0.01953125
0 0.3328125 0.15625 0.015625 0.01953125
0 0.384375 0.064453125 0.015625 0.01953125
0 0.4015625 0.02734375 0.015625 0.01953125
0 0.2875 0.080078125 0.015625 0.01953125
0 0.56875 0.34765625 0.015625 0.01953125
0 0.559375 0.404296875 0.015625 0.01953125
0 0.653125 0.408203125 0.015625 0.01953125
0 0.6796875 0.36328125 0.015625 0.01953125
0 0.721875 0.34765625 0.015625 0.01953125
0 0.50625 0.64453125 0.015625 0.01953125
0 0.390625 0.734375 0.015625 0.01953125
0 0.371875 0.890625 0.015625 0.01953125
0 0.3921875 0.873046875 0.015625 0.01953125
0 0.559375 0.8671875 0.015625 0.01953125
0 0.521875 0.74609375 0.015625 0.01953125
0 0.540625 0.732421875 0.015625 0.01953125
0 0.503125 0.69921875 0.015625 0.01953125
0 0.5921875 0.625 0.015625 0.01953125
0 0.6109375 0.5703125 0.015625 0.01953125
0 0.6203125 0.337890625 0.015625 0.01953125
0 0.6125 0.369140625 0.015625 0.01953125
0 0.6328125 0.390625 0.015625 0.01953125
0 0.6671875 0.396484375 0.015625 0.01953125
0 0.7453125 0.34765625 0.015625 0.01953125
0 0.921875 0.072265625 0.015625 0.01953125
0 0.684375 0.111328125 0.015625 0.01953125
0 0.6484375 0.033203125 0.015625 0.01953125
0 0.7578125 0.703125 0.015625 0.01953125
0 0.74375 0.69140625 0.015625 0.01953125
0 0.678125 0.677734375 0.015625 0.01953125
0 0.6796875 0.71484375 0.015625 0.01953125
0 0.678125 0.87109375 0.015625 0.01953125
0 0.61875 0.42578125 0.015625 0.01953125
0 0.6 0.431640625 0.015625 0.01953125
0 0.65 0.34375 0.015625 0.01953125
0 0.5734375 0.3828125 0.015625 0.01953125
0 0.4578125 0.421875 0.015625 0.01953125
0 0.25625 0.251953125 0.015625 0.01953125
0 0.2703125 0.359375 0.015625 0.01953125
0 0.2578125 0.01953125 0.015625 0.01953125
0 0.334375 0.005859375 0.015625 0.01953125
0 0.3765625 0.005859375 0.015625 0.01953125
0 0.703125 0.5703125 0.015625 0.01953125
0 0.2921875 0.7890625 0.015625 0.01953125
0 0.446875 0.7265625 0.015625 0.01953125
0 0.3421875 0.634765625 0.015625 0.01953125
0 0.271875 0.560546875 0.015625 0.01953125
0 0.29375 0.576171875 0.015625 0.01953125
0 0.2515625 0.541015625 0.015625 0.01953125
0 0.66875 0.482421875 0.015625 0.01953125
0 0.809375 0.01171875 0.015625 0.01953125
