0 0.7171875 0.05078125 0.015625 0.01953125
0 0.8078125 0.03125 0.015625 0.01953125
0 0.684375 0.107421875 0.015625 0.01953125
0 0.646875 0.0390625 0.015625 0.01953125
0 0.909375 0.072265625 0.015625 0.01953125
0 0.2859375 0.1015625 0.015625 0.01953125
0 0.334375 0.171875 0.015625 0.01953125
0 0.371875 0.205078125 0.015625 0.01953125
0 0.3328125 0.421875 0.015625 0.01953125
0 0.359375 0.421875 0.015625 0.01953125
0 0.2859375 0.482421875 0.015625 0.01953125
0 0.290625 0.796875 0.015625 0.01953125
0 0.3890625 0.744140625 0.015625 0.01953125
0 0.846875 0.53125 0.015625 0.01953125
0 0.8140625 0.4765625 0.015625 0.01953125
0 0.7875 0.42578125 0.015625 0.01953125
0 0.709375 0.44140625 0.015625 0.01953125
0 0.721875 0.34375 0.015625 0.01953125
0 0.6671875 0.40234375 0.015625 0.01953125
0 0.5765625 0.5703125 0.015625 0.01953125
0 0.565625 0.537109375 0.015625 0.01953125
0 0.6140625 0.484375 0.015625 0.01953125
0 0.7 0.708984375 0.015625 0.01953125
0 0.759375 0.638671875 0.015625 0.01953125
0 0.71875 0.599609375 0.015625 0.01953125
0 0.3921875 0.88671875 0.015625 0.01953125
0 0.36875 0.90234375 0.015625 0.01953125
0 0.5203125 0.5625 0.015625 0.01953125
0 0.5203125 0.5625 0.015625 0.01953125
0 0.4734375 0.5703125 0.015625 0.01953125
0 0.459375 0.5703125 0.015625 0.01953125
0 0.4546875 0.421875 0.015625 0.01953125
0 0.34375 0.423828125 0.015625 0.01953125
0 0.3609375 0.482421875 0.015625 0.01953125
0 0.346875 0.462890625 0.015625 0.01953125
0 0.3015625 0.482421875 0.015625 0.01953125
0 0.290625 0.576171875 0.015625 0.01953125
0 0.271875 0.556640625 0.015625 0.01953125
0 0.2546875 0.5625 0.015625 0.01953125
0 0.61875 0.3359375 0.015625 0.01953125
0 0.6078125 0.369140625 0.015625 0.01953125
0 0.6296875 0.390625 0.015625 0.01953125
0 0.5546875 0.40234375 0.015625 0.01953125
0 0.6046875 0.427734375 0.015625 0.01953125
0 0.61875 0.4296875 0.015625 0.01953125
0 0.6546875 0.41015625 0.015625 0.01953125
0 0.678125 0.369140625 0.015625 0.01953125
0 0.646875 0.34765625 0.015625 0.01953125
0 0.565625 0.349609375 0.015625 0.01953125
0 0.6703125 0.443359375 0.015625 0.01953125
0 0.671875 0.4765625 0.015625 0.01953125
0 0.69375 0.48046875 0.015625 0.01953125
0 0.6953125 0.517578125 0.015625 0.01953125
0 0.7015625 0.5703125 0.015625 0.01953125
0 0.640625 0.564453125 0.015625 0.01953125
0 0.6078125 0.578125 0.015625 0.01953125
0 0.6421875 0.615234375 0.015625 0.01953125
0 0.5921875 0.623046875 0.015625 0.01953125
0 0.678125 0.6796875 0.015625 0.01953125
0 0.5015625 0.642578125 0.015625 0.01953125
0 0.5 0.701171875 0.015625 0.01953125
0 0.515625 0.744140625 0.015625 0.01953125
0 0.5703125 0.861328125 0.015625 0.01953125
0 0.3765625 0.48828125 0.015625 0.01953125
0 0.3828125 0.078125 0.015625 0.01953125
0 0.4015625 0.0390625 0.015625 0.01953125
0 0.334375 0.01171875 0.015625 0.01953125
0 0.378125 0.017578125 0.015625 0.01953125
0 0.50625 0.5703125 0.015625 0.01953125
0 0.3421875 0.64453125 0.015625 0.01953125
0 0.7421875 0.6953125 0.015625 0.01953125
0 0.8265625 0.712890625 0.015625 0.01953125
0 0.7578125 0.705078125 0.015625 0.01953125
