0 0.3328125 0.02734375 0.015625 0.01953125
0 0.290625 0.146484375 0.015625 0.01953125
0 0.33125 0.1953125 0.015625 0.01953125
0 0.371875 0.2265625 0.015625 0.01953125
0 0.384375 0.099609375 0.015625 0.01953125
0 0.403125 0.060546875 0.015625 0.01953125
0 0.378125 0.0390625 0.015625 0.01953125
0 0.715625 0.05859375 0.015625 0.01953125
0 0.6921875 0.099609375 0.015625 0.01953125
0 0.8078125 0.068359375 0.015625 0.01953125
0 0.7875 0.4296875 0.015625 0.01953125
0 0.3328125 0.435546875 0.015625 0.01953125
0 0.3546875 0.44921875 0.015625 0.01953125
0 0.290625 0.505859375 0.015625 0.01953125
0 0.3046875 0.5 0.015625 0.01953125
0 0.290625 0.560546875 0.015625 0.01953125
0 0.35625 0.509765625 0.015625 0.01953125
0 0.29375 0.818359375 0.015625 0.01953125
0 0.578125 0.857421875 0.015625 0.01953125
0 0.8265625 0.7109375 0.015625 0.01953125
0 0.9859375 0.818359375 0.015625 0.01953125
0 0.7 0.703125 0.015625 0.01953125
0 0.7 0.705078125 0.015625 0.01953125
0 0.7171875 0.603515625 0.015625 0.01953125
0 0.84375 0.537109375 0.015625 0.01953125
0 0.7203125 0.34765625 0.015625 0.01953125
0 0.6515625 0.408203125 0.015625 0.01953125
0 0.6640625 0.40234375 0.015625 0.01953125
0 0.678125 0.359375 0.015625 0.01953125
0 0.709375 0.44140625 0.015625 0.01953125
0 0.6125 0.4765625 0.015625 0.01953125
0 0.565625 0.533203125 0.015625 0.01953125
0 0.5765625 0.56640625 0.015625 0.01953125
0 0.50625 0.564453125 0.015625 0.01953125
0 0.521875 0.5625 0.015625 0.01953125
0 0.4578125 0.578125 0.015625 0.01953125
0 0.3359375 0.666015625 0.015625 0.01953125
0 0.3921875 0.908203125 0.015625 0.01953125
0 0.371875 0.921875 0.015625 0.01953125
0 0.384375 0.7578125 0.015625 0.01953125
0 0.5 0.640625 0.015625 0.01953125
0 0.45 0.734375 0.015625 0.01953125
0 0.503125 0.703125 0.015625 0.01953125
0 0.5171875 0.74609375 0.015625 0.01953125
0 0.4765625 0.57421875 0.015625 0.01953125
0 0.4515625 0.42578125 0.015625 0.01953125
0 0.640625 0.6171875 0.015625 0.01953125
0 0.640625 0.556640625 0.015625 0.01953125
0 0.603125 0.5703125 0.015625 0.01953125
0 0.5953125 0.619140625 0.015625 0.01953125
0 0.6953125 0.515625 0.015625 0.01953125
0 0.6984375 0.474609375 0.015625 0.01953125
0 0.8171875 0.470703125 0.015625 0.01953125
0 0.6296875 0.388671875 0.015625 0.01953125
0 0.61875 0.33984375 0.015625 0.01953125
0 0.596875 0.36328125 0.015625 0.01953125
0 0.7484375 0.33203125 0.015625 0.01953125
0 0.596875 0.427734375 0.015625 0.01953125
0 0.5546875 0.404296875 0.015625 0.01953125
0 0.5625 0.349609375 0.015625 0.01953125
0 0.6453125 0.03515625 0.015625 0.01953125
0 0.9015625 0.06640625 0.015625 0.01953125
0 0.7578125 0.638671875 0.015625 0.01953125
0 0.7375 0.6953125 0.015625 0.01953125
0 0.759375 0.701171875 0.015625 0.01953125
0 0.565625 0.3828125 0.015625 0.01953125
0 0.66875 0.470703125 0.015625 0.01953125
0 0.6671875 0.439453125 0.015625 0.01953125
0 0.7015625 0.5703125 0.015625 0.01953125
0 0.678125 0.677734375 0.015625 0.01953125
0 0.6734375 0.861328125 0.015625 0.01953125
0 0.2609375 0.521484375 0.015625 0.01953125
0 0.2578125 0.59765625 0.015625 0.01953125
0 0.246875 0.0546875 0.015625 0.01953125
0 0.3421875 0.48828125 0.015625 0.01953125
0 0.540625 0.73046875 0.015625 0.01953125
0 0.2703125 0.978515625 0.015625 0.01953125
0 0.26875 0.390625 0.015625 0.01953125
0 0.2578125 0.220703125 0.015625 0.01953125
