0 0.253125 0.078125 0.015625 0.01953125
0 0.2515625 0.119140625 0.015625 0.01953125
0 0.334375 0.044921875 0.015625 0.01953125
0 0.2953125 0.185546875 0.015625 0.01953125
0 0.3328125 0.220703125 0.015625 0.01953125
0 0.3734375 0.240234375 0.015625 0.01953125
0 0.403125 0.080078125 0.015625 0.01953125
0 0.3890625 0.126953125 0.015625 0.01953125
0 0.38125 0.07421875 0.015625 0.01953125
0 0.6421875 0.033203125 0.015625 0.01953125
0 0.7125 0.0546875 0.015625 0.01953125
0 0.7046875 0.08984375 0.015625 0.01953125
0 0.80625 0.107421875 0.015625 0.01953125
0 0.8875 0.05859375 0.015625 0.01953125
0 0.3265625 0.443359375 0.015625 0.01953125
0 0.353125 0.4765625 0.015625 0.01953125
0 0.2953125 0.837890625 0.015625 0.01953125
0 0.3921875 0.771484375 0.015625 0.01953125
0 0.371875 0.94140625 0.015625 0.01953125
0 0.390625 0.927734375 0.015625 0.01953125
0 0.6984375 0.517578125 0.015625 0.01953125
0 0.6140625 0.484375 0.015625 0.01953125
0 0.7203125 0.34375 0.015625 0.01953125
0 0.7109375 0.443359375 0.015625 0.01953125
0 0.7859375 0.42578125 0.015625 0.01953125
0 0.8125 0.48046875 0.015625 0.01953125
0 0.846875 0.53125 0.015625 0.01953125
0 0.7203125 0.603515625 0.015625 0.01953125
0 0.575 0.568359375 0.015625 0.01953125
0 0.5671875 0.529296875 0.015625 0.01953125
0 0.4625 0.57421875 0.015625 0.01953125
0 0.30625 0.521484375 0.015625 0.01953125
0 0.2921875 0.52734375 0.015625 0.01953125
0 0.353125 0.53515625 0.015625 0.01953125
0 0.246875 0.52734375 0.015625 0.01953125
0 0.4515625 0.423828125 0.015625 0.01953125
0 0.525 0.556640625 0.015625 0.01953125
0 0.6078125 0.568359375 0.015625 0.01953125
0 0.7578125 0.640625 0.015625 0.01953125
0 0.59375 0.611328125 0.015625 0.01953125
0 0.640625 0.62109375 0.015625 0.01953125
0 0.64375 0.5625 0.015625 0.01953125
0 0.5046875 0.64453125 0.015625 0.01953125
0 0.50625 0.56640625 0.015625 0.01953125
0 0.48125 0.603515625 0.015625 0.01953125
0 0.475 0.5703125 0.015625 0.01953125
0 0.4484375 0.740234375 0.015625 0.01953125
0 0.51875 0.744140625 0.015625 0.01953125
0 0.5015625 0.701171875 0.015625 0.01953125
0 0.4890625 0.96875 0.015625 0.01953125
0 0.34375 0.509765625 0.015625 0.01953125
0 0.2640625 0.625 0.015625 0.01953125
0 0.5671875 0.4140625 0.015625 0.01953125
0 0.6015625 0.375 0.015625 0.01953125
0 0.625 0.341796875 0.015625 0.01953125
0 0.678125 0.361328125 0.015625 0.01953125
0 0.65 0.412109375 0.015625 0.01953125
0 0.615625 0.423828125 0.015625 0.01953125
0 0.6328125 0.388671875 0.015625 0.01953125
0 0.6671875 0.400390625 0.015625 0.01953125
0 0.74375 0.69140625 0.015625 0.01953125
0 0.696875 0.70703125 0.015625 0.01953125
0 0.578125 0.84765625 0.015625 0.01953125
0 0.5921875 0.861328125 0.015625 0.01953125
0 0.671875 0.84765625 0.015625 0.01953125
0 0.7578125 0.697265625 0.015625 0.01953125
0 0.678125 0.681640625 0.015625 0.01953125
0 0.6984375 0.5703125 0.015625 0.01953125
0 0.7515625 0.32421875 0.015625 0.01953125
0 0.5703125 0.349609375 0.015625 0.01953125
0 0.559375 0.390625 0.015625 0.01953125
0 0.371875 0.529296875 0.015625 0.01953125
0 0.334375 0.69140625 0.015625 0.01953125
0 0.26875 0.412109375 0.015625 0.01953125
0 0.2640625 0.201171875 0.015625 0.01953125
0 0.834375 0.71875 0.015625 0.01953125
0 0.978125 0.80859375 0.015625 0.01953125
