0 0.334375 0.0390625 0.015625 0.01953125
0 0.34375 0.037109375 0.015625 0.01953125
0 0.2890625 0.197265625 0.015625 0.01953125
0 0.30625 0.201171875 0.015625 0.01953125
0 0.328125 0.19140625 0.015625 0.01953125
0 0.3546875 0.21875 0.015625 0.01953125
0 0.3734375 0.216796875 0.015625 0.01953125
0 0.3015625 0.486328125 0.015625 0.01953125
0 0.575 0.37890625 0.015625 0.01953125
0 0.934375 0.2265625 0.015625 0.01953125
0 0.8171875 0.873046875 0.015625 0.01953125
0 0.8296875 0.880859375 0.015625 0.01953125
0 0.8515625 0.880859375 0.015625 0.01953125
0 0.9359375 0.689453125 0.015625 0.01953125
0 0.9625 0.671875 0.015625 0.01953125
0 0.8359375 0.21484375 0.015625 0.01953125
0 0.75625 0.138671875 0.015625 0.01953125
0 0.7640625 0.197265625 0.015625 0.01953125
0 0.740625 0.19921875 0.015625 0.01953125
0 0.7015625 0.2109375 0.015625 0.01953125
0 0.684375 0.18359375 0.015625 0.01953125
0 0.50625 0.736328125 0.015625 0.01953125
0 0.325 0.96875 0.015625 0.01953125
0 0.340625 0.96484375 0.015625 0.01953125
0 0.3625 0.943359375 0.015625 0.01953125
0 0.284375 0.90234375 0.015625 0.01953125
0 0.2765625 0.826171875 0.015625 0.01953125
0 0.390625 0.59765625 0.015625 0.01953125
0 0.3734375 0.609375 0.015625 0.01953125
0 0.371875 0.45703125 0.015625 0.01953125
0 0.3859375 0.388671875 0.015625 0.01953125
0 0.2796875 0.4140625 0.015625 0.01953125
0 0.240625 0.51171875 0.015625 0.01953125
0 0.690625 0.939453125 0.015625 0.01953125
0 0.521875 0.599609375 0.015625 0.01953125
0 0.55 0.72265625 0.015625 0.01953125
0 0.5640625 0.673828125 0.015625 0.01953125
0 0.5453125 0.638671875 0.015625 0.01953125
0 0.3421875 0.35546875 0.015625 0.01953125
0 0.6953125 0.341796875 0.015625 0.01953125
0 0.8453125 0.037109375 0.015625 0.01953125
0 0.7046875 0.021484375 0.015625 0.01953125
0 0.58125 0.076171875 0.015625 0.01953125
0 0.6078125 0.072265625 0.015625 0.01953125
0 0.64375 0.12109375 0.015625 0.01953125
0 0.6515625 0.2109375 0.015625 0.01953125
0 0.71875 0.095703125 0.015625 0.01953125
0 0.70625 0.072265625 0.015625 0.01953125
0 0.646875 0.0703125 0.015625 0.01953125
0 0.5671875 0.025390625 0.015625 0.01953125
0 0.6078125 0.1171875 0.015625 0.01953125
0 0.521875 0.06640625 0.015625 0.01953125
0 0.50625 0.06640625 0.015625 0.01953125
0 0.478125 0.06640625 0.015625 0.01953125
0 0.465625 0.0703125 0.015625 0.01953125
0 0.5078125 0.13671875 0.015625 0.01953125
0 0.5203125 0.248046875 0.015625 0.01953125
0 0.540625 0.232421875 0.015625 0.01953125
0 0.4671875 0.267578125 0.015625 0.01953125
0 0.50625 0.19921875 0.015625 0.01953125
0 0.4578125 0.583984375 0.015625 0.01953125
0 0.0890625 0.689453125 0.015625 0.01953125
0 0.23125 0.537109375 0.015625 0.01953125
0 0.9375 0.859375 0.015625 0.01953125
