0 0.69375 0.923828125 0.015625 0.01953125
0 0.8125 0.888671875 0.015625 0.01953125
0 0.8296875 0.890625 0.015625 0.01953125
0 0.8453125 0.8984375 0.015625 0.01953125
0 0.9296875 0.705078125 0.015625 0.01953125
0 0.9515625 0.69140625 0.015625 0.01953125
0 0.3140625 0.984375 0.015625 0.01953125
0 0.334375 0.982421875 0.015625 0.01953125
0 0.3609375 0.986328125 0.015625 0.01953125
0 0.490625 0.7265625 0.015625 0.01953125
0 0.925 0.22265625 0.015625 0.01953125
0 0.284375 0.2265625 0.015625 0.01953125
0 0.3 0.228515625 0.015625 0.01953125
0 0.3203125 0.2265625 0.015625 0.01953125
0 0.35 0.248046875 0.015625 0.01953125
0 0.2953125 0.509765625 0.015625 0.01953125
0 0.2359375 0.51171875 0.015625 0.01953125
0 0.271875 0.48046875 0.015625 0.01953125
0 0.4578125 0.078125 0.015625 0.01953125
0 0.471875 0.076171875 0.015625 0.01953125
0 0.5 0.068359375 0.015625 0.01953125
0 0.5125 0.068359375 0.015625 0.01953125
0 0.5609375 0.0390625 0.015625 0.01953125
0 0.33125 0.0546875 0.015625 0.01953125
0 0.290625 0.0546875 0.015625 0.01953125
0 0.5703125 0.07421875 0.015625 0.01953125
0 0.6921875 0.029296875 0.015625 0.01953125
0 0.8421875 0.044921875 0.015625 0.01953125
0 0.734375 0.205078125 0.015625 0.01953125
0 0.825 0.22265625 0.015625 0.01953125
0 0.7546875 0.1484375 0.015625 0.01953125
0 0.7078125 0.1015625 0.015625 0.01953125
0 0.6375 0.0703125 0.015625 0.01953125
0 0.5015625 0.142578125 0.015625 0.01953125
0 0.5921875 0.087890625 0.015625 0.01953125
0 0.6296875 0.125 0.015625 0.01953125
0 0.6921875 0.212890625 0.015625 0.01953125
0 0.68125 0.349609375 0.015625 0.01953125
0 0.653125 0.3515625 0.015625 0.01953125
0 0.4625 0.26953125 0.015625 0.01953125
0 0.4953125 0.205078125 0.015625 0.01953125
0 0.5640625 0.38671875 0.015625 0.01953125
0 0.4984375 0.751953125 0.015625 0.01953125
0 0.4625 0.607421875 0.015625 0.01953125
0 0.5015625 0.640625 0.015625 0.01953125
0 0.51875 0.64453125 0.015625 0.01953125
0 0.53125 0.71484375 0.015625 0.01953125
0 0.553125 0.69921875 0.015625 0.01953125
0 0.365625 0.63671875 0.015625 0.01953125
0 0.3859375 0.62109375 0.015625 0.01953125
0 0.3609375 0.515625 0.015625 0.01953125
0 0.375 0.41015625 0.015625 0.01953125
0 0.33125 0.3828125 0.015625 0.01953125
0 0.3328125 0.234375 0.015625 0.01953125
0 0.371875 0.251953125 0.015625 0.01953125
0 0.5140625 0.248046875 0.015625 0.01953125
0 0.5390625 0.23828125 0.015625 0.01953125
0 0.75 0.20703125 0.015625 0.01953125
0 0.275 0.9296875 0.015625 0.01953125
0 0.265625 0.8671875 0.015625 0.01953125
0 0.0796875 0.71875 0.015625 0.01953125
0 0.9296875 0.861328125 0.015625 0.01953125
0 0.59375 0.12109375 0.015625 0.01953125
