0 0.696875 0.91015625 0.015625 0.01953125
0 0.8046875 0.91015625 0.015625 0.01953125
0 0.825 0.908203125 0.015625 0.01953125
0 0.840625 0.9140625 0.015625 0.01953125
0 0.9296875 0.71875 0.015625 0.01953125
0 0.94375 0.708984375 0.015625 0.01953125
0 0.48125 0.734375 0.015625 0.01953125
0 0.4953125 0.744140625 0.015625 0.01953125
0 0.5125 0.728515625 0.015625 0.01953125
0 0.2921875 0.53125 0.015625 0.01953125
0 0.2375 0.517578125 0.015625 0.01953125
0 0.284375 0.25390625 0.015625 0.01953125
0 0.2984375 0.2578125 0.015625 0.01953125
0 0.3203125 0.25390625 0.015625 0.01953125
0 0.334375 0.267578125 0.015625 0.01953125
0 0.353125 0.275390625 0.015625 0.01953125
0 0.3328125 0.068359375 0.015625 0.01953125
0 0.290625 0.09375 0.015625 0.01953125
0 0.4734375 0.080078125 0.015625 0.01953125
0 0.4578125 0.080078125 0.015625 0.01953125
0 0.55625 0.041015625 0.015625 0.01953125
0 0.5703125 0.083984375 0.015625 0.01953125
0 0.7546875 0.150390625 0.015625 0.01953125
0 0.825 0.2265625 0.015625 0.01953125
0 0.9203125 0.220703125 0.015625 0.01953125
0 0.734375 0.2109375 0.015625 0.01953125
0 0.753125 0.20703125 0.015625 0.01953125
0 0.8375 0.052734375 0.015625 0.01953125
0 0.6953125 0.03125 0.015625 0.01953125
0 0.7109375 0.103515625 0.015625 0.01953125
0 0.565625 0.37890625 0.015625 0.01953125
0 0.371875 0.4296875 0.015625 0.01953125
0 0.384375 0.650390625 0.015625 0.01953125
0 0.496875 0.146484375 0.015625 0.01953125
0 0.690625 0.216796875 0.015625 0.01953125
0 0.634375 0.126953125 0.015625 0.01953125
0 0.6296875 0.078125 0.015625 0.01953125
0 0.4671875 0.625 0.015625 0.01953125
0 0.490625 0.66796875 0.015625 0.01953125
0 0.5296875 0.65625 0.015625 0.01953125
0 0.553125 0.705078125 0.015625 0.01953125
0 0.5640625 0.685546875 0.015625 0.01953125
0 0.275 0.48828125 0.015625 0.01953125
0 0.3359375 0.41015625 0.015625 0.01953125
0 0.490625 0.20703125 0.015625 0.01953125
0 0.5125 0.2578125 0.015625 0.01953125
0 0.5390625 0.24609375 0.015625 0.01953125
0 0.5875 0.095703125 0.015625 0.01953125
0 0.59375 0.123046875 0.015625 0.01953125
0 0.5171875 0.078125 0.015625 0.01953125
0 0.503125 0.078125 0.015625 0.01953125
0 0.4765625 0.119140625 0.015625 0.01953125
0 0.35625 0.578125 0.015625 0.01953125
0 0.3671875 0.6640625 0.015625 0.01953125
0 0.2625 0.91015625 0.015625 0.01953125
0 0.2734375 0.953125 0.015625 0.01953125
0 0.6859375 0.341796875 0.015625 0.01953125
0 0.0828125 0.736328125 0.015625 0.01953125
0 0.2453125 0.546875 0.015625 0.01953125
0 0.9296875 0.865234375 0.015625 0.01953125
0 0.2671875 0.142578125 0.015625 0.01953125
