0 0.709375 0.10546875 0.015625 0.01953125
0 0.6953125 0.03515625 0.015625 0.01953125
0 0.30625 0.025390625 0.015625 0.01953125
0 0.33125 0.083984375 0.015625 0.01953125
0 0.2890625 0.13671875 0.015625 0.01953125
0 0.28125 0.28125 0.015625 0.01953125
0 0.2921875 0.28125 0.015625 0.01953125
0 0.3109375 0.2890625 0.015625 0.01953125
0 0.3328125 0.298828125 0.015625 0.01953125
0 0.35 0.302734375 0.015625 0.01953125
0 0.2890625 0.556640625 0.015625 0.01953125
0 0.3703125 0.44921875 0.015625 0.01953125
0 0.334375 0.439453125 0.015625 0.01953125
0 0.4765625 0.734375 0.015625 0.01953125
0 0.4953125 0.751953125 0.015625 0.01953125
0 0.5609375 0.720703125 0.015625 0.01953125
0 0.803125 0.927734375 0.015625 0.01953125
0 0.821875 0.921875 0.015625 0.01953125
0 0.840625 0.93359375 0.015625 0.01953125
0 0.9265625 0.73828125 0.015625 0.01953125
0 0.94375 0.732421875 0.015625 0.01953125
0 0.81875 0.22265625 0.015625 0.01953125
0 0.834375 0.044921875 0.015625 0.01953125
0 0.753125 0.154296875 0.015625 0.01953125
0 0.909375 0.224609375 0.015625 0.01953125
0 0.7328125 0.2109375 0.015625 0.01953125
0 0.690625 0.220703125 0.015625 0.01953125
0 0.628125 0.12890625 0.015625 0.01953125
0 0.5546875 0.046875 0.015625 0.01953125
0 0.509375 0.076171875 0.015625 0.01953125
0 0.4984375 0.080078125 0.015625 0.01953125
0 0.46875 0.08203125 0.015625 0.01953125
0 0.4578125 0.0859375 0.015625 0.01953125
0 0.275 0.52734375 0.015625 0.01953125
0 0.2453125 0.5234375 0.015625 0.01953125
0 0.3546875 0.626953125 0.015625 0.01953125
0 0.3671875 0.685546875 0.015625 0.01953125
0 0.384375 0.677734375 0.015625 0.01953125
0 0.5703125 0.703125 0.015625 0.01953125
0 0.4734375 0.119140625 0.015625 0.01953125
0 0.4984375 0.15234375 0.015625 0.01953125
0 0.496875 0.212890625 0.015625 0.01953125
0 0.5390625 0.67578125 0.015625 0.01953125
0 0.4921875 0.685546875 0.015625 0.01953125
0 0.4734375 0.638671875 0.015625 0.01953125
0 0.5703125 0.080078125 0.015625 0.01953125
0 0.5765625 0.123046875 0.015625 0.01953125
0 0.590625 0.126953125 0.015625 0.01953125
0 0.5109375 0.2578125 0.015625 0.01953125
0 0.5328125 0.24609375 0.015625 0.01953125
0 0.5734375 0.361328125 0.015625 0.01953125
0 0.5859375 0.35546875 0.015625 0.01953125
0 0.4609375 0.294921875 0.015625 0.01953125
0 0.3640625 0.302734375 0.015625 0.01953125
0 0.63125 0.0859375 0.015625 0.01953125
0 0.6734375 0.1953125 0.015625 0.01953125
0 0.6734375 0.216796875 0.015625 0.01953125
0 0.7515625 0.212890625 0.015625 0.01953125
0 0.7078125 0.896484375 0.015625 0.01953125
0 0.8296875 0.013671875 0.015625 0.01953125
0 0.640625 0.2265625 0.015625 0.01953125
0 0.06875 0.765625 0.015625 0.01953125
0 0.0859375 0.767578125 0.015625 0.01953125
0 0.93125 0.869140625 0.015625 0.01953125
