0 0.30625 0.05859375 0.015625 0.01953125
0 0.33125 0.1015625 0.015625 0.01953125
0 0.28125 0.173828125 0.015625 0.01953125
0 0.2796875 0.30078125 0.015625 0.01953125
0 0.2953125 0.302734375 0.015625 0.01953125
0 0.309375 0.3203125 0.015625 0.01953125
0 0.328125 0.3125 0.015625 0.01953125
0 0.35 0.326171875 0.015625 0.01953125
0 0.3640625 0.322265625 0.015625 0.01953125
0 0.3640625 0.462890625 0.015625 0.01953125
0 0.334375 0.462890625 0.015625 0.01953125
0 0.58125 0.7265625 0.015625 0.01953125
0 0.565625 0.732421875 0.015625 0.01953125
0 0.5515625 0.6796875 0.015625 0.01953125
0 0.9265625 0.748046875 0.015625 0.01953125
0 0.9390625 0.7421875 0.015625 0.01953125
0 0.8359375 0.94921875 0.015625 0.01953125
0 0.821875 0.94140625 0.015625 0.01953125
0 0.8078125 0.93359375 0.015625 0.01953125
0 0.7109375 0.88671875 0.015625 0.01953125
0 0.475 0.732421875 0.015625 0.01953125
0 0.490625 0.744140625 0.015625 0.01953125
0 0.3859375 0.693359375 0.015625 0.01953125
0 0.290625 0.576171875 0.015625 0.01953125
0 0.5734375 0.35546875 0.015625 0.01953125
0 0.73125 0.212890625 0.015625 0.01953125
0 0.746875 0.212890625 0.015625 0.01953125
0 0.7515625 0.162109375 0.015625 0.01953125
0 0.821875 0.23046875 0.015625 0.01953125
0 0.903125 0.220703125 0.015625 0.01953125
0 0.8375 0.0546875 0.015625 0.01953125
0 0.690625 0.0390625 0.015625 0.01953125
0 0.55625 0.044921875 0.015625 0.01953125
0 0.509375 0.080078125 0.015625 0.01953125
0 0.4953125 0.080078125 0.015625 0.01953125
0 0.46875 0.083984375 0.015625 0.01953125
0 0.4515625 0.08984375 0.015625 0.01953125
0 0.5703125 0.083984375 0.015625 0.01953125
0 0.7078125 0.111328125 0.015625 0.01953125
0 0.2546875 0.53125 0.015625 0.01953125
0 0.265625 0.564453125 0.015625 0.01953125
0 0.365625 0.7109375 0.015625 0.01953125
0 0.353125 0.677734375 0.015625 0.01953125
0 0.4828125 0.658203125 0.015625 0.01953125
0 0.534375 0.248046875 0.015625 0.01953125
0 0.5671875 0.126953125 0.015625 0.01953125
0 0.590625 0.126953125 0.015625 0.01953125
0 0.625 0.126953125 0.015625 0.01953125
0 0.628125 0.087890625 0.015625 0.01953125
0 0.690625 0.0859375 0.015625 0.01953125
0 0.6875 0.216796875 0.015625 0.01953125
0 0.678125 0.193359375 0.015625 0.01953125
0 0.5109375 0.259765625 0.015625 0.01953125
0 0.459375 0.287109375 0.015625 0.01953125
0 0.4859375 0.220703125 0.015625 0.01953125
0 0.4953125 0.154296875 0.015625 0.01953125
0 0.4734375 0.119140625 0.015625 0.01953125
0 0.2640625 0.193359375 0.015625 0.01953125
0 0.8265625 0.01171875 0.015625 0.01953125
0 0.0640625 0.78515625 0.015625 0.01953125
0 0.0828125 0.78515625 0.015625 0.01953125
0 0.2265625 0.556640625 0.015625 0.01953125
0 0.928125 0.873046875 0.015625 0.01953125
