0 0.30625 0.0859375 0.015625 0.01953125
0 0.3296875 0.11328125 0.015625 0.01953125
0 0.2765625 0.2265625 0.015625 0.01953125
0 0.2609375 0.21484375 0.015625 0.01953125
0 0.275 0.326171875 0.015625 0.01953125
0 0.290625 0.33203125 0.015625 0.01953125
0 0.30625 0.353515625 0.015625 0.01953125
0 0.3546875 0.35546875 0.015625 0.01953125
0 0.2765625 0.548828125 0.015625 0.01953125
0 0.484375 0.7265625 0.015625 0.01953125
0 0.5953125 0.728515625 0.015625 0.01953125
0 0.803125 0.947265625 0.015625 0.01953125
0 0.821875 0.951171875 0.015625 0.01953125
0 0.8375 0.9609375 0.015625 0.01953125
0 0.9234375 0.751953125 0.015625 0.01953125
0 0.9359375 0.755859375 0.015625 0.01953125
0 0.715625 0.875 0.015625 0.01953125
0 0.365625 0.48046875 0.015625 0.01953125
0 0.3390625 0.486328125 0.015625 0.01953125
0 0.284375 0.599609375 0.015625 0.01953125
0 0.259375 0.603515625 0.015625 0.01953125
0 0.2234375 0.556640625 0.015625 0.01953125
0 0.55 0.05078125 0.015625 0.01953125
0 0.5703125 0.0859375 0.015625 0.01953125
0 0.690625 0.041015625 0.015625 0.01953125
0 0.834375 0.05859375 0.015625 0.01953125
0 0.8953125 0.21484375 0.015625 0.01953125
0 0.7453125 0.212890625 0.015625 0.01953125
0 0.73125 0.212890625 0.015625 0.01953125
0 0.753125 0.1640625 0.015625 0.01953125
0 0.7046875 0.109375 0.015625 0.01953125
0 0.6859375 0.21875 0.015625 0.01953125
0 0.5734375 0.357421875 0.015625 0.01953125
0 0.5125 0.078125 0.015625 0.01953125
0 0.4953125 0.08203125 0.015625 0.01953125
0 0.4671875 0.083984375 0.015625 0.01953125
0 0.453125 0.0859375 0.015625 0.01953125
0 0.4734375 0.1171875 0.015625 0.01953125
0 0.4984375 0.15234375 0.015625 0.01953125
0 0.559375 0.142578125 0.015625 0.01953125
0 0.5875 0.12890625 0.015625 0.01953125
0 0.6140625 0.130859375 0.015625 0.01953125
0 0.621875 0.0859375 0.015625 0.01953125
0 0.509375 0.263671875 0.015625 0.01953125
0 0.5328125 0.24609375 0.015625 0.01953125
0 0.453125 0.28515625 0.015625 0.01953125
0 0.4890625 0.208984375 0.015625 0.01953125
0 0.8234375 0.236328125 0.015625 0.01953125
0 0.675 0.1875 0.015625 0.01953125
0 0.6890625 0.0859375 0.015625 0.01953125
0 0.575 0.744140625 0.015625 0.01953125
0 0.559375 0.69140625 0.015625 0.01953125
0 0.4859375 0.669921875 0.015625 0.01953125
0 0.3546875 0.73828125 0.015625 0.01953125
0 0.371875 0.732421875 0.015625 0.01953125
0 0.3875 0.7265625 0.015625 0.01953125
0 0.8203125 0.015625 0.015625 0.01953125
0 0.684375 0.35546875 0.015625 0.01953125
0 0.3203125 0.349609375 0.015625 0.01953125
0 0.340625 0.357421875 0.015625 0.01953125
0 0.0640625 0.806640625 0.015625 0.01953125
0 0.08125 0.8046875 0.015625 0.01953125
0 0.93125 0.87109375 0.015625 0.01953125
