0 0.30625 0.119140625 0.015625 0.01953125
0 0.328125 0.1328125 0.015625 0.01953125
0 0.26875 0.26953125 0.015625 0.01953125
0 0.29375 0.5703125 0.015625 0.01953125
0 0.5765625 0.693359375 0.015625 0.01953125
0 0.5765625 0.744140625 0.015625 0.01953125
0 0.6109375 0.732421875 0.015625 0.01953125
0 0.7265625 0.85546875 0.015625 0.01953125
0 0.8015625 0.96875 0.015625 0.01953125
0 0.81875 0.96875 0.015625 0.01953125
0 0.8390625 0.9765625 0.015625 0.01953125
0 0.925 0.755859375 0.015625 0.01953125
0 0.9359375 0.7734375 0.015625 0.01953125
0 0.8859375 0.205078125 0.015625 0.01953125
0 0.8203125 0.23046875 0.015625 0.01953125
0 0.46875 0.08203125 0.015625 0.01953125
0 0.4515625 0.0859375 0.015625 0.01953125
0 0.4984375 0.08203125 0.015625 0.01953125
0 0.5140625 0.076171875 0.015625 0.01953125
0 0.56875 0.08984375 0.015625 0.01953125
0 0.6796875 0.0390625 0.015625 0.01953125
0 0.70625 0.10546875 0.015625 0.01953125
0 0.8359375 0.05078125 0.015625 0.01953125
0 0.75625 0.16015625 0.015625 0.01953125
0 0.73125 0.212890625 0.015625 0.01953125
0 0.7515625 0.208984375 0.015625 0.01953125
0 0.8265625 0.0078125 0.015625 0.01953125
0 0.61875 0.126953125 0.015625 0.01953125
0 0.58125 0.125 0.015625 0.01953125
0 0.5609375 0.16015625 0.015625 0.01953125
0 0.6890625 0.220703125 0.015625 0.01953125
0 0.6734375 0.1875 0.015625 0.01953125
0 0.5734375 0.359375 0.015625 0.01953125
0 0.2625 0.236328125 0.015625 0.01953125
0 0.2734375 0.35546875 0.015625 0.01953125
0 0.2890625 0.35546875 0.015625 0.01953125
0 0.3109375 0.3828125 0.015625 0.01953125
0 0.3265625 0.375 0.015625 0.01953125
0 0.3421875 0.388671875 0.015625 0.01953125
0 0.3578125 0.375 0.015625 0.01953125
0 0.3296875 0.513671875 0.015625 0.01953125
0 0.2828125 0.62109375 0.015625 0.01953125
0 0.3875 0.74609375 0.015625 0.01953125
0 0.3625 0.49609375 0.015625 0.01953125
0 0.2578125 0.65625 0.015625 0.01953125
0 0.375 0.751953125 0.015625 0.01953125
0 0.3609375 0.79296875 0.015625 0.01953125
0 0.4953125 0.69140625 0.015625 0.01953125
0 0.490625 0.73046875 0.015625 0.01953125
0 0.50625 0.728515625 0.015625 0.01953125
0 0.490625 0.146484375 0.015625 0.01953125
0 0.490625 0.21484375 0.015625 0.01953125
0 0.50625 0.26171875 0.015625 0.01953125
0 0.453125 0.28125 0.015625 0.01953125
0 0.6890625 0.08203125 0.015625 0.01953125
0 0.2421875 0.5546875 0.015625 0.01953125
0 0.0640625 0.828125 0.015625 0.01953125
0 0.4734375 0.11328125 0.015625 0.01953125
0 0.5515625 0.048828125 0.015625 0.01953125
0 0.5328125 0.248046875 0.015625 0.01953125
0 0.621875 0.09375 0.015625 0.01953125
0 0.08125 0.828125 0.015625 0.01953125
0 0.9296875 0.86328125 0.015625 0.01953125
