0 0.30625 0.134765625 0.015625 0.01953125
0 0.3375 0.140625 0.015625 0.01953125
0 0.2671875 0.30078125 0.015625 0.01953125
0 0.2796875 0.373046875 0.015625 0.01953125
0 0.2953125 0.37109375 0.015625 0.01953125
0 0.3125 0.40625 0.015625 0.01953125
0 0.34375 0.40234375 0.015625 0.01953125
0 0.3171875 0.583984375 0.015625 0.01953125
0 0.28125 0.638671875 0.015625 0.01953125
0 0.584375 0.751953125 0.015625 0.01953125
0 0.621875 0.73046875 0.015625 0.01953125
0 0.5765625 0.689453125 0.015625 0.01953125
0 0.7296875 0.8515625 0.015625 0.01953125
0 0.8015625 0.970703125 0.015625 0.01953125
0 0.8234375 0.974609375 0.015625 0.01953125
0 0.840625 0.986328125 0.015625 0.01953125
0 0.921875 0.76171875 0.015625 0.01953125
0 0.9453125 0.779296875 0.015625 0.01953125
0 0.878125 0.201171875 0.015625 0.01953125
0 0.8359375 0.05078125 0.015625 0.01953125
0 0.7625 0.16015625 0.015625 0.01953125
0 0.7484375 0.208984375 0.015625 0.01953125
0 0.6890625 0.21484375 0.015625 0.01953125
0 0.70625 0.107421875 0.015625 0.01953125
0 0.56875 0.3515625 0.015625 0.01953125
0 0.515625 0.26171875 0.015625 0.01953125
0 0.390625 0.759765625 0.015625 0.01953125
0 0.375 0.765625 0.015625 0.01953125
0 0.36875 0.830078125 0.015625 0.01953125
0 0.3625 0.5078125 0.015625 0.01953125
0 0.334375 0.529296875 0.015625 0.01953125
0 0.2640625 0.6796875 0.015625 0.01953125
0 0.56875 0.083984375 0.015625 0.01953125
0 0.61875 0.125 0.015625 0.01953125
0 0.58125 0.130859375 0.015625 0.01953125
0 0.68125 0.03515625 0.015625 0.01953125
0 0.6734375 0.19140625 0.015625 0.01953125
0 0.5140625 0.07421875 0.015625 0.01953125
0 0.4953125 0.08203125 0.015625 0.01953125
0 0.46875 0.080078125 0.015625 0.01953125
0 0.453125 0.087890625 0.015625 0.01953125
0 0.55625 0.1640625 0.015625 0.01953125
0 0.4953125 0.150390625 0.015625 0.01953125
0 0.4453125 0.27734375 0.015625 0.01953125
0 0.4921875 0.2109375 0.015625 0.01953125
0 0.4734375 0.1171875 0.015625 0.01953125
0 0.5515625 0.048828125 0.015625 0.01953125
0 0.3234375 0.13671875 0.015625 0.01953125
0 0.4859375 0.72265625 0.015625 0.01953125
0 0.50625 0.72265625 0.015625 0.01953125
0 0.521875 0.7265625 0.015625 0.01953125
0 0.7265625 0.20703125 0.015625 0.01953125
0 0.8234375 0.01171875 0.015625 0.01953125
0 0.640625 0.228515625 0.015625 0.01953125
0 0.5296875 0.248046875 0.015625 0.01953125
0 0.0578125 0.841796875 0.015625 0.01953125
0 0.075 0.841796875 0.015625 0.01953125
