0 0.0703125 0.1953125 0.015625 0.01953125
0 0.1953125 0.06640625 0.015625 0.01953125
0 0.2578125 0.03515625 0.015625 0.01953125
0 0.375 0.05859375 0.015625 0.01953125
0 0.3734375 0.076171875 0.015625 0.01953125
0 0.5171875 0.095703125 0.015625 0.01953125
0 0.3453125 0.11328125 0.015625 0.01953125
0 0.3359375 0.125 0.015625 0.01953125
0 0.33125 0.140625 0.015625 0.01953125
0 0.3109375 0.17578125 0.015625 0.01953125
0 0.29375 0.091796875 0.015625 0.01953125
0 0.240625 0.134765625 0.015625 0.01953125
0 0.45625 0.03515625 0.015625 0.01953125
0 0.021875 0.47265625 0.015625 0.01953125
0 0.103125 0.599609375 0.015625 0.01953125
0 0.2140625 0.56640625 0.015625 0.01953125
0 0.2796875 0.66015625 0.015625 0.01953125
0 0.3015625 0.85546875 0.015625 0.01953125
0 0.1828125 0.8984375 0.015625 0.01953125
0 0.0125 0.625 0.015625 0.01953125
0 0.0265625 0.833984375 0.015625 0.01953125
0 0.0921875 0.974609375 0.015625 0.01953125
0 0.2453125 0.908203125 0.015625 0.01953125
0 0.3125 0.517578125 0.015625 0.01953125
0 0.290625 0.3671875 0.015625 0.01953125
0 0.3046875 0.388671875 0.015625 0.01953125
0 0.30625 0.40234375 0.015625 0.01953125
0 0.6484375 0.107421875 0.015625 0.01953125
0 0.646875 0.126953125 0.015625 0.01953125
0 0.5953125 0.435546875 0.015625 0.01953125
0 0.7109375 0.70703125 0.015625 0.01953125
0 0.7265625 0.64453125 0.015625 0.01953125
0 0.7203125 0.623046875 0.015625 0.01953125
0 0.5640625 0.546875 0.015625 0.01953125
0 0.7 0.556640625 0.015625 0.01953125
0 0.6953125 0.583984375 0.015625 0.01953125
0 0.81875 0.26171875 0.015625 0.01953125
0 0.8125 0.2890625 0.015625 0.01953125
0 0.8171875 0.41796875 0.015625 0.01953125
0 0.8578125 0.552734375 0.015625 0.01953125
0 0.9421875 0.58984375 0.015625 0.01953125
0 0.8515625 0.755859375 0.015625 0.01953125
0 0.946875 0.5078125 0.015625 0.01953125
0 0.884375 0.5234375 0.015625 0.01953125
0 0.7640625 0.744140625 0.015625 0.01953125
0 0.8875 0.736328125 0.015625 0.01953125
0 0.821875 0.564453125 0.015625 0.01953125
0 0.7796875 0.486328125 0.015625 0.01953125
0 0.78125 0.435546875 0.015625 0.01953125
0 0.8234375 0.314453125 0.015625 0.01953125
0 0.8140625 0.337890625 0.015625 0.01953125
0 0.7640625 0.32421875 0.015625 0.01953125
0 0.7875 0.30078125 0.015625 0.01953125
0 0.775 0.171875 0.015625 0.01953125
0 0.78125 0.181640625 0.015625 0.01953125
0 0.721875 0.19140625 0.015625 0.01953125
0 0.8828125 0.1953125 0.015625 0.01953125
0 0.915625 0.20703125 0.015625 0.01953125
0 0.953125 0.16015625 0.015625 0.01953125
0 0.953125 0.1328125 0.015625 0.01953125
0 0.9265625 0.34765625 0.015625 0.01953125
0 0.9046875 0.302734375 0.015625 0.01953125
0 0.8890625 0.408203125 0.015625 0.01953125
0 0.903125 0.4140625 0.015625 0.01953125
0 0.9 0.439453125 0.015625 0.01953125
0 0.890625 0.46484375 0.015625 0.01953125
0 0.8453125 0.396484375 0.015625 0.01953125
0 0.796875 0.591796875 0.015625 0.01953125
0 0.80625 0.5859375 0.015625 0.01953125
0 0.9625 0.4765625 0.015625 0.01953125
0 0.9515625 0.392578125 0.015625 0.01953125
0 0.959375 0.408203125 0.015625 0.01953125
0 0.925 0.71875 0.015625 0.01953125
0 0.9421875 0.671875 0.015625 0.01953125
0 0.93125 0.751953125 0.015625 0.01953125
0 0.9390625 0.439453125 0.015625 0.01953125
0 0.9828125 0.435546875 0.015625 0.01953125
0 0.921875 0.537109375 0.015625 0.01953125
0 0.9015625 0.5625 0.015625 0.01953125
0 0.625 0.244140625 0.015625 0.01953125
0 0.5828125 0.267578125 0.015625 0.01953125
0 0.7109375 0.314453125 0.015625 0.01953125
0 0.684375 0.37109375 0.015625 0.01953125
