0 0.071875 0.578125 0.015625 0.01953125
0 0.315625 0.513671875 0.015625 0.01953125
0 0.203125 0.5625 0.015625 0.01953125
0 0.265625 0.658203125 0.015625 0.01953125
0 0.290625 0.841796875 0.015625 0.01953125
0 0.240625 0.892578125 0.015625 0.01953125
0 0.025 0.830078125 0.015625 0.01953125
0 0.171875 0.87890625 0.015625 0.01953125
0 0.1 0.958984375 0.015625 0.01953125
0 0.009375 0.44921875 0.015625 0.01953125
0 0.2953125 0.38671875 0.015625 0.01953125
0 0.296875 0.37109375 0.015625 0.01953125
0 0.275 0.34765625 0.015625 0.01953125
0 0.153125 0.240234375 0.015625 0.01953125
0 0.2078125 0.017578125 0.015625 0.01953125
0 0.16875 0.052734375 0.015625 0.01953125
0 0.2578125 0.080078125 0.015625 0.01953125
0 0.2 0.119140625 0.015625 0.01953125
0 0.0359375 0.1875 0.015625 0.01953125
0 0.703125 0.609375 0.015625 0.01953125
0 0.7109375 0.634765625 0.015625 0.01953125
0 0.6953125 0.697265625 0.015625 0.01953125
0 0.6890625 0.71875 0.015625 0.01953125
0 0.3109375 0.099609375 0.015625 0.01953125
0 0.340625 0.060546875 0.015625 0.01953125
0 0.3390625 0.041015625 0.015625 0.01953125
0 0.4703125 0.083984375 0.015625 0.01953125
0 0.621875 0.103515625 0.015625 0.01953125
0 0.2828125 0.162109375 0.015625 0.01953125
0 0.290625 0.126953125 0.015625 0.01953125
0 0.303125 0.109375 0.015625 0.01953125
0 0.684375 0.173828125 0.015625 0.01953125
0 0.753125 0.162109375 0.015625 0.01953125
0 0.765625 0.173828125 0.015625 0.01953125
0 0.8484375 0.185546875 0.015625 0.01953125
0 0.871875 0.201171875 0.015625 0.01953125
0 0.96875 0.15234375 0.015625 0.01953125
0 0.91875 0.1484375 0.015625 0.01953125
0 0.91875 0.103515625 0.015625 0.01953125
0 0.58125 0.4296875 0.015625 0.01953125
0 0.6859375 0.494140625 0.015625 0.01953125
0 0.7875 0.576171875 0.015625 0.01953125
0 0.8515625 0.54296875 0.015625 0.01953125
0 0.834375 0.73828125 0.015625 0.01953125
0 0.8734375 0.720703125 0.015625 0.01953125
0 0.934375 0.580078125 0.015625 0.01953125
0 0.9828125 0.578125 0.015625 0.01953125
0 0.934375 0.48828125 0.015625 0.01953125
0 0.9484375 0.466796875 0.015625 0.01953125
0 0.8609375 0.40625 0.015625 0.01953125
0 0.871875 0.408203125 0.015625 0.01953125
0 0.803125 0.328125 0.015625 0.01953125
0 0.8109375 0.302734375 0.015625 0.01953125
0 0.7984375 0.271484375 0.015625 0.01953125
0 0.796875 0.40625 0.015625 0.01953125
0 0.6984375 0.30078125 0.015625 0.01953125
0 0.66875 0.357421875 0.015625 0.01953125
0 0.871875 0.5078125 0.015625 0.01953125
0 0.8765625 0.4453125 0.015625 0.01953125
0 0.925 0.65234375 0.015625 0.01953125
0 0.9 0.693359375 0.015625 0.01953125
0 0.909375 0.736328125 0.015625 0.01953125
0 0.6921875 0.56640625 0.015625 0.01953125
0 0.559375 0.53515625 0.015625 0.01953125
0 0.6859375 0.541015625 0.015625 0.01953125
0 0.76875 0.4765625 0.015625 0.01953125
0 0.7609375 0.4296875 0.015625 0.01953125
0 0.83125 0.3828125 0.015625 0.01953125
0 0.9234375 0.427734375 0.015625 0.01953125
0 0.9171875 0.333984375 0.015625 0.01953125
0 0.9390625 0.375 0.015625 0.01953125
0 0.96875 0.41796875 0.015625 0.01953125
0 0.9875 0.451171875 0.015625 0.01953125
0 0.9828125 0.486328125 0.015625 0.01953125
0 0.7734375 0.2890625 0.015625 0.01953125
0 0.746875 0.310546875 0.015625 0.01953125
0 0.9203125 0.12890625 0.015625 0.01953125
0 0.9015625 0.29296875 0.015625 0.01953125
0 0.803125 0.47265625 0.015625 0.01953125
0 0.9421875 0.396484375 0.015625 0.01953125
0 0.9859375 0.388671875 0.015625 0.01953125
0 0.978125 0.361328125 0.015625 0.01953125
0 0.6046875 0.17578125 0.015625 0.01953125
0 0.6078125 0.2265625 0.015625 0.01953125
0 0.5625 0.240234375 0.015625 0.01953125
0 0.984375 0.51953125 0.015625 0.01953125
0 0.9203125 0.44921875 0.015625 0.01953125
