0 0.2265625 0.083984375 0.015625 0.01953125
0 0.3109375 0.044921875 0.015625 0.01953125
0 0.3125 0.06640625 0.015625 0.01953125
0 0.440625 0.080078125 0.015625 0.01953125
0 0.603125 0.10546875 0.015625 0.01953125
0 0.58125 0.173828125 0.015625 0.01953125
0 0.6546875 0.177734375 0.015625 0.01953125
0 0.834375 0.201171875 0.015625 0.01953125
0 0.81875 0.1796875 0.015625 0.01953125
0 0.790625 0.275390625 0.015625 0.01953125
0 0.7921875 0.25390625 0.015625 0.01953125
0 0.7390625 0.30859375 0.015625 0.01953125
0 0.796875 0.326171875 0.015625 0.01953125
0 0.8234375 0.384765625 0.015625 0.01953125
0 0.1390625 0.052734375 0.015625 0.01953125
0 0.165625 0.0234375 0.015625 0.01953125
0 0.275 0.099609375 0.015625 0.01953125
0 0.2765625 0.111328125 0.015625 0.01953125
0 0.265625 0.13671875 0.015625 0.01953125
0 0.259375 0.162109375 0.015625 0.01953125
0 0.25625 0.26171875 0.015625 0.01953125
0 0.2875 0.375 0.015625 0.01953125
0 0.0703125 0.576171875 0.015625 0.01953125
0 0.2015625 0.564453125 0.015625 0.01953125
0 0.2546875 0.66015625 0.015625 0.01953125
0 0.2375 0.89453125 0.015625 0.01953125
0 0.278125 0.84765625 0.015625 0.01953125
0 0.1609375 0.880859375 0.015625 0.01953125
0 0.025 0.83984375 0.015625 0.01953125
0 0.8390625 0.537109375 0.015625 0.01953125
0 0.9203125 0.57421875 0.015625 0.01953125
0 0.978125 0.57421875 0.015625 0.01953125
0 0.921875 0.490234375 0.015625 0.01953125
0 0.9375 0.462890625 0.015625 0.01953125
0 0.8640625 0.443359375 0.015625 0.01953125
0 0.8546875 0.419921875 0.015625 0.01953125
0 0.840625 0.41015625 0.015625 0.01953125
0 0.7796875 0.568359375 0.015625 0.01953125
0 0.565625 0.435546875 0.015625 0.01953125
0 0.5359375 0.232421875 0.015625 0.01953125
0 0.5921875 0.232421875 0.015625 0.01953125
0 0.559375 0.470703125 0.015625 0.01953125
0 0.7 0.638671875 0.015625 0.01953125
0 0.6890625 0.61328125 0.015625 0.01953125
0 0.678125 0.7265625 0.015625 0.01953125
0 0.68125 0.6953125 0.015625 0.01953125
0 0.7375 0.7265625 0.015625 0.01953125
0 0.8328125 0.736328125 0.015625 0.01953125
0 0.8625 0.71875 0.015625 0.01953125
0 0.9109375 0.65234375 0.015625 0.01953125
0 0.8890625 0.689453125 0.015625 0.01953125
0 0.8953125 0.736328125 0.015625 0.01953125
0 0.68125 0.568359375 0.015625 0.01953125
0 0.6734375 0.54296875 0.015625 0.01953125
0 0.7625 0.4765625 0.015625 0.01953125
0 0.7484375 0.423828125 0.015625 0.01953125
0 0.7875 0.40234375 0.015625 0.01953125
0 0.7921875 0.470703125 0.015625 0.01953125
0 0.903125 0.330078125 0.015625 0.01953125
0 0.9265625 0.375 0.015625 0.01953125
0 0.965625 0.365234375 0.015625 0.01953125
0 0.96875 0.388671875 0.015625 0.01953125
0 0.9328125 0.3984375 0.015625 0.01953125
0 0.9609375 0.42578125 0.015625 0.01953125
0 0.96875 0.50390625 0.015625 0.01953125
0 0.971875 0.5234375 0.015625 0.01953125
0 0.8890625 0.146484375 0.015625 0.01953125
0 0.8890625 0.107421875 0.015625 0.01953125
0 0.953125 0.16015625 0.015625 0.01953125
0 0.3234375 0.521484375 0.015625 0.01953125
0 0.10625 0.958984375 0.015625 0.01953125
0 0.759375 0.1875 0.015625 0.01953125
0 0.7421875 0.173828125 0.015625 0.01953125
0 0.7984375 0.3046875 0.015625 0.01953125
0 0.759375 0.283203125 0.015625 0.01953125
0 0.8671875 0.5078125 0.015625 0.01953125
0 0.871875 0.41015625 0.015625 0.01953125
0 0.9140625 0.443359375 0.015625 0.01953125
0 0.915625 0.423828125 0.015625 0.01953125
0 0.8765625 0.546875 0.015625 0.01953125
0 0.903125 0.5234375 0.015625 0.01953125
0 0.98125 0.45703125 0.015625 0.01953125
0 0.984375 0.146484375 0.015625 0.01953125
0 0.2640625 0.34765625 0.015625 0.01953125
0 0.2765625 0.384765625 0.015625 0.01953125
