0 0.1296875 0.0234375 0.015625 0.01953125
0 0.125 0.056640625 0.015625 0.01953125
0 0.2890625 0.044921875 0.015625 0.01953125
0 0.1984375 0.080078125 0.015625 0.01953125
0 0.415625 0.080078125 0.015625 0.01953125
0 0.25 0.265625 0.015625 0.01953125
0 0.0640625 0.591796875 0.015625 0.01953125
0 0.196875 0.5703125 0.015625 0.01953125
0 0.325 0.515625 0.015625 0.01953125
0 0.2484375 0.65625 0.015625 0.01953125
0 0.2328125 0.88671875 0.015625 0.01953125
0 0.2578125 0.83984375 0.015625 0.01953125
0 0.1078125 0.9609375 0.015625 0.01953125
0 0.0234375 0.8515625 0.015625 0.01953125
0 0.6953125 0.634765625 0.015625 0.01953125
0 0.5484375 0.54296875 0.015625 0.01953125
0 0.5625 0.431640625 0.015625 0.01953125
0 0.515625 0.228515625 0.015625 0.01953125
0 0.5546875 0.169921875 0.015625 0.01953125
0 0.5921875 0.1015625 0.015625 0.01953125
0 0.7984375 0.1796875 0.015625 0.01953125
0 0.8046875 0.201171875 0.015625 0.01953125
0 0.7546875 0.1953125 0.015625 0.01953125
0 0.8640625 0.109375 0.015625 0.01953125
0 0.865625 0.140625 0.015625 0.01953125
0 0.1546875 0.875 0.015625 0.01953125
0 0.2484375 0.345703125 0.015625 0.01953125
0 0.290625 0.375 0.015625 0.01953125
0 0.275 0.388671875 0.015625 0.01953125
0 0.6671875 0.54296875 0.015625 0.01953125
0 0.68125 0.57421875 0.015625 0.01953125
0 0.6875 0.607421875 0.015625 0.01953125
0 0.678125 0.693359375 0.015625 0.01953125
0 0.6703125 0.724609375 0.015625 0.01953125
0 0.81875 0.73828125 0.015625 0.01953125
0 0.85625 0.720703125 0.015625 0.01953125
0 0.9046875 0.65234375 0.015625 0.01953125
0 0.915625 0.578125 0.015625 0.01953125
0 0.834375 0.537109375 0.015625 0.01953125
0 0.7859375 0.552734375 0.015625 0.01953125
0 0.771875 0.572265625 0.015625 0.01953125
0 0.8609375 0.443359375 0.015625 0.01953125
0 0.8578125 0.412109375 0.015625 0.01953125
0 0.8171875 0.388671875 0.015625 0.01953125
0 0.828125 0.421875 0.015625 0.01953125
0 0.840625 0.435546875 0.015625 0.01953125
0 0.9 0.333984375 0.015625 0.01953125
0 0.778125 0.25390625 0.015625 0.01953125
0 0.78125 0.275390625 0.015625 0.01953125
0 0.7921875 0.30078125 0.015625 0.01953125
0 0.7921875 0.328125 0.015625 0.01953125
0 0.7796875 0.396484375 0.015625 0.01953125
0 0.784375 0.470703125 0.015625 0.01953125
0 0.75 0.4765625 0.015625 0.01953125
0 0.74375 0.42578125 0.015625 0.01953125
0 0.753125 0.283203125 0.015625 0.01953125
0 0.7296875 0.302734375 0.015625 0.01953125
0 0.653125 0.35546875 0.015625 0.01953125
0 0.6828125 0.296875 0.015625 0.01953125
0 0.628125 0.17578125 0.015625 0.01953125
0 0.5859375 0.12109375 0.015625 0.01953125
0 0.928125 0.16015625 0.015625 0.01953125
0 0.96875 0.123046875 0.015625 0.01953125
0 0.984375 0.12890625 0.015625 0.01953125
0 0.9203125 0.373046875 0.015625 0.01953125
0 0.90625 0.42578125 0.015625 0.01953125
0 0.9046875 0.451171875 0.015625 0.01953125
0 0.915625 0.4921875 0.015625 0.01953125
0 0.9296875 0.462890625 0.015625 0.01953125
0 0.96875 0.57421875 0.015625 0.01953125
0 0.8796875 0.68359375 0.015625 0.01953125
0 0.8828125 0.728515625 0.015625 0.01953125
0 0.7296875 0.7265625 0.015625 0.01953125
0 0.9875 0.45703125 0.015625 0.01953125
0 0.95 0.421875 0.015625 0.01953125
0 0.9234375 0.400390625 0.015625 0.01953125
0 0.959375 0.36328125 0.015625 0.01953125
0 0.965625 0.376953125 0.015625 0.01953125
0 0.965625 0.390625 0.015625 0.01953125
0 0.959375 0.509765625 0.015625 0.01953125
0 0.9609375 0.5234375 0.015625 0.01953125
0 0.9484375 0.48046875 0.015625 0.01953125
0 0.2484375 0.0859375 0.015625 0.01953125
0 0.25 0.10546875 0.015625 0.01953125
0 0.24375 0.12890625 0.015625 0.01953125
0 0.2390625 0.166015625 0.015625 0.01953125
0 0.1515625 0.119140625 0.015625 0.01953125
0 0.290625 0.060546875 0.015625 0.01953125
0 0.378125 0.01953125 0.015625 0.01953125
