0 0.0859375 0.02734375 0.015625 0.01953125
0 0.1 0.052734375 0.015625 0.01953125
0 0.2546875 0.04296875 0.015625 0.01953125
0 0.0640625 0.60546875 0.015625 0.01953125
0 0.2375 0.66015625 0.015625 0.01953125
0 0.2359375 0.8359375 0.015625 0.01953125
0 0.2 0.873046875 0.015625 0.01953125
0 0.5578125 0.43359375 0.015625 0.01953125
0 0.1921875 0.580078125 0.015625 0.01953125
0 0.11875 0.95703125 0.015625 0.01953125
0 0.6671875 0.71875 0.015625 0.01953125
0 0.6703125 0.69140625 0.015625 0.01953125
0 0.721875 0.732421875 0.015625 0.01953125
0 0.815625 0.740234375 0.015625 0.01953125
0 0.8484375 0.720703125 0.015625 0.01953125
0 0.684375 0.634765625 0.015625 0.01953125
0 0.678125 0.607421875 0.015625 0.01953125
0 0.903125 0.658203125 0.015625 0.01953125
0 0.909375 0.578125 0.015625 0.01953125
0 0.384375 0.07421875 0.015625 0.01953125
0 0.225 0.087890625 0.015625 0.01953125
0 0.2234375 0.11328125 0.015625 0.01953125
0 0.215625 0.130859375 0.015625 0.01953125
0 0.215625 0.166015625 0.015625 0.01953125
0 0.16875 0.080078125 0.015625 0.01953125
0 0.1234375 0.126953125 0.015625 0.01953125
0 0.521875 0.171875 0.015625 0.01953125
0 0.603125 0.173828125 0.015625 0.01953125
0 0.5765625 0.103515625 0.015625 0.01953125
0 0.4953125 0.212890625 0.015625 0.01953125
0 0.2421875 0.265625 0.015625 0.01953125
0 0.275 0.396484375 0.015625 0.01953125
0 0.3203125 0.517578125 0.015625 0.01953125
0 0.284375 0.34765625 0.015625 0.01953125
0 0.8390625 0.111328125 0.015625 0.01953125
0 0.8390625 0.142578125 0.015625 0.01953125
0 0.8953125 0.330078125 0.015625 0.01953125
0 0.8484375 0.40625 0.015625 0.01953125
0 0.76875 0.2578125 0.015625 0.01953125
0 0.775 0.27734375 0.015625 0.01953125
0 0.7859375 0.306640625 0.015625 0.01953125
0 0.7859375 0.328125 0.015625 0.01953125
0 0.7765625 0.400390625 0.015625 0.01953125
0 0.7625 0.57421875 0.015625 0.01953125
0 0.6515625 0.544921875 0.015625 0.01953125
0 0.6625 0.49609375 0.015625 0.01953125
0 0.825 0.54296875 0.015625 0.01953125
0 0.784375 0.470703125 0.015625 0.01953125
0 0.746875 0.474609375 0.015625 0.01953125
0 0.91875 0.470703125 0.015625 0.01953125
0 0.6671875 0.57421875 0.015625 0.01953125
0 0.871875 0.68359375 0.015625 0.01953125
0 0.871875 0.7265625 0.015625 0.01953125
0 0.9609375 0.5703125 0.015625 0.01953125
0 0.953125 0.521484375 0.015625 0.01953125
0 0.9140625 0.490234375 0.015625 0.01953125
0 0.03125 0.861328125 0.015625 0.01953125
0 0.5828125 0.21484375 0.015625 0.01953125
0 0.7734375 0.173828125 0.015625 0.01953125
0 0.9375 0.09765625 0.015625 0.01953125
0 0.8125 0.380859375 0.015625 0.01953125
0 0.728125 0.306640625 0.015625 0.01953125
0 0.675 0.30078125 0.015625 0.01953125
0 0.7484375 0.28515625 0.015625 0.01953125
0 0.8546875 0.443359375 0.015625 0.01953125
0 0.8265625 0.421875 0.015625 0.01953125
0 0.9421875 0.42578125 0.015625 0.01953125
0 0.959375 0.392578125 0.015625 0.01953125
0 0.9140625 0.400390625 0.015625 0.01953125
0 0.915625 0.375 0.015625 0.01953125
0 0.8609375 0.548828125 0.015625 0.01953125
0 0.8921875 0.529296875 0.015625 0.01953125
0 0.865625 0.5078125 0.015625 0.01953125
0 0.9 0.453125 0.015625 0.01953125
0 0.54375 0.537109375 0.015625 0.01953125
0 0.6453125 0.35546875 0.015625 0.01953125
0 0.909375 0.169921875 0.015625 0.01953125
0 0.9625 0.115234375 0.015625 0.01953125
0 0.9859375 0.466796875 0.015625 0.01953125
0 0.784375 0.556640625 0.015625 0.01953125
0 0.9859375 0.70703125 0.015625 0.01953125
0 0.9421875 0.482421875 0.015625 0.01953125
0 0.9 0.427734375 0.015625 0.01953125
0 0.7453125 0.431640625 0.015625 0.01953125
0 0.83125 0.4375 0.015625 0.01953125
0 0.753125 0.201171875 0.015625 0.01953125
0 0.3484375 0.017578125 0.015625 0.01953125
0 0.7625 0.158203125 0.015625 0.01953125
0 0.9546875 0.3671875 0.015625 0.01953125
0 0.2796875 0.37109375 0.015625 0.01953125
0 0.2515625 0.345703125 0.015625 0.01953125
0 0.15 0.884765625 0.015625 0.01953125
