0 0.0453125 0.037109375 0.015625 0.01953125
0 0.08125 0.056640625 0.015625 0.01953125
0 0.1359375 0.0859375 0.015625 0.01953125
0 0.234375 0.044921875 0.015625 0.01953125
0 0.2390625 0.060546875 0.015625 0.01953125
0 0.196875 0.11328125 0.015625 0.01953125
0 0.3546875 0.0859375 0.015625 0.01953125
0 0.5578125 0.10546875 0.015625 0.01953125
0 0.5796875 0.169921875 0.015625 0.01953125
0 0.075 0.619140625 0.015625 0.01953125
0 0.1984375 0.591796875 0.015625 0.01953125
0 0.234375 0.66015625 0.015625 0.01953125
0 0.209375 0.8359375 0.015625 0.01953125
0 0.1734375 0.861328125 0.015625 0.01953125
0 0.1390625 0.880859375 0.015625 0.01953125
0 0.040625 0.87109375 0.015625 0.01953125
0 0.090625 0.1171875 0.015625 0.01953125
0 0.325 0.013671875 0.015625 0.01953125
0 0.49375 0.166015625 0.015625 0.01953125
0 0.23125 0.28125 0.015625 0.01953125
0 0.275 0.396484375 0.015625 0.01953125
0 0.3171875 0.521484375 0.015625 0.01953125
0 0.675 0.61328125 0.015625 0.01953125
0 0.6796875 0.634765625 0.015625 0.01953125
0 0.7609375 0.57421875 0.015625 0.01953125
0 0.8125 0.73828125 0.015625 0.01953125
0 0.8421875 0.7265625 0.015625 0.01953125
0 0.965625 0.7109375 0.015625 0.01953125
0 0.903125 0.578125 0.015625 0.01953125
0 0.9546875 0.576171875 0.015625 0.01953125
0 0.909375 0.490234375 0.015625 0.01953125
0 0.8203125 0.544921875 0.015625 0.01953125
0 0.825 0.419921875 0.015625 0.01953125
0 0.809375 0.3828125 0.015625 0.01953125
0 0.9125 0.072265625 0.015625 0.01953125
0 0.959375 0.091796875 0.015625 0.01953125
0 0.8125 0.154296875 0.015625 0.01953125
0 0.8125 0.134765625 0.015625 0.01953125
0 0.8125 0.115234375 0.015625 0.01953125
0 0.896875 0.173828125 0.015625 0.01953125
0 0.71875 0.30859375 0.015625 0.01953125
0 0.74375 0.291015625 0.015625 0.01953125
0 0.75 0.220703125 0.015625 0.01953125
0 0.7515625 0.173828125 0.015625 0.01953125
0 0.8890625 0.33203125 0.015625 0.01953125
0 0.8453125 0.404296875 0.015625 0.01953125
0 0.8515625 0.443359375 0.015625 0.01953125
0 0.940625 0.4140625 0.015625 0.01953125
0 0.8953125 0.458984375 0.015625 0.01953125
0 0.946875 0.517578125 0.015625 0.01953125
0 0.8953125 0.65625 0.015625 0.01953125
0 0.6625 0.71875 0.015625 0.01953125
0 0.7171875 0.73046875 0.015625 0.01953125
0 0.665625 0.697265625 0.015625 0.01953125
0 0.7375 0.48046875 0.015625 0.01953125
0 0.740625 0.4296875 0.015625 0.01953125
0 0.775 0.4765625 0.015625 0.01953125
0 0.775 0.412109375 0.015625 0.01953125
0 0.784375 0.326171875 0.015625 0.01953125
0 0.78125 0.3046875 0.015625 0.01953125
0 0.7734375 0.275390625 0.015625 0.01953125
0 0.7625 0.26171875 0.015625 0.01953125
0 0.7640625 0.220703125 0.015625 0.01953125
0 0.715625 0.1875 0.015625 0.01953125
0 0.578125 0.220703125 0.015625 0.01953125
0 0.471875 0.19921875 0.015625 0.01953125
0 0.95 0.376953125 0.015625 0.01953125
0 0.909375 0.375 0.015625 0.01953125
0 0.896875 0.431640625 0.015625 0.01953125
0 0.9171875 0.46875 0.015625 0.01953125
0 0.9328125 0.490234375 0.015625 0.01953125
0 0.8640625 0.68359375 0.015625 0.01953125
0 0.8609375 0.716796875 0.015625 0.01953125
0 0.778125 0.55078125 0.015625 0.01953125
0 0.66875 0.578125 0.015625 0.01953125
0 0.6359375 0.55078125 0.015625 0.01953125
0 0.5390625 0.537109375 0.015625 0.01953125
0 0.5546875 0.435546875 0.015625 0.01953125
0 0.98125 0.76953125 0.015625 0.01953125
0 0.940625 0.546875 0.015625 0.01953125
0 0.8828125 0.53125 0.015625 0.01953125
0 0.8625 0.509765625 0.015625 0.01953125
0 0.853125 0.548828125 0.015625 0.01953125
0 0.9125 0.39453125 0.015625 0.01953125
0 0.8234375 0.439453125 0.015625 0.01953125
0 0.7359375 0.15625 0.015625 0.01953125
0 0.275 0.375 0.015625 0.01953125
0 0.271875 0.357421875 0.015625 0.01953125
0 0.24375 0.34765625 0.015625 0.01953125
0 0.2828125 0.33984375 0.015625 0.01953125
