0 0.940625 0.08984375 0.015625 0.01953125
0 0.8921875 0.0546875 0.015625 0.01953125
0 0.9828125 0.134765625 0.015625 0.01953125
0 0.878125 0.173828125 0.015625 0.01953125
0 0.790625 0.15234375 0.015625 0.01953125
0 0.7921875 0.1328125 0.015625 0.01953125
0 0.7875 0.11328125 0.015625 0.01953125
0 0.725 0.177734375 0.015625 0.01953125
0 0.6875 0.1875 0.015625 0.01953125
0 0.7609375 0.23828125 0.015625 0.01953125
0 0.775 0.2265625 0.015625 0.01953125
0 0.5515625 0.16796875 0.015625 0.01953125
0 0.571875 0.21875 0.015625 0.01953125
0 0.54375 0.1015625 0.015625 0.01953125
0 0.4703125 0.166015625 0.015625 0.01953125
0 0.2703125 0.3984375 0.015625 0.01953125
0 0.3078125 0.517578125 0.015625 0.01953125
0 0.2046875 0.595703125 0.015625 0.01953125
0 0.234375 0.66015625 0.015625 0.01953125
0 0.0859375 0.634765625 0.015625 0.01953125
0 0.1421875 0.845703125 0.015625 0.01953125
0 0.1890625 0.837890625 0.015625 0.01953125
0 0.1390625 0.880859375 0.015625 0.01953125
0 0.0515625 0.88671875 0.015625 0.01953125
0 0.1375 0.95703125 0.015625 0.01953125
0 0.2171875 0.28125 0.015625 0.01953125
0 0.2703125 0.380859375 0.015625 0.01953125
0 0.2625 0.365234375 0.015625 0.01953125
0 0.240625 0.3515625 0.015625 0.01953125
0 0.278125 0.34765625 0.015625 0.01953125
0 0.3328125 0.080078125 0.015625 0.01953125
0 0.2109375 0.044921875 0.015625 0.01953125
0 0.1734375 0.11328125 0.015625 0.01953125
0 0.18125 0.16796875 0.015625 0.01953125
0 0.16875 0.091796875 0.015625 0.01953125
0 0.209375 0.064453125 0.015625 0.01953125
0 0.109375 0.0859375 0.015625 0.01953125
0 0.0609375 0.0546875 0.015625 0.01953125
0 0.078125 0.125 0.015625 0.01953125
0 0.5546875 0.439453125 0.015625 0.01953125
0 0.7140625 0.3125 0.015625 0.01953125
0 0.74375 0.291015625 0.015625 0.01953125
0 0.759375 0.263671875 0.015625 0.01953125
0 0.7703125 0.275390625 0.015625 0.01953125
0 0.78125 0.3046875 0.015625 0.01953125
0 0.7828125 0.322265625 0.015625 0.01953125
0 0.890625 0.337890625 0.015625 0.01953125
0 0.903125 0.37890625 0.015625 0.01953125
0 0.9171875 0.40234375 0.015625 0.01953125
0 0.890625 0.427734375 0.015625 0.01953125
0 0.89375 0.455078125 0.015625 0.01953125
0 0.9171875 0.470703125 0.015625 0.01953125
0 0.9046875 0.4921875 0.015625 0.01953125
0 0.9421875 0.513671875 0.015625 0.01953125
0 0.934375 0.546875 0.015625 0.01953125
0 0.959375 0.578125 0.015625 0.01953125
0 0.9 0.58203125 0.015625 0.01953125
0 0.8875 0.658203125 0.015625 0.01953125
0 0.865625 0.685546875 0.015625 0.01953125
0 0.8421875 0.7265625 0.015625 0.01953125
0 0.8578125 0.712890625 0.015625 0.01953125
0 0.8078125 0.7421875 0.015625 0.01953125
0 0.7171875 0.728515625 0.015625 0.01953125
0 0.6546875 0.724609375 0.015625 0.01953125
0 0.659375 0.697265625 0.015625 0.01953125
0 0.678125 0.6328125 0.015625 0.01953125
0 0.6734375 0.611328125 0.015625 0.01953125
0 0.5390625 0.537109375 0.015625 0.01953125
0 0.7734375 0.40234375 0.015625 0.01953125
0 0.8046875 0.384765625 0.015625 0.01953125
0 0.7328125 0.42578125 0.015625 0.01953125
0 0.7328125 0.490234375 0.015625 0.01953125
0 0.7703125 0.470703125 0.015625 0.01953125
0 0.75 0.576171875 0.015625 0.01953125
0 0.8125 0.5546875 0.015625 0.01953125
0 0.853125 0.544921875 0.015625 0.01953125
0 0.8828125 0.53125 0.015625 0.01953125
0 0.8578125 0.50390625 0.015625 0.01953125
0 0.8515625 0.451171875 0.015625 0.01953125
0 0.821875 0.44921875 0.015625 0.01953125
0 0.821875 0.42578125 0.015625 0.01953125
0 0.840625 0.40234375 0.015625 0.01953125
0 0.9421875 0.41796875 0.015625 0.01953125
0 0.953125 0.388671875 0.015625 0.01953125
0 0.9421875 0.365234375 0.015625 0.01953125
0 0.775 0.552734375 0.015625 0.01953125
0 0.65625 0.4921875 0.015625 0.01953125
0 0.63125 0.5546875 0.015625 0.01953125
0 0.6640625 0.580078125 0.015625 0.01953125
0 0.646875 0.576171875 0.015625 0.01953125
0 0.9484375 0.72265625 0.015625 0.01953125
