0 0.19375 0.0390625 0.015625 0.01953125
0 0.1515625 0.091796875 0.015625 0.01953125
0 0.090625 0.091796875 0.015625 0.01953125
0 0.0484375 0.05859375 0.015625 0.01953125
0 0.153125 0.115234375 0.015625 0.01953125
0 0.3109375 0.083984375 0.015625 0.01953125
0 0.540625 0.10546875 0.015625 0.01953125
0 0.0703125 0.126953125 0.015625 0.01953125
0 0.1671875 0.169921875 0.015625 0.01953125
0 0.2734375 0.388671875 0.015625 0.01953125
0 0.21875 0.275390625 0.015625 0.01953125
0 0.2625 0.40234375 0.015625 0.01953125
0 0.2671875 0.373046875 0.015625 0.01953125
0 0.2359375 0.36328125 0.015625 0.01953125
0 0.284375 0.349609375 0.015625 0.01953125
0 0.11875 0.2421875 0.015625 0.01953125
0 0.30625 0.525390625 0.015625 0.01953125
0 0.2234375 0.5859375 0.015625 0.01953125
0 0.2375 0.66015625 0.015625 0.01953125
0 0.18125 0.837890625 0.015625 0.01953125
0 0.121875 0.837890625 0.015625 0.01953125
0 0.1484375 0.953125 0.015625 0.01953125
0 0.0515625 0.890625 0.015625 0.01953125
0 0.096875 0.638671875 0.015625 0.01953125
0 0.5578125 0.435546875 0.015625 0.01953125
0 0.5359375 0.533203125 0.015625 0.01953125
0 0.634375 0.560546875 0.015625 0.01953125
0 0.6703125 0.6171875 0.015625 0.01953125
0 0.678125 0.640625 0.015625 0.01953125
0 0.6609375 0.69921875 0.015625 0.01953125
0 0.6578125 0.724609375 0.015625 0.01953125
0 0.775 0.1171875 0.015625 0.01953125
0 0.453125 0.162109375 0.015625 0.01953125
0 0.5390625 0.171875 0.015625 0.01953125
0 0.559375 0.212890625 0.015625 0.01953125
0 0.43125 0.1875 0.015625 0.01953125
0 0.6609375 0.181640625 0.015625 0.01953125
0 0.715625 0.173828125 0.015625 0.01953125
0 0.8703125 0.171875 0.015625 0.01953125
0 0.775 0.1328125 0.015625 0.01953125
0 0.775 0.150390625 0.015625 0.01953125
0 0.8765625 0.052734375 0.015625 0.01953125
0 0.78125 0.234375 0.015625 0.01953125
0 0.76875 0.244140625 0.015625 0.01953125
0 0.7703125 0.279296875 0.015625 0.01953125
0 0.759375 0.263671875 0.015625 0.01953125
0 0.7375 0.291015625 0.015625 0.01953125
0 0.7203125 0.314453125 0.015625 0.01953125
0 0.78125 0.30859375 0.015625 0.01953125
0 0.790625 0.326171875 0.015625 0.01953125
0 0.7671875 0.40234375 0.015625 0.01953125
0 0.7359375 0.42578125 0.015625 0.01953125
0 0.73125 0.482421875 0.015625 0.01953125
0 0.6625 0.583984375 0.015625 0.01953125
0 0.64375 0.578125 0.015625 0.01953125
0 0.715625 0.734375 0.015625 0.01953125
0 0.7515625 0.580078125 0.015625 0.01953125
0 0.9265625 0.08984375 0.015625 0.01953125
0 0.946875 0.140625 0.015625 0.01953125
0 0.9859375 0.03515625 0.015625 0.01953125
0 0.8890625 0.3359375 0.015625 0.01953125
0 0.803125 0.3828125 0.015625 0.01953125
0 0.815625 0.42578125 0.015625 0.01953125
0 0.81875 0.4453125 0.015625 0.01953125
0 0.8515625 0.44921875 0.015625 0.01953125
0 0.8125 0.552734375 0.015625 0.01953125
0 0.771875 0.55859375 0.015625 0.01953125
0 0.7703125 0.478515625 0.015625 0.01953125
0 0.80625 0.75 0.015625 0.01953125
0 0.8359375 0.7265625 0.015625 0.01953125
0 0.934375 0.71875 0.015625 0.01953125
0 0.8921875 0.662109375 0.015625 0.01953125
0 0.959375 0.578125 0.015625 0.01953125
0 0.9015625 0.583984375 0.015625 0.01953125
0 0.834375 0.396484375 0.015625 0.01953125
0 0.8578125 0.50390625 0.015625 0.01953125
0 0.853125 0.5546875 0.015625 0.01953125
0 0.8625 0.685546875 0.015625 0.01953125
0 0.846875 0.70703125 0.015625 0.01953125
0 0.896875 0.431640625 0.015625 0.01953125
0 0.9125 0.40234375 0.015625 0.01953125
0 0.9078125 0.37890625 0.015625 0.01953125
0 0.8953125 0.455078125 0.015625 0.01953125
0 0.915625 0.47265625 0.015625 0.01953125
0 0.9 0.49609375 0.015625 0.01953125
0 0.9375 0.5234375 0.015625 0.01953125
0 0.9328125 0.490234375 0.015625 0.01953125
0 0.94375 0.421875 0.015625 0.01953125
0 0.9515625 0.37890625 0.015625 0.01953125
0 0.9734375 0.783203125 0.015625 0.01953125
0 0.6671875 0.30078125 0.015625 0.01953125
0 0.6375 0.36328125 0.015625 0.01953125
0 0.7 0.150390625 0.015625 0.01953125
