0 0.0328125 0.05859375 0.015625 0.01953125
0 0.0734375 0.08984375 0.015625 0.01953125
0 0.175 0.0390625 0.015625 0.01953125
0 0.1828125 0.0625 0.015625 0.01953125
0 0.128125 0.08984375 0.015625 0.01953125
0 0.053125 0.12109375 0.015625 0.01953125
0 0.1390625 0.11328125 0.015625 0.01953125
0 0.1296875 0.1328125 0.015625 0.01953125
0 0.15625 0.166015625 0.015625 0.01953125
0 0.434375 0.154296875 0.015625 0.01953125
0 0.5328125 0.1015625 0.015625 0.01953125
0 0.5171875 0.169921875 0.015625 0.01953125
0 0.7 0.171875 0.015625 0.01953125
0 0.63125 0.173828125 0.015625 0.01953125
0 0.753125 0.109375 0.015625 0.01953125
0 0.75625 0.1328125 0.015625 0.01953125
0 0.7578125 0.150390625 0.015625 0.01953125
0 0.8578125 0.048828125 0.015625 0.01953125
0 0.921875 0.072265625 0.015625 0.01953125
0 0.9703125 0.0390625 0.015625 0.01953125
0 0.9203125 0.1328125 0.015625 0.01953125
0 0.8609375 0.1640625 0.015625 0.01953125
0 0.2921875 0.080078125 0.015625 0.01953125
0 0.4203125 0.185546875 0.015625 0.01953125
0 0.5578125 0.212890625 0.015625 0.01953125
0 0.553125 0.431640625 0.015625 0.01953125
0 0.53125 0.53125 0.015625 0.01953125
0 0.625 0.564453125 0.015625 0.01953125
0 0.6734375 0.607421875 0.015625 0.01953125
0 0.68125 0.6328125 0.015625 0.01953125
0 0.6578125 0.724609375 0.015625 0.01953125
0 0.6578125 0.697265625 0.015625 0.01953125
0 0.715625 0.734375 0.015625 0.01953125
0 0.2484375 0.5703125 0.015625 0.01953125
0 0.30625 0.515625 0.015625 0.01953125
0 0.2484375 0.666015625 0.015625 0.01953125
0 0.2234375 0.388671875 0.015625 0.01953125
0 0.1109375 0.658203125 0.015625 0.01953125
0 0.1734375 0.833984375 0.015625 0.01953125
0 0.0921875 0.818359375 0.015625 0.01953125
0 0.0609375 0.90234375 0.015625 0.01953125
0 0.1609375 0.947265625 0.015625 0.01953125
0 0.6640625 0.578125 0.015625 0.01953125
0 0.646875 0.572265625 0.015625 0.01953125
0 0.753125 0.5703125 0.015625 0.01953125
0 0.771875 0.55859375 0.015625 0.01953125
0 0.8171875 0.548828125 0.015625 0.01953125
0 0.8109375 0.7421875 0.015625 0.01953125
0 0.840625 0.720703125 0.015625 0.01953125
0 0.8515625 0.697265625 0.015625 0.01953125
0 0.865625 0.681640625 0.015625 0.01953125
0 0.9296875 0.72265625 0.015625 0.01953125
0 0.89375 0.66015625 0.015625 0.01953125
0 0.9046875 0.5859375 0.015625 0.01953125
0 0.95625 0.58203125 0.015625 0.01953125
0 0.940625 0.544921875 0.015625 0.01953125
0 0.946875 0.521484375 0.015625 0.01953125
0 0.853125 0.548828125 0.015625 0.01953125
0 0.8828125 0.53125 0.015625 0.01953125
0 0.859375 0.509765625 0.015625 0.01953125
0 0.7734375 0.470703125 0.015625 0.01953125
0 0.7265625 0.478515625 0.015625 0.01953125
0 0.7375 0.423828125 0.015625 0.01953125
0 0.771875 0.400390625 0.015625 0.01953125
0 0.803125 0.37890625 0.015625 0.01953125
0 0.840625 0.3984375 0.015625 0.01953125
0 0.8203125 0.4296875 0.015625 0.01953125
0 0.81875 0.447265625 0.015625 0.01953125
0 0.7921875 0.240234375 0.015625 0.01953125
0 0.784375 0.248046875 0.015625 0.01953125
0 0.7640625 0.263671875 0.015625 0.01953125
0 0.7703125 0.27734375 0.015625 0.01953125
0 0.7421875 0.287109375 0.015625 0.01953125
0 0.78125 0.30859375 0.015625 0.01953125
0 0.790625 0.326171875 0.015625 0.01953125
0 0.71875 0.3125 0.015625 0.01953125
0 0.89375 0.328125 0.015625 0.01953125
0 0.909375 0.375 0.015625 0.01953125
0 0.8515625 0.447265625 0.015625 0.01953125
0 0.9046875 0.49609375 0.015625 0.01953125
0 0.9140625 0.470703125 0.015625 0.01953125
0 0.89375 0.455078125 0.015625 0.01953125
0 0.9140625 0.408203125 0.015625 0.01953125
0 0.89375 0.431640625 0.015625 0.01953125
0 0.95 0.416015625 0.015625 0.01953125
0 0.95 0.390625 0.015625 0.01953125
0 0.946875 0.369140625 0.015625 0.01953125
0 0.2640625 0.396484375 0.015625 0.01953125
0 0.2671875 0.384765625 0.015625 0.01953125
0 0.2703125 0.369140625 0.015625 0.01953125
0 0.2921875 0.35546875 0.015625 0.01953125
0 0.2140625 0.2578125 0.015625 0.01953125
0 0.64375 0.35546875 0.015625 0.01953125
