0 0.0375 0.484375 0.015625 0.01953125
0 0.040625 0.474609375 0.015625 0.01953125
0 0.21875 0.4765625 0.015625 0.01953125
0 0.128125 0.55078125 0.015625 0.01953125
0 0.1421875 0.701171875 0.015625 0.01953125
0 0.25625 0.671875 0.015625 0.01953125
0 0.2015625 0.908203125 0.015625 0.01953125
0 0.5703125 0.8359375 0.015625 0.01953125
0 0.053125 0.556640625 0.015625 0.01953125
0 0.1859375 0.291015625 0.015625 0.01953125
0 0.315625 0.3359375 0.015625 0.01953125
0 0.3390625 0.3046875 0.015625 0.01953125
0 0.6171875 0.83203125 0.015625 0.01953125
0 0.2890625 0.216796875 0.015625 0.01953125
0 0.2640625 0.203125 0.015625 0.01953125
0 0.290625 0.1875 0.015625 0.01953125
0 0.3578125 0.14453125 0.015625 0.01953125
0 0.2296875 0.109375 0.015625 0.01953125
0 0.5 0.28125 0.015625 0.01953125
0 0.6734375 0.47265625 0.015625 0.01953125
0 0.7171875 0.470703125 0.015625 0.01953125
0 0.678125 0.353515625 0.015625 0.01953125
0 0.753125 0.30078125 0.015625 0.01953125
0 0.778125 0.298828125 0.015625 0.01953125
0 0.815625 0.294921875 0.015625 0.01953125
0 0.81875 0.482421875 0.015625 0.01953125
0 0.840625 0.466796875 0.015625 0.01953125
0 0.8765625 0.470703125 0.015625 0.01953125
0 0.8546875 0.439453125 0.015625 0.01953125
0 0.86875 0.427734375 0.015625 0.01953125
0 0.9 0.40234375 0.015625 0.01953125
0 0.9421875 0.3359375 0.015625 0.01953125
0 0.959375 0.322265625 0.015625 0.01953125
0 0.96875 0.345703125 0.015625 0.01953125
0 0.9484375 0.267578125 0.015625 0.01953125
0 0.9328125 0.28125 0.015625 0.01953125
0 0.9046875 0.234375 0.015625 0.01953125
0 0.915625 0.20703125 0.015625 0.01953125
0 0.9453125 0.212890625 0.015625 0.01953125
0 0.9484375 0.18359375 0.015625 0.01953125
0 0.846875 0.044921875 0.015625 0.01953125
0 0.8296875 0.04296875 0.015625 0.01953125
0 0.784375 0.044921875 0.015625 0.01953125
0 0.790625 0.06640625 0.015625 0.01953125
0 0.7921875 0.12109375 0.015625 0.01953125
0 0.771875 0.140625 0.015625 0.01953125
0 0.7453125 0.1640625 0.015625 0.01953125
0 0.6296875 0.296875 0.015625 0.01953125
0 0.665625 0.328125 0.015625 0.01953125
0 0.7296875 0.220703125 0.015625 0.01953125
0 0.771875 0.21484375 0.015625 0.01953125
0 0.8234375 0.18359375 0.015625 0.01953125
0 0.8203125 0.169921875 0.015625 0.01953125
0 0.84375 0.140625 0.015625 0.01953125
0 0.8921875 0.072265625 0.015625 0.01953125
0 0.8484375 0.248046875 0.015625 0.01953125
0 0.8546875 0.20703125 0.015625 0.01953125
0 0.8953125 0.197265625 0.015625 0.01953125
0 0.903125 0.126953125 0.015625 0.01953125
0 0.9140625 0.1640625 0.015625 0.01953125
0 0.8921875 0.166015625 0.015625 0.01953125
0 0.9578125 0.1328125 0.015625 0.01953125
0 0.959375 0.111328125 0.015625 0.01953125
0 0.8859375 0.275390625 0.015625 0.01953125
0 0.8609375 0.287109375 0.015625 0.01953125
0 0.678125 0.3828125 0.015625 0.01953125
0 0.1390625 0.62109375 0.015625 0.01953125
0 0.6453125 0.095703125 0.015625 0.01953125
