0 0.79375 0.78125 0.015625 0.01953125
0 0.0078125 0.3515625 0.015625 0.01953125
0 0.059375 0.47265625 0.015625 0.01953125
0 0.0484375 0.48828125 0.015625 0.01953125
0 0.178125 0.28125 0.015625 0.01953125
0 0.284375 0.322265625 0.015625 0.01953125
0 0.3171875 0.287109375 0.015625 0.01953125
0 0.271875 0.22265625 0.015625 0.01953125
0 0.2546875 0.20703125 0.015625 0.01953125
0 0.2796875 0.169921875 0.015625 0.01953125
0 0.1234375 0.55078125 0.015625 0.01953125
0 0.234375 0.49609375 0.015625 0.01953125
0 0.05 0.5546875 0.015625 0.01953125
0 0.0 0.595703125 0.015625 0.01953125
0 0.1609375 0.712890625 0.015625 0.01953125
0 0.1875 0.9140625 0.015625 0.01953125
0 0.575 0.830078125 0.015625 0.01953125
0 0.61875 0.857421875 0.015625 0.01953125
0 0.484375 0.267578125 0.015625 0.01953125
0 0.6734375 0.353515625 0.015625 0.01953125
0 0.6765625 0.3828125 0.015625 0.01953125
0 0.63125 0.291015625 0.015625 0.01953125
0 0.6859375 0.48046875 0.015625 0.01953125
0 0.715625 0.470703125 0.015625 0.01953125
0 0.8078125 0.4765625 0.015625 0.01953125
0 0.840625 0.470703125 0.015625 0.01953125
0 0.871875 0.46484375 0.015625 0.01953125
0 0.875 0.427734375 0.015625 0.01953125
0 0.85 0.435546875 0.015625 0.01953125
0 0.8921875 0.40234375 0.015625 0.01953125
0 0.8109375 0.29296875 0.015625 0.01953125
0 0.75 0.306640625 0.015625 0.01953125
0 0.7765625 0.296875 0.015625 0.01953125
0 0.7640625 0.21484375 0.015625 0.01953125
0 0.7171875 0.21484375 0.015625 0.01953125
0 0.728125 0.166015625 0.015625 0.01953125
0 0.7640625 0.134765625 0.015625 0.01953125
0 0.784375 0.119140625 0.015625 0.01953125
0 0.81875 0.1875 0.015625 0.01953125
0 0.8203125 0.166015625 0.015625 0.01953125
0 0.8390625 0.138671875 0.015625 0.01953125
0 0.7890625 0.064453125 0.015625 0.01953125
0 0.784375 0.044921875 0.015625 0.01953125
0 0.76875 0.017578125 0.015625 0.01953125
0 0.75625 0.00390625 0.015625 0.01953125
0 0.840625 0.052734375 0.015625 0.01953125
0 0.8546875 0.0546875 0.015625 0.01953125
0 0.890625 0.0703125 0.015625 0.01953125
0 0.953125 0.19140625 0.015625 0.01953125
0 0.9515625 0.220703125 0.015625 0.01953125
0 0.9578125 0.3359375 0.015625 0.01953125
0 0.9609375 0.318359375 0.015625 0.01953125
0 0.975 0.34765625 0.015625 0.01953125
0 0.9453125 0.265625 0.015625 0.01953125
0 0.903125 0.234375 0.015625 0.01953125
0 0.915625 0.20703125 0.015625 0.01953125
0 0.8921875 0.19921875 0.015625 0.01953125
0 0.89375 0.17578125 0.015625 0.01953125
0 0.8515625 0.212890625 0.015625 0.01953125
0 0.8453125 0.25 0.015625 0.01953125
0 0.878125 0.279296875 0.015625 0.01953125
0 0.909375 0.158203125 0.015625 0.01953125
0 0.9515625 0.12890625 0.015625 0.01953125
0 0.9 0.134765625 0.015625 0.01953125
0 0.95625 0.10546875 0.015625 0.01953125
0 0.9359375 0.283203125 0.015625 0.01953125
0 0.6640625 0.32421875 0.015625 0.01953125
0 0.6484375 0.314453125 0.015625 0.01953125
0 0.275 0.666015625 0.015625 0.01953125
