0 0.265625 0.181640625 0.015625 0.01953125
0 0.2515625 0.244140625 0.015625 0.01953125
0 0.2453125 0.23046875 0.015625 0.01953125
0 0.16875 0.29296875 0.015625 0.01953125
0 0.2734375 0.31640625 0.015625 0.01953125
0 0.2890625 0.30078125 0.015625 0.01953125
0 0.2546875 0.51953125 0.015625 0.01953125
0 0.29375 0.67578125 0.015625 0.01953125
0 0.1765625 0.734375 0.015625 0.01953125
0 0.18125 0.931640625 0.015625 0.01953125
0 0.5875 0.859375 0.015625 0.01953125
0 0.046875 0.677734375 0.015625 0.01953125
0 0.1234375 0.568359375 0.015625 0.01953125
0 0.0671875 0.484375 0.015625 0.01953125
0 0.0625 0.498046875 0.015625 0.01953125
0 0.009375 0.615234375 0.015625 0.01953125
0 0.0171875 0.369140625 0.015625 0.01953125
0 0.4921875 0.26953125 0.015625 0.01953125
0 0.7453125 0.3203125 0.015625 0.01953125
0 0.6734375 0.3671875 0.015625 0.01953125
0 0.6328125 0.310546875 0.015625 0.01953125
0 0.646875 0.32421875 0.015625 0.01953125
0 0.665625 0.337890625 0.015625 0.01953125
0 0.69375 0.50390625 0.015625 0.01953125
0 0.809375 0.4921875 0.015625 0.01953125
0 0.84375 0.490234375 0.015625 0.01953125
0 0.8703125 0.48046875 0.015625 0.01953125
0 0.96875 0.34375 0.015625 0.01953125
0 0.95625 0.333984375 0.015625 0.01953125
0 0.9359375 0.298828125 0.015625 0.01953125
0 0.9015625 0.25 0.015625 0.01953125
0 0.8078125 0.306640625 0.015625 0.01953125
0 0.85625 0.3046875 0.015625 0.01953125
0 0.884375 0.2890625 0.015625 0.01953125
0 0.84375 0.26171875 0.015625 0.01953125
0 0.8546875 0.2265625 0.015625 0.01953125
0 0.8390625 0.15234375 0.015625 0.01953125
0 0.821875 0.18359375 0.015625 0.01953125
0 0.8171875 0.197265625 0.015625 0.01953125
0 0.775 0.130859375 0.015625 0.01953125
0 0.659375 0.25 0.015625 0.01953125
0 0.6796875 0.39453125 0.015625 0.01953125
0 0.71875 0.484375 0.015625 0.01953125
0 0.815625 0.8203125 0.015625 0.01953125
0 0.8921875 0.412109375 0.015625 0.01953125
0 0.8765625 0.51171875 0.015625 0.01953125
0 0.86875 0.443359375 0.015625 0.01953125
0 0.84375 0.44921875 0.015625 0.01953125
0 0.7171875 0.060546875 0.015625 0.01953125
0 0.7578125 0.154296875 0.015625 0.01953125
0 0.7234375 0.185546875 0.015625 0.01953125
0 0.7140625 0.234375 0.015625 0.01953125
0 0.7859375 0.08203125 0.015625 0.01953125
0 0.78125 0.064453125 0.015625 0.01953125
0 0.771875 0.03515625 0.015625 0.01953125
0 0.7625 0.017578125 0.015625 0.01953125
0 0.859375 0.08984375 0.015625 0.01953125
0 0.846875 0.080078125 0.015625 0.01953125
0 0.890625 0.083984375 0.015625 0.01953125
0 0.9171875 0.22265625 0.015625 0.01953125
0 0.9546875 0.203125 0.015625 0.01953125
0 0.9359375 0.298828125 0.015625 0.01953125
0 0.7765625 0.3125 0.015625 0.01953125
0 0.765625 0.232421875 0.015625 0.01953125
0 0.9515625 0.23046875 0.015625 0.01953125
0 0.8921875 0.21484375 0.015625 0.01953125
0 0.89375 0.18359375 0.015625 0.01953125
0 0.9109375 0.171875 0.015625 0.01953125
0 0.9015625 0.1484375 0.015625 0.01953125
0 0.6328125 0.888671875 0.015625 0.01953125
0 0.0484375 0.578125 0.015625 0.01953125
0 0.134375 0.638671875 0.015625 0.01953125
0 0.64375 0.111328125 0.015625 0.01953125
0 0.9546875 0.13671875 0.015625 0.01953125
0 0.9421875 0.28515625 0.015625 0.01953125
