0 0.2390625 0.23828125 0.015625 0.01953125
0 0.2421875 0.255859375 0.015625 0.01953125
0 0.1703125 0.291015625 0.015625 0.01953125
0 0.2796875 0.31640625 0.015625 0.01953125
0 0.0234375 0.376953125 0.015625 0.01953125
0 0.125 0.580078125 0.015625 0.01953125
0 0.05 0.576171875 0.015625 0.01953125
0 0.0140625 0.625 0.015625 0.01953125
0 0.059375 0.6953125 0.015625 0.01953125
0 0.2015625 0.75390625 0.015625 0.01953125
0 0.1828125 0.93359375 0.015625 0.01953125
0 0.5890625 0.86328125 0.015625 0.01953125
0 0.6359375 0.90234375 0.015625 0.01953125
0 0.303125 0.677734375 0.015625 0.01953125
0 0.265625 0.533203125 0.015625 0.01953125
0 0.2640625 0.18359375 0.015625 0.01953125
0 0.31875 0.18359375 0.015625 0.01953125
0 0.2265625 0.119140625 0.015625 0.01953125
0 0.215625 0.021484375 0.015625 0.01953125
0 0.53125 0.19921875 0.015625 0.01953125
0 0.4890625 0.279296875 0.015625 0.01953125
0 0.6296875 0.314453125 0.015625 0.01953125
0 0.6578125 0.255859375 0.015625 0.01953125
0 0.6734375 0.376953125 0.015625 0.01953125
0 0.6765625 0.404296875 0.015625 0.01953125
0 0.7015625 0.509765625 0.015625 0.01953125
0 0.7140625 0.494140625 0.015625 0.01953125
0 0.8125 0.814453125 0.015625 0.01953125
0 0.80625 0.501953125 0.015625 0.01953125
0 0.840625 0.498046875 0.015625 0.01953125
0 0.8703125 0.48828125 0.015625 0.01953125
0 0.871875 0.451171875 0.015625 0.01953125
0 0.840625 0.455078125 0.015625 0.01953125
0 0.89375 0.421875 0.015625 0.01953125
0 0.8046875 0.30859375 0.015625 0.01953125
0 0.7734375 0.314453125 0.015625 0.01953125
0 0.75 0.326171875 0.015625 0.01953125
0 0.6640625 0.34375 0.015625 0.01953125
0 0.6421875 0.326171875 0.015625 0.01953125
0 0.7125 0.2421875 0.015625 0.01953125
0 0.7609375 0.240234375 0.015625 0.01953125
0 0.7234375 0.1953125 0.015625 0.01953125
0 0.81875 0.203125 0.015625 0.01953125
0 0.81875 0.1875 0.015625 0.01953125
0 0.75625 0.16015625 0.015625 0.01953125
0 0.7734375 0.13671875 0.015625 0.01953125
0 0.7859375 0.0859375 0.015625 0.01953125
0 0.7796875 0.06640625 0.015625 0.01953125
0 0.7734375 0.0390625 0.015625 0.01953125
0 0.7609375 0.025390625 0.015625 0.01953125
0 0.740625 0.03515625 0.015625 0.01953125
0 0.7171875 0.0703125 0.015625 0.01953125
0 0.640625 0.1171875 0.015625 0.01953125
0 0.8375 0.162109375 0.015625 0.01953125
0 0.85 0.234375 0.015625 0.01953125
0 0.8421875 0.27734375 0.015625 0.01953125
0 0.9046875 0.251953125 0.015625 0.01953125
0 0.95625 0.341796875 0.015625 0.01953125
0 0.971875 0.35546875 0.015625 0.01953125
0 0.9453125 0.29296875 0.015625 0.01953125
0 0.915625 0.2265625 0.015625 0.01953125
0 0.9484375 0.208984375 0.015625 0.01953125
0 0.8921875 0.216796875 0.015625 0.01953125
0 0.8890625 0.1875 0.015625 0.01953125
0 0.909375 0.169921875 0.015625 0.01953125
0 0.9 0.1484375 0.015625 0.01953125
0 0.9484375 0.15234375 0.015625 0.01953125
0 0.8578125 0.09375 0.015625 0.01953125
0 0.890625 0.091796875 0.015625 0.01953125
0 0.9796875 0.0625 0.015625 0.01953125
0 0.8484375 0.091796875 0.015625 0.01953125
0 0.85625 0.30859375 0.015625 0.01953125
0 0.8796875 0.29296875 0.015625 0.01953125
0 0.865625 0.51171875 0.015625 0.01953125
0 0.9875 0.369140625 0.015625 0.01953125
0 0.9484375 0.240234375 0.015625 0.01953125
0 0.0703125 0.509765625 0.015625 0.01953125
0 0.0765625 0.498046875 0.015625 0.01953125
0 0.275 0.330078125 0.015625 0.01953125
