0 0.2203125 0.02734375 0.015625 0.01953125
0 0.2625 0.177734375 0.015625 0.01953125
0 0.2375 0.23828125 0.015625 0.01953125
0 0.240625 0.25390625 0.015625 0.01953125
0 0.16875 0.296875 0.015625 0.01953125
0 0.034375 0.376953125 0.015625 0.01953125
0 0.08125 0.50390625 0.015625 0.01953125
0 0.0765625 0.515625 0.015625 0.01953125
0 0.125 0.587890625 0.015625 0.01953125
0 0.05 0.580078125 0.015625 0.01953125
0 0.0234375 0.6328125 0.015625 0.01953125
0 0.2703125 0.552734375 0.015625 0.01953125
0 0.3125 0.681640625 0.015625 0.01953125
0 0.2078125 0.765625 0.015625 0.01953125
0 0.184375 0.931640625 0.015625 0.01953125
0 0.0703125 0.71484375 0.015625 0.01953125
0 0.0109375 0.646484375 0.015625 0.01953125
0 0.284375 0.31640625 0.015625 0.01953125
0 0.284375 0.337890625 0.015625 0.01953125
0 0.315625 0.1953125 0.015625 0.01953125
0 0.2296875 0.12109375 0.015625 0.01953125
0 0.5390625 0.201171875 0.015625 0.01953125
0 0.5 0.279296875 0.015625 0.01953125
0 0.5921875 0.865234375 0.015625 0.01953125
0 0.6375 0.92578125 0.015625 0.01953125
0 0.8390625 0.501953125 0.015625 0.01953125
0 0.8328125 0.45703125 0.015625 0.01953125
0 0.80625 0.509765625 0.015625 0.01953125
0 0.7140625 0.49609375 0.015625 0.01953125
0 0.70625 0.51953125 0.015625 0.01953125
0 0.6765625 0.40234375 0.015625 0.01953125
0 0.6734375 0.376953125 0.015625 0.01953125
0 0.659375 0.34375 0.015625 0.01953125
0 0.6375 0.330078125 0.015625 0.01953125
0 0.6265625 0.314453125 0.015625 0.01953125
0 0.7140625 0.248046875 0.015625 0.01953125
0 0.7265625 0.19140625 0.015625 0.01953125
0 0.753125 0.162109375 0.015625 0.01953125
0 0.775 0.140625 0.015625 0.01953125
0 0.7890625 0.087890625 0.015625 0.01953125
0 0.78125 0.0703125 0.015625 0.01953125
0 0.7703125 0.0390625 0.015625 0.01953125
0 0.7609375 0.025390625 0.015625 0.01953125
0 0.8390625 0.162109375 0.015625 0.01953125
0 0.821875 0.19140625 0.015625 0.01953125
0 0.8203125 0.2109375 0.015625 0.01953125
0 0.821875 0.19921875 0.015625 0.01953125
0 0.803125 0.3125 0.015625 0.01953125
0 0.746875 0.33203125 0.015625 0.01953125
0 0.896875 0.427734375 0.015625 0.01953125
0 0.865625 0.490234375 0.015625 0.01953125
0 0.8625 0.521484375 0.015625 0.01953125
0 0.871875 0.455078125 0.015625 0.01953125
0 0.9796875 0.359375 0.015625 0.01953125
0 0.9546875 0.341796875 0.015625 0.01953125
0 0.9015625 0.255859375 0.015625 0.01953125
0 0.9140625 0.232421875 0.015625 0.01953125
0 0.8421875 0.279296875 0.015625 0.01953125
0 0.859375 0.30859375 0.015625 0.01953125
0 0.8546875 0.240234375 0.015625 0.01953125
0 0.8609375 0.107421875 0.015625 0.01953125
0 0.85 0.1015625 0.015625 0.01953125
0 0.8921875 0.09765625 0.015625 0.01953125
0 0.71875 0.076171875 0.015625 0.01953125
0 0.7421875 0.041015625 0.015625 0.01953125
0 0.909375 0.177734375 0.015625 0.01953125
0 0.8921875 0.22265625 0.015625 0.01953125
0 0.953125 0.2421875 0.015625 0.01953125
0 0.9515625 0.216796875 0.015625 0.01953125
0 0.9421875 0.2890625 0.015625 0.01953125
0 0.9453125 0.140625 0.015625 0.01953125
0 0.9109375 0.138671875 0.015625 0.01953125
0 0.759375 0.244140625 0.015625 0.01953125
0 0.8828125 0.298828125 0.015625 0.01953125
0 0.890625 0.1875 0.015625 0.01953125
0 0.6390625 0.125 0.015625 0.01953125
0 0.825 0.82421875 0.015625 0.01953125
