0 0.259375 0.244140625 0.015625 0.01953125
0 0.24375 0.2265625 0.015625 0.01953125
0 0.321875 0.298828125 0.015625 0.01953125
0 0.3203125 0.3203125 0.015625 0.01953125
0 0.1765625 0.287109375 0.015625 0.01953125
0 0.0453125 0.384765625 0.015625 0.01953125
0 0.09375 0.515625 0.015625 0.01953125
0 0.0890625 0.52734375 0.015625 0.01953125
0 0.284375 0.568359375 0.015625 0.01953125
0 0.3203125 0.6796875 0.015625 0.01953125
0 0.2109375 0.771484375 0.015625 0.01953125
0 0.1734375 0.939453125 0.015625 0.01953125
0 0.096875 0.744140625 0.015625 0.01953125
0 0.1171875 0.611328125 0.015625 0.01953125
0 0.0515625 0.646484375 0.015625 0.01953125
0 0.034375 0.666015625 0.015625 0.01953125
0 0.596875 0.8828125 0.015625 0.01953125
0 0.8328125 0.833984375 0.015625 0.01953125
0 0.7125 0.53515625 0.015625 0.01953125
0 0.715625 0.49609375 0.015625 0.01953125
0 0.796875 0.505859375 0.015625 0.01953125
0 0.675 0.40625 0.015625 0.01953125
0 0.671875 0.37890625 0.015625 0.01953125
0 0.628125 0.314453125 0.015625 0.01953125
0 0.6296875 0.337890625 0.015625 0.01953125
0 0.6609375 0.349609375 0.015625 0.01953125
0 0.5234375 0.2890625 0.015625 0.01953125
0 0.5390625 0.208984375 0.015625 0.01953125
0 0.6390625 0.12109375 0.015625 0.01953125
0 0.7171875 0.076171875 0.015625 0.01953125
0 0.7578125 0.029296875 0.015625 0.01953125
0 0.7703125 0.044921875 0.015625 0.01953125
0 0.7765625 0.07421875 0.015625 0.01953125
0 0.7875 0.091796875 0.015625 0.01953125
0 0.7796875 0.142578125 0.015625 0.01953125
0 0.759375 0.169921875 0.015625 0.01953125
0 0.725 0.1953125 0.015625 0.01953125
0 0.7203125 0.2421875 0.015625 0.01953125
0 0.74375 0.33203125 0.015625 0.01953125
0 0.803125 0.310546875 0.015625 0.01953125
0 0.8375 0.517578125 0.015625 0.01953125
0 0.8375 0.498046875 0.015625 0.01953125
0 0.859375 0.486328125 0.015625 0.01953125
0 0.828125 0.4609375 0.015625 0.01953125
0 0.8671875 0.45703125 0.015625 0.01953125
0 0.8921875 0.427734375 0.015625 0.01953125
0 0.8375 0.27734375 0.015625 0.01953125
0 0.85 0.240234375 0.015625 0.01953125
0 0.81875 0.208984375 0.015625 0.01953125
0 0.81875 0.19140625 0.015625 0.01953125
0 0.8359375 0.166015625 0.015625 0.01953125
0 0.8578125 0.111328125 0.015625 0.01953125
0 0.85 0.103515625 0.015625 0.01953125
0 0.8890625 0.095703125 0.015625 0.01953125
0 0.6578125 0.259765625 0.015625 0.01953125
0 0.9 0.2578125 0.015625 0.01953125
0 0.9421875 0.294921875 0.015625 0.01953125
0 0.9546875 0.345703125 0.015625 0.01953125
0 0.8828125 0.30078125 0.015625 0.01953125
0 0.85 0.314453125 0.015625 0.01953125
0 0.9140625 0.232421875 0.015625 0.01953125
0 0.89375 0.2265625 0.015625 0.01953125
0 0.6671875 0.0625 0.015625 0.01953125
0 0.90625 0.181640625 0.015625 0.01953125
0 0.890625 0.18359375 0.015625 0.01953125
0 0.9515625 0.220703125 0.015625 0.01953125
0 0.95 0.2421875 0.015625 0.01953125
0 0.9890625 0.35546875 0.015625 0.01953125
0 0.315625 0.208984375 0.015625 0.01953125
0 0.259375 0.162109375 0.015625 0.01953125
0 0.234375 0.03515625 0.015625 0.01953125
0 0.2453125 0.1171875 0.015625 0.01953125
