0 0.234375 0.025390625 0.015625 0.01953125
0 0.2484375 0.11328125 0.015625 0.01953125
0 0.2609375 0.162109375 0.015625 0.01953125
0 0.3203125 0.203125 0.015625 0.01953125
0 0.2546875 0.220703125 0.015625 0.01953125
0 0.2703125 0.236328125 0.015625 0.01953125
0 0.340625 0.279296875 0.015625 0.01953125
0 0.3328125 0.302734375 0.015625 0.01953125
0 0.1828125 0.275390625 0.015625 0.01953125
0 0.053125 0.384765625 0.015625 0.01953125
0 0.0984375 0.51953125 0.015625 0.01953125
0 0.090625 0.52734375 0.015625 0.01953125
0 0.1203125 0.6171875 0.015625 0.01953125
0 0.046875 0.669921875 0.015625 0.01953125
0 0.1125 0.7578125 0.015625 0.01953125
0 0.2109375 0.767578125 0.015625 0.01953125
0 0.1671875 0.92578125 0.015625 0.01953125
0 0.33125 0.6796875 0.015625 0.01953125
0 0.2875 0.58203125 0.015625 0.01953125
0 0.596875 0.888671875 0.015625 0.01953125
0 0.846875 0.83984375 0.015625 0.01953125
0 0.675 0.400390625 0.015625 0.01953125
0 0.671875 0.375 0.015625 0.01953125
0 0.515625 0.30859375 0.015625 0.01953125
0 0.5375 0.205078125 0.015625 0.01953125
0 0.715625 0.076171875 0.015625 0.01953125
0 0.625 0.31640625 0.015625 0.01953125
0 0.653125 0.349609375 0.015625 0.01953125
0 0.74375 0.33203125 0.015625 0.01953125
0 0.7765625 0.32421875 0.015625 0.01953125
0 0.8046875 0.310546875 0.015625 0.01953125
0 0.7953125 0.509765625 0.015625 0.01953125
0 0.85625 0.517578125 0.015625 0.01953125
0 0.834375 0.501953125 0.015625 0.01953125
0 0.8234375 0.462890625 0.015625 0.01953125
0 0.8578125 0.484375 0.015625 0.01953125
0 0.865625 0.455078125 0.015625 0.01953125
0 0.8921875 0.4296875 0.015625 0.01953125
0 0.725 0.2421875 0.015625 0.01953125
0 0.7265625 0.1953125 0.015625 0.01953125
0 0.6375 0.125 0.015625 0.01953125
0 0.665625 0.064453125 0.015625 0.01953125
0 0.7671875 0.04296875 0.015625 0.01953125
0 0.7765625 0.072265625 0.015625 0.01953125
0 0.7890625 0.08984375 0.015625 0.01953125
0 0.784375 0.142578125 0.015625 0.01953125
0 0.7578125 0.171875 0.015625 0.01953125
0 0.8203125 0.212890625 0.015625 0.01953125
0 0.8171875 0.19140625 0.015625 0.01953125
0 0.840625 0.1640625 0.015625 0.01953125
0 0.85 0.10546875 0.015625 0.01953125
0 0.859375 0.1171875 0.015625 0.01953125
0 0.8890625 0.09765625 0.015625 0.01953125
0 0.7140625 0.49609375 0.015625 0.01953125
0 0.7140625 0.537109375 0.015625 0.01953125
0 0.834375 0.27734375 0.015625 0.01953125
0 0.853125 0.240234375 0.015625 0.01953125
0 0.8765625 0.298828125 0.015625 0.01953125
0 0.8546875 0.310546875 0.015625 0.01953125
0 0.99375 0.357421875 0.015625 0.01953125
0 0.9546875 0.34375 0.015625 0.01953125
0 0.940625 0.294921875 0.015625 0.01953125
0 0.9 0.2578125 0.015625 0.01953125
0 0.9140625 0.232421875 0.015625 0.01953125
0 0.946875 0.240234375 0.015625 0.01953125
0 0.9515625 0.216796875 0.015625 0.01953125
0 0.9484375 0.15234375 0.015625 0.01953125
0 0.90625 0.181640625 0.015625 0.01953125
0 0.8859375 0.1953125 0.015625 0.01953125
0 0.890625 0.22265625 0.015625 0.01953125
0 0.909375 0.134765625 0.015625 0.01953125
0 0.7390625 0.052734375 0.015625 0.01953125
0 0.628125 0.3359375 0.015625 0.01953125
0 0.7671875 0.2421875 0.015625 0.01953125
0 0.0484375 0.5859375 0.015625 0.01953125
0 0.0671875 0.662109375 0.015625 0.01953125
