0 0.10625 0.05078125 0.015625 0.01953125
0 0.1125 0.07421875 0.015625 0.01953125
0 0.0765625 0.150390625 0.015625 0.01953125
0 0.203125 0.23046875 0.015625 0.01953125
0 0.296875 0.294921875 0.015625 0.01953125
0 0.2625 0.212890625 0.015625 0.01953125
0 0.1046875 0.34765625 0.015625 0.01953125
0 0.353125 0.388671875 0.015625 0.01953125
0 0.4234375 0.107421875 0.015625 0.01953125
0 0.4640625 0.056640625 0.015625 0.01953125
0 0.6359375 0.41015625 0.015625 0.01953125
0 0.53125 0.728515625 0.015625 0.01953125
0 0.5234375 0.70703125 0.015625 0.01953125
0 0.8109375 0.763671875 0.015625 0.01953125
0 0.640625 0.623046875 0.015625 0.01953125
0 0.3765625 0.98828125 0.015625 0.01953125
0 0.26875 0.984375 0.015625 0.01953125
0 0.26875 0.984375 0.015625 0.01953125
0 0.28125 0.994140625 0.015625 0.01953125
0 0.2015625 0.9453125 0.015625 0.01953125
0 0.1546875 0.951171875 0.015625 0.01953125
0 0.134375 0.845703125 0.015625 0.01953125
0 0.15 0.78125 0.015625 0.01953125
0 0.096875 0.767578125 0.015625 0.01953125
0 0.10625 0.892578125 0.015625 0.01953125
0 0.0671875 0.9375 0.015625 0.01953125
0 0.2703125 0.43359375 0.015625 0.01953125
0 0.1453125 0.515625 0.015625 0.01953125
0 0.009375 0.611328125 0.015625 0.01953125
0 0.2734375 0.41796875 0.015625 0.01953125
0 0.8484375 0.041015625 0.015625 0.01953125
0 0.8375 0.0234375 0.015625 0.01953125
