0 0.8453125 0.013671875 0.015625 0.01953125
0 0.8515625 0.0390625 0.015625 0.01953125
0 0.475 0.041015625 0.015625 0.01953125
0 0.4375 0.1015625 0.015625 0.01953125
0 0.6421875 0.404296875 0.015625 0.01953125
0 0.640625 0.62890625 0.015625 0.01953125
0 0.5296875 0.6953125 0.015625 0.01953125
0 0.54375 0.7109375 0.015625 0.01953125
0 0.8125 0.75 0.015625 0.01953125
0 0.3609375 0.3984375 0.015625 0.01953125
0 0.26875 0.4140625 0.015625 0.01953125
0 0.1375 0.5 0.015625 0.01953125
0 0.3203125 0.298828125 0.015625 0.01953125
0 0.2703125 0.203125 0.015625 0.01953125
0 0.2171875 0.22265625 0.015625 0.01953125
0 0.0796875 0.140625 0.015625 0.01953125
0 0.1046875 0.330078125 0.015625 0.01953125
0 0.1265625 0.0546875 0.015625 0.01953125
0 0.1125 0.041015625 0.015625 0.01953125
0 0.0078125 0.603515625 0.015625 0.01953125
0 0.159375 0.767578125 0.015625 0.01953125
0 0.3796875 0.978515625 0.015625 0.01953125
0 0.3390625 0.99609375 0.015625 0.01953125
0 0.2828125 0.986328125 0.015625 0.01953125
0 0.275 0.974609375 0.015625 0.01953125
0 0.20625 0.931640625 0.015625 0.01953125
0 0.1640625 0.9375 0.015625 0.01953125
0 0.1390625 0.837890625 0.015625 0.01953125
0 0.1046875 0.75390625 0.015625 0.01953125
0 0.11875 0.880859375 0.015625 0.01953125
0 0.0765625 0.921875 0.015625 0.01953125
0 0.26875 0.39453125 0.015625 0.01953125
