0 0.1390625 0.025390625 0.015625 0.01953125
0 0.1234375 0.029296875 0.015625 0.01953125
0 0.1921875 0.0 0.015625 0.01953125
0 0.4921875 0.033203125 0.015625 0.01953125
0 0.4546875 0.1171875 0.015625 0.01953125
0 0.85625 0.060546875 0.015625 0.01953125
0 0.859375 0.021484375 0.015625 0.01953125
0 0.290625 0.212890625 0.015625 0.01953125
0 0.3015625 0.228515625 0.015625 0.01953125
0 0.228125 0.236328125 0.015625 0.01953125
0 0.3515625 0.333984375 0.015625 0.01953125
0 0.378125 0.4375 0.015625 0.01953125
0 0.6453125 0.419921875 0.015625 0.01953125
0 0.6453125 0.6484375 0.015625 0.01953125
0 0.5453125 0.6875 0.015625 0.01953125
0 0.5578125 0.705078125 0.015625 0.01953125
0 0.825 0.751953125 0.015625 0.01953125
0 0.38125 0.974609375 0.015625 0.01953125
0 0.35 0.99609375 0.015625 0.01953125
0 0.275 0.97265625 0.015625 0.01953125
0 0.275 0.97265625 0.015625 0.01953125
0 0.2109375 0.931640625 0.015625 0.01953125
0 0.1453125 0.837890625 0.015625 0.01953125
0 0.16875 0.94140625 0.015625 0.01953125
0 0.1625 0.7734375 0.015625 0.01953125
0 0.109375 0.75390625 0.015625 0.01953125
0 0.1140625 0.876953125 0.015625 0.01953125
0 0.0875 0.921875 0.015625 0.01953125
0 0.009375 0.599609375 0.015625 0.01953125
0 0.121875 0.490234375 0.015625 0.01953125
0 0.265625 0.40625 0.015625 0.01953125
0 0.2625 0.37890625 0.015625 0.01953125
0 0.096875 0.31640625 0.015625 0.01953125
0 0.0890625 0.1484375 0.015625 0.01953125
0 0.0 0.755859375 0.015625 0.01953125
0 0.003125 0.78515625 0.015625 0.01953125
0 0.003125 0.83203125 0.015625 0.01953125
0 0.2875 0.98828125 0.015625 0.01953125
